Country,Air Quality Network,Air Quality Network Name,Air Quality Station EoI Code,Air Quality Station Name,Sampling Point Id,Air Pollutant,Air Pollutant Description,Data Aggregation Process Id,Data Aggregation Process,Year,Air Pollution Level,Unit Of Air Pollution Level,Data Coverage,Verification,Air Quality Station Type,Air Quality Station Area,Longitude,Latitude,Altitude,City,City Code,City Population,Source Of Data Flow,Calculation Time,Link to raw data (only E1a/validated data from AQ e-Reporting)
"Belgium","NET-Brussels","Brussels","BEMAND3","01AND3 - ANDERLECHT","SPO-BEMAND3_03012_100","Pb in TSP","Lead in TSP (aerosol)","P1Y","Annual mean / 1 calendar year","2016","0.013","ug/m3","96.98","1","Background","Suburban","4.3116","50.8200","20.0","Bruxelles / Brussel                                                             ","BE001C1                                           ","1223364","E1a/validated data AQ e-Reporting","18/03/2023 21:08:58","http://fme.discomap.eea.europa.eu/fmedatastreaming/AirQualityDownload/AQData_Extract.fmw?CountryCode=BE&CityName=&Pollutant=3012&Year_from=2016&Year_to=2016&Station=STA-BEMAND3&Samplingpoint=&Source=E1a&Output=HTML&UpdateDate="
"Belgium","NET-Brussels","Brussels","BETN043","41N043 - HAREN","SPO-BETN043_00007_100","O3","Ozone (air)","P1Y-hr-max","1 year hour max","2016","142.500","ug/m3","97.38","1","Industrial","Suburban","4.3830","50.8837","17.0","Bruxelles / Brussel                                                             ","BE001C1                                           ","1223364","E1a/validated data AQ e-Reporting","18/03/2023 21:57:02","http://fme.discomap.eea.europa.eu/fmedatastreaming/AirQualityDownload/AQData_Extract.fmw?CountryCode=BE&CityName=&Pollutant=7&Year_from=2016&Year_to=2016&Station=STA-BETN043&Samplingpoint=&Source=E1a&Output=HTML&UpdateDate="
"Belgium","NET-Brussels","Brussels","BETN043","41N043 - HAREN","SPO-BETN043_00007_100","O3","Ozone (air)","P3Y","3 subsequent calendar years mean","2016","31.951","ug/m3","96.79","1","Industrial","Suburban","4.3830","50.8837","17.0","Bruxelles / Brussel                                                             ","BE001C1                                           ","1223364","E1a/validated data AQ e-Reporting","18/03/2023 21:36:00","http://fme.discomap.eea.europa.eu/fmedatastreaming/AirQualityDownload/AQData_Extract.fmw?CountryCode=BE&CityName=&Pollutant=7&Year_from=2016&Year_to=2016&Station=STA-BETN043&Samplingpoint=&Source=E1a&Output=HTML&UpdateDate="
"Belgium","NET-Brussels","Brussels","BETB011","41B011 - BERCHEM S.A","SPO-BETB011_00008_100","NO2","Nitrogen dioxide (air)","P1Y-day-max","1 year day max","2016","85.833","ug/m3","99.73","1","Background","Suburban","4.2887","50.8578","66.0","Bruxelles / Brussel                                                             ","BE001C1                                           ","1223364","E1a/validated data AQ e-Reporting","18/03/2023 21:43:56","http://fme.discomap.eea.europa.eu/fmedatastreaming/AirQualityDownload/AQData_Extract.fmw?CountryCode=BE&CityName=&Pollutant=8&Year_from=2016&Year_to=2016&Station=STA-BETB011&Samplingpoint=&Source=E1a&Output=HTML&UpdateDate="
"Belgium","NET-Brussels","Brussels","BETB011","41B011 - BERCHEM S.A","SPO-BETB011_06001_100","PM2.5","Particulate matter < 2.5 µm (aerosol)","P1Y-hr-max","1 year hour max","2016","83.300","ug/m3","87.06","1","Background","Suburban","4.2887","50.8578","66.0","Bruxelles / Brussel                                                             ","BE001C1                                           ","1223364","E1a/validated data AQ e-Reporting","18/03/2023 21:57:02","http://fme.discomap.eea.europa.eu/fmedatastreaming/AirQualityDownload/AQData_Extract.fmw?CountryCode=BE&CityName=&Pollutant=6001&Year_from=2016&Year_to=2016&Station=STA-BETB011&Samplingpoint=&Source=E1a&Output=HTML&UpdateDate="
"Belgium","NET-Brussels","Brussels","BETB006","41B006 - PARL.EUROPE","SPO-BETB006_00007_100","O3","Ozone (air)","P1Y-day-per50","1 year 50 %ile of daily values in a year","2016","45.125","ug/m3","37.43","1","Background","Urban","4.3744","50.8386","67.0","Bruxelles / Brussel                                                             ","BE001C1                                           ","1223364","E1a/validated data AQ e-Reporting","18/03/2023 22:15:13","http://fme.discomap.eea.europa.eu/fmedatastreaming/AirQualityDownload/AQData_Extract.fmw?CountryCode=BE&CityName=&Pollutant=7&Year_from=2016&Year_to=2016&Station=STA-BETB006&Samplingpoint=&Source=E1a&Output=HTML&UpdateDate="
"Belgium","NET-Flanders","Flanders","BEDGN78","65GN78 - GENT
","SPO-BEDGN78_07029_100","BaP","Benzo(a)pyrene (precip+dry_dep)","P1Y","Annual mean / 1 calendar year","2016","122.400","ng/m2/day","22.95","1","Background","Urban","3.7264","51.0857","0.0","Gent                                                                            ","BE003C1                                           ","263687","E1a/validated data AQ e-Reporting","18/03/2023 21:08:58","http://fme.discomap.eea.europa.eu/fmedatastreaming/AirQualityDownload/AQData_Extract.fmw?CountryCode=BE&CityName=&Pollutant=7029&Year_from=2016&Year_to=2016&Station=STA-BEDGN78&Samplingpoint=&Source=E1a&Output=HTML&UpdateDate="
"Belgium","NET-Brussels","Brussels","BETB011","41B011 - BERCHEM S.A","SPO-BETB011_06001_100","PM2.5","Particulate matter < 2.5 µm (aerosol)","P1Y-P1D-per99","1 year 99 percentile of daily means (P1D) or .../aq/primaryObservation/day","2016","40.090","ug/m3","83.06","1","Background","Suburban","4.2887","50.8578","66.0","Bruxelles / Brussel                                                             ","BE001C1                                           ","1223364","E1a/validated data AQ e-Reporting","18/03/2023 22:10:03","http://fme.discomap.eea.europa.eu/fmedatastreaming/AirQualityDownload/AQData_Extract.fmw?CountryCode=BE&CityName=&Pollutant=6001&Year_from=2016&Year_to=2016&Station=STA-BETB011&Samplingpoint=&Source=E1a&Output=HTML&UpdateDate="
"Belgium","NET-Brussels","Brussels","BETB004","41B004 - STE.CATHERI","SPO-BETB004_00007_100","O3","Ozone (air)","P1Y-day-min","1 year day min","2016","2.563","ug/m3","93.72","1","Background","Urban","4.3478","50.8521","17.0","Bruxelles / Brussel                                                             ","BE001C1                                           ","1223364","E1a/validated data AQ e-Reporting","18/03/2023 21:56:21","http://fme.discomap.eea.europa.eu/fmedatastreaming/AirQualityDownload/AQData_Extract.fmw?CountryCode=BE&CityName=&Pollutant=7&Year_from=2016&Year_to=2016&Station=STA-BETB004&Samplingpoint=&Source=E1a&Output=HTML&UpdateDate="
"Belgium","NET-Brussels","Brussels","BETR001","41R001 - MOLENBEEK","SPO-BETR001_06001_100","PM2.5","Particulate matter < 2.5 µm (aerosol)","P1Y-day-max","1 year day max","2016","57.569","ug/m3","84.15","1","Background","Urban","4.3341","50.8497","20.0","Bruxelles / Brussel                                                             ","BE001C1                                           ","1223364","E1a/validated data AQ e-Reporting","18/03/2023 21:43:22","http://fme.discomap.eea.europa.eu/fmedatastreaming/AirQualityDownload/AQData_Extract.fmw?CountryCode=BE&CityName=&Pollutant=6001&Year_from=2016&Year_to=2016&Station=STA-BETR001&Samplingpoint=&Source=E1a&Output=HTML&UpdateDate="
"Belgium","NET-Brussels","Brussels","BETN043","41N043 - HAREN","SPO-BETN043_00005_100","PM10","Particulate matter < 10 µm (aerosol)","P1Y-day-per50","1 year 50 %ile of daily values in a year","2016","20.795","ug/m3","96.72","1","Industrial","Suburban","4.3830","50.8837","17.0","Bruxelles / Brussel                                                             ","BE001C1                                           ","1223364","E1a/validated data AQ e-Reporting","18/03/2023 22:08:05","http://fme.discomap.eea.europa.eu/fmedatastreaming/AirQualityDownload/AQData_Extract.fmw?CountryCode=BE&CityName=&Pollutant=5&Year_from=2016&Year_to=2016&Station=STA-BETN043&Samplingpoint=&Source=E1a&Output=HTML&UpdateDate="
"Belgium","NET-Brussels","Brussels","BETN043","41N043 - HAREN","SPO-BETN043_00005_100","PM10","Particulate matter < 10 µm (aerosol)","P1Y-hr-min","1 year hour min","2016","1.000","ug/m3","94.68","1","Industrial","Suburban","4.3830","50.8837","17.0","Bruxelles / Brussel                                                             ","BE001C1                                           ","1223364","E1a/validated data AQ e-Reporting","18/03/2023 22:31:20","http://fme.discomap.eea.europa.eu/fmedatastreaming/AirQualityDownload/AQData_Extract.fmw?CountryCode=BE&CityName=&Pollutant=5&Year_from=2016&Year_to=2016&Station=STA-BETN043&Samplingpoint=&Source=E1a&Output=HTML&UpdateDate="
"Belgium","NET-Brussels","Brussels","BETB006","41B006 - PARL.EUROPE","SPO-BETB006_00007_100","O3","Ozone (air)","P1Y-dmaxAbove120","1 year daymax exceed 120","2016","2.000","count","37.43","1","Background","Urban","4.3744","50.8386","67.0","Bruxelles / Brussel                                                             ","BE001C1                                           ","1223364","E1a/validated data AQ e-Reporting","18/03/2023 22:25:06","http://fme.discomap.eea.europa.eu/fmedatastreaming/AirQualityDownload/AQData_Extract.fmw?CountryCode=BE&CityName=&Pollutant=7&Year_from=2016&Year_to=2016&Station=STA-BETB006&Samplingpoint=&Source=E1a&Output=HTML&UpdateDate="
"Belgium","NET-Brussels","Brussels","BETB006","41B006 - PARL.EUROPE","SPO-BETB006_00007_100","O3","Ozone (air)","P1Y-hr-max","1 year hour max","2016","132.500","ug/m3","37.43","1","Background","Urban","4.3744","50.8386","67.0","Bruxelles / Brussel                                                             ","BE001C1                                           ","1223364","E1a/validated data AQ e-Reporting","18/03/2023 21:57:02","http://fme.discomap.eea.europa.eu/fmedatastreaming/AirQualityDownload/AQData_Extract.fmw?CountryCode=BE&CityName=&Pollutant=7&Year_from=2016&Year_to=2016&Station=STA-BETB006&Samplingpoint=&Source=E1a&Output=HTML&UpdateDate="
"Belgium","NET-Brussels","Brussels","BETR001","41R001 - MOLENBEEK","SPO-BETR001_00001_100","SO2","Sulphur dioxide (air)","P1Y-P1D-per99","1 year 99 percentile of daily means (P1D) or .../aq/primaryObservation/day","2016","5.423","ug/m3","96.72","1","Background","Urban","4.3341","50.8497","20.0","Bruxelles / Brussel                                                             ","BE001C1                                           ","1223364","E1a/validated data AQ e-Reporting","18/03/2023 22:11:00","http://fme.discomap.eea.europa.eu/fmedatastreaming/AirQualityDownload/AQData_Extract.fmw?CountryCode=BE&CityName=&Pollutant=1&Year_from=2016&Year_to=2016&Station=STA-BETR001&Samplingpoint=&Source=E1a&Output=HTML&UpdateDate="
"Belgium","NET-Brussels","Brussels","BETB004","41B004 - STE.CATHERI","SPO-BETB004_00007_100","O3","Ozone (air)","P1Y-dx-max","1 year day max max","2016","126.313","ug/m3","93.72","1","Background","Urban","4.3478","50.8521","17.0","Bruxelles / Brussel                                                             ","BE001C1                                           ","1223364","E1a/validated data AQ e-Reporting","18/03/2023 21:44:39","http://fme.discomap.eea.europa.eu/fmedatastreaming/AirQualityDownload/AQData_Extract.fmw?CountryCode=BE&CityName=&Pollutant=7&Year_from=2016&Year_to=2016&Station=STA-BETB004&Samplingpoint=&Source=E1a&Output=HTML&UpdateDate="
"Belgium","NET-Brussels","Brussels","BETB004","41B004 - STE.CATHERI","SPO-BETB004_00007_100","O3","Ozone (air)","summer-avg","Summer mean","2016","44.886","ug/m3","92.92","1","Background","Urban","4.3478","50.8521","17.0","Bruxelles / Brussel                                                             ","BE001C1                                           ","1223364","E1a/validated data AQ e-Reporting","18/03/2023 22:50:22","http://fme.discomap.eea.europa.eu/fmedatastreaming/AirQualityDownload/AQData_Extract.fmw?CountryCode=BE&CityName=&Pollutant=7&Year_from=2016&Year_to=2016&Station=STA-BETB004&Samplingpoint=&Source=E1a&Output=HTML&UpdateDate="
"Belgium","NET-Brussels","Brussels","BETB004","41B004 - STE.CATHERI","SPO-BETB004_00007_100","O3","Ozone (air)","P1Y-dx-max26","1 year daymax max 26","2016","91.188","ug/m3","93.72","1","Background","Urban","4.3478","50.8521","17.0","Bruxelles / Brussel                                                             ","BE001C1                                           ","1223364","E1a/validated data AQ e-Reporting","18/03/2023 22:32:17","http://fme.discomap.eea.europa.eu/fmedatastreaming/AirQualityDownload/AQData_Extract.fmw?CountryCode=BE&CityName=&Pollutant=7&Year_from=2016&Year_to=2016&Station=STA-BETB004&Samplingpoint=&Source=E1a&Output=HTML&UpdateDate="
"Belgium","NET-Brussels","Brussels","BETR002","41R002 - IXELLES","SPO-BETR002_00008_100","NO2","Nitrogen dioxide (air)","P1Y-P1D-per99","1 year 99 percentile of daily means (P1D) or .../aq/primaryObservation/day","2016","83.667","ug/m3","98.36","1","Traffic","Urban","4.3846","50.8251","76.0","Bruxelles / Brussel                                                             ","BE001C1                                           ","1223364","E1a/validated data AQ e-Reporting","18/03/2023 22:10:34","http://fme.discomap.eea.europa.eu/fmedatastreaming/AirQualityDownload/AQData_Extract.fmw?CountryCode=BE&CityName=&Pollutant=8&Year_from=2016&Year_to=2016&Station=STA-BETR002&Samplingpoint=&Source=E1a&Output=HTML&UpdateDate="
"Belgium","NET-Brussels","Brussels","BETWOL1","41WOL1 - WOL.ST.L.","SPO-BETWOL1_00007_100","O3","Ozone (air)","P1Y-day-per50","1 year 50 %ile of daily values in a year","2016","31.646","ug/m3","97.81","1","Traffic","Suburban","4.4258","50.8567","78.0","Bruxelles / Brussel                                                             ","BE001C1                                           ","1223364","E1a/validated data AQ e-Reporting","18/03/2023 22:15:13","http://fme.discomap.eea.europa.eu/fmedatastreaming/AirQualityDownload/AQData_Extract.fmw?CountryCode=BE&CityName=&Pollutant=7&Year_from=2016&Year_to=2016&Station=STA-BETWOL1&Samplingpoint=&Source=E1a&Output=HTML&UpdateDate="
"Belgium","NET-Brussels","Brussels","BETR001","41R001 - MOLENBEEK","SPO-BETR001_00001_100","SO2","Sulphur dioxide (air)","P1Y-hr-per50","1 year 50 percentile","2016","2.000","ug/m3","96.85","1","Background","Urban","4.3341","50.8497","20.0","Bruxelles / Brussel                                                             ","BE001C1                                           ","1223364","E1a/validated data AQ e-Reporting","18/03/2023 22:05:49","http://fme.discomap.eea.europa.eu/fmedatastreaming/AirQualityDownload/AQData_Extract.fmw?CountryCode=BE&CityName=&Pollutant=1&Year_from=2016&Year_to=2016&Station=STA-BETR001&Samplingpoint=&Source=E1a&Output=HTML&UpdateDate="
"Belgium","NET-Brussels","Brussels","BETB011","41B011 - BERCHEM S.A","SPO-BETB011_00008_100","NO2","Nitrogen dioxide (air)","P1Y-day-per50","1 year 50 %ile of daily values in a year","2016","19.848","ug/m3","99.73","1","Background","Suburban","4.2887","50.8578","66.0","Bruxelles / Brussel                                                             ","BE001C1                                           ","1223364","E1a/validated data AQ e-Reporting","18/03/2023 22:14:21","http://fme.discomap.eea.europa.eu/fmedatastreaming/AirQualityDownload/AQData_Extract.fmw?CountryCode=BE&CityName=&Pollutant=8&Year_from=2016&Year_to=2016&Station=STA-BETB011&Samplingpoint=&Source=E1a&Output=HTML&UpdateDate="
"Belgium","NET-Brussels","Brussels","BETR001","41R001 - MOLENBEEK","SPO-BETR001_00007_100","O3","Ozone (air)","P1Y-dmax-per99","1 year 99 percentile daily 8h maximum","2016","109.875","ug/m3","90.98","1","Background","Urban","4.3341","50.8497","20.0","Bruxelles / Brussel                                                             ","BE001C1                                           ","1223364","E1a/validated data AQ e-Reporting","18/03/2023 22:13:26","http://fme.discomap.eea.europa.eu/fmedatastreaming/AirQualityDownload/AQData_Extract.fmw?CountryCode=BE&CityName=&Pollutant=7&Year_from=2016&Year_to=2016&Station=STA-BETR001&Samplingpoint=&Source=E1a&Output=HTML&UpdateDate="
"Belgium","NET-Brussels","Brussels","BETR001","41R001 - MOLENBEEK","SPO-BETR001_00007_100","O3","Ozone (air)","P1Y-dx-max","1 year day max max","2016","116.313","ug/m3","90.98","1","Background","Urban","4.3341","50.8497","20.0","Bruxelles / Brussel                                                             ","BE001C1                                           ","1223364","E1a/validated data AQ e-Reporting","18/03/2023 21:44:39","http://fme.discomap.eea.europa.eu/fmedatastreaming/AirQualityDownload/AQData_Extract.fmw?CountryCode=BE&CityName=&Pollutant=7&Year_from=2016&Year_to=2016&Station=STA-BETR001&Samplingpoint=&Source=E1a&Output=HTML&UpdateDate="
"Belgium","NET-Brussels","Brussels","BETWOL1","41WOL1 - WOL.ST.L.","SPO-BETWOL1_00007_100","O3","Ozone (air)","P1Y-hrsAbove240","1 year hour exceed 240","2016","0.000","count","97.13","1","Traffic","Suburban","4.4258","50.8567","78.0","Bruxelles / Brussel                                                             ","BE001C1                                           ","1223364","E1a/validated data AQ e-Reporting","18/03/2023 21:50:25","http://fme.discomap.eea.europa.eu/fmedatastreaming/AirQualityDownload/AQData_Extract.fmw?CountryCode=BE&CityName=&Pollutant=7&Year_from=2016&Year_to=2016&Station=STA-BETWOL1&Samplingpoint=&Source=E1a&Output=HTML&UpdateDate="
"Belgium","NET-Brussels","Brussels","BETB011","41B011 - BERCHEM S.A","SPO-BETB011_00005_100","PM10","Particulate matter < 10 µm (aerosol)","P1Y-hr-max","1 year hour max","2016","94.500","ug/m3","87.20","1","Background","Suburban","4.2887","50.8578","66.0","Bruxelles / Brussel                                                             ","BE001C1                                           ","1223364","E1a/validated data AQ e-Reporting","18/03/2023 21:57:02","http://fme.discomap.eea.europa.eu/fmedatastreaming/AirQualityDownload/AQData_Extract.fmw?CountryCode=BE&CityName=&Pollutant=5&Year_from=2016&Year_to=2016&Station=STA-BETB011&Samplingpoint=&Source=E1a&Output=HTML&UpdateDate="
"Belgium","NET-Brussels","Brussels","BEMMEU1","01MEU1 - MEUDON","SPO-BEMMEU1_03012_100","Pb in TSP","Lead in TSP (aerosol)","P1Y","Annual mean / 1 calendar year","2016","0.009","ug/m3","96.98","1","Background","Suburban","4.3927","50.8951","50.0","Bruxelles / Brussel                                                             ","BE001C1                                           ","1223364","E1a/validated data AQ e-Reporting","18/03/2023 21:08:58","http://fme.discomap.eea.europa.eu/fmedatastreaming/AirQualityDownload/AQData_Extract.fmw?CountryCode=BE&CityName=&Pollutant=3012&Year_from=2016&Year_to=2016&Station=STA-BEMMEU1&Samplingpoint=&Source=E1a&Output=HTML&UpdateDate="
"Belgium","NET-Brussels","Brussels","BETR001","41R001 - MOLENBEEK","SPO-BETR001_00007_100","O3","Ozone (air)","AOT40c","AOT40 vegetation protection","2016","2718.235","ug/m3","99.37","1","Background","Urban","4.3341","50.8497","20.0","Bruxelles / Brussel                                                             ","BE001C1                                           ","1223364","E1a/validated data AQ e-Reporting","18/03/2023 23:06:29","http://fme.discomap.eea.europa.eu/fmedatastreaming/AirQualityDownload/AQData_Extract.fmw?CountryCode=BE&CityName=&Pollutant=7&Year_from=2016&Year_to=2016&Station=STA-BETR001&Samplingpoint=&Source=E1a&Output=HTML&UpdateDate="
"Belgium","NET-Brussels","Brussels","BETR001","41R001 - MOLENBEEK","SPO-BETR001_00007_100","O3","Ozone (air)","P3Y-dmaxAbove120","Daymax exceed 120 averaged over 3 consecutive years","2016","1.333","count","100.00","1","Background","Urban","4.3341","50.8497","20.0","Bruxelles / Brussel                                                             ","BE001C1                                           ","1223364","E1a/validated data AQ e-Reporting","18/03/2023 22:34:54","http://fme.discomap.eea.europa.eu/fmedatastreaming/AirQualityDownload/AQData_Extract.fmw?CountryCode=BE&CityName=&Pollutant=7&Year_from=2016&Year_to=2016&Station=STA-BETR001&Samplingpoint=&Source=E1a&Output=HTML&UpdateDate="
"Belgium","NET-Brussels","Brussels","BETR012","41R012 - UCCLE","SPO-BETR012_00001_100","SO2","Sulphur dioxide (air)","P1Y-hr-max25","1 year hour max 25","2016","7.000","ug/m3","88.72","1","Background","Suburban","4.3586","50.7966","101.0","Bruxelles / Brussel                                                             ","BE001C1                                           ","1223364","E1a/validated data AQ e-Reporting","18/03/2023 22:33:20","http://fme.discomap.eea.europa.eu/fmedatastreaming/AirQualityDownload/AQData_Extract.fmw?CountryCode=BE&CityName=&Pollutant=1&Year_from=2016&Year_to=2016&Station=STA-BETR012&Samplingpoint=&Source=E1a&Output=HTML&UpdateDate="
"Belgium","NET-Brussels","Brussels","BETR002","41R002 - IXELLES","SPO-BETR002_00008_100","NO2","Nitrogen dioxide (air)","P1Y-hr-per50","1 year 50 percentile","2016","46.000","ug/m3","96.77","1","Traffic","Urban","4.3846","50.8251","76.0","Bruxelles / Brussel                                                             ","BE001C1                                           ","1223364","E1a/validated data AQ e-Reporting","18/03/2023 22:05:49","http://fme.discomap.eea.europa.eu/fmedatastreaming/AirQualityDownload/AQData_Extract.fmw?CountryCode=BE&CityName=&Pollutant=8&Year_from=2016&Year_to=2016&Station=STA-BETR002&Samplingpoint=&Source=E1a&Output=HTML&UpdateDate="
"Belgium","NET-Brussels","Brussels","BETN043","41N043 - HAREN","SPO-BETN043_00010_100","CO","Carbon monoxide (air)","P1Y-hr-max","1 year hour max","2016","2.405","mg/m3","90.40","1","Industrial","Suburban","4.3830","50.8837","17.0","Bruxelles / Brussel                                                             ","BE001C1                                           ","1223364","E1a/validated data AQ e-Reporting","18/03/2023 21:57:02","http://fme.discomap.eea.europa.eu/fmedatastreaming/AirQualityDownload/AQData_Extract.fmw?CountryCode=BE&CityName=&Pollutant=10&Year_from=2016&Year_to=2016&Station=STA-BETN043&Samplingpoint=&Source=E1a&Output=HTML&UpdateDate="
"Belgium","NET-Brussels","Brussels","BETN043","41N043 - HAREN","SPO-BETN043_00005_100","PM10","Particulate matter < 10 µm (aerosol)","P1Y-day-max36","1 year day max 36","2016","41.771","ug/m3","96.72","1","Industrial","Suburban","4.3830","50.8837","17.0","Bruxelles / Brussel                                                             ","BE001C1                                           ","1223364","E1a/validated data AQ e-Reporting","18/03/2023 22:32:47","http://fme.discomap.eea.europa.eu/fmedatastreaming/AirQualityDownload/AQData_Extract.fmw?CountryCode=BE&CityName=&Pollutant=5&Year_from=2016&Year_to=2016&Station=STA-BETN043&Samplingpoint=&Source=E1a&Output=HTML&UpdateDate="
"Belgium","NET-Brussels","Brussels","BETN043","41N043 - HAREN","SPO-BETN043_00005_100","PM10","Particulate matter < 10 µm (aerosol)","P1Y-P1D-per90.41","1 year 90.41 percentile","2016","42.250","ug/m3","96.72","1","Industrial","Suburban","4.3830","50.8837","17.0","Bruxelles / Brussel                                                             ","BE001C1                                           ","1223364","E1a/validated data AQ e-Reporting","18/03/2023 22:09:05","http://fme.discomap.eea.europa.eu/fmedatastreaming/AirQualityDownload/AQData_Extract.fmw?CountryCode=BE&CityName=&Pollutant=5&Year_from=2016&Year_to=2016&Station=STA-BETN043&Samplingpoint=&Source=E1a&Output=HTML&UpdateDate="
"Belgium","NET-Brussels","Brussels","BETMEU1","41MEU1 - MEUDON","SPO-BETMEU1_00001_100","SO2","Sulphur dioxide (air)","P1Y-3hAbove500","3 consecutive hours in exceedance of 500","2016","0.000","count","14.09","1","Background","Suburban","4.3957","50.8950","34.0","Bruxelles / Brussel                                                             ","BE001C1                                           ","1223364","E1a/validated data AQ e-Reporting","18/03/2023 22:18:09","http://fme.discomap.eea.europa.eu/fmedatastreaming/AirQualityDownload/AQData_Extract.fmw?CountryCode=BE&CityName=&Pollutant=1&Year_from=2016&Year_to=2016&Station=STA-BETMEU1&Samplingpoint=&Source=E1a&Output=HTML&UpdateDate="
"Belgium","NET-Brussels","Brussels","BEVR002","51R002 - IXELLES","SPO-BEVR002_00021_100","C6H5-CH3","Toluene (air)","P1Y","Annual mean / 1 calendar year","2016","0.003","ug/m3","89.07","1","Traffic","Suburban","4.3847","50.8251","70.0","Bruxelles / Brussel                                                             ","BE001C1                                           ","1223364","E1a/validated data AQ e-Reporting","18/03/2023 21:08:58","http://fme.discomap.eea.europa.eu/fmedatastreaming/AirQualityDownload/AQData_Extract.fmw?CountryCode=BE&CityName=&Pollutant=21&Year_from=2016&Year_to=2016&Station=STA-BEVR002&Samplingpoint=&Source=E1a&Output=HTML&UpdateDate="
"Belgium","NET-Brussels","Brussels","BETR002","41R002 - IXELLES","SPO-BETR002_00391_100","Black Carbon","black_carbon (aerosol)","P1Y","Annual mean / 1 calendar year","2016","1.807","ug/m3","98.61","1","Traffic","Urban","4.3846","50.8251","76.0","Bruxelles / Brussel                                                             ","BE001C1                                           ","1223364","E1a/validated data AQ e-Reporting","18/03/2023 21:08:58","http://fme.discomap.eea.europa.eu/fmedatastreaming/AirQualityDownload/AQData_Extract.fmw?CountryCode=BE&CityName=&Pollutant=391&Year_from=2016&Year_to=2016&Station=STA-BETR002&Samplingpoint=&Source=E1a&Output=HTML&UpdateDate="
"Belgium","NET-Brussels","Brussels","BETB008","41B008 - Brussel (Beliardstraat)","SPO-BETB008_00008_100","NO2","Nitrogen dioxide (air)","P1Y-day-min","1 year day min","2016","17.196","ug/m3","93.44","1","Traffic","Urban","4.3759","50.8409","57.0","Bruxelles / Brussel                                                             ","BE001C1                                           ","1223364","E1a/validated data AQ e-Reporting","18/03/2023 21:56:03","http://fme.discomap.eea.europa.eu/fmedatastreaming/AirQualityDownload/AQData_Extract.fmw?CountryCode=BE&CityName=&Pollutant=8&Year_from=2016&Year_to=2016&Station=STA-BETB008&Samplingpoint=&Source=E1a&Output=HTML&UpdateDate="
"Belgium","NET-Brussels","Brussels","BETB008","41B008 - Brussel (Beliardstraat)","SPO-BETB008_00008_100","NO2","Nitrogen dioxide (air)","P1Y-hr-max","1 year hour max","2016","196.500","ug/m3","91.68","1","Traffic","Urban","4.3759","50.8409","57.0","Bruxelles / Brussel                                                             ","BE001C1                                           ","1223364","E1a/validated data AQ e-Reporting","18/03/2023 21:57:02","http://fme.discomap.eea.europa.eu/fmedatastreaming/AirQualityDownload/AQData_Extract.fmw?CountryCode=BE&CityName=&Pollutant=8&Year_from=2016&Year_to=2016&Station=STA-BETB008&Samplingpoint=&Source=E1a&Output=HTML&UpdateDate="
"Belgium","NET-Brussels","Brussels","BETB008","41B008 - Brussel (Beliardstraat)","SPO-BETB008_00008_100","NO2","Nitrogen dioxide (air)","P3Y","3 subsequent calendar years mean","2016","58.905","ug/m3","90.46","1","Traffic","Urban","4.3759","50.8409","57.0","Bruxelles / Brussel                                                             ","BE001C1                                           ","1223364","E1a/validated data AQ e-Reporting","18/03/2023 21:36:00","http://fme.discomap.eea.europa.eu/fmedatastreaming/AirQualityDownload/AQData_Extract.fmw?CountryCode=BE&CityName=&Pollutant=8&Year_from=2016&Year_to=2016&Station=STA-BETB008&Samplingpoint=&Source=E1a&Output=HTML&UpdateDate="
"Belgium","NET-Brussels","Brussels","BETR001","41R001 - MOLENBEEK","SPO-BETR001_00005_100","PM10","Particulate matter < 10 µm (aerosol)","P1Y-day-min","1 year day min","2016","3.792","ug/m3","84.43","1","Background","Urban","4.3341","50.8497","20.0","Bruxelles / Brussel                                                             ","BE001C1                                           ","1223364","E1a/validated data AQ e-Reporting","18/03/2023 21:55:13","http://fme.discomap.eea.europa.eu/fmedatastreaming/AirQualityDownload/AQData_Extract.fmw?CountryCode=BE&CityName=&Pollutant=5&Year_from=2016&Year_to=2016&Station=STA-BETR001&Samplingpoint=&Source=E1a&Output=HTML&UpdateDate="
"Belgium","NET-Brussels","Brussels","BETR001","41R001 - MOLENBEEK","SPO-BETR001_00005_100","PM10","Particulate matter < 10 µm (aerosol)","P1Y-day-per50","1 year 50 %ile of daily values in a year","2016","20.229","ug/m3","84.43","1","Background","Urban","4.3341","50.8497","20.0","Bruxelles / Brussel                                                             ","BE001C1                                           ","1223364","E1a/validated data AQ e-Reporting","18/03/2023 22:08:05","http://fme.discomap.eea.europa.eu/fmedatastreaming/AirQualityDownload/AQData_Extract.fmw?CountryCode=BE&CityName=&Pollutant=5&Year_from=2016&Year_to=2016&Station=STA-BETR001&Samplingpoint=&Source=E1a&Output=HTML&UpdateDate="
"Belgium","NET-Brussels","Brussels","BETR001","41R001 - MOLENBEEK","SPO-BETR001_00007_100","O3","Ozone (air)","P1Y-dmaxAbove120","1 year daymax exceed 120","2016","0.000","count","90.98","1","Background","Urban","4.3341","50.8497","20.0","Bruxelles / Brussel                                                             ","BE001C1                                           ","1223364","E1a/validated data AQ e-Reporting","18/03/2023 22:25:06","http://fme.discomap.eea.europa.eu/fmedatastreaming/AirQualityDownload/AQData_Extract.fmw?CountryCode=BE&CityName=&Pollutant=7&Year_from=2016&Year_to=2016&Station=STA-BETR001&Samplingpoint=&Source=E1a&Output=HTML&UpdateDate="
"Belgium","NET-Brussels","Brussels","BETB006","41B006 - PARL.EUROPE","SPO-BETB006_00007_100","O3","Ozone (air)","P1Y-hr-min","1 year hour min","2016","2.000","ug/m3","37.43","1","Background","Urban","4.3744","50.8386","67.0","Bruxelles / Brussel                                                             ","BE001C1                                           ","1223364","E1a/validated data AQ e-Reporting","18/03/2023 22:31:20","http://fme.discomap.eea.europa.eu/fmedatastreaming/AirQualityDownload/AQData_Extract.fmw?CountryCode=BE&CityName=&Pollutant=7&Year_from=2016&Year_to=2016&Station=STA-BETB006&Samplingpoint=&Source=E1a&Output=HTML&UpdateDate="
"Belgium","NET-Brussels","Brussels","BETB006","41B006 - PARL.EUROPE","SPO-BETB006_00008_100","NO2","Nitrogen dioxide (air)","P1Y-3hAbove400","3 consecutive hours in exceedance of 400","2016","0.000","count","36.44","1","Background","Urban","4.3744","50.8386","67.0","Bruxelles / Brussel                                                             ","BE001C1                                           ","1223364","E1a/validated data AQ e-Reporting","18/03/2023 22:22:30","http://fme.discomap.eea.europa.eu/fmedatastreaming/AirQualityDownload/AQData_Extract.fmw?CountryCode=BE&CityName=&Pollutant=8&Year_from=2016&Year_to=2016&Station=STA-BETB006&Samplingpoint=&Source=E1a&Output=HTML&UpdateDate="
"Belgium","NET-Brussels","Brussels","BETB008","41B008 - Brussel (Beliardstraat)","SPO-BETB008_00008_100","NO2","Nitrogen dioxide (air)","P1Y-hr-max19","1 year hour max19","2016","139.500","ug/m3","91.68","1","Traffic","Urban","4.3759","50.8409","57.0","Bruxelles / Brussel                                                             ","BE001C1                                           ","1223364","E1a/validated data AQ e-Reporting","18/03/2023 22:34:35","http://fme.discomap.eea.europa.eu/fmedatastreaming/AirQualityDownload/AQData_Extract.fmw?CountryCode=BE&CityName=&Pollutant=8&Year_from=2016&Year_to=2016&Station=STA-BETB008&Samplingpoint=&Source=E1a&Output=HTML&UpdateDate="
"Belgium","NET-Brussels","Brussels","BETMEU1","41MEU1 - MEUDON","SPO-BETMEU1_00008_100","NO2","Nitrogen dioxide (air)","P1Y","Annual mean / 1 calendar year","2016","26.681","ug/m3","97.05","1","Background","Suburban","4.3957","50.8950","34.0","Bruxelles / Brussel                                                             ","BE001C1                                           ","1223364","E1a/validated data AQ e-Reporting","18/03/2023 21:08:58","http://fme.discomap.eea.europa.eu/fmedatastreaming/AirQualityDownload/AQData_Extract.fmw?CountryCode=BE&CityName=&Pollutant=8&Year_from=2016&Year_to=2016&Station=STA-BETMEU1&Samplingpoint=&Source=E1a&Output=HTML&UpdateDate="
"Belgium","NET-Brussels","Brussels","BETB011","41B011 - BERCHEM S.A","SPO-BETB011_00005_100","PM10","Particulate matter < 10 µm (aerosol)","P1Y-daysAbove50","1 year day exceed 50","2016","1.000","count","82.79","1","Background","Suburban","4.2887","50.8578","66.0","Bruxelles / Brussel                                                             ","BE001C1                                           ","1223364","E1a/validated data AQ e-Reporting","18/03/2023 22:27:00","http://fme.discomap.eea.europa.eu/fmedatastreaming/AirQualityDownload/AQData_Extract.fmw?CountryCode=BE&CityName=&Pollutant=5&Year_from=2016&Year_to=2016&Station=STA-BETB011&Samplingpoint=&Source=E1a&Output=HTML&UpdateDate="
"Belgium","NET-Brussels","Brussels","BEVR002","51R002 - IXELLES","SPO-BEVR002_00482_100","o-C6H4-(CH3)2","o-Xylene (air)","P1Y","Annual mean / 1 calendar year","2016","0.000","ug/m3","89.07","1","Traffic","Suburban","4.3847","50.8251","70.0","Bruxelles / Brussel                                                             ","BE001C1                                           ","1223364","E1a/validated data AQ e-Reporting","18/03/2023 21:08:58","http://fme.discomap.eea.europa.eu/fmedatastreaming/AirQualityDownload/AQData_Extract.fmw?CountryCode=BE&CityName=&Pollutant=482&Year_from=2016&Year_to=2016&Station=STA-BEVR002&Samplingpoint=&Source=E1a&Output=HTML&UpdateDate="
"Belgium","NET-Flanders","Flanders","BEDGI04","65GI04 - GRIMBERGEN
","SPO-BEDGI04_07465_100","Naphthalene","Naphthalene (precip+dry_dep)","P1Y","Annual mean / 1 calendar year","2016","35.210","ng/m2/day","22.95","1","Background","Suburban","4.4022","50.9352","0.0","","","","E1a/validated data AQ e-Reporting","18/03/2023 21:08:58","http://fme.discomap.eea.europa.eu/fmedatastreaming/AirQualityDownload/AQData_Extract.fmw?CountryCode=BE&CityName=&Pollutant=7465&Year_from=2016&Year_to=2016&Station=STA-BEDGI04&Samplingpoint=&Source=E1a&Output=HTML&UpdateDate="
"Belgium","NET-Brussels","Brussels","BEVWOL1","51WOL1 - WOL.ST.L.","SPO-BEVWOL1_00431_100","C6H5-C2H5","Ethyl benzene (air)","P1Y","Annual mean / 1 calendar year","2016","0.000","ug/m3","94.54","1","Background","Suburban","4.4257","50.8566","77.0","Bruxelles / Brussel                                                             ","BE001C1                                           ","1223364","E1a/validated data AQ e-Reporting","18/03/2023 21:08:58","http://fme.discomap.eea.europa.eu/fmedatastreaming/AirQualityDownload/AQData_Extract.fmw?CountryCode=BE&CityName=&Pollutant=431&Year_from=2016&Year_to=2016&Station=STA-BEVWOL1&Samplingpoint=&Source=E1a&Output=HTML&UpdateDate="
"Belgium","NET-Flanders","Flanders","BEDDD02","65DDD02 - DUDZELE","SPO-BEDDD02_07351_100","Acenaphthene","Acenaphthene (precip+dry_dep)","P1Y","Annual mean / 1 calendar year","2016","8.940","ng/m2/day","22.95","1","Background","Rural","3.2216","51.2664","0.0","Brugge                                                                          ","BE006C1                                           ","118916","E1a/validated data AQ e-Reporting","18/03/2023 21:08:58","http://fme.discomap.eea.europa.eu/fmedatastreaming/AirQualityDownload/AQData_Extract.fmw?CountryCode=BE&CityName=&Pollutant=7351&Year_from=2016&Year_to=2016&Station=STA-BEDDD02&Samplingpoint=&Source=E1a&Output=HTML&UpdateDate="
"Belgium","NET-Brussels","Brussels","BETR012","41R012 - UCCLE","SPO-BETR012_00008_100","NO2","Nitrogen dioxide (air)","P1Y-hr-min","1 year hour min","2016","4.000","ug/m3","96.13","1","Background","Suburban","4.3586","50.7966","101.0","Bruxelles / Brussel                                                             ","BE001C1                                           ","1223364","E1a/validated data AQ e-Reporting","18/03/2023 22:31:20","http://fme.discomap.eea.europa.eu/fmedatastreaming/AirQualityDownload/AQData_Extract.fmw?CountryCode=BE&CityName=&Pollutant=8&Year_from=2016&Year_to=2016&Station=STA-BETR012&Samplingpoint=&Source=E1a&Output=HTML&UpdateDate="
"Belgium","NET-Brussels","Brussels","BETN043","41N043 - HAREN","SPO-BETN043_06001_100","PM2.5","Particulate matter < 2.5 µm (aerosol)","P1Y-day-min","1 year day min","2016","4.175","ug/m3","96.45","1","Industrial","Suburban","4.3830","50.8837","17.0","Bruxelles / Brussel                                                             ","BE001C1                                           ","1223364","E1a/validated data AQ e-Reporting","18/03/2023 21:55:29","http://fme.discomap.eea.europa.eu/fmedatastreaming/AirQualityDownload/AQData_Extract.fmw?CountryCode=BE&CityName=&Pollutant=6001&Year_from=2016&Year_to=2016&Station=STA-BETN043&Samplingpoint=&Source=E1a&Output=HTML&UpdateDate="
"Belgium","NET-Brussels","Brussels","BETB006","41B006 - PARL.EUROPE","SPO-BETB006_00010_100","CO","Carbon monoxide (air)","P1Y-dx-avg","1 year daymax average","2016","0.169","mg/m3","49.73","1","Background","Urban","4.3744","50.8386","67.0","Bruxelles / Brussel                                                             ","BE001C1                                           ","1223364","E1a/validated data AQ e-Reporting","18/03/2023 22:27:48","http://fme.discomap.eea.europa.eu/fmedatastreaming/AirQualityDownload/AQData_Extract.fmw?CountryCode=BE&CityName=&Pollutant=10&Year_from=2016&Year_to=2016&Station=STA-BETB006&Samplingpoint=&Source=E1a&Output=HTML&UpdateDate="
"Belgium","NET-Brussels","Brussels","BETMEU1","41MEU1 - MEUDON","SPO-BETMEU1_00001_100","SO2","Sulphur dioxide (air)","P1Y-day-per50","1 year 50 %ile of daily values in a year","2016","2.000","ug/m3","13.93","1","Background","Suburban","4.3957","50.8950","34.0","Bruxelles / Brussel                                                             ","BE001C1                                           ","1223364","E1a/validated data AQ e-Reporting","18/03/2023 22:14:46","http://fme.discomap.eea.europa.eu/fmedatastreaming/AirQualityDownload/AQData_Extract.fmw?CountryCode=BE&CityName=&Pollutant=1&Year_from=2016&Year_to=2016&Station=STA-BETMEU1&Samplingpoint=&Source=E1a&Output=HTML&UpdateDate="
"Belgium","NET-Brussels","Brussels","BEMMEU1","01MEU1 - MEUDON","SPO-BEMMEU1_03015_100","Ni in TSP","Nickel in TSP (aerosol)","P1Y","Annual mean / 1 calendar year","2016","1.462","ng/m3","96.98","1","Background","Suburban","4.3927","50.8951","50.0","Bruxelles / Brussel                                                             ","BE001C1                                           ","1223364","E1a/validated data AQ e-Reporting","18/03/2023 21:08:58","http://fme.discomap.eea.europa.eu/fmedatastreaming/AirQualityDownload/AQData_Extract.fmw?CountryCode=BE&CityName=&Pollutant=3015&Year_from=2016&Year_to=2016&Station=STA-BEMMEU1&Samplingpoint=&Source=E1a&Output=HTML&UpdateDate="
"Belgium","NET-Brussels","Brussels","BETB011","41B011 - BERCHEM S.A","SPO-BETB011_00005_100","PM10","Particulate matter < 10 µm (aerosol)","P1Y-day-max36","1 year day max 36","2016","28.125","ug/m3","82.79","1","Background","Suburban","4.2887","50.8578","66.0","Bruxelles / Brussel                                                             ","BE001C1                                           ","1223364","E1a/validated data AQ e-Reporting","18/03/2023 22:32:47","http://fme.discomap.eea.europa.eu/fmedatastreaming/AirQualityDownload/AQData_Extract.fmw?CountryCode=BE&CityName=&Pollutant=5&Year_from=2016&Year_to=2016&Station=STA-BETB011&Samplingpoint=&Source=E1a&Output=HTML&UpdateDate="
"Belgium","NET-Brussels","Brussels","BETB011","41B011 - BERCHEM S.A","SPO-BETB011_00007_100","O3","Ozone (air)","P1Y-hr-per50","1 year 50 percentile","2016","40.500","ug/m3","98.01","1","Background","Suburban","4.2887","50.8578","66.0","Bruxelles / Brussel                                                             ","BE001C1                                           ","1223364","E1a/validated data AQ e-Reporting","18/03/2023 22:05:49","http://fme.discomap.eea.europa.eu/fmedatastreaming/AirQualityDownload/AQData_Extract.fmw?CountryCode=BE&CityName=&Pollutant=7&Year_from=2016&Year_to=2016&Station=STA-BETB011&Samplingpoint=&Source=E1a&Output=HTML&UpdateDate="
"Belgium","NET-Flanders","Flanders","BEDHZ02","65HZ02 - HEUZDEN-ZOLDER
","SPO-BEDHZ02_07352_100","Acenaphthylene","Acenaphthylene (precip+dry_dep)","P1Y","Annual mean / 1 calendar year","2016","9.503","ng/m2/day","22.95","1","Industrial","Suburban","5.2477","50.9943","0.0","","","","E1a/validated data AQ e-Reporting","18/03/2023 21:08:58","http://fme.discomap.eea.europa.eu/fmedatastreaming/AirQualityDownload/AQData_Extract.fmw?CountryCode=BE&CityName=&Pollutant=7352&Year_from=2016&Year_to=2016&Station=STA-BEDHZ02&Samplingpoint=&Source=E1a&Output=HTML&UpdateDate="
"Belgium","NET-Brussels","Brussels","BETN043","41N043 - HAREN","SPO-BETN043_00391_100","Black Carbon","black_carbon (aerosol)","P1Y-hr-per50","1 year 50 percentile","2016","1.825","ug/m3","96.80","1","Industrial","Suburban","4.3830","50.8837","17.0","Bruxelles / Brussel                                                             ","BE001C1                                           ","1223364","E1a/validated data AQ e-Reporting","18/03/2023 22:05:49","http://fme.discomap.eea.europa.eu/fmedatastreaming/AirQualityDownload/AQData_Extract.fmw?CountryCode=BE&CityName=&Pollutant=391&Year_from=2016&Year_to=2016&Station=STA-BETN043&Samplingpoint=&Source=E1a&Output=HTML&UpdateDate="
"Belgium","NET-Brussels","Brussels","BETN043","41N043 - HAREN","SPO-BETN043_00391_100","Black Carbon","black_carbon (aerosol)","P1Y-hr-min","1 year hour min","2016","0.065","ug/m3","96.80","1","Industrial","Suburban","4.3830","50.8837","17.0","Bruxelles / Brussel                                                             ","BE001C1                                           ","1223364","E1a/validated data AQ e-Reporting","18/03/2023 22:31:20","http://fme.discomap.eea.europa.eu/fmedatastreaming/AirQualityDownload/AQData_Extract.fmw?CountryCode=BE&CityName=&Pollutant=391&Year_from=2016&Year_to=2016&Station=STA-BETN043&Samplingpoint=&Source=E1a&Output=HTML&UpdateDate="
"Belgium","NET-Flanders","Flanders","BEDNE02","65NE02 - NIEL
","SPO-BEDNE02_07419_100","Dibenzo(ah)anthracene","Dibenzo(ah)anthracene (precip+dry_dep)","P1Y","Annual mean / 1 calendar year","2016","5.870","ng/m2/day","22.95","1","Background","Rural","4.3353","51.0990","0.0","","","","E1a/validated data AQ e-Reporting","18/03/2023 21:08:58","http://fme.discomap.eea.europa.eu/fmedatastreaming/AirQualityDownload/AQData_Extract.fmw?CountryCode=BE&CityName=&Pollutant=7419&Year_from=2016&Year_to=2016&Station=STA-BEDNE02&Samplingpoint=&Source=E1a&Output=HTML&UpdateDate="
"Belgium","NET-Flanders","Flanders","BEDR802","65R802 - BORGERHOUT","SPO-BEDR802_07435_100","Fluorene","Fluorene (precip+dry_dep)","P1Y","Annual mean / 1 calendar year","2016","16.001","ng/m2/day","92.62","1","Background","Urban","4.4317","51.2094","0.0","Antwerpen                                                                       ","BE002C1                                           ","530014","E1a/validated data AQ e-Reporting","18/03/2023 21:08:58","http://fme.discomap.eea.europa.eu/fmedatastreaming/AirQualityDownload/AQData_Extract.fmw?CountryCode=BE&CityName=&Pollutant=7435&Year_from=2016&Year_to=2016&Station=STA-BEDR802&Samplingpoint=&Source=E1a&Output=HTML&UpdateDate="
"Belgium","NET-Brussels","Brussels","BETN043","41N043 - HAREN","SPO-BETN043_00007_100","O3","Ozone (air)","P1Y-dmaxAbove120","1 year daymax exceed 120","2016","1.000","count","98.63","1","Industrial","Suburban","4.3830","50.8837","17.0","Bruxelles / Brussel                                                             ","BE001C1                                           ","1223364","E1a/validated data AQ e-Reporting","18/03/2023 22:25:06","http://fme.discomap.eea.europa.eu/fmedatastreaming/AirQualityDownload/AQData_Extract.fmw?CountryCode=BE&CityName=&Pollutant=7&Year_from=2016&Year_to=2016&Station=STA-BETN043&Samplingpoint=&Source=E1a&Output=HTML&UpdateDate="
"Belgium","NET-Brussels","Brussels","BETR012","41R012 - UCCLE","SPO-BETR012_00007_100","O3","Ozone (air)","summer-avg","Summer mean","2016","54.955","ug/m3","96.38","1","Background","Suburban","4.3586","50.7966","101.0","Bruxelles / Brussel                                                             ","BE001C1                                           ","1223364","E1a/validated data AQ e-Reporting","18/03/2023 22:50:22","http://fme.discomap.eea.europa.eu/fmedatastreaming/AirQualityDownload/AQData_Extract.fmw?CountryCode=BE&CityName=&Pollutant=7&Year_from=2016&Year_to=2016&Station=STA-BETR012&Samplingpoint=&Source=E1a&Output=HTML&UpdateDate="
"Belgium","NET-Brussels","Brussels","BETR001","41R001 - MOLENBEEK","SPO-BETR001_00005_100","PM10","Particulate matter < 10 µm (aerosol)","P1Y-P1D-per99","1 year 99 percentile of daily means (P1D) or .../aq/primaryObservation/day","2016","61.938","ug/m3","84.43","1","Background","Urban","4.3341","50.8497","20.0","Bruxelles / Brussel                                                             ","BE001C1                                           ","1223364","E1a/validated data AQ e-Reporting","18/03/2023 22:09:38","http://fme.discomap.eea.europa.eu/fmedatastreaming/AirQualityDownload/AQData_Extract.fmw?CountryCode=BE&CityName=&Pollutant=5&Year_from=2016&Year_to=2016&Station=STA-BETR001&Samplingpoint=&Source=E1a&Output=HTML&UpdateDate="
"Belgium","NET-Brussels","Brussels","BETB011","41B011 - BERCHEM S.A","SPO-BETB011_00007_100","O3","Ozone (air)","P1Y-maxP6M-P8H-dmax","Yearly highest six monthly average of daily maximum 8-hour mean concentration","2016","75.479","ug/m3","100.00","1","Background","Suburban","4.2887","50.8578","66.0","Bruxelles / Brussel                                                             ","BE001C1                                           ","1223364","E1a/validated data AQ e-Reporting","18/03/2023 22:58:54","http://fme.discomap.eea.europa.eu/fmedatastreaming/AirQualityDownload/AQData_Extract.fmw?CountryCode=BE&CityName=&Pollutant=7&Year_from=2016&Year_to=2016&Station=STA-BETB011&Samplingpoint=&Source=E1a&Output=HTML&UpdateDate="
"Belgium","NET-Brussels","Brussels","BETB004","41B004 - STE.CATHERI","SPO-BETB004_00008_100","NO2","Nitrogen dioxide (air)","P1Y-hrsAbove200","1 year hour exceed 200","2016","0.000","count","96.82","1","Background","Urban","4.3478","50.8521","17.0","Bruxelles / Brussel                                                             ","BE001C1                                           ","1223364","E1a/validated data AQ e-Reporting","18/03/2023 21:48:42","http://fme.discomap.eea.europa.eu/fmedatastreaming/AirQualityDownload/AQData_Extract.fmw?CountryCode=BE&CityName=&Pollutant=8&Year_from=2016&Year_to=2016&Station=STA-BETB004&Samplingpoint=&Source=E1a&Output=HTML&UpdateDate="
"Belgium","NET-Brussels","Brussels","BETR001","41R001 - MOLENBEEK","SPO-BETR001_00001_100","SO2","Sulphur dioxide (air)","P1Y-day-per50","1 year 50 %ile of daily values in a year","2016","2.000","ug/m3","96.72","1","Background","Urban","4.3341","50.8497","20.0","Bruxelles / Brussel                                                             ","BE001C1                                           ","1223364","E1a/validated data AQ e-Reporting","18/03/2023 22:14:46","http://fme.discomap.eea.europa.eu/fmedatastreaming/AirQualityDownload/AQData_Extract.fmw?CountryCode=BE&CityName=&Pollutant=1&Year_from=2016&Year_to=2016&Station=STA-BETR001&Samplingpoint=&Source=E1a&Output=HTML&UpdateDate="
"Belgium","NET-Flanders","Flanders","BELAL03","40AL03 - BEVEREN","SPO-BELAL03_06001_100","PM2.5","Particulate matter < 2.5 µm (aerosol)","P1Y-day-max","1 year day max","2016","56.583","ug/m3","99.45","1","Industrial","Rural","4.2015","51.2540","4.0","","","","E1a/validated data AQ e-Reporting","18/03/2023 21:43:22","http://fme.discomap.eea.europa.eu/fmedatastreaming/AirQualityDownload/AQData_Extract.fmw?CountryCode=BE&CityName=&Pollutant=6001&Year_from=2016&Year_to=2016&Station=STA-BELAL03&Samplingpoint=&Source=E1a&Output=HTML&UpdateDate="
"Belgium","NET-Flanders","Flanders","BELAL03","40AL03 - BEVEREN","SPO-BELAL03_06001_100","PM2.5","Particulate matter < 2.5 µm (aerosol)","P1Y-hr-min","1 year hour min","2016","3.000","ug/m3","99.37","1","Industrial","Rural","4.2015","51.2540","4.0","","","","E1a/validated data AQ e-Reporting","18/03/2023 22:31:20","http://fme.discomap.eea.europa.eu/fmedatastreaming/AirQualityDownload/AQData_Extract.fmw?CountryCode=BE&CityName=&Pollutant=6001&Year_from=2016&Year_to=2016&Station=STA-BELAL03&Samplingpoint=&Source=E1a&Output=HTML&UpdateDate="
"Belgium","NET-Flanders","Flanders","BELHB23","40HB23 - HOBOKEN","SPO-BELHB23_00008_100","NO2","Nitrogen dioxide (air)","P1Y-hrsAbove200","1 year hour exceed 200","2016","0.000","count","95.33","1","Industrial","Suburban","4.3410","51.1703","13.0","Antwerpen                                                                       ","BE002C1                                           ","530014","E1a/validated data AQ e-Reporting","18/03/2023 21:48:42","http://fme.discomap.eea.europa.eu/fmedatastreaming/AirQualityDownload/AQData_Extract.fmw?CountryCode=BE&CityName=&Pollutant=8&Year_from=2016&Year_to=2016&Station=STA-BELHB23&Samplingpoint=&Source=E1a&Output=HTML&UpdateDate="
"Belgium","NET-Flanders","Flanders","BELGK06","40GK06 - GENK","SPO-BELGK06_00005_100","PM10","Particulate matter < 10 µm (aerosol)","P1Y-hr-min","1 year hour min","2016","3.600","ug/m3","99.85","1","Industrial","Suburban","5.4706","50.9279","44.0","","","","E1a/validated data AQ e-Reporting","18/03/2023 22:31:20","http://fme.discomap.eea.europa.eu/fmedatastreaming/AirQualityDownload/AQData_Extract.fmw?CountryCode=BE&CityName=&Pollutant=5&Year_from=2016&Year_to=2016&Station=STA-BELGK06&Samplingpoint=&Source=E1a&Output=HTML&UpdateDate="
"Belgium","NET-Flanders","Flanders","BELGK06","40GK06 - GENK","SPO-BELGK06_06001_100","PM2.5","Particulate matter < 2.5 µm (aerosol)","P1Y-day-min","1 year day min","2016","1.708","ug/m3","100.00","1","Industrial","Suburban","5.4706","50.9279","44.0","","","","E1a/validated data AQ e-Reporting","18/03/2023 21:55:29","http://fme.discomap.eea.europa.eu/fmedatastreaming/AirQualityDownload/AQData_Extract.fmw?CountryCode=BE&CityName=&Pollutant=6001&Year_from=2016&Year_to=2016&Station=STA-BELGK06&Samplingpoint=&Source=E1a&Output=HTML&UpdateDate="
"Belgium","NET-Brussels","Brussels","BETN043","41N043 - HAREN","SPO-BETN043_00001_100","SO2","Sulphur dioxide (air)","P1Y-P1D-per99","1 year 99 percentile of daily means (P1D) or .../aq/primaryObservation/day","2016","7.604","ug/m3","98.91","1","Industrial","Suburban","4.3830","50.8837","17.0","Bruxelles / Brussel                                                             ","BE001C1                                           ","1223364","E1a/validated data AQ e-Reporting","18/03/2023 22:11:00","http://fme.discomap.eea.europa.eu/fmedatastreaming/AirQualityDownload/AQData_Extract.fmw?CountryCode=BE&CityName=&Pollutant=1&Year_from=2016&Year_to=2016&Station=STA-BETN043&Samplingpoint=&Source=E1a&Output=HTML&UpdateDate="
"Belgium","NET-Brussels","Brussels","BETMEU1","41MEU1 - MEUDON","SPO-BETMEU1_00008_100","NO2","Nitrogen dioxide (air)","P3Y","3 subsequent calendar years mean","2016","26.817","ug/m3","96.16","1","Background","Suburban","4.3957","50.8950","34.0","Bruxelles / Brussel                                                             ","BE001C1                                           ","1223364","E1a/validated data AQ e-Reporting","18/03/2023 21:36:00","http://fme.discomap.eea.europa.eu/fmedatastreaming/AirQualityDownload/AQData_Extract.fmw?CountryCode=BE&CityName=&Pollutant=8&Year_from=2016&Year_to=2016&Station=STA-BETMEU1&Samplingpoint=&Source=E1a&Output=HTML&UpdateDate="
"Belgium","NET-Brussels","Brussels","BETN043","41N043 - HAREN","SPO-BETN043_00001_100","SO2","Sulphur dioxide (air)","P1Y-3hAbove500","3 consecutive hours in exceedance of 500","2016","0.000","count","97.60","1","Industrial","Suburban","4.3830","50.8837","17.0","Bruxelles / Brussel                                                             ","BE001C1                                           ","1223364","E1a/validated data AQ e-Reporting","18/03/2023 22:18:09","http://fme.discomap.eea.europa.eu/fmedatastreaming/AirQualityDownload/AQData_Extract.fmw?CountryCode=BE&CityName=&Pollutant=1&Year_from=2016&Year_to=2016&Station=STA-BETN043&Samplingpoint=&Source=E1a&Output=HTML&UpdateDate="
"Belgium","NET-Brussels","Brussels","BETN043","41N043 - HAREN","SPO-BETN043_00007_100","O3","Ozone (air)","AOT40f","AOT40 for forest protection","2016","4273.381","ug/m3","96.95","1","Industrial","Suburban","4.3830","50.8837","17.0","Bruxelles / Brussel                                                             ","BE001C1                                           ","1223364","E1a/validated data AQ e-Reporting","18/03/2023 23:06:40","http://fme.discomap.eea.europa.eu/fmedatastreaming/AirQualityDownload/AQData_Extract.fmw?CountryCode=BE&CityName=&Pollutant=7&Year_from=2016&Year_to=2016&Station=STA-BETN043&Samplingpoint=&Source=E1a&Output=HTML&UpdateDate="
"Belgium","NET-Brussels","Brussels","BETB004","41B004 - STE.CATHERI","SPO-BETB004_00010_100","CO","Carbon monoxide (air)","P1Y","Annual mean / 1 calendar year","2016","0.212","mg/m3","90.68","1","Background","Urban","4.3478","50.8521","17.0","Bruxelles / Brussel                                                             ","BE001C1                                           ","1223364","E1a/validated data AQ e-Reporting","18/03/2023 21:08:58","http://fme.discomap.eea.europa.eu/fmedatastreaming/AirQualityDownload/AQData_Extract.fmw?CountryCode=BE&CityName=&Pollutant=10&Year_from=2016&Year_to=2016&Station=STA-BETB004&Samplingpoint=&Source=E1a&Output=HTML&UpdateDate="
"Belgium","NET-Brussels","Brussels","BETB006","41B006 - PARL.EUROPE","SPO-BETB006_00008_100","NO2","Nitrogen dioxide (air)","P3Y","3 subsequent calendar years mean","2016","32.141","ug/m3","70.39","1","Background","Urban","4.3744","50.8386","67.0","Bruxelles / Brussel                                                             ","BE001C1                                           ","1223364","E1a/validated data AQ e-Reporting","18/03/2023 21:36:00","http://fme.discomap.eea.europa.eu/fmedatastreaming/AirQualityDownload/AQData_Extract.fmw?CountryCode=BE&CityName=&Pollutant=8&Year_from=2016&Year_to=2016&Station=STA-BETB006&Samplingpoint=&Source=E1a&Output=HTML&UpdateDate="
"Belgium","NET-Brussels","Brussels","BETWOL1","41WOL1 - WOL.ST.L.","SPO-BETWOL1_00007_100","O3","Ozone (air)","P1Y-dx-max26","1 year daymax max 26","2016","78.750","ug/m3","97.54","1","Traffic","Suburban","4.4258","50.8567","78.0","Bruxelles / Brussel                                                             ","BE001C1                                           ","1223364","E1a/validated data AQ e-Reporting","18/03/2023 22:32:17","http://fme.discomap.eea.europa.eu/fmedatastreaming/AirQualityDownload/AQData_Extract.fmw?CountryCode=BE&CityName=&Pollutant=7&Year_from=2016&Year_to=2016&Station=STA-BETWOL1&Samplingpoint=&Source=E1a&Output=HTML&UpdateDate="
"Belgium","NET-Brussels","Brussels","BETWOL1","41WOL1 - WOL.ST.L.","SPO-BETWOL1_00005_100","PM10","Particulate matter < 10 µm (aerosol)","P1Y-P1D-per99","1 year 99 percentile of daily means (P1D) or .../aq/primaryObservation/day","2016","46.208","ug/m3","96.72","1","Traffic","Suburban","4.4258","50.8567","78.0","Bruxelles / Brussel                                                             ","BE001C1                                           ","1223364","E1a/validated data AQ e-Reporting","18/03/2023 22:09:38","http://fme.discomap.eea.europa.eu/fmedatastreaming/AirQualityDownload/AQData_Extract.fmw?CountryCode=BE&CityName=&Pollutant=5&Year_from=2016&Year_to=2016&Station=STA-BETWOL1&Samplingpoint=&Source=E1a&Output=HTML&UpdateDate="
"Belgium","NET-Brussels","Brussels","BETB011","41B011 - BERCHEM S.A","SPO-BETB011_06001_100","PM2.5","Particulate matter < 2.5 µm (aerosol)","P3Y","3 subsequent calendar years mean","2016","12.640","ug/m3","92.15","1","Background","Suburban","4.2887","50.8578","66.0","Bruxelles / Brussel                                                             ","BE001C1                                           ","1223364","E1a/validated data AQ e-Reporting","18/03/2023 21:36:00","http://fme.discomap.eea.europa.eu/fmedatastreaming/AirQualityDownload/AQData_Extract.fmw?CountryCode=BE&CityName=&Pollutant=6001&Year_from=2016&Year_to=2016&Station=STA-BETB011&Samplingpoint=&Source=E1a&Output=HTML&UpdateDate="
"Belgium","NET-Brussels","Brussels","BETMEU1","41MEU1 - MEUDON","SPO-BETMEU1_00001_100","SO2","Sulphur dioxide (air)","P1Y-hr-max-per99.73","1 year 99.73 %ile of hourly values in a given year","2016","7.000","ug/m3","14.09","1","Background","Suburban","4.3957","50.8950","34.0","Bruxelles / Brussel                                                             ","BE001C1                                           ","1223364","E1a/validated data AQ e-Reporting","18/03/2023 22:06:23","http://fme.discomap.eea.europa.eu/fmedatastreaming/AirQualityDownload/AQData_Extract.fmw?CountryCode=BE&CityName=&Pollutant=1&Year_from=2016&Year_to=2016&Station=STA-BETMEU1&Samplingpoint=&Source=E1a&Output=HTML&UpdateDate="
"Belgium","NET-Flanders","Flanders","BEDZL06","65ZL06 - ZELZATE","SPO-BEDZL06_07351_100","Acenaphthene","Acenaphthene (precip+dry_dep)","P1Y","Annual mean / 1 calendar year","2016","26.827","ng/m2/day","22.95","1","Industrial","Suburban","3.8113","51.2087","0.0","","","","E1a/validated data AQ e-Reporting","18/03/2023 21:08:58","http://fme.discomap.eea.europa.eu/fmedatastreaming/AirQualityDownload/AQData_Extract.fmw?CountryCode=BE&CityName=&Pollutant=7351&Year_from=2016&Year_to=2016&Station=STA-BEDZL06&Samplingpoint=&Source=E1a&Output=HTML&UpdateDate="
"Belgium","NET-Brussels","Brussels","BETB006","41B006 - PARL.EUROPE","SPO-BETB006_00007_100","O3","Ozone (air)","P1Y-dx-max","1 year day max max","2016","127.750","ug/m3","37.43","1","Background","Urban","4.3744","50.8386","67.0","Bruxelles / Brussel                                                             ","BE001C1                                           ","1223364","E1a/validated data AQ e-Reporting","18/03/2023 21:44:39","http://fme.discomap.eea.europa.eu/fmedatastreaming/AirQualityDownload/AQData_Extract.fmw?CountryCode=BE&CityName=&Pollutant=7&Year_from=2016&Year_to=2016&Station=STA-BETB006&Samplingpoint=&Source=E1a&Output=HTML&UpdateDate="
"Belgium","NET-Brussels","Brussels","BETB008","41B008 - Brussel (Beliardstraat)","SPO-BETB008_00008_100","NO2","Nitrogen dioxide (air)","P1Y-hr-per50","1 year 50 percentile","2016","52.000","ug/m3","91.68","1","Traffic","Urban","4.3759","50.8409","57.0","Bruxelles / Brussel                                                             ","BE001C1                                           ","1223364","E1a/validated data AQ e-Reporting","18/03/2023 22:05:49","http://fme.discomap.eea.europa.eu/fmedatastreaming/AirQualityDownload/AQData_Extract.fmw?CountryCode=BE&CityName=&Pollutant=8&Year_from=2016&Year_to=2016&Station=STA-BETB008&Samplingpoint=&Source=E1a&Output=HTML&UpdateDate="
"Belgium","NET-Brussels","Brussels","BETB011","41B011 - BERCHEM S.A","SPO-BETB011_00007_100","O3","Ozone (air)","P1Y-dmaxAbove120","1 year daymax exceed 120","2016","9.000","count","99.18","1","Background","Suburban","4.2887","50.8578","66.0","Bruxelles / Brussel                                                             ","BE001C1                                           ","1223364","E1a/validated data AQ e-Reporting","18/03/2023 22:25:06","http://fme.discomap.eea.europa.eu/fmedatastreaming/AirQualityDownload/AQData_Extract.fmw?CountryCode=BE&CityName=&Pollutant=7&Year_from=2016&Year_to=2016&Station=STA-BETB011&Samplingpoint=&Source=E1a&Output=HTML&UpdateDate="
"Belgium","NET-Brussels","Brussels","BETWOL1","41WOL1 - WOL.ST.L.","SPO-BETWOL1_00007_100","O3","Ozone (air)","summer-avg","Summer mean","2016","40.810","ug/m3","96.40","1","Traffic","Suburban","4.4258","50.8567","78.0","Bruxelles / Brussel                                                             ","BE001C1                                           ","1223364","E1a/validated data AQ e-Reporting","18/03/2023 22:50:22","http://fme.discomap.eea.europa.eu/fmedatastreaming/AirQualityDownload/AQData_Extract.fmw?CountryCode=BE&CityName=&Pollutant=7&Year_from=2016&Year_to=2016&Station=STA-BETWOL1&Samplingpoint=&Source=E1a&Output=HTML&UpdateDate="
"Belgium","NET-Brussels","Brussels","BETB011","41B011 - BERCHEM S.A","SPO-BETB011_00008_100","NO2","Nitrogen dioxide (air)","P1Y-hr-max19","1 year hour max19","2016","100.500","ug/m3","97.48","1","Background","Suburban","4.2887","50.8578","66.0","Bruxelles / Brussel                                                             ","BE001C1                                           ","1223364","E1a/validated data AQ e-Reporting","18/03/2023 22:34:35","http://fme.discomap.eea.europa.eu/fmedatastreaming/AirQualityDownload/AQData_Extract.fmw?CountryCode=BE&CityName=&Pollutant=8&Year_from=2016&Year_to=2016&Station=STA-BETB011&Samplingpoint=&Source=E1a&Output=HTML&UpdateDate="
"Belgium","NET-Brussels","Brussels","BEVR001","51R001 - MOLENBEEK","SPO-BEVR001_00443_100","C6H14","n-Hexane (air)","P1Y","Annual mean / 1 calendar year","2016","0.001","ug/m3","82.51","1","Background","Urban","4.3338","50.8497","15.0","Bruxelles / Brussel                                                             ","BE001C1                                           ","1223364","E1a/validated data AQ e-Reporting","18/03/2023 21:08:58","http://fme.discomap.eea.europa.eu/fmedatastreaming/AirQualityDownload/AQData_Extract.fmw?CountryCode=BE&CityName=&Pollutant=443&Year_from=2016&Year_to=2016&Station=STA-BEVR001&Samplingpoint=&Source=E1a&Output=HTML&UpdateDate="
"Belgium","NET-Brussels","Brussels","BETMEU1","41MEU1 - MEUDON","SPO-BETMEU1_00001_100","SO2","Sulphur dioxide (air)","P1Y","Annual mean / 1 calendar year","2016","2.161","ug/m3","14.09","1","Background","Suburban","4.3957","50.8950","34.0","Bruxelles / Brussel                                                             ","BE001C1                                           ","1223364","E1a/validated data AQ e-Reporting","18/03/2023 21:08:58","http://fme.discomap.eea.europa.eu/fmedatastreaming/AirQualityDownload/AQData_Extract.fmw?CountryCode=BE&CityName=&Pollutant=1&Year_from=2016&Year_to=2016&Station=STA-BETMEU1&Samplingpoint=&Source=E1a&Output=HTML&UpdateDate="
"Belgium","NET-Brussels","Brussels","BETN043","41N043 - HAREN","SPO-BETN043_00008_100","NO2","Nitrogen dioxide (air)","P1Y-hrsAbove200","1 year hour exceed 200","2016","3.000","count","95.83","1","Industrial","Suburban","4.3830","50.8837","17.0","Bruxelles / Brussel                                                             ","BE001C1                                           ","1223364","E1a/validated data AQ e-Reporting","18/03/2023 21:48:42","http://fme.discomap.eea.europa.eu/fmedatastreaming/AirQualityDownload/AQData_Extract.fmw?CountryCode=BE&CityName=&Pollutant=8&Year_from=2016&Year_to=2016&Station=STA-BETN043&Samplingpoint=&Source=E1a&Output=HTML&UpdateDate="
"Belgium","NET-Brussels","Brussels","BETR001","41R001 - MOLENBEEK","SPO-BETR001_00001_100","SO2","Sulphur dioxide (air)","P1Y-daysAbove125","1 year day exceed 125","2016","0.000","count","96.72","1","Background","Urban","4.3341","50.8497","20.0","Bruxelles / Brussel                                                             ","BE001C1                                           ","1223364","E1a/validated data AQ e-Reporting","18/03/2023 22:23:37","http://fme.discomap.eea.europa.eu/fmedatastreaming/AirQualityDownload/AQData_Extract.fmw?CountryCode=BE&CityName=&Pollutant=1&Year_from=2016&Year_to=2016&Station=STA-BETR001&Samplingpoint=&Source=E1a&Output=HTML&UpdateDate="
"Belgium","NET-Brussels","Brussels","BETR001","41R001 - MOLENBEEK","SPO-BETR001_00005_100","PM10","Particulate matter < 10 µm (aerosol)","P1Y-hr-per50","1 year 50 percentile","2016","19.000","ug/m3","85.56","1","Background","Urban","4.3341","50.8497","20.0","Bruxelles / Brussel                                                             ","BE001C1                                           ","1223364","E1a/validated data AQ e-Reporting","18/03/2023 22:05:49","http://fme.discomap.eea.europa.eu/fmedatastreaming/AirQualityDownload/AQData_Extract.fmw?CountryCode=BE&CityName=&Pollutant=5&Year_from=2016&Year_to=2016&Station=STA-BETR001&Samplingpoint=&Source=E1a&Output=HTML&UpdateDate="
"Belgium","NET-Brussels","Brussels","BETB004","41B004 - STE.CATHERI","SPO-BETB004_00007_100","O3","Ozone (air)","P1Y-dmaxAbove120","1 year daymax exceed 120","2016","3.000","count","93.72","1","Background","Urban","4.3478","50.8521","17.0","Bruxelles / Brussel                                                             ","BE001C1                                           ","1223364","E1a/validated data AQ e-Reporting","18/03/2023 22:25:06","http://fme.discomap.eea.europa.eu/fmedatastreaming/AirQualityDownload/AQData_Extract.fmw?CountryCode=BE&CityName=&Pollutant=7&Year_from=2016&Year_to=2016&Station=STA-BETB004&Samplingpoint=&Source=E1a&Output=HTML&UpdateDate="
"Belgium","NET-Brussels","Brussels","BETN043","41N043 - HAREN","SPO-BETN043_06001_100","PM2.5","Particulate matter < 2.5 µm (aerosol)","P1Y-hr-max","1 year hour max","2016","120.600","ug/m3","94.50","1","Industrial","Suburban","4.3830","50.8837","17.0","Bruxelles / Brussel                                                             ","BE001C1                                           ","1223364","E1a/validated data AQ e-Reporting","18/03/2023 21:57:02","http://fme.discomap.eea.europa.eu/fmedatastreaming/AirQualityDownload/AQData_Extract.fmw?CountryCode=BE&CityName=&Pollutant=6001&Year_from=2016&Year_to=2016&Station=STA-BETN043&Samplingpoint=&Source=E1a&Output=HTML&UpdateDate="
"Belgium","NET-Brussels","Brussels","BETB004","41B004 - STE.CATHERI","SPO-BETB004_00008_100","NO2","Nitrogen dioxide (air)","P1Y-hr-max-per99.79","1 year 99.79 %ile of hourly values in a given year","2016","122.500","ug/m3","96.82","1","Background","Urban","4.3478","50.8521","17.0","Bruxelles / Brussel                                                             ","BE001C1                                           ","1223364","E1a/validated data AQ e-Reporting","18/03/2023 22:07:35","http://fme.discomap.eea.europa.eu/fmedatastreaming/AirQualityDownload/AQData_Extract.fmw?CountryCode=BE&CityName=&Pollutant=8&Year_from=2016&Year_to=2016&Station=STA-BETB004&Samplingpoint=&Source=E1a&Output=HTML&UpdateDate="
"Belgium","NET-Brussels","Brussels","BETB006","41B006 - PARL.EUROPE","SPO-BETB006_00010_100","CO","Carbon monoxide (air)","P1Y-8hdmxAbove10","1 year daymax exceed 10","2016","0.000","count","49.73","1","Background","Urban","4.3744","50.8386","67.0","Bruxelles / Brussel                                                             ","BE001C1                                           ","1223364","E1a/validated data AQ e-Reporting","18/03/2023 22:27:43","http://fme.discomap.eea.europa.eu/fmedatastreaming/AirQualityDownload/AQData_Extract.fmw?CountryCode=BE&CityName=&Pollutant=10&Year_from=2016&Year_to=2016&Station=STA-BETB006&Samplingpoint=&Source=E1a&Output=HTML&UpdateDate="
"Belgium","NET-Brussels","Brussels","BETB011","41B011 - BERCHEM S.A","SPO-BETB011_00007_100","O3","Ozone (air)","P1Y-day-max","1 year day max","2016","114.688","ug/m3","99.18","1","Background","Suburban","4.2887","50.8578","66.0","Bruxelles / Brussel                                                             ","BE001C1                                           ","1223364","E1a/validated data AQ e-Reporting","18/03/2023 21:44:13","http://fme.discomap.eea.europa.eu/fmedatastreaming/AirQualityDownload/AQData_Extract.fmw?CountryCode=BE&CityName=&Pollutant=7&Year_from=2016&Year_to=2016&Station=STA-BETB011&Samplingpoint=&Source=E1a&Output=HTML&UpdateDate="
"Belgium","NET-Flanders","Flanders","BEGR701","26R701 - GENT","SPO-BEGR701_06001_100","PM2.5","Particulate matter < 2.5 µm (aerosol)","P1Y-P1D-per99","1 year 99 percentile of daily means (P1D) or .../aq/primaryObservation/day","2016","48.583","ug/m3","97.81","1","Background","Urban","3.7293","51.0583","5.0","Gent                                                                            ","BE003C1                                           ","263687","E1a/validated data AQ e-Reporting","18/03/2023 22:10:03","http://fme.discomap.eea.europa.eu/fmedatastreaming/AirQualityDownload/AQData_Extract.fmw?CountryCode=BE&CityName=&Pollutant=6001&Year_from=2016&Year_to=2016&Station=STA-BEGR701&Samplingpoint=&Source=E1a&Output=HTML&UpdateDate="
"Belgium","NET-Brussels","Brussels","BETWOL1","41WOL1 - WOL.ST.L.","SPO-BETWOL1_00001_100","SO2","Sulphur dioxide (air)","P1Y-day-max-per99.18","1 year 99.18 percentile of daily maximum","2016","5.729","ug/m3","93.17","1","Traffic","Suburban","4.4258","50.8567","78.0","Bruxelles / Brussel                                                             ","BE001C1                                           ","1223364","E1a/validated data AQ e-Reporting","18/03/2023 22:12:16","http://fme.discomap.eea.europa.eu/fmedatastreaming/AirQualityDownload/AQData_Extract.fmw?CountryCode=BE&CityName=&Pollutant=1&Year_from=2016&Year_to=2016&Station=STA-BETWOL1&Samplingpoint=&Source=E1a&Output=HTML&UpdateDate="
"Belgium","NET-Brussels","Brussels","BETWOL1","41WOL1 - WOL.ST.L.","SPO-BETWOL1_00005_100","PM10","Particulate matter < 10 µm (aerosol)","P1Y-day-max36","1 year day max 36","2016","31.896","ug/m3","96.72","1","Traffic","Suburban","4.4258","50.8567","78.0","Bruxelles / Brussel                                                             ","BE001C1                                           ","1223364","E1a/validated data AQ e-Reporting","18/03/2023 22:32:47","http://fme.discomap.eea.europa.eu/fmedatastreaming/AirQualityDownload/AQData_Extract.fmw?CountryCode=BE&CityName=&Pollutant=5&Year_from=2016&Year_to=2016&Station=STA-BETWOL1&Samplingpoint=&Source=E1a&Output=HTML&UpdateDate="
"Belgium","NET-Flanders","Flanders","BELSA04","40SA04 - Hoevenen","SPO-BELSA04_00391_100","Black Carbon","black_carbon (aerosol)","P1Y-hr-min","1 year hour min","2016","0.055","ug/m3","99.57","1","Industrial","Rural","4.4039","51.3139","6.0","","","","E1a/validated data AQ e-Reporting","18/03/2023 22:31:20","http://fme.discomap.eea.europa.eu/fmedatastreaming/AirQualityDownload/AQData_Extract.fmw?CountryCode=BE&CityName=&Pollutant=391&Year_from=2016&Year_to=2016&Station=STA-BELSA04&Samplingpoint=&Source=E1a&Output=HTML&UpdateDate="
"Belgium","NET-Brussels","Brussels","BETR012","41R012 - UCCLE","SPO-BETR012_00005_100","PM10","Particulate matter < 10 µm (aerosol)","P1Y-P1D-per99","1 year 99 percentile of daily means (P1D) or .../aq/primaryObservation/day","2016","46.167","ug/m3","91.53","1","Background","Suburban","4.3586","50.7966","101.0","Bruxelles / Brussel                                                             ","BE001C1                                           ","1223364","E1a/validated data AQ e-Reporting","18/03/2023 22:09:38","http://fme.discomap.eea.europa.eu/fmedatastreaming/AirQualityDownload/AQData_Extract.fmw?CountryCode=BE&CityName=&Pollutant=5&Year_from=2016&Year_to=2016&Station=STA-BETR012&Samplingpoint=&Source=E1a&Output=HTML&UpdateDate="
"Belgium","NET-Brussels","Brussels","BETR012","41R012 - UCCLE","SPO-BETR012_00007_100","O3","Ozone (air)","AOT40f","AOT40 for forest protection","2016","11751.122","ug/m3","97.13","1","Background","Suburban","4.3586","50.7966","101.0","Bruxelles / Brussel                                                             ","BE001C1                                           ","1223364","E1a/validated data AQ e-Reporting","18/03/2023 23:06:40","http://fme.discomap.eea.europa.eu/fmedatastreaming/AirQualityDownload/AQData_Extract.fmw?CountryCode=BE&CityName=&Pollutant=7&Year_from=2016&Year_to=2016&Station=STA-BETR012&Samplingpoint=&Source=E1a&Output=HTML&UpdateDate="
"Belgium","NET-Brussels","Brussels","BETB006","41B006 - PARL.EUROPE","SPO-BETB006_00008_100","NO2","Nitrogen dioxide (air)","P1Y-hrsAbove200","1 year hour exceed 200","2016","0.000","count","36.44","1","Background","Urban","4.3744","50.8386","67.0","Bruxelles / Brussel                                                             ","BE001C1                                           ","1223364","E1a/validated data AQ e-Reporting","18/03/2023 21:48:42","http://fme.discomap.eea.europa.eu/fmedatastreaming/AirQualityDownload/AQData_Extract.fmw?CountryCode=BE&CityName=&Pollutant=8&Year_from=2016&Year_to=2016&Station=STA-BETB006&Samplingpoint=&Source=E1a&Output=HTML&UpdateDate="
"Belgium","NET-Flanders","Flanders","BELLD01","40LD01 - LAAKDAL","SPO-BELLD01_00008_100","NO2","Nitrogen dioxide (air)","P1Y-hr-max","1 year hour max","2016","119.500","ug/m3","95.49","1","Industrial","Rural","5.0049","51.1100","20.0","","","","E1a/validated data AQ e-Reporting","18/03/2023 21:57:02","http://fme.discomap.eea.europa.eu/fmedatastreaming/AirQualityDownload/AQData_Extract.fmw?CountryCode=BE&CityName=&Pollutant=8&Year_from=2016&Year_to=2016&Station=STA-BELLD01&Samplingpoint=&Source=E1a&Output=HTML&UpdateDate="
"Belgium","NET-Flanders","Flanders","BELHB23","40HB23 - HOBOKEN","SPO-BELHB23_00008_100","NO2","Nitrogen dioxide (air)","P1Y-3hAbove400","3 consecutive hours in exceedance of 400","2016","0.000","count","95.33","1","Industrial","Suburban","4.3410","51.1703","13.0","Antwerpen                                                                       ","BE002C1                                           ","530014","E1a/validated data AQ e-Reporting","18/03/2023 22:22:30","http://fme.discomap.eea.europa.eu/fmedatastreaming/AirQualityDownload/AQData_Extract.fmw?CountryCode=BE&CityName=&Pollutant=8&Year_from=2016&Year_to=2016&Station=STA-BELHB23&Samplingpoint=&Source=E1a&Output=HTML&UpdateDate="
"Belgium","NET-Flanders","Flanders","BELLD01","40LD01 - LAAKDAL","SPO-BELLD01_00008_100","NO2","Nitrogen dioxide (air)","P1Y-P1D-per99","1 year 99 percentile of daily means (P1D) or .../aq/primaryObservation/day","2016","49.583","ug/m3","97.27","1","Industrial","Rural","5.0049","51.1100","20.0","","","","E1a/validated data AQ e-Reporting","18/03/2023 22:10:34","http://fme.discomap.eea.europa.eu/fmedatastreaming/AirQualityDownload/AQData_Extract.fmw?CountryCode=BE&CityName=&Pollutant=8&Year_from=2016&Year_to=2016&Station=STA-BELLD01&Samplingpoint=&Source=E1a&Output=HTML&UpdateDate="
"Belgium","NET-Brussels","Brussels","BETWOL2","41WOL2 - WOL.ST.L.","SPO-BETWOL2_00020_100","C6H6","Benzene (air)","P1Y-hr-max","1 year hour max","2016","3.750","ug/m3","37.82","1","Background","Suburban","4.4257","50.8566","20.0","Bruxelles / Brussel                                                             ","BE001C1                                           ","1223364","E1a/validated data AQ e-Reporting","18/03/2023 21:57:02","http://fme.discomap.eea.europa.eu/fmedatastreaming/AirQualityDownload/AQData_Extract.fmw?CountryCode=BE&CityName=&Pollutant=20&Year_from=2016&Year_to=2016&Station=STA-BETWOL2&Samplingpoint=&Source=E1a&Output=HTML&UpdateDate="
"Belgium","NET-Brussels","Brussels","BETB011","41B011 - BERCHEM S.A","SPO-BETB011_00007_100","O3","Ozone (air)","P3Y","3 subsequent calendar years mean","2016","42.948","ug/m3","97.70","1","Background","Suburban","4.2887","50.8578","66.0","Bruxelles / Brussel                                                             ","BE001C1                                           ","1223364","E1a/validated data AQ e-Reporting","18/03/2023 21:36:00","http://fme.discomap.eea.europa.eu/fmedatastreaming/AirQualityDownload/AQData_Extract.fmw?CountryCode=BE&CityName=&Pollutant=7&Year_from=2016&Year_to=2016&Station=STA-BETB011&Samplingpoint=&Source=E1a&Output=HTML&UpdateDate="
"Belgium","NET-Flanders","Flanders","BEDN029","65N029 - HOUTEM
","SPO-BEDN029_07029_100","BaP","Benzo(a)pyrene (precip+dry_dep)","P1Y","Annual mean / 1 calendar year","2016","14.626","ng/m2/day","92.62","1","Background","Rural","2.5823","51.0163","0.0","","","","E1a/validated data AQ e-Reporting","18/03/2023 21:08:58","http://fme.discomap.eea.europa.eu/fmedatastreaming/AirQualityDownload/AQData_Extract.fmw?CountryCode=BE&CityName=&Pollutant=7029&Year_from=2016&Year_to=2016&Station=STA-BEDN029&Samplingpoint=&Source=E1a&Output=HTML&UpdateDate="
"Belgium","NET-Flanders","Flanders","BEDN029","65N029 - HOUTEM
","SPO-BEDN029_07380_100","Benzo(b,j,k)fluoranthene","Benzo(b,j,k)fluoranthene (precip+dry_dep)","P1Y","Annual mean / 1 calendar year","2016","22.981","ng/m2/day","92.62","1","Background","Rural","2.5823","51.0163","0.0","","","","E1a/validated data AQ e-Reporting","18/03/2023 21:08:58","http://fme.discomap.eea.europa.eu/fmedatastreaming/AirQualityDownload/AQData_Extract.fmw?CountryCode=BE&CityName=&Pollutant=7380&Year_from=2016&Year_to=2016&Station=STA-BEDN029&Samplingpoint=&Source=E1a&Output=HTML&UpdateDate="
"Belgium","NET-Flanders","Flanders","BEDZL06","65ZL06 - ZELZATE","SPO-BEDZL06_07419_100","Dibenzo(ah)anthracene","Dibenzo(ah)anthracene (precip+dry_dep)","P1Y","Annual mean / 1 calendar year","2016","21.797","ng/m2/day","22.95","1","Industrial","Suburban","3.8113","51.2087","0.0","","","","E1a/validated data AQ e-Reporting","18/03/2023 21:08:58","http://fme.discomap.eea.europa.eu/fmedatastreaming/AirQualityDownload/AQData_Extract.fmw?CountryCode=BE&CityName=&Pollutant=7419&Year_from=2016&Year_to=2016&Station=STA-BEDZL06&Samplingpoint=&Source=E1a&Output=HTML&UpdateDate="
"Belgium","NET-Flanders","Flanders","BELRL01","40RL01 - ROESELARE","SPO-BELRL01_06001_100","PM2.5","Particulate matter < 2.5 µm (aerosol)","P1Y-day-min","1 year day min","2016","2.833","ug/m3","100.00","1","Background","Urban","3.1212","50.9532","20.0","","","","E1a/validated data AQ e-Reporting","18/03/2023 21:55:29","http://fme.discomap.eea.europa.eu/fmedatastreaming/AirQualityDownload/AQData_Extract.fmw?CountryCode=BE&CityName=&Pollutant=6001&Year_from=2016&Year_to=2016&Station=STA-BELRL01&Samplingpoint=&Source=E1a&Output=HTML&UpdateDate="
"Belgium","NET-Brussels","Brussels","BETB011","41B011 - BERCHEM S.A","SPO-BETB011_06001_100","PM2.5","Particulate matter < 2.5 µm (aerosol)","P1Y","Annual mean / 1 calendar year","2016","12.290","ug/m3","87.06","1","Background","Suburban","4.2887","50.8578","66.0","Bruxelles / Brussel                                                             ","BE001C1                                           ","1223364","E1a/validated data AQ e-Reporting","18/03/2023 21:08:58","http://fme.discomap.eea.europa.eu/fmedatastreaming/AirQualityDownload/AQData_Extract.fmw?CountryCode=BE&CityName=&Pollutant=6001&Year_from=2016&Year_to=2016&Station=STA-BETB011&Samplingpoint=&Source=E1a&Output=HTML&UpdateDate="
"Belgium","NET-Brussels","Brussels","BETMEU1","41MEU1 - MEUDON","SPO-BETMEU1_00005_100","PM10","Particulate matter < 10 µm (aerosol)","P1Y-day-max","1 year day max","2016","66.583","ug/m3","92.35","1","Background","Suburban","4.3957","50.8950","34.0","Bruxelles / Brussel                                                             ","BE001C1                                           ","1223364","E1a/validated data AQ e-Reporting","18/03/2023 21:43:06","http://fme.discomap.eea.europa.eu/fmedatastreaming/AirQualityDownload/AQData_Extract.fmw?CountryCode=BE&CityName=&Pollutant=5&Year_from=2016&Year_to=2016&Station=STA-BETMEU1&Samplingpoint=&Source=E1a&Output=HTML&UpdateDate="
"Belgium","NET-Brussels","Brussels","BETB004","41B004 - STE.CATHERI","SPO-BETB004_00007_100","O3","Ozone (air)","P1Y","Annual mean / 1 calendar year","2016","33.115","ug/m3","92.74","1","Background","Urban","4.3478","50.8521","17.0","Bruxelles / Brussel                                                             ","BE001C1                                           ","1223364","E1a/validated data AQ e-Reporting","18/03/2023 21:08:58","http://fme.discomap.eea.europa.eu/fmedatastreaming/AirQualityDownload/AQData_Extract.fmw?CountryCode=BE&CityName=&Pollutant=7&Year_from=2016&Year_to=2016&Station=STA-BETB004&Samplingpoint=&Source=E1a&Output=HTML&UpdateDate="
"Belgium","NET-Brussels","Brussels","BETB011","41B011 - BERCHEM S.A","SPO-BETB011_00007_100","O3","Ozone (air)","P1Y-dx-avg","1 year daymax average","2016","58.951","ug/m3","99.18","1","Background","Suburban","4.2887","50.8578","66.0","Bruxelles / Brussel                                                             ","BE001C1                                           ","1223364","E1a/validated data AQ e-Reporting","18/03/2023 22:27:48","http://fme.discomap.eea.europa.eu/fmedatastreaming/AirQualityDownload/AQData_Extract.fmw?CountryCode=BE&CityName=&Pollutant=7&Year_from=2016&Year_to=2016&Station=STA-BETB011&Samplingpoint=&Source=E1a&Output=HTML&UpdateDate="
"Belgium","NET-Brussels","Brussels","BETMEU1","41MEU1 - MEUDON","SPO-BETMEU1_00001_100","SO2","Sulphur dioxide (air)","P1Y-hrsAbove350","1 year hour exceed 350","2016","0.000","count","14.09","1","Background","Suburban","4.3957","50.8950","34.0","Bruxelles / Brussel                                                             ","BE001C1                                           ","1223364","E1a/validated data AQ e-Reporting","18/03/2023 21:52:12","http://fme.discomap.eea.europa.eu/fmedatastreaming/AirQualityDownload/AQData_Extract.fmw?CountryCode=BE&CityName=&Pollutant=1&Year_from=2016&Year_to=2016&Station=STA-BETMEU1&Samplingpoint=&Source=E1a&Output=HTML&UpdateDate="
"Belgium","NET-Brussels","Brussels","BETB006","41B006 - PARL.EUROPE","SPO-BETB006_00007_100","O3","Ozone (air)","AOT40c","AOT40 vegetation protection","2016","5955.200","ug/m3","62.50","1","Background","Urban","4.3744","50.8386","67.0","Bruxelles / Brussel                                                             ","BE001C1                                           ","1223364","E1a/validated data AQ e-Reporting","18/03/2023 23:06:29","http://fme.discomap.eea.europa.eu/fmedatastreaming/AirQualityDownload/AQData_Extract.fmw?CountryCode=BE&CityName=&Pollutant=7&Year_from=2016&Year_to=2016&Station=STA-BETB006&Samplingpoint=&Source=E1a&Output=HTML&UpdateDate="
"Belgium","NET-Brussels","Brussels","BEMAND3","01AND3 - ANDERLECHT","SPO-BEMAND3_03014_100","Cd in TSP","Cadmium in TSP (aerosol)","P1Y","Annual mean / 1 calendar year","2016","2.000","ng/m3","96.98","1","Background","Suburban","4.3116","50.8200","20.0","Bruxelles / Brussel                                                             ","BE001C1                                           ","1223364","E1a/validated data AQ e-Reporting","18/03/2023 21:08:58","http://fme.discomap.eea.europa.eu/fmedatastreaming/AirQualityDownload/AQData_Extract.fmw?CountryCode=BE&CityName=&Pollutant=3014&Year_from=2016&Year_to=2016&Station=STA-BEMAND3&Samplingpoint=&Source=E1a&Output=HTML&UpdateDate="
"Belgium","NET-Brussels","Brussels","BETN043","41N043 - HAREN","SPO-BETN043_00010_100","CO","Carbon monoxide (air)","P1Y","Annual mean / 1 calendar year","2016","0.338","mg/m3","90.40","1","Industrial","Suburban","4.3830","50.8837","17.0","Bruxelles / Brussel                                                             ","BE001C1                                           ","1223364","E1a/validated data AQ e-Reporting","18/03/2023 21:08:58","http://fme.discomap.eea.europa.eu/fmedatastreaming/AirQualityDownload/AQData_Extract.fmw?CountryCode=BE&CityName=&Pollutant=10&Year_from=2016&Year_to=2016&Station=STA-BETN043&Samplingpoint=&Source=E1a&Output=HTML&UpdateDate="
"Belgium","NET-Flanders","Flanders","BEGR801","26R801 - BORGERHOUT","SPO-BEGR801_06001_100","PM2.5","Particulate matter < 2.5 µm (aerosol)","P1Y-day-min","1 year day min","2016","3.083","ug/m3","94.54","1","Background","Urban","4.4318","51.2097","6.0","Antwerpen                                                                       ","BE002C1                                           ","530014","E1a/validated data AQ e-Reporting","18/03/2023 21:55:29","http://fme.discomap.eea.europa.eu/fmedatastreaming/AirQualityDownload/AQData_Extract.fmw?CountryCode=BE&CityName=&Pollutant=6001&Year_from=2016&Year_to=2016&Station=STA-BEGR801&Samplingpoint=&Source=E1a&Output=HTML&UpdateDate="
"Belgium","NET-Flanders","Flanders","BEGR811","26R811 - SCHOTEN","SPO-BEGR811_06001_100","PM2.5","Particulate matter < 2.5 µm (aerosol)","P1Y-day-min","1 year day min","2016","3.042","ug/m3","99.18","1","Background","Suburban","4.4914","51.2521","8.0","","","","E1a/validated data AQ e-Reporting","18/03/2023 21:55:29","http://fme.discomap.eea.europa.eu/fmedatastreaming/AirQualityDownload/AQData_Extract.fmw?CountryCode=BE&CityName=&Pollutant=6001&Year_from=2016&Year_to=2016&Station=STA-BEGR811&Samplingpoint=&Source=E1a&Output=HTML&UpdateDate="
"Belgium","NET-Flanders","Flanders","BEGR701","26R701 - GENT","SPO-BEGR701_01631_100","Cl- in PM2.5","chloride in PM2.5 (aerosol)","P1Y","Annual mean / 1 calendar year","2016","0.210","ug/m3","0.01","1","Background","Urban","3.7293","51.0583","5.0","Gent                                                                            ","BE003C1                                           ","263687","E1a/validated data AQ e-Reporting","18/03/2023 21:08:58","http://fme.discomap.eea.europa.eu/fmedatastreaming/AirQualityDownload/AQData_Extract.fmw?CountryCode=BE&CityName=&Pollutant=1631&Year_from=2016&Year_to=2016&Station=STA-BEGR701&Samplingpoint=&Source=E1a&Output=HTML&UpdateDate="
"Belgium","NET-Brussels","Brussels","BETN043","41N043 - HAREN","SPO-BETN043_06001_100","PM2.5","Particulate matter < 2.5 µm (aerosol)","P1Y-day-max","1 year day max","2016","70.644","ug/m3","96.45","1","Industrial","Suburban","4.3830","50.8837","17.0","Bruxelles / Brussel                                                             ","BE001C1                                           ","1223364","E1a/validated data AQ e-Reporting","18/03/2023 21:43:22","http://fme.discomap.eea.europa.eu/fmedatastreaming/AirQualityDownload/AQData_Extract.fmw?CountryCode=BE&CityName=&Pollutant=6001&Year_from=2016&Year_to=2016&Station=STA-BETN043&Samplingpoint=&Source=E1a&Output=HTML&UpdateDate="
"Belgium","NET-Flanders","Flanders","BEGRT01","26RT01 - RETIE","SPO-BEGRT01_06001_100","PM2.5","Particulate matter < 2.5 µm (aerosol)","P1Y","Annual mean / 1 calendar year","2016","11.562","ug/m3","96.99","1","Background","Rural","5.0533","51.2309","23.0","","","","E1a/validated data AQ e-Reporting","18/03/2023 21:08:58","http://fme.discomap.eea.europa.eu/fmedatastreaming/AirQualityDownload/AQData_Extract.fmw?CountryCode=BE&CityName=&Pollutant=6001&Year_from=2016&Year_to=2016&Station=STA-BEGRT01&Samplingpoint=&Source=E1a&Output=HTML&UpdateDate="
"Belgium","NET-Flanders","Flanders","BELAB02","40AB02 - BERENDRECHT","SPO-BELAB02_00005_100","PM10","Particulate matter < 10 µm (aerosol)","P1Y-day-min","1 year day min","2016","6.933","ug/m3","100.00","1","Background","Suburban","4.3218","51.3407","10.0","Antwerpen                                                                       ","BE002C1                                           ","530014","E1a/validated data AQ e-Reporting","18/03/2023 21:55:13","http://fme.discomap.eea.europa.eu/fmedatastreaming/AirQualityDownload/AQData_Extract.fmw?CountryCode=BE&CityName=&Pollutant=5&Year_from=2016&Year_to=2016&Station=STA-BELAB02&Samplingpoint=&Source=E1a&Output=HTML&UpdateDate="
"Belgium","NET-Flanders","Flanders","BELAB02","40AB02 - BERENDRECHT","SPO-BELAB02_06001_100","PM2.5","Particulate matter < 2.5 µm (aerosol)","P1Y-hr-per50","1 year 50 percentile","2016","10.000","ug/m3","99.86","1","Background","Suburban","4.3218","51.3407","10.0","Antwerpen                                                                       ","BE002C1                                           ","530014","E1a/validated data AQ e-Reporting","18/03/2023 22:05:49","http://fme.discomap.eea.europa.eu/fmedatastreaming/AirQualityDownload/AQData_Extract.fmw?CountryCode=BE&CityName=&Pollutant=6001&Year_from=2016&Year_to=2016&Station=STA-BELAB02&Samplingpoint=&Source=E1a&Output=HTML&UpdateDate="
"Belgium","NET-Flanders","Flanders","BELSA04","40SA04 - Hoevenen","SPO-BELSA04_00005_100","PM10","Particulate matter < 10 µm (aerosol)","P1Y-hr-max","1 year hour max","2016","128.000","ug/m3","98.95","1","Industrial","Rural","4.4039","51.3139","6.0","","","","E1a/validated data AQ e-Reporting","18/03/2023 21:57:02","http://fme.discomap.eea.europa.eu/fmedatastreaming/AirQualityDownload/AQData_Extract.fmw?CountryCode=BE&CityName=&Pollutant=5&Year_from=2016&Year_to=2016&Station=STA-BELSA04&Samplingpoint=&Source=E1a&Output=HTML&UpdateDate="
"Belgium","NET-Flanders","Flanders","BELSZ02","40SZ02 - STEENOKKERZ","SPO-BELSZ02_00001_100","SO2","Sulphur dioxide (air)","P1Y-day-per50","1 year 50 %ile of daily values in a year","2016","1.043","ug/m3","98.36","1","Industrial","Rural","4.5122","50.9130","15.0","","","","E1a/validated data AQ e-Reporting","18/03/2023 22:14:46","http://fme.discomap.eea.europa.eu/fmedatastreaming/AirQualityDownload/AQData_Extract.fmw?CountryCode=BE&CityName=&Pollutant=1&Year_from=2016&Year_to=2016&Station=STA-BELSZ02&Samplingpoint=&Source=E1a&Output=HTML&UpdateDate="
"Belgium","NET-Brussels","Brussels","BETR001","41R001 - MOLENBEEK","SPO-BETR001_00001_100","SO2","Sulphur dioxide (air)","winter-avg","Winter mean","2016","2.268","ug/m3","94.76","1","Background","Urban","4.3341","50.8497","20.0","Bruxelles / Brussel                                                             ","BE001C1                                           ","1223364","E1a/validated data AQ e-Reporting","18/03/2023 22:50:43","http://fme.discomap.eea.europa.eu/fmedatastreaming/AirQualityDownload/AQData_Extract.fmw?CountryCode=BE&CityName=&Pollutant=1&Year_from=2016&Year_to=2016&Station=STA-BETR001&Samplingpoint=&Source=E1a&Output=HTML&UpdateDate="
"Belgium","NET-Brussels","Brussels","BETR012","41R012 - UCCLE","SPO-BETR012_00007_100","O3","Ozone (air)","AOT40c","AOT40 vegetation protection","2016","6638.021","ug/m3","96.29","1","Background","Suburban","4.3586","50.7966","101.0","Bruxelles / Brussel                                                             ","BE001C1                                           ","1223364","E1a/validated data AQ e-Reporting","18/03/2023 23:06:29","http://fme.discomap.eea.europa.eu/fmedatastreaming/AirQualityDownload/AQData_Extract.fmw?CountryCode=BE&CityName=&Pollutant=7&Year_from=2016&Year_to=2016&Station=STA-BETR012&Samplingpoint=&Source=E1a&Output=HTML&UpdateDate="
"Belgium","NET-Brussels","Brussels","BETR002","41R002 - IXELLES","SPO-BETR002_00010_100","CO","Carbon monoxide (air)","P1Y-hr-per50","1 year 50 percentile","2016","0.225","mg/m3","88.52","1","Traffic","Urban","4.3846","50.8251","76.0","Bruxelles / Brussel                                                             ","BE001C1                                           ","1223364","E1a/validated data AQ e-Reporting","18/03/2023 22:05:49","http://fme.discomap.eea.europa.eu/fmedatastreaming/AirQualityDownload/AQData_Extract.fmw?CountryCode=BE&CityName=&Pollutant=10&Year_from=2016&Year_to=2016&Station=STA-BETR002&Samplingpoint=&Source=E1a&Output=HTML&UpdateDate="
"Belgium","NET-Brussels","Brussels","BETR001","41R001 - MOLENBEEK","SPO-BETR001_00007_100","O3","Ozone (air)","P1Y-hrsAbove240","1 year hour exceed 240","2016","0.000","count","91.46","1","Background","Urban","4.3341","50.8497","20.0","Bruxelles / Brussel                                                             ","BE001C1                                           ","1223364","E1a/validated data AQ e-Reporting","18/03/2023 21:50:25","http://fme.discomap.eea.europa.eu/fmedatastreaming/AirQualityDownload/AQData_Extract.fmw?CountryCode=BE&CityName=&Pollutant=7&Year_from=2016&Year_to=2016&Station=STA-BETR001&Samplingpoint=&Source=E1a&Output=HTML&UpdateDate="
"Belgium","NET-Flanders","Flanders","BELAL01","40AL01 - LINKEROEVER","SPO-BELAL01_00005_100","PM10","Particulate matter < 10 µm (aerosol)","P1Y-day-per50","1 year 50 %ile of daily values in a year","2016","19.058","ug/m3","97.27","1","Industrial","Suburban","4.3852","51.2362","10.0","Antwerpen                                                                       ","BE002C1                                           ","530014","E1a/validated data AQ e-Reporting","18/03/2023 22:08:05","http://fme.discomap.eea.europa.eu/fmedatastreaming/AirQualityDownload/AQData_Extract.fmw?CountryCode=BE&CityName=&Pollutant=5&Year_from=2016&Year_to=2016&Station=STA-BELAL01&Samplingpoint=&Source=E1a&Output=HTML&UpdateDate="
"Belgium","NET-Flanders","Flanders","BEDDD02","65DDD02 - DUDZELE","SPO-BEDDD02_07380_100","Benzo(b,j,k)fluoranthene","Benzo(b,j,k)fluoranthene (precip+dry_dep)","P1Y","Annual mean / 1 calendar year","2016","16.207","ng/m2/day","22.95","1","Background","Rural","3.2216","51.2664","0.0","Brugge                                                                          ","BE006C1                                           ","118916","E1a/validated data AQ e-Reporting","18/03/2023 21:08:58","http://fme.discomap.eea.europa.eu/fmedatastreaming/AirQualityDownload/AQData_Extract.fmw?CountryCode=BE&CityName=&Pollutant=7380&Year_from=2016&Year_to=2016&Station=STA-BEDDD02&Samplingpoint=&Source=E1a&Output=HTML&UpdateDate="
"Belgium","NET-Flanders","Flanders","BEDGI04","65GI04 - GRIMBERGEN
","SPO-BEDGI04_07352_100","Acenaphthylene","Acenaphthylene (precip+dry_dep)","P1Y","Annual mean / 1 calendar year","2016","8.383","ng/m2/day","22.95","1","Background","Suburban","4.4022","50.9352","0.0","","","","E1a/validated data AQ e-Reporting","18/03/2023 21:08:58","http://fme.discomap.eea.europa.eu/fmedatastreaming/AirQualityDownload/AQData_Extract.fmw?CountryCode=BE&CityName=&Pollutant=7352&Year_from=2016&Year_to=2016&Station=STA-BEDGI04&Samplingpoint=&Source=E1a&Output=HTML&UpdateDate="
"Belgium","NET-Brussels","Brussels","BETN043","41N043 - HAREN","SPO-BETN043_00001_100","SO2","Sulphur dioxide (air)","P1Y-day-per50","1 year 50 %ile of daily values in a year","2016","1.673","ug/m3","98.91","1","Industrial","Suburban","4.3830","50.8837","17.0","Bruxelles / Brussel                                                             ","BE001C1                                           ","1223364","E1a/validated data AQ e-Reporting","18/03/2023 22:14:46","http://fme.discomap.eea.europa.eu/fmedatastreaming/AirQualityDownload/AQData_Extract.fmw?CountryCode=BE&CityName=&Pollutant=1&Year_from=2016&Year_to=2016&Station=STA-BETN043&Samplingpoint=&Source=E1a&Output=HTML&UpdateDate="
"Belgium","NET-Brussels","Brussels","BETB011","41B011 - BERCHEM S.A","SPO-BETB011_00007_100","O3","Ozone (air)","P1Y-hrsAbove240","1 year hour exceed 240","2016","0.000","count","98.01","1","Background","Suburban","4.2887","50.8578","66.0","Bruxelles / Brussel                                                             ","BE001C1                                           ","1223364","E1a/validated data AQ e-Reporting","18/03/2023 21:50:25","http://fme.discomap.eea.europa.eu/fmedatastreaming/AirQualityDownload/AQData_Extract.fmw?CountryCode=BE&CityName=&Pollutant=7&Year_from=2016&Year_to=2016&Station=STA-BETB011&Samplingpoint=&Source=E1a&Output=HTML&UpdateDate="
"Belgium","NET-Brussels","Brussels","BETR001","41R001 - MOLENBEEK","SPO-BETR001_00001_100","SO2","Sulphur dioxide (air)","P1Y-hr-max-per99.73","1 year 99.73 %ile of hourly values in a given year","2016","8.550","ug/m3","96.85","1","Background","Urban","4.3341","50.8497","20.0","Bruxelles / Brussel                                                             ","BE001C1                                           ","1223364","E1a/validated data AQ e-Reporting","18/03/2023 22:06:23","http://fme.discomap.eea.europa.eu/fmedatastreaming/AirQualityDownload/AQData_Extract.fmw?CountryCode=BE&CityName=&Pollutant=1&Year_from=2016&Year_to=2016&Station=STA-BETR001&Samplingpoint=&Source=E1a&Output=HTML&UpdateDate="
"Belgium","NET-Flanders","Flanders","BEDGN78","65GN78 - GENT
","SPO-BEDGN78_07380_100","Benzo(b,j,k)fluoranthene","Benzo(b,j,k)fluoranthene (precip+dry_dep)","P1Y","Annual mean / 1 calendar year","2016","397.943","ng/m2/day","22.95","1","Background","Urban","3.7264","51.0857","0.0","Gent                                                                            ","BE003C1                                           ","263687","E1a/validated data AQ e-Reporting","18/03/2023 21:08:58","http://fme.discomap.eea.europa.eu/fmedatastreaming/AirQualityDownload/AQData_Extract.fmw?CountryCode=BE&CityName=&Pollutant=7380&Year_from=2016&Year_to=2016&Station=STA-BEDGN78&Samplingpoint=&Source=E1a&Output=HTML&UpdateDate="
"Belgium","NET-Brussels","Brussels","BETB011","41B011 - BERCHEM S.A","SPO-BETB011_00007_100","O3","Ozone (air)","AOT40f","AOT40 for forest protection","2016","11641.118","ug/m3","99.23","1","Background","Suburban","4.2887","50.8578","66.0","Bruxelles / Brussel                                                             ","BE001C1                                           ","1223364","E1a/validated data AQ e-Reporting","18/03/2023 23:06:40","http://fme.discomap.eea.europa.eu/fmedatastreaming/AirQualityDownload/AQData_Extract.fmw?CountryCode=BE&CityName=&Pollutant=7&Year_from=2016&Year_to=2016&Station=STA-BETB011&Samplingpoint=&Source=E1a&Output=HTML&UpdateDate="
"Belgium","NET-Flanders","Flanders","BELTS12","40TS12 - TESSENDERLO","SPO-BELTS12_04013_100","Hg0","Elemental Gaseous Mercury (air+aerosol)","P1Y-hr-max","1 year hour max","2016","991.400","ng/m3","97.55","1","Industrial","Suburban","5.0939","51.0634","32.0","","","","E1a/validated data AQ e-Reporting","18/03/2023 21:57:02","http://fme.discomap.eea.europa.eu/fmedatastreaming/AirQualityDownload/AQData_Extract.fmw?CountryCode=BE&CityName=&Pollutant=4013&Year_from=2016&Year_to=2016&Station=STA-BELTS12&Samplingpoint=&Source=E1a&Output=HTML&UpdateDate="
"Belgium","NET-Flanders","Flanders","BEDGI04","65GI04 - GRIMBERGEN
","SPO-BEDGI04_07406_100","Chrysene","Chrysene (precip+dry_dep)","P1Y","Annual mean / 1 calendar year","2016","26.830","ng/m2/day","22.95","1","Background","Suburban","4.4022","50.9352","0.0","","","","E1a/validated data AQ e-Reporting","18/03/2023 21:08:58","http://fme.discomap.eea.europa.eu/fmedatastreaming/AirQualityDownload/AQData_Extract.fmw?CountryCode=BE&CityName=&Pollutant=7406&Year_from=2016&Year_to=2016&Station=STA-BEDGI04&Samplingpoint=&Source=E1a&Output=HTML&UpdateDate="
"Belgium","NET-Brussels","Brussels","BETB006","41B006 - PARL.EUROPE","SPO-BETB006_00008_100","NO2","Nitrogen dioxide (air)","P1Y","Annual mean / 1 calendar year","2016","34.313","ug/m3","36.44","1","Background","Urban","4.3744","50.8386","67.0","Bruxelles / Brussel                                                             ","BE001C1                                           ","1223364","E1a/validated data AQ e-Reporting","18/03/2023 21:08:58","http://fme.discomap.eea.europa.eu/fmedatastreaming/AirQualityDownload/AQData_Extract.fmw?CountryCode=BE&CityName=&Pollutant=8&Year_from=2016&Year_to=2016&Station=STA-BETB006&Samplingpoint=&Source=E1a&Output=HTML&UpdateDate="
"Belgium","NET-Brussels","Brussels","BETWOL1","41WOL1 - WOL.ST.L.","SPO-BETWOL1_00007_100","O3","Ozone (air)","P1Y-dmax-per93.15","1 year 93.15 percentile daily 8h maximum","2016","78.750","ug/m3","97.54","1","Traffic","Suburban","4.4258","50.8567","78.0","Bruxelles / Brussel                                                             ","BE001C1                                           ","1223364","E1a/validated data AQ e-Reporting","18/03/2023 22:12:55","http://fme.discomap.eea.europa.eu/fmedatastreaming/AirQualityDownload/AQData_Extract.fmw?CountryCode=BE&CityName=&Pollutant=7&Year_from=2016&Year_to=2016&Station=STA-BETWOL1&Samplingpoint=&Source=E1a&Output=HTML&UpdateDate="
"Belgium","NET-Brussels","Brussels","BEVR001","51R001 - MOLENBEEK","SPO-BEVR001_00021_100","C6H5-CH3","Toluene (air)","P1Y","Annual mean / 1 calendar year","2016","0.003","ug/m3","95.63","1","Background","Urban","4.3338","50.8497","15.0","Bruxelles / Brussel                                                             ","BE001C1                                           ","1223364","E1a/validated data AQ e-Reporting","18/03/2023 21:08:58","http://fme.discomap.eea.europa.eu/fmedatastreaming/AirQualityDownload/AQData_Extract.fmw?CountryCode=BE&CityName=&Pollutant=21&Year_from=2016&Year_to=2016&Station=STA-BEVR001&Samplingpoint=&Source=E1a&Output=HTML&UpdateDate="
"Belgium","NET-Brussels","Brussels","BETB006","41B006 - PARL.EUROPE","SPO-BETB006_00008_100","NO2","Nitrogen dioxide (air)","P1Y-hr-per50","1 year 50 percentile","2016","30.500","ug/m3","36.44","1","Background","Urban","4.3744","50.8386","67.0","Bruxelles / Brussel                                                             ","BE001C1                                           ","1223364","E1a/validated data AQ e-Reporting","18/03/2023 22:05:49","http://fme.discomap.eea.europa.eu/fmedatastreaming/AirQualityDownload/AQData_Extract.fmw?CountryCode=BE&CityName=&Pollutant=8&Year_from=2016&Year_to=2016&Station=STA-BETB006&Samplingpoint=&Source=E1a&Output=HTML&UpdateDate="
"Belgium","NET-Brussels","Brussels","BETB006","41B006 - PARL.EUROPE","SPO-BETB006_00010_100","CO","Carbon monoxide (air)","P1Y-hr-min","1 year hour min","2016","0.110","mg/m3","45.94","1","Background","Urban","4.3744","50.8386","67.0","Bruxelles / Brussel                                                             ","BE001C1                                           ","1223364","E1a/validated data AQ e-Reporting","18/03/2023 22:31:20","http://fme.discomap.eea.europa.eu/fmedatastreaming/AirQualityDownload/AQData_Extract.fmw?CountryCode=BE&CityName=&Pollutant=10&Year_from=2016&Year_to=2016&Station=STA-BETB006&Samplingpoint=&Source=E1a&Output=HTML&UpdateDate="
"Belgium","NET-Brussels","Brussels","BETB006","41B006 - PARL.EUROPE","SPO-BETB006_00007_100","O3","Ozone (air)","SOMO35","Sum of Ozone Means Over 35 ppb","2016","2081.514","ug/m3","37.43","1","Background","Urban","4.3744","50.8386","67.0","Bruxelles / Brussel                                                             ","BE001C1                                           ","1223364","E1a/validated data AQ e-Reporting","18/03/2023 22:59:23","http://fme.discomap.eea.europa.eu/fmedatastreaming/AirQualityDownload/AQData_Extract.fmw?CountryCode=BE&CityName=&Pollutant=7&Year_from=2016&Year_to=2016&Station=STA-BETB006&Samplingpoint=&Source=E1a&Output=HTML&UpdateDate="
"Belgium","NET-Brussels","Brussels","BETN043","41N043 - HAREN","SPO-BETN043_00007_100","O3","Ozone (air)","P3Y-dmaxAbove120","Daymax exceed 120 averaged over 3 consecutive years","2016","3.000","count","100.00","1","Industrial","Suburban","4.3830","50.8837","17.0","Bruxelles / Brussel                                                             ","BE001C1                                           ","1223364","E1a/validated data AQ e-Reporting","18/03/2023 22:34:54","http://fme.discomap.eea.europa.eu/fmedatastreaming/AirQualityDownload/AQData_Extract.fmw?CountryCode=BE&CityName=&Pollutant=7&Year_from=2016&Year_to=2016&Station=STA-BETN043&Samplingpoint=&Source=E1a&Output=HTML&UpdateDate="
"Belgium","NET-Brussels","Brussels","BETN043","41N043 - HAREN","SPO-BETN043_00008_100","NO2","Nitrogen dioxide (air)","P1Y-hr-min","1 year hour min","2016","4.000","ug/m3","95.83","1","Industrial","Suburban","4.3830","50.8837","17.0","Bruxelles / Brussel                                                             ","BE001C1                                           ","1223364","E1a/validated data AQ e-Reporting","18/03/2023 22:31:20","http://fme.discomap.eea.europa.eu/fmedatastreaming/AirQualityDownload/AQData_Extract.fmw?CountryCode=BE&CityName=&Pollutant=8&Year_from=2016&Year_to=2016&Station=STA-BETN043&Samplingpoint=&Source=E1a&Output=HTML&UpdateDate="
"Belgium","NET-Brussels","Brussels","BETB011","41B011 - BERCHEM S.A","SPO-BETB011_00008_100","NO2","Nitrogen dioxide (air)","P1Y-3hAbove400","3 consecutive hours in exceedance of 400","2016","0.000","count","97.48","1","Background","Suburban","4.2887","50.8578","66.0","Bruxelles / Brussel                                                             ","BE001C1                                           ","1223364","E1a/validated data AQ e-Reporting","18/03/2023 22:22:30","http://fme.discomap.eea.europa.eu/fmedatastreaming/AirQualityDownload/AQData_Extract.fmw?CountryCode=BE&CityName=&Pollutant=8&Year_from=2016&Year_to=2016&Station=STA-BETB011&Samplingpoint=&Source=E1a&Output=HTML&UpdateDate="
"Belgium","NET-Brussels","Brussels","BETB004","41B004 - STE.CATHERI","SPO-BETB004_00007_100","O3","Ozone (air)","P1Y-hr-per50","1 year 50 percentile","2016","30.500","ug/m3","92.74","1","Background","Urban","4.3478","50.8521","17.0","Bruxelles / Brussel                                                             ","BE001C1                                           ","1223364","E1a/validated data AQ e-Reporting","18/03/2023 22:05:49","http://fme.discomap.eea.europa.eu/fmedatastreaming/AirQualityDownload/AQData_Extract.fmw?CountryCode=BE&CityName=&Pollutant=7&Year_from=2016&Year_to=2016&Station=STA-BETB004&Samplingpoint=&Source=E1a&Output=HTML&UpdateDate="
"Belgium","NET-Brussels","Brussels","BETN043","41N043 - HAREN","SPO-BETN043_00005_100","PM10","Particulate matter < 10 µm (aerosol)","P3Y","3 subsequent calendar years mean","2016","28.015","ug/m3","90.63","1","Industrial","Suburban","4.3830","50.8837","17.0","Bruxelles / Brussel                                                             ","BE001C1                                           ","1223364","E1a/validated data AQ e-Reporting","18/03/2023 21:36:00","http://fme.discomap.eea.europa.eu/fmedatastreaming/AirQualityDownload/AQData_Extract.fmw?CountryCode=BE&CityName=&Pollutant=5&Year_from=2016&Year_to=2016&Station=STA-BETN043&Samplingpoint=&Source=E1a&Output=HTML&UpdateDate="
"Belgium","NET-Brussels","Brussels","BETB006","41B006 - PARL.EUROPE","SPO-BETB006_00008_100","NO2","Nitrogen dioxide (air)","P1Y-P1D-per99","1 year 99 percentile of daily means (P1D) or .../aq/primaryObservation/day","2016","68.783","ug/m3","37.43","1","Background","Urban","4.3744","50.8386","67.0","Bruxelles / Brussel                                                             ","BE001C1                                           ","1223364","E1a/validated data AQ e-Reporting","18/03/2023 22:10:34","http://fme.discomap.eea.europa.eu/fmedatastreaming/AirQualityDownload/AQData_Extract.fmw?CountryCode=BE&CityName=&Pollutant=8&Year_from=2016&Year_to=2016&Station=STA-BETB006&Samplingpoint=&Source=E1a&Output=HTML&UpdateDate="
"Belgium","NET-Brussels","Brussels","BETB008","41B008 - Brussel (Beliardstraat)","SPO-BETB008_00008_100","NO2","Nitrogen dioxide (air)","P1Y-hr-max-per99.79","1 year 99.79 %ile of hourly values in a given year","2016","140.000","ug/m3","91.68","1","Traffic","Urban","4.3759","50.8409","57.0","Bruxelles / Brussel                                                             ","BE001C1                                           ","1223364","E1a/validated data AQ e-Reporting","18/03/2023 22:07:35","http://fme.discomap.eea.europa.eu/fmedatastreaming/AirQualityDownload/AQData_Extract.fmw?CountryCode=BE&CityName=&Pollutant=8&Year_from=2016&Year_to=2016&Station=STA-BETB008&Samplingpoint=&Source=E1a&Output=HTML&UpdateDate="
"Belgium","NET-Brussels","Brussels","BETB011","41B011 - BERCHEM S.A","SPO-BETB011_00005_100","PM10","Particulate matter < 10 µm (aerosol)","P1Y-P1D-per90.4","1 year 90.4 percentile - COMPLIANCE","2016","29.729","ug/m3","82.79","1","Background","Suburban","4.2887","50.8578","66.0","Bruxelles / Brussel                                                             ","BE001C1                                           ","1223364","E1a/validated data AQ e-Reporting","18/03/2023 22:08:35","http://fme.discomap.eea.europa.eu/fmedatastreaming/AirQualityDownload/AQData_Extract.fmw?CountryCode=BE&CityName=&Pollutant=5&Year_from=2016&Year_to=2016&Station=STA-BETB011&Samplingpoint=&Source=E1a&Output=HTML&UpdateDate="
"Belgium","NET-Brussels","Brussels","BETB011","41B011 - BERCHEM S.A","SPO-BETB011_00007_100","O3","Ozone (air)","P1Y-dx-max","1 year day max max","2016","140.875","ug/m3","99.18","1","Background","Suburban","4.2887","50.8578","66.0","Bruxelles / Brussel                                                             ","BE001C1                                           ","1223364","E1a/validated data AQ e-Reporting","18/03/2023 21:44:39","http://fme.discomap.eea.europa.eu/fmedatastreaming/AirQualityDownload/AQData_Extract.fmw?CountryCode=BE&CityName=&Pollutant=7&Year_from=2016&Year_to=2016&Station=STA-BETB011&Samplingpoint=&Source=E1a&Output=HTML&UpdateDate="
"Belgium","NET-Brussels","Brussels","BETMEU1","41MEU1 - MEUDON","SPO-BETMEU1_00008_100","NO2","Nitrogen dioxide (air)","P1Y-hr-per50","1 year 50 percentile","2016","21.500","ug/m3","97.05","1","Background","Suburban","4.3957","50.8950","34.0","Bruxelles / Brussel                                                             ","BE001C1                                           ","1223364","E1a/validated data AQ e-Reporting","18/03/2023 22:05:49","http://fme.discomap.eea.europa.eu/fmedatastreaming/AirQualityDownload/AQData_Extract.fmw?CountryCode=BE&CityName=&Pollutant=8&Year_from=2016&Year_to=2016&Station=STA-BETMEU1&Samplingpoint=&Source=E1a&Output=HTML&UpdateDate="
"Belgium","NET-Brussels","Brussels","BETN043","41N043 - HAREN","SPO-BETN043_00001_100","SO2","Sulphur dioxide (air)","P1Y-daysAbove125","1 year day exceed 125","2016","0.000","count","98.91","1","Industrial","Suburban","4.3830","50.8837","17.0","Bruxelles / Brussel                                                             ","BE001C1                                           ","1223364","E1a/validated data AQ e-Reporting","18/03/2023 22:23:37","http://fme.discomap.eea.europa.eu/fmedatastreaming/AirQualityDownload/AQData_Extract.fmw?CountryCode=BE&CityName=&Pollutant=1&Year_from=2016&Year_to=2016&Station=STA-BETN043&Samplingpoint=&Source=E1a&Output=HTML&UpdateDate="
"Belgium","NET-Brussels","Brussels","BETB006","41B006 - PARL.EUROPE","SPO-BETB006_00008_100","NO2","Nitrogen dioxide (air)","P1Y-day-min","1 year day min","2016","7.250","ug/m3","37.43","1","Background","Urban","4.3744","50.8386","67.0","Bruxelles / Brussel                                                             ","BE001C1                                           ","1223364","E1a/validated data AQ e-Reporting","18/03/2023 21:56:03","http://fme.discomap.eea.europa.eu/fmedatastreaming/AirQualityDownload/AQData_Extract.fmw?CountryCode=BE&CityName=&Pollutant=8&Year_from=2016&Year_to=2016&Station=STA-BETB006&Samplingpoint=&Source=E1a&Output=HTML&UpdateDate="
"Belgium","NET-Brussels","Brussels","BETB006","41B006 - PARL.EUROPE","SPO-BETB006_00010_100","CO","Carbon monoxide (air)","P1Y","Annual mean / 1 calendar year","2016","0.139","mg/m3","45.94","1","Background","Urban","4.3744","50.8386","67.0","Bruxelles / Brussel                                                             ","BE001C1                                           ","1223364","E1a/validated data AQ e-Reporting","18/03/2023 21:08:58","http://fme.discomap.eea.europa.eu/fmedatastreaming/AirQualityDownload/AQData_Extract.fmw?CountryCode=BE&CityName=&Pollutant=10&Year_from=2016&Year_to=2016&Station=STA-BETB006&Samplingpoint=&Source=E1a&Output=HTML&UpdateDate="
"Belgium","NET-Brussels","Brussels","BETB011","41B011 - BERCHEM S.A","SPO-BETB011_00007_100","O3","Ozone (air)","P1Y","Annual mean / 1 calendar year","2016","41.095","ug/m3","98.01","1","Background","Suburban","4.2887","50.8578","66.0","Bruxelles / Brussel                                                             ","BE001C1                                           ","1223364","E1a/validated data AQ e-Reporting","18/03/2023 21:08:58","http://fme.discomap.eea.europa.eu/fmedatastreaming/AirQualityDownload/AQData_Extract.fmw?CountryCode=BE&CityName=&Pollutant=7&Year_from=2016&Year_to=2016&Station=STA-BETB011&Samplingpoint=&Source=E1a&Output=HTML&UpdateDate="
"Belgium","NET-Brussels","Brussels","BETB004","41B004 - STE.CATHERI","SPO-BETB004_00008_100","NO2","Nitrogen dioxide (air)","P1Y-hr-min","1 year hour min","2016","4.000","ug/m3","96.82","1","Background","Urban","4.3478","50.8521","17.0","Bruxelles / Brussel                                                             ","BE001C1                                           ","1223364","E1a/validated data AQ e-Reporting","18/03/2023 22:31:20","http://fme.discomap.eea.europa.eu/fmedatastreaming/AirQualityDownload/AQData_Extract.fmw?CountryCode=BE&CityName=&Pollutant=8&Year_from=2016&Year_to=2016&Station=STA-BETB004&Samplingpoint=&Source=E1a&Output=HTML&UpdateDate="
"Belgium","NET-Brussels","Brussels","BETB011","41B011 - BERCHEM S.A","SPO-BETB011_00007_100","O3","Ozone (air)","P1Y-day-per50","1 year 50 %ile of daily values in a year","2016","42.250","ug/m3","99.18","1","Background","Suburban","4.2887","50.8578","66.0","Bruxelles / Brussel                                                             ","BE001C1                                           ","1223364","E1a/validated data AQ e-Reporting","18/03/2023 22:15:13","http://fme.discomap.eea.europa.eu/fmedatastreaming/AirQualityDownload/AQData_Extract.fmw?CountryCode=BE&CityName=&Pollutant=7&Year_from=2016&Year_to=2016&Station=STA-BETB011&Samplingpoint=&Source=E1a&Output=HTML&UpdateDate="
"Belgium","NET-Brussels","Brussels","BETB008","41B008 - Brussel (Beliardstraat)","SPO-BETB008_00008_100","NO2","Nitrogen dioxide (air)","P1Y-hrsAbove400","1 year hour exceed 400","2016","0.000","count","91.68","1","Traffic","Urban","4.3759","50.8409","57.0","Bruxelles / Brussel                                                             ","BE001C1                                           ","1223364","E1a/validated data AQ e-Reporting","18/03/2023 21:54:38","http://fme.discomap.eea.europa.eu/fmedatastreaming/AirQualityDownload/AQData_Extract.fmw?CountryCode=BE&CityName=&Pollutant=8&Year_from=2016&Year_to=2016&Station=STA-BETB008&Samplingpoint=&Source=E1a&Output=HTML&UpdateDate="
"Belgium","NET-Brussels","Brussels","BETR001","41R001 - MOLENBEEK","SPO-BETR001_00008_100","NO2","Nitrogen dioxide (air)","P1Y-hr-min","1 year hour min","2016","4.000","ug/m3","95.89","1","Background","Urban","4.3341","50.8497","20.0","Bruxelles / Brussel                                                             ","BE001C1                                           ","1223364","E1a/validated data AQ e-Reporting","18/03/2023 22:31:20","http://fme.discomap.eea.europa.eu/fmedatastreaming/AirQualityDownload/AQData_Extract.fmw?CountryCode=BE&CityName=&Pollutant=8&Year_from=2016&Year_to=2016&Station=STA-BETR001&Samplingpoint=&Source=E1a&Output=HTML&UpdateDate="
"Belgium","NET-Brussels","Brussels","BETB004","41B004 - STE.CATHERI","SPO-BETB004_00008_100","NO2","Nitrogen dioxide (air)","P1Y-P1D-per99","1 year 99 percentile of daily means (P1D) or .../aq/primaryObservation/day","2016","70.609","ug/m3","99.18","1","Background","Urban","4.3478","50.8521","17.0","Bruxelles / Brussel                                                             ","BE001C1                                           ","1223364","E1a/validated data AQ e-Reporting","18/03/2023 22:10:34","http://fme.discomap.eea.europa.eu/fmedatastreaming/AirQualityDownload/AQData_Extract.fmw?CountryCode=BE&CityName=&Pollutant=8&Year_from=2016&Year_to=2016&Station=STA-BETB004&Samplingpoint=&Source=E1a&Output=HTML&UpdateDate="
"Belgium","NET-Brussels","Brussels","BETR001","41R001 - MOLENBEEK","SPO-BETR001_00007_100","O3","Ozone (air)","P1Y-dmax-per93.15","1 year 93.15 percentile daily 8h maximum","2016","87.438","ug/m3","90.98","1","Background","Urban","4.3341","50.8497","20.0","Bruxelles / Brussel                                                             ","BE001C1                                           ","1223364","E1a/validated data AQ e-Reporting","18/03/2023 22:12:55","http://fme.discomap.eea.europa.eu/fmedatastreaming/AirQualityDownload/AQData_Extract.fmw?CountryCode=BE&CityName=&Pollutant=7&Year_from=2016&Year_to=2016&Station=STA-BETR001&Samplingpoint=&Source=E1a&Output=HTML&UpdateDate="
"Belgium","NET-Brussels","Brussels","BETR001","41R001 - MOLENBEEK","SPO-BETR001_00007_100","O3","Ozone (air)","P1Y-hrsAbove180","1 year hour exceed 180","2016","0.000","count","91.46","1","Background","Urban","4.3341","50.8497","20.0","Bruxelles / Brussel                                                             ","BE001C1                                           ","1223364","E1a/validated data AQ e-Reporting","18/03/2023 21:46:37","http://fme.discomap.eea.europa.eu/fmedatastreaming/AirQualityDownload/AQData_Extract.fmw?CountryCode=BE&CityName=&Pollutant=7&Year_from=2016&Year_to=2016&Station=STA-BETR001&Samplingpoint=&Source=E1a&Output=HTML&UpdateDate="
"Belgium","NET-Brussels","Brussels","BETMEU1","41MEU1 - MEUDON","SPO-BETMEU1_00005_100","PM10","Particulate matter < 10 µm (aerosol)","P1Y-hr-per50","1 year 50 percentile","2016","17.500","ug/m3","92.99","1","Background","Suburban","4.3957","50.8950","34.0","Bruxelles / Brussel                                                             ","BE001C1                                           ","1223364","E1a/validated data AQ e-Reporting","18/03/2023 22:05:49","http://fme.discomap.eea.europa.eu/fmedatastreaming/AirQualityDownload/AQData_Extract.fmw?CountryCode=BE&CityName=&Pollutant=5&Year_from=2016&Year_to=2016&Station=STA-BETMEU1&Samplingpoint=&Source=E1a&Output=HTML&UpdateDate="
"Belgium","NET-Flanders","Flanders","BEGR801","26R801 - BORGERHOUT","SPO-BEGR801_01047_100","SO42- in PM2.5","sulphate in PM2.5 (aerosol)","P1Y","Annual mean / 1 calendar year","2016","2.540","ug/m3","0.01","1","Background","Urban","4.4318","51.2097","6.0","Antwerpen                                                                       ","BE002C1                                           ","530014","E1a/validated data AQ e-Reporting","18/03/2023 21:08:58","http://fme.discomap.eea.europa.eu/fmedatastreaming/AirQualityDownload/AQData_Extract.fmw?CountryCode=BE&CityName=&Pollutant=1047&Year_from=2016&Year_to=2016&Station=STA-BEGR801&Samplingpoint=&Source=E1a&Output=HTML&UpdateDate="
"Belgium","NET-Flanders","Flanders","BELAL01","40AL01 - LINKEROEVER","SPO-BELAL01_00008_100","NO2","Nitrogen dioxide (air)","P1Y-3hAbove400","3 consecutive hours in exceedance of 400","2016","0.000","count","94.18","1","Industrial","Suburban","4.3852","51.2362","10.0","Antwerpen                                                                       ","BE002C1                                           ","530014","E1a/validated data AQ e-Reporting","18/03/2023 22:22:30","http://fme.discomap.eea.europa.eu/fmedatastreaming/AirQualityDownload/AQData_Extract.fmw?CountryCode=BE&CityName=&Pollutant=8&Year_from=2016&Year_to=2016&Station=STA-BELAL01&Samplingpoint=&Source=E1a&Output=HTML&UpdateDate="
"Belgium","NET-Brussels","Brussels","BETN043","41N043 - HAREN","SPO-BETN043_00001_100","SO2","Sulphur dioxide (air)","P1Y-day-min","1 year day min","2016","0.208","ug/m3","98.91","1","Industrial","Suburban","4.3830","50.8837","17.0","Bruxelles / Brussel                                                             ","BE001C1                                           ","1223364","E1a/validated data AQ e-Reporting","18/03/2023 21:54:56","http://fme.discomap.eea.europa.eu/fmedatastreaming/AirQualityDownload/AQData_Extract.fmw?CountryCode=BE&CityName=&Pollutant=1&Year_from=2016&Year_to=2016&Station=STA-BETN043&Samplingpoint=&Source=E1a&Output=HTML&UpdateDate="
"Belgium","NET-Brussels","Brussels","BETR001","41R001 - MOLENBEEK","SPO-BETR001_06001_100","PM2.5","Particulate matter < 2.5 µm (aerosol)","P1Y-P1D-per99","1 year 99 percentile of daily means (P1D) or .../aq/primaryObservation/day","2016","50.058","ug/m3","84.15","1","Background","Urban","4.3341","50.8497","20.0","Bruxelles / Brussel                                                             ","BE001C1                                           ","1223364","E1a/validated data AQ e-Reporting","18/03/2023 22:10:03","http://fme.discomap.eea.europa.eu/fmedatastreaming/AirQualityDownload/AQData_Extract.fmw?CountryCode=BE&CityName=&Pollutant=6001&Year_from=2016&Year_to=2016&Station=STA-BETR001&Samplingpoint=&Source=E1a&Output=HTML&UpdateDate="
"Belgium","NET-Brussels","Brussels","BETR012","41R012 - UCCLE","SPO-BETR012_00008_100","NO2","Nitrogen dioxide (air)","P1Y-hr-max","1 year hour max","2016","113.500","ug/m3","96.13","1","Background","Suburban","4.3586","50.7966","101.0","Bruxelles / Brussel                                                             ","BE001C1                                           ","1223364","E1a/validated data AQ e-Reporting","18/03/2023 21:57:02","http://fme.discomap.eea.europa.eu/fmedatastreaming/AirQualityDownload/AQData_Extract.fmw?CountryCode=BE&CityName=&Pollutant=8&Year_from=2016&Year_to=2016&Station=STA-BETR012&Samplingpoint=&Source=E1a&Output=HTML&UpdateDate="
"Belgium","NET-Flanders","Flanders","BEDDD02","65DDD02 - DUDZELE","SPO-BEDDD02_07406_100","Chrysene","Chrysene (precip+dry_dep)","P1Y","Annual mean / 1 calendar year","2016","13.413","ng/m2/day","22.95","1","Background","Rural","3.2216","51.2664","0.0","Brugge                                                                          ","BE006C1                                           ","118916","E1a/validated data AQ e-Reporting","18/03/2023 21:08:58","http://fme.discomap.eea.europa.eu/fmedatastreaming/AirQualityDownload/AQData_Extract.fmw?CountryCode=BE&CityName=&Pollutant=7406&Year_from=2016&Year_to=2016&Station=STA-BEDDD02&Samplingpoint=&Source=E1a&Output=HTML&UpdateDate="
"Belgium","NET-Flanders","Flanders","BELOB01","40OB01 - OOSTROZEBEK","SPO-BELOB01_00005_100","PM10","Particulate matter < 10 µm (aerosol)","P1Y-daysAbove50","1 year day exceed 50","2016","17.000","count","99.73","1","Industrial","Rural","3.3074","50.9172","44.0","","","","E1a/validated data AQ e-Reporting","18/03/2023 22:27:00","http://fme.discomap.eea.europa.eu/fmedatastreaming/AirQualityDownload/AQData_Extract.fmw?CountryCode=BE&CityName=&Pollutant=5&Year_from=2016&Year_to=2016&Station=STA-BELOB01&Samplingpoint=&Source=E1a&Output=HTML&UpdateDate="
"Belgium","NET-Brussels","Brussels","BETMEU1","41MEU1 - MEUDON","SPO-BETMEU1_06001_100","PM2.5","Particulate matter < 2.5 µm (aerosol)","P1Y","Annual mean / 1 calendar year","2016","14.189","ug/m3","96.51","1","Background","Suburban","4.3957","50.8950","34.0","Bruxelles / Brussel                                                             ","BE001C1                                           ","1223364","E1a/validated data AQ e-Reporting","18/03/2023 21:08:58","http://fme.discomap.eea.europa.eu/fmedatastreaming/AirQualityDownload/AQData_Extract.fmw?CountryCode=BE&CityName=&Pollutant=6001&Year_from=2016&Year_to=2016&Station=STA-BETMEU1&Samplingpoint=&Source=E1a&Output=HTML&UpdateDate="
"Belgium","NET-Brussels","Brussels","BETB011","41B011 - BERCHEM S.A","SPO-BETB011_00005_100","PM10","Particulate matter < 10 µm (aerosol)","P1Y-day-per50","1 year 50 %ile of daily values in a year","2016","14.848","ug/m3","82.79","1","Background","Suburban","4.2887","50.8578","66.0","Bruxelles / Brussel                                                             ","BE001C1                                           ","1223364","E1a/validated data AQ e-Reporting","18/03/2023 22:08:05","http://fme.discomap.eea.europa.eu/fmedatastreaming/AirQualityDownload/AQData_Extract.fmw?CountryCode=BE&CityName=&Pollutant=5&Year_from=2016&Year_to=2016&Station=STA-BETB011&Samplingpoint=&Source=E1a&Output=HTML&UpdateDate="
"Belgium","NET-Brussels","Brussels","BETB011","41B011 - BERCHEM S.A","SPO-BETB011_00005_100","PM10","Particulate matter < 10 µm (aerosol)","P3Y","3 subsequent calendar years mean","2016","19.261","ug/m3","91.68","1","Background","Suburban","4.2887","50.8578","66.0","Bruxelles / Brussel                                                             ","BE001C1                                           ","1223364","E1a/validated data AQ e-Reporting","18/03/2023 21:36:00","http://fme.discomap.eea.europa.eu/fmedatastreaming/AirQualityDownload/AQData_Extract.fmw?CountryCode=BE&CityName=&Pollutant=5&Year_from=2016&Year_to=2016&Station=STA-BETB011&Samplingpoint=&Source=E1a&Output=HTML&UpdateDate="
"Belgium","NET-Brussels","Brussels","BEMAND3","01AND3 - ANDERLECHT","SPO-BEMAND3_03015_100","Ni in TSP","Nickel in TSP (aerosol)","P1Y","Annual mean / 1 calendar year","2016","2.200","ng/m3","96.98","1","Background","Suburban","4.3116","50.8200","20.0","Bruxelles / Brussel                                                             ","BE001C1                                           ","1223364","E1a/validated data AQ e-Reporting","18/03/2023 21:08:58","http://fme.discomap.eea.europa.eu/fmedatastreaming/AirQualityDownload/AQData_Extract.fmw?CountryCode=BE&CityName=&Pollutant=3015&Year_from=2016&Year_to=2016&Station=STA-BEMAND3&Samplingpoint=&Source=E1a&Output=HTML&UpdateDate="
"Belgium","NET-Brussels","Brussels","BETB011","41B011 - BERCHEM S.A","SPO-BETB011_00007_100","O3","Ozone (air)","SOMO10","Sum of Ozone Means Over 10 ppb","2016","14555.132","ug/m3","99.18","1","Background","Suburban","4.2887","50.8578","66.0","Bruxelles / Brussel                                                             ","BE001C1                                           ","1223364","E1a/validated data AQ e-Reporting","18/03/2023 22:59:50","http://fme.discomap.eea.europa.eu/fmedatastreaming/AirQualityDownload/AQData_Extract.fmw?CountryCode=BE&CityName=&Pollutant=7&Year_from=2016&Year_to=2016&Station=STA-BETB011&Samplingpoint=&Source=E1a&Output=HTML&UpdateDate="
"Belgium","NET-Brussels","Brussels","BETN043","41N043 - HAREN","SPO-BETN043_00007_100","O3","Ozone (air)","AOT40cmeasured","AOT40c UNCORRECTED for data capture","2016","2919.000","ug/m3","98.64","1","Industrial","Suburban","4.3830","50.8837","17.0","Bruxelles / Brussel                                                             ","BE001C1                                           ","1223364","E1a/validated data AQ e-Reporting","18/03/2023 23:01:40","http://fme.discomap.eea.europa.eu/fmedatastreaming/AirQualityDownload/AQData_Extract.fmw?CountryCode=BE&CityName=&Pollutant=7&Year_from=2016&Year_to=2016&Station=STA-BETN043&Samplingpoint=&Source=E1a&Output=HTML&UpdateDate="
"Belgium","NET-Brussels","Brussels","BETN043","41N043 - HAREN","SPO-BETN043_00007_100","O3","Ozone (air)","P1Y-day-min","1 year day min","2016","2.396","ug/m3","98.63","1","Industrial","Suburban","4.3830","50.8837","17.0","Bruxelles / Brussel                                                             ","BE001C1                                           ","1223364","E1a/validated data AQ e-Reporting","18/03/2023 21:56:21","http://fme.discomap.eea.europa.eu/fmedatastreaming/AirQualityDownload/AQData_Extract.fmw?CountryCode=BE&CityName=&Pollutant=7&Year_from=2016&Year_to=2016&Station=STA-BETN043&Samplingpoint=&Source=E1a&Output=HTML&UpdateDate="
"Belgium","NET-Flanders","Flanders","BEDGN78","65GN78 - GENT
","SPO-BEDGN78_00608_100","Anthracene","anthracene (precip+dry_dep)","P1Y","Annual mean / 1 calendar year","2016","116.810","ng/m2/day","22.95","1","Background","Urban","3.7264","51.0857","0.0","Gent                                                                            ","BE003C1                                           ","263687","E1a/validated data AQ e-Reporting","18/03/2023 21:08:58","http://fme.discomap.eea.europa.eu/fmedatastreaming/AirQualityDownload/AQData_Extract.fmw?CountryCode=BE&CityName=&Pollutant=608&Year_from=2016&Year_to=2016&Station=STA-BEDGN78&Samplingpoint=&Source=E1a&Output=HTML&UpdateDate="
"Belgium","NET-Flanders","Flanders","BEDHB17","65HB17 - HOBOKEN
","SPO-BEDHB17_00611_100","Benzo(a)anthracene","Benzo(a)anthracene (precip+dry_dep)","P1Y","Annual mean / 1 calendar year","2016","19.000","ng/m2/day","22.95","1","Background","Urban","4.3379","51.1703","0.0","Antwerpen                                                                       ","BE002C1                                           ","530014","E1a/validated data AQ e-Reporting","18/03/2023 21:08:58","http://fme.discomap.eea.europa.eu/fmedatastreaming/AirQualityDownload/AQData_Extract.fmw?CountryCode=BE&CityName=&Pollutant=611&Year_from=2016&Year_to=2016&Station=STA-BEDHB17&Samplingpoint=&Source=E1a&Output=HTML&UpdateDate="
"Belgium","NET-Brussels","Brussels","BETB004","41B004 - STE.CATHERI","SPO-BETB004_00008_100","NO2","Nitrogen dioxide (air)","P1Y-hrsAbove400","1 year hour exceed 400","2016","0.000","count","96.82","1","Background","Urban","4.3478","50.8521","17.0","Bruxelles / Brussel                                                             ","BE001C1                                           ","1223364","E1a/validated data AQ e-Reporting","18/03/2023 21:54:38","http://fme.discomap.eea.europa.eu/fmedatastreaming/AirQualityDownload/AQData_Extract.fmw?CountryCode=BE&CityName=&Pollutant=8&Year_from=2016&Year_to=2016&Station=STA-BETB004&Samplingpoint=&Source=E1a&Output=HTML&UpdateDate="
"Belgium","NET-Brussels","Brussels","BETR012","41R012 - UCCLE","SPO-BETR012_06001_100","PM2.5","Particulate matter < 2.5 µm (aerosol)","P1Y-hr-max","1 year hour max","2016","65.400","ug/m3","93.12","1","Background","Suburban","4.3586","50.7966","101.0","Bruxelles / Brussel                                                             ","BE001C1                                           ","1223364","E1a/validated data AQ e-Reporting","18/03/2023 21:57:02","http://fme.discomap.eea.europa.eu/fmedatastreaming/AirQualityDownload/AQData_Extract.fmw?CountryCode=BE&CityName=&Pollutant=6001&Year_from=2016&Year_to=2016&Station=STA-BETR012&Samplingpoint=&Source=E1a&Output=HTML&UpdateDate="
"Belgium","NET-Brussels","Brussels","BETR001","41R001 - MOLENBEEK","SPO-BETR001_00007_100","O3","Ozone (air)","P1Y-hr-max","1 year hour max","2016","129.000","ug/m3","91.46","1","Background","Urban","4.3341","50.8497","20.0","Bruxelles / Brussel                                                             ","BE001C1                                           ","1223364","E1a/validated data AQ e-Reporting","18/03/2023 21:57:02","http://fme.discomap.eea.europa.eu/fmedatastreaming/AirQualityDownload/AQData_Extract.fmw?CountryCode=BE&CityName=&Pollutant=7&Year_from=2016&Year_to=2016&Station=STA-BETR001&Samplingpoint=&Source=E1a&Output=HTML&UpdateDate="
"Belgium","NET-Brussels","Brussels","BEVWOL1","51WOL1 - WOL.ST.L.","SPO-BEVWOL1_00020_100","C6H6","Benzene (air)","P1Y","Annual mean / 1 calendar year","2016","0.534","ug/m3","94.54","1","Background","Suburban","4.4257","50.8566","77.0","Bruxelles / Brussel                                                             ","BE001C1                                           ","1223364","E1a/validated data AQ e-Reporting","18/03/2023 21:08:58","http://fme.discomap.eea.europa.eu/fmedatastreaming/AirQualityDownload/AQData_Extract.fmw?CountryCode=BE&CityName=&Pollutant=20&Year_from=2016&Year_to=2016&Station=STA-BEVWOL1&Samplingpoint=&Source=E1a&Output=HTML&UpdateDate="
"Belgium","NET-Flanders","Flanders","BEDGI04","65GI04 - GRIMBERGEN
","SPO-BEDGI04_00645_100","Fluoranthene","fluoranthene (precip+dry_dep)","P1Y","Annual mean / 1 calendar year","2016","55.333","ng/m2/day","22.95","1","Background","Suburban","4.4022","50.9352","0.0","","","","E1a/validated data AQ e-Reporting","18/03/2023 21:08:58","http://fme.discomap.eea.europa.eu/fmedatastreaming/AirQualityDownload/AQData_Extract.fmw?CountryCode=BE&CityName=&Pollutant=645&Year_from=2016&Year_to=2016&Station=STA-BEDGI04&Samplingpoint=&Source=E1a&Output=HTML&UpdateDate="
"Belgium","NET-Brussels","Brussels","BETB004","41B004 - STE.CATHERI","SPO-BETB004_00007_100","O3","Ozone (air)","P1Y-day-per50","1 year 50 %ile of daily values in a year","2016","33.479","ug/m3","93.72","1","Background","Urban","4.3478","50.8521","17.0","Bruxelles / Brussel                                                             ","BE001C1                                           ","1223364","E1a/validated data AQ e-Reporting","18/03/2023 22:15:13","http://fme.discomap.eea.europa.eu/fmedatastreaming/AirQualityDownload/AQData_Extract.fmw?CountryCode=BE&CityName=&Pollutant=7&Year_from=2016&Year_to=2016&Station=STA-BETB004&Samplingpoint=&Source=E1a&Output=HTML&UpdateDate="
"Belgium","NET-Brussels","Brussels","BETR001","41R001 - MOLENBEEK","SPO-BETR001_06001_100","PM2.5","Particulate matter < 2.5 µm (aerosol)","P1Y-hr-max","1 year hour max","2016","86.400","ug/m3","85.28","1","Background","Urban","4.3341","50.8497","20.0","Bruxelles / Brussel                                                             ","BE001C1                                           ","1223364","E1a/validated data AQ e-Reporting","18/03/2023 21:57:02","http://fme.discomap.eea.europa.eu/fmedatastreaming/AirQualityDownload/AQData_Extract.fmw?CountryCode=BE&CityName=&Pollutant=6001&Year_from=2016&Year_to=2016&Station=STA-BETR001&Samplingpoint=&Source=E1a&Output=HTML&UpdateDate="
"Belgium","NET-Brussels","Brussels","BETR001","41R001 - MOLENBEEK","SPO-BETR001_00008_100","NO2","Nitrogen dioxide (air)","P1Y-hrsAbove200","1 year hour exceed 200","2016","0.000","count","95.89","1","Background","Urban","4.3341","50.8497","20.0","Bruxelles / Brussel                                                             ","BE001C1                                           ","1223364","E1a/validated data AQ e-Reporting","18/03/2023 21:48:42","http://fme.discomap.eea.europa.eu/fmedatastreaming/AirQualityDownload/AQData_Extract.fmw?CountryCode=BE&CityName=&Pollutant=8&Year_from=2016&Year_to=2016&Station=STA-BETR001&Samplingpoint=&Source=E1a&Output=HTML&UpdateDate="
"Belgium","NET-Flanders","Flanders","BEDZL06","65ZL06 - ZELZATE","SPO-BEDZL06_00624_100","Benzo(ghi)perylene","Benzo(ghi)perylene (precip+dry_dep)","P1Y","Annual mean / 1 calendar year","2016","8.383","ng/m2/day","22.95","1","Industrial","Suburban","3.8113","51.2087","0.0","","","","E1a/validated data AQ e-Reporting","18/03/2023 21:08:58","http://fme.discomap.eea.europa.eu/fmedatastreaming/AirQualityDownload/AQData_Extract.fmw?CountryCode=BE&CityName=&Pollutant=624&Year_from=2016&Year_to=2016&Station=STA-BEDZL06&Samplingpoint=&Source=E1a&Output=HTML&UpdateDate="
"Belgium","NET-Brussels","Brussels","BETN043","41N043 - HAREN","SPO-BETN043_00008_100","NO2","Nitrogen dioxide (air)","P1Y-P1D-per99","1 year 99 percentile of daily means (P1D) or .../aq/primaryObservation/day","2016","84.646","ug/m3","96.72","1","Industrial","Suburban","4.3830","50.8837","17.0","Bruxelles / Brussel                                                             ","BE001C1                                           ","1223364","E1a/validated data AQ e-Reporting","18/03/2023 22:10:34","http://fme.discomap.eea.europa.eu/fmedatastreaming/AirQualityDownload/AQData_Extract.fmw?CountryCode=BE&CityName=&Pollutant=8&Year_from=2016&Year_to=2016&Station=STA-BETN043&Samplingpoint=&Source=E1a&Output=HTML&UpdateDate="
"Belgium","NET-Brussels","Brussels","BETN043","41N043 - HAREN","SPO-BETN043_00008_100","NO2","Nitrogen dioxide (air)","P1Y-day-per50","1 year 50 %ile of daily values in a year","2016","40.104","ug/m3","96.72","1","Industrial","Suburban","4.3830","50.8837","17.0","Bruxelles / Brussel                                                             ","BE001C1                                           ","1223364","E1a/validated data AQ e-Reporting","18/03/2023 22:14:21","http://fme.discomap.eea.europa.eu/fmedatastreaming/AirQualityDownload/AQData_Extract.fmw?CountryCode=BE&CityName=&Pollutant=8&Year_from=2016&Year_to=2016&Station=STA-BETN043&Samplingpoint=&Source=E1a&Output=HTML&UpdateDate="
"Belgium","NET-Flanders","Flanders","BEDHB17","65HB17 - HOBOKEN
","SPO-BEDHB17_07465_100","Naphthalene","Naphthalene (precip+dry_dep)","P1Y","Annual mean / 1 calendar year","2016","27.387","ng/m2/day","22.95","1","Background","Urban","4.3379","51.1703","0.0","Antwerpen                                                                       ","BE002C1                                           ","530014","E1a/validated data AQ e-Reporting","18/03/2023 21:08:58","http://fme.discomap.eea.europa.eu/fmedatastreaming/AirQualityDownload/AQData_Extract.fmw?CountryCode=BE&CityName=&Pollutant=7465&Year_from=2016&Year_to=2016&Station=STA-BEDHB17&Samplingpoint=&Source=E1a&Output=HTML&UpdateDate="
"Belgium","NET-Flanders","Flanders","BELOB02","40OB02 - WIELSBEKE","SPO-BELOB02_06001_100","PM2.5","Particulate matter < 2.5 µm (aerosol)","P1Y-hr-max","1 year hour max","2016","93.500","ug/m3","99.85","1","Industrial","Rural","3.3762","50.9150","14.0","","","","E1a/validated data AQ e-Reporting","18/03/2023 21:57:02","http://fme.discomap.eea.europa.eu/fmedatastreaming/AirQualityDownload/AQData_Extract.fmw?CountryCode=BE&CityName=&Pollutant=6001&Year_from=2016&Year_to=2016&Station=STA-BELOB02&Samplingpoint=&Source=E1a&Output=HTML&UpdateDate="
"Belgium","NET-Flanders","Flanders","BELR833","40R833 - STABROEK","SPO-BELR833_00020_100","C6H6","Benzene (air)","P1Y-day-max","1 year day max","2016","4.041","ug/m3","95.90","1","Industrial","Rural","4.3623","51.3277","5.0","","","","E1a/validated data AQ e-Reporting","18/03/2023 21:43:39","http://fme.discomap.eea.europa.eu/fmedatastreaming/AirQualityDownload/AQData_Extract.fmw?CountryCode=BE&CityName=&Pollutant=20&Year_from=2016&Year_to=2016&Station=STA-BELR833&Samplingpoint=&Source=E1a&Output=HTML&UpdateDate="
"Belgium","NET-Brussels","Brussels","BETN043","41N043 - HAREN","SPO-BETN043_00001_100","SO2","Sulphur dioxide (air)","P1Y-day-max","1 year day max","2016","9.375","ug/m3","98.91","1","Industrial","Suburban","4.3830","50.8837","17.0","Bruxelles / Brussel                                                             ","BE001C1                                           ","1223364","E1a/validated data AQ e-Reporting","18/03/2023 21:42:48","http://fme.discomap.eea.europa.eu/fmedatastreaming/AirQualityDownload/AQData_Extract.fmw?CountryCode=BE&CityName=&Pollutant=1&Year_from=2016&Year_to=2016&Station=STA-BETN043&Samplingpoint=&Source=E1a&Output=HTML&UpdateDate="
"Belgium","NET-Brussels","Brussels","BETB004","41B004 - STE.CATHERI","SPO-BETB004_00007_100","O3","Ozone (air)","P1Y-dx-avg","1 year daymax average","2016","49.089","ug/m3","93.72","1","Background","Urban","4.3478","50.8521","17.0","Bruxelles / Brussel                                                             ","BE001C1                                           ","1223364","E1a/validated data AQ e-Reporting","18/03/2023 22:27:48","http://fme.discomap.eea.europa.eu/fmedatastreaming/AirQualityDownload/AQData_Extract.fmw?CountryCode=BE&CityName=&Pollutant=7&Year_from=2016&Year_to=2016&Station=STA-BETB004&Samplingpoint=&Source=E1a&Output=HTML&UpdateDate="
"Belgium","NET-Brussels","Brussels","BETN043","41N043 - HAREN","SPO-BETN043_00007_100","O3","Ozone (air)","P1Y-dx-max","1 year day max max","2016","122.625","ug/m3","98.63","1","Industrial","Suburban","4.3830","50.8837","17.0","Bruxelles / Brussel                                                             ","BE001C1                                           ","1223364","E1a/validated data AQ e-Reporting","18/03/2023 21:44:39","http://fme.discomap.eea.europa.eu/fmedatastreaming/AirQualityDownload/AQData_Extract.fmw?CountryCode=BE&CityName=&Pollutant=7&Year_from=2016&Year_to=2016&Station=STA-BETN043&Samplingpoint=&Source=E1a&Output=HTML&UpdateDate="
"Belgium","NET-Brussels","Brussels","BETMEU1","41MEU1 - MEUDON","SPO-BETMEU1_00005_100","PM10","Particulate matter < 10 µm (aerosol)","P3Y","3 subsequent calendar years mean","2016","22.279","ug/m3","94.64","1","Background","Suburban","4.3957","50.8950","34.0","Bruxelles / Brussel                                                             ","BE001C1                                           ","1223364","E1a/validated data AQ e-Reporting","18/03/2023 21:36:00","http://fme.discomap.eea.europa.eu/fmedatastreaming/AirQualityDownload/AQData_Extract.fmw?CountryCode=BE&CityName=&Pollutant=5&Year_from=2016&Year_to=2016&Station=STA-BETMEU1&Samplingpoint=&Source=E1a&Output=HTML&UpdateDate="
"Belgium","NET-Brussels","Brussels","BETMEU1","41MEU1 - MEUDON","SPO-BETMEU1_00008_100","NO2","Nitrogen dioxide (air)","P1Y-day-max","1 year day max","2016","118.063","ug/m3","98.09","1","Background","Suburban","4.3957","50.8950","34.0","Bruxelles / Brussel                                                             ","BE001C1                                           ","1223364","E1a/validated data AQ e-Reporting","18/03/2023 21:43:56","http://fme.discomap.eea.europa.eu/fmedatastreaming/AirQualityDownload/AQData_Extract.fmw?CountryCode=BE&CityName=&Pollutant=8&Year_from=2016&Year_to=2016&Station=STA-BETMEU1&Samplingpoint=&Source=E1a&Output=HTML&UpdateDate="
"Belgium","NET-Brussels","Brussels","BETR012","41R012 - UCCLE","SPO-BETR012_00001_100","SO2","Sulphur dioxide (air)","P1Y-day-min","1 year day min","2016","0.200","ug/m3","89.34","1","Background","Suburban","4.3586","50.7966","101.0","Bruxelles / Brussel                                                             ","BE001C1                                           ","1223364","E1a/validated data AQ e-Reporting","18/03/2023 21:54:56","http://fme.discomap.eea.europa.eu/fmedatastreaming/AirQualityDownload/AQData_Extract.fmw?CountryCode=BE&CityName=&Pollutant=1&Year_from=2016&Year_to=2016&Station=STA-BETR012&Samplingpoint=&Source=E1a&Output=HTML&UpdateDate="
"Belgium","NET-Brussels","Brussels","BETR012","41R012 - UCCLE","SPO-BETR012_00005_100","PM10","Particulate matter < 10 µm (aerosol)","P1Y-daysAbove50","1 year day exceed 50","2016","1.000","count","91.53","1","Background","Suburban","4.3586","50.7966","101.0","Bruxelles / Brussel                                                             ","BE001C1                                           ","1223364","E1a/validated data AQ e-Reporting","18/03/2023 22:27:00","http://fme.discomap.eea.europa.eu/fmedatastreaming/AirQualityDownload/AQData_Extract.fmw?CountryCode=BE&CityName=&Pollutant=5&Year_from=2016&Year_to=2016&Station=STA-BETR012&Samplingpoint=&Source=E1a&Output=HTML&UpdateDate="
"Belgium","NET-Flanders","Flanders","BEDHZ02","65HZ02 - HEUZDEN-ZOLDER
","SPO-BEDHZ02_07465_100","Naphthalene","Naphthalene (precip+dry_dep)","P1Y","Annual mean / 1 calendar year","2016","26.827","ng/m2/day","22.95","1","Industrial","Suburban","5.2477","50.9943","0.0","","","","E1a/validated data AQ e-Reporting","18/03/2023 21:08:58","http://fme.discomap.eea.europa.eu/fmedatastreaming/AirQualityDownload/AQData_Extract.fmw?CountryCode=BE&CityName=&Pollutant=7465&Year_from=2016&Year_to=2016&Station=STA-BEDHZ02&Samplingpoint=&Source=E1a&Output=HTML&UpdateDate="
"Belgium","NET-Brussels","Brussels","BETR001","41R001 - MOLENBEEK","SPO-BETR001_00007_100","O3","Ozone (air)","P1Y-day-max","1 year day max","2016","97.826","ug/m3","91.26","1","Background","Urban","4.3341","50.8497","20.0","Bruxelles / Brussel                                                             ","BE001C1                                           ","1223364","E1a/validated data AQ e-Reporting","18/03/2023 21:44:13","http://fme.discomap.eea.europa.eu/fmedatastreaming/AirQualityDownload/AQData_Extract.fmw?CountryCode=BE&CityName=&Pollutant=7&Year_from=2016&Year_to=2016&Station=STA-BETR001&Samplingpoint=&Source=E1a&Output=HTML&UpdateDate="
"Belgium","NET-Brussels","Brussels","BETMEU1","41MEU1 - MEUDON","SPO-BETMEU1_00008_100","NO2","Nitrogen dioxide (air)","P1Y-hr-max19","1 year hour max19","2016","112.000","ug/m3","97.05","1","Background","Suburban","4.3957","50.8950","34.0","Bruxelles / Brussel                                                             ","BE001C1                                           ","1223364","E1a/validated data AQ e-Reporting","18/03/2023 22:34:35","http://fme.discomap.eea.europa.eu/fmedatastreaming/AirQualityDownload/AQData_Extract.fmw?CountryCode=BE&CityName=&Pollutant=8&Year_from=2016&Year_to=2016&Station=STA-BETMEU1&Samplingpoint=&Source=E1a&Output=HTML&UpdateDate="
"Belgium","NET-Brussels","Brussels","BETB004","41B004 - STE.CATHERI","SPO-BETB004_00007_100","O3","Ozone (air)","SOMO35","Sum of Ozone Means Over 35 ppb","2016","1369.019","ug/m3","93.72","1","Background","Urban","4.3478","50.8521","17.0","Bruxelles / Brussel                                                             ","BE001C1                                           ","1223364","E1a/validated data AQ e-Reporting","18/03/2023 22:59:23","http://fme.discomap.eea.europa.eu/fmedatastreaming/AirQualityDownload/AQData_Extract.fmw?CountryCode=BE&CityName=&Pollutant=7&Year_from=2016&Year_to=2016&Station=STA-BETB004&Samplingpoint=&Source=E1a&Output=HTML&UpdateDate="
"Belgium","NET-Brussels","Brussels","BETR002","41R002 - IXELLES","SPO-BETR002_00008_100","NO2","Nitrogen dioxide (air)","P1Y-hrsAbove400","1 year hour exceed 400","2016","0.000","count","96.77","1","Traffic","Urban","4.3846","50.8251","76.0","Bruxelles / Brussel                                                             ","BE001C1                                           ","1223364","E1a/validated data AQ e-Reporting","18/03/2023 21:54:38","http://fme.discomap.eea.europa.eu/fmedatastreaming/AirQualityDownload/AQData_Extract.fmw?CountryCode=BE&CityName=&Pollutant=8&Year_from=2016&Year_to=2016&Station=STA-BETR002&Samplingpoint=&Source=E1a&Output=HTML&UpdateDate="
"Belgium","NET-Brussels","Brussels","BETR001","41R001 - MOLENBEEK","SPO-BETR001_00001_100","SO2","Sulphur dioxide (air)","P1Y-hr-max","1 year hour max","2016","13.950","ug/m3","96.85","1","Background","Urban","4.3341","50.8497","20.0","Bruxelles / Brussel                                                             ","BE001C1                                           ","1223364","E1a/validated data AQ e-Reporting","18/03/2023 21:57:02","http://fme.discomap.eea.europa.eu/fmedatastreaming/AirQualityDownload/AQData_Extract.fmw?CountryCode=BE&CityName=&Pollutant=1&Year_from=2016&Year_to=2016&Station=STA-BETR001&Samplingpoint=&Source=E1a&Output=HTML&UpdateDate="
"Belgium","NET-Flanders","Flanders","BEGBB15","26BB15 - BRUGGE","SPO-BEGBB15_06001_100","PM2.5","Particulate matter < 2.5 µm (aerosol)","P1Y-P1D-per99","1 year 99 percentile of daily means (P1D) or .../aq/primaryObservation/day","2016","45.042","ug/m3","98.91","1","Background","Urban","3.2341","51.2135","5.0","Brugge                                                                          ","BE006C1                                           ","118916","E1a/validated data AQ e-Reporting","18/03/2023 22:10:03","http://fme.discomap.eea.europa.eu/fmedatastreaming/AirQualityDownload/AQData_Extract.fmw?CountryCode=BE&CityName=&Pollutant=6001&Year_from=2016&Year_to=2016&Station=STA-BEGBB15&Samplingpoint=&Source=E1a&Output=HTML&UpdateDate="
"Belgium","NET-Flanders","Flanders","BELRB01","40RB01 - RUISBROEK","SPO-BELRB01_00005_100","PM10","Particulate matter < 10 µm (aerosol)","P1Y-P1D-per99","1 year 99 percentile of daily means (P1D) or .../aq/primaryObservation/day","2016","57.413","ug/m3","8.47","1","Industrial","Suburban","4.3312","51.0894","0.0","","","","E1a/validated data AQ e-Reporting","18/03/2023 22:09:38","http://fme.discomap.eea.europa.eu/fmedatastreaming/AirQualityDownload/AQData_Extract.fmw?CountryCode=BE&CityName=&Pollutant=5&Year_from=2016&Year_to=2016&Station=STA-BELRB01&Samplingpoint=&Source=E1a&Output=HTML&UpdateDate="
"Belgium","NET-Brussels","Brussels","BETB006","41B006 - PARL.EUROPE","SPO-BETB006_00008_100","NO2","Nitrogen dioxide (air)","P1Y-hr-max","1 year hour max","2016","121.500","ug/m3","36.44","1","Background","Urban","4.3744","50.8386","67.0","Bruxelles / Brussel                                                             ","BE001C1                                           ","1223364","E1a/validated data AQ e-Reporting","18/03/2023 21:57:02","http://fme.discomap.eea.europa.eu/fmedatastreaming/AirQualityDownload/AQData_Extract.fmw?CountryCode=BE&CityName=&Pollutant=8&Year_from=2016&Year_to=2016&Station=STA-BETB006&Samplingpoint=&Source=E1a&Output=HTML&UpdateDate="
"Belgium","NET-Flanders","Flanders","BELAL03","40AL03 - BEVEREN","SPO-BELAL03_06001_100","PM2.5","Particulate matter < 2.5 µm (aerosol)","P1Y-P1D-per99","1 year 99 percentile of daily means (P1D) or .../aq/primaryObservation/day","2016","49.438","ug/m3","99.45","1","Industrial","Rural","4.2015","51.2540","4.0","","","","E1a/validated data AQ e-Reporting","18/03/2023 22:10:03","http://fme.discomap.eea.europa.eu/fmedatastreaming/AirQualityDownload/AQData_Extract.fmw?CountryCode=BE&CityName=&Pollutant=6001&Year_from=2016&Year_to=2016&Station=STA-BELAL03&Samplingpoint=&Source=E1a&Output=HTML&UpdateDate="
"Belgium","NET-Brussels","Brussels","BETR012","41R012 - UCCLE","SPO-BETR012_00008_100","NO2","Nitrogen dioxide (air)","P1Y","Annual mean / 1 calendar year","2016","21.370","ug/m3","96.13","1","Background","Suburban","4.3586","50.7966","101.0","Bruxelles / Brussel                                                             ","BE001C1                                           ","1223364","E1a/validated data AQ e-Reporting","18/03/2023 21:08:58","http://fme.discomap.eea.europa.eu/fmedatastreaming/AirQualityDownload/AQData_Extract.fmw?CountryCode=BE&CityName=&Pollutant=8&Year_from=2016&Year_to=2016&Station=STA-BETR012&Samplingpoint=&Source=E1a&Output=HTML&UpdateDate="
"Belgium","NET-Flanders","Flanders","BELAL03","40AL03 - BEVEREN","SPO-BELAL03_06001_100","PM2.5","Particulate matter < 2.5 µm (aerosol)","P1Y-hr-max","1 year hour max","2016","129.500","ug/m3","99.37","1","Industrial","Rural","4.2015","51.2540","4.0","","","","E1a/validated data AQ e-Reporting","18/03/2023 21:57:02","http://fme.discomap.eea.europa.eu/fmedatastreaming/AirQualityDownload/AQData_Extract.fmw?CountryCode=BE&CityName=&Pollutant=6001&Year_from=2016&Year_to=2016&Station=STA-BELAL03&Samplingpoint=&Source=E1a&Output=HTML&UpdateDate="
"Belgium","NET-Brussels","Brussels","BETB004","41B004 - STE.CATHERI","SPO-BETB004_00010_100","CO","Carbon monoxide (air)","P1Y-P1D-per99","1 year 99 percentile of daily means (P1D) or .../aq/primaryObservation/day","2016","0.543","mg/m3","99.45","1","Background","Urban","4.3478","50.8521","17.0","Bruxelles / Brussel                                                             ","BE001C1                                           ","1223364","E1a/validated data AQ e-Reporting","18/03/2023 22:11:26","http://fme.discomap.eea.europa.eu/fmedatastreaming/AirQualityDownload/AQData_Extract.fmw?CountryCode=BE&CityName=&Pollutant=10&Year_from=2016&Year_to=2016&Station=STA-BETB004&Samplingpoint=&Source=E1a&Output=HTML&UpdateDate="
"Belgium","NET-Brussels","Brussels","BETN043","41N043 - HAREN","SPO-BETN043_00007_100","O3","Ozone (air)","P1Y-dx-avg","1 year daymax average","2016","47.034","ug/m3","98.63","1","Industrial","Suburban","4.3830","50.8837","17.0","Bruxelles / Brussel                                                             ","BE001C1                                           ","1223364","E1a/validated data AQ e-Reporting","18/03/2023 22:27:48","http://fme.discomap.eea.europa.eu/fmedatastreaming/AirQualityDownload/AQData_Extract.fmw?CountryCode=BE&CityName=&Pollutant=7&Year_from=2016&Year_to=2016&Station=STA-BETN043&Samplingpoint=&Source=E1a&Output=HTML&UpdateDate="
"Belgium","NET-Brussels","Brussels","BETR012","41R012 - UCCLE","SPO-BETR012_00007_100","O3","Ozone (air)","P1Y-day-min","1 year day min","2016","2.063","ug/m3","97.54","1","Background","Suburban","4.3586","50.7966","101.0","Bruxelles / Brussel                                                             ","BE001C1                                           ","1223364","E1a/validated data AQ e-Reporting","18/03/2023 21:56:21","http://fme.discomap.eea.europa.eu/fmedatastreaming/AirQualityDownload/AQData_Extract.fmw?CountryCode=BE&CityName=&Pollutant=7&Year_from=2016&Year_to=2016&Station=STA-BETR012&Samplingpoint=&Source=E1a&Output=HTML&UpdateDate="
"Belgium","NET-Brussels","Brussels","BETR001","41R001 - MOLENBEEK","SPO-BETR001_00008_100","NO2","Nitrogen dioxide (air)","P1Y","Annual mean / 1 calendar year","2016","37.532","ug/m3","95.89","1","Background","Urban","4.3341","50.8497","20.0","Bruxelles / Brussel                                                             ","BE001C1                                           ","1223364","E1a/validated data AQ e-Reporting","18/03/2023 21:08:58","http://fme.discomap.eea.europa.eu/fmedatastreaming/AirQualityDownload/AQData_Extract.fmw?CountryCode=BE&CityName=&Pollutant=8&Year_from=2016&Year_to=2016&Station=STA-BETR001&Samplingpoint=&Source=E1a&Output=HTML&UpdateDate="
"Belgium","NET-Flanders","Flanders","BEMBE01","00BE01 - BEERSE","SPO-BEMBE01_05015_100","Ni in PM10","Nickel in PM10 (aerosol)","P1Y","Annual mean / 1 calendar year","2016","5.091","ng/m3","99.73","1","Industrial","Suburban","4.8213","51.3240","29.0","","","","E1a/validated data AQ e-Reporting","18/03/2023 21:08:58","http://fme.discomap.eea.europa.eu/fmedatastreaming/AirQualityDownload/AQData_Extract.fmw?CountryCode=BE&CityName=&Pollutant=5015&Year_from=2016&Year_to=2016&Station=STA-BEMBE01&Samplingpoint=&Source=E1a&Output=HTML&UpdateDate="
"Belgium","NET-Brussels","Brussels","BETR002","41R002 - IXELLES","SPO-BETR002_00008_100","NO2","Nitrogen dioxide (air)","P1Y-hr-max19","1 year hour max19","2016","122.000","ug/m3","96.77","1","Traffic","Urban","4.3846","50.8251","76.0","Bruxelles / Brussel                                                             ","BE001C1                                           ","1223364","E1a/validated data AQ e-Reporting","18/03/2023 22:34:35","http://fme.discomap.eea.europa.eu/fmedatastreaming/AirQualityDownload/AQData_Extract.fmw?CountryCode=BE&CityName=&Pollutant=8&Year_from=2016&Year_to=2016&Station=STA-BETR002&Samplingpoint=&Source=E1a&Output=HTML&UpdateDate="
"Belgium","NET-Brussels","Brussels","BETR012","41R012 - UCCLE","SPO-BETR012_00007_100","O3","Ozone (air)","P1Y-dmaxAbove120","1 year daymax exceed 120","2016","5.000","count","97.27","1","Background","Suburban","4.3586","50.7966","101.0","Bruxelles / Brussel                                                             ","BE001C1                                           ","1223364","E1a/validated data AQ e-Reporting","18/03/2023 22:25:06","http://fme.discomap.eea.europa.eu/fmedatastreaming/AirQualityDownload/AQData_Extract.fmw?CountryCode=BE&CityName=&Pollutant=7&Year_from=2016&Year_to=2016&Station=STA-BETR012&Samplingpoint=&Source=E1a&Output=HTML&UpdateDate="
"Belgium","NET-Flanders","Flanders","BEDHZ02","65HZ02 - HEUZDEN-ZOLDER
","SPO-BEDHZ02_00714_100","Phenanthrene","phenanthrene (precip+dry_dep)","P1Y","Annual mean / 1 calendar year","2016","53.657","ng/m2/day","22.95","1","Industrial","Suburban","5.2477","50.9943","0.0","","","","E1a/validated data AQ e-Reporting","18/03/2023 21:08:58","http://fme.discomap.eea.europa.eu/fmedatastreaming/AirQualityDownload/AQData_Extract.fmw?CountryCode=BE&CityName=&Pollutant=714&Year_from=2016&Year_to=2016&Station=STA-BEDHZ02&Samplingpoint=&Source=E1a&Output=HTML&UpdateDate="
"Belgium","NET-Flanders","Flanders","BEDN029","65N029 - HOUTEM
","SPO-BEDN029_07465_100","Naphthalene","Naphthalene (precip+dry_dep)","P1Y","Annual mean / 1 calendar year","2016","21.183","ng/m2/day","92.62","1","Background","Rural","2.5823","51.0163","0.0","","","","E1a/validated data AQ e-Reporting","18/03/2023 21:08:58","http://fme.discomap.eea.europa.eu/fmedatastreaming/AirQualityDownload/AQData_Extract.fmw?CountryCode=BE&CityName=&Pollutant=7465&Year_from=2016&Year_to=2016&Station=STA-BEDN029&Samplingpoint=&Source=E1a&Output=HTML&UpdateDate="
"Belgium","NET-Flanders","Flanders","BEDR802","65R802 - BORGERHOUT","SPO-BEDR802_07029_100","BaP","Benzo(a)pyrene (precip+dry_dep)","P1Y","Annual mean / 1 calendar year","2016","38.837","ng/m2/day","92.62","1","Background","Urban","4.4317","51.2094","0.0","Antwerpen                                                                       ","BE002C1                                           ","530014","E1a/validated data AQ e-Reporting","18/03/2023 21:08:58","http://fme.discomap.eea.europa.eu/fmedatastreaming/AirQualityDownload/AQData_Extract.fmw?CountryCode=BE&CityName=&Pollutant=7029&Year_from=2016&Year_to=2016&Station=STA-BEDR802&Samplingpoint=&Source=E1a&Output=HTML&UpdateDate="
"Belgium","NET-Brussels","Brussels","BETWOL1","41WOL1 - WOL.ST.L.","SPO-BETWOL1_00001_100","SO2","Sulphur dioxide (air)","P1Y-day-min","1 year day min","2016","0.302","ug/m3","93.17","1","Traffic","Suburban","4.4258","50.8567","78.0","Bruxelles / Brussel                                                             ","BE001C1                                           ","1223364","E1a/validated data AQ e-Reporting","18/03/2023 21:54:56","http://fme.discomap.eea.europa.eu/fmedatastreaming/AirQualityDownload/AQData_Extract.fmw?CountryCode=BE&CityName=&Pollutant=1&Year_from=2016&Year_to=2016&Station=STA-BETWOL1&Samplingpoint=&Source=E1a&Output=HTML&UpdateDate="
"Belgium","NET-Brussels","Brussels","BEVR001","51R001 - MOLENBEEK","SPO-BEVR001_00441_100","C7H16","n-Heptane (air)","P1Y","Annual mean / 1 calendar year","2016","0.000","ug/m3","95.63","1","Background","Urban","4.3338","50.8497","15.0","Bruxelles / Brussel                                                             ","BE001C1                                           ","1223364","E1a/validated data AQ e-Reporting","18/03/2023 21:08:58","http://fme.discomap.eea.europa.eu/fmedatastreaming/AirQualityDownload/AQData_Extract.fmw?CountryCode=BE&CityName=&Pollutant=441&Year_from=2016&Year_to=2016&Station=STA-BEVR001&Samplingpoint=&Source=E1a&Output=HTML&UpdateDate="
"Belgium","NET-Flanders","Flanders","BEDDD02","65DDD02 - DUDZELE","SPO-BEDDD02_00656_100","Indeno-(1,2,3-cd)pyrene","indeno_123cd_pyrene (precip+dry_dep)","P1Y","Annual mean / 1 calendar year","2016","3.633","ng/m2/day","22.95","1","Background","Rural","3.2216","51.2664","0.0","Brugge                                                                          ","BE006C1                                           ","118916","E1a/validated data AQ e-Reporting","18/03/2023 21:08:58","http://fme.discomap.eea.europa.eu/fmedatastreaming/AirQualityDownload/AQData_Extract.fmw?CountryCode=BE&CityName=&Pollutant=656&Year_from=2016&Year_to=2016&Station=STA-BEDDD02&Samplingpoint=&Source=E1a&Output=HTML&UpdateDate="
"Belgium","NET-Brussels","Brussels","BETR001","41R001 - MOLENBEEK","SPO-BETR001_00008_100","NO2","Nitrogen dioxide (air)","P1Y-hr-per50","1 year 50 percentile","2016","35.000","ug/m3","95.89","1","Background","Urban","4.3341","50.8497","20.0","Bruxelles / Brussel                                                             ","BE001C1                                           ","1223364","E1a/validated data AQ e-Reporting","18/03/2023 22:05:49","http://fme.discomap.eea.europa.eu/fmedatastreaming/AirQualityDownload/AQData_Extract.fmw?CountryCode=BE&CityName=&Pollutant=8&Year_from=2016&Year_to=2016&Station=STA-BETR001&Samplingpoint=&Source=E1a&Output=HTML&UpdateDate="
"Belgium","NET-Brussels","Brussels","BETR001","41R001 - MOLENBEEK","SPO-BETR001_00010_100","CO","Carbon monoxide (air)","P1Y-dx-max","1 year day max max","2016","1.804","mg/m3","93.17","1","Background","Urban","4.3341","50.8497","20.0","Bruxelles / Brussel                                                             ","BE001C1                                           ","1223364","E1a/validated data AQ e-Reporting","18/03/2023 21:44:39","http://fme.discomap.eea.europa.eu/fmedatastreaming/AirQualityDownload/AQData_Extract.fmw?CountryCode=BE&CityName=&Pollutant=10&Year_from=2016&Year_to=2016&Station=STA-BETR001&Samplingpoint=&Source=E1a&Output=HTML&UpdateDate="
"Belgium","NET-Brussels","Brussels","BETN043","41N043 - HAREN","SPO-BETN043_00001_100","SO2","Sulphur dioxide (air)","P1Y-hr-per50","1 year 50 percentile","2016","1.800","ug/m3","97.60","1","Industrial","Suburban","4.3830","50.8837","17.0","Bruxelles / Brussel                                                             ","BE001C1                                           ","1223364","E1a/validated data AQ e-Reporting","18/03/2023 22:05:49","http://fme.discomap.eea.europa.eu/fmedatastreaming/AirQualityDownload/AQData_Extract.fmw?CountryCode=BE&CityName=&Pollutant=1&Year_from=2016&Year_to=2016&Station=STA-BETN043&Samplingpoint=&Source=E1a&Output=HTML&UpdateDate="
"Belgium","NET-Brussels","Brussels","BETN043","41N043 - HAREN","SPO-BETN043_00005_100","PM10","Particulate matter < 10 µm (aerosol)","P1Y-day-min","1 year day min","2016","5.521","ug/m3","96.72","1","Industrial","Suburban","4.3830","50.8837","17.0","Bruxelles / Brussel                                                             ","BE001C1                                           ","1223364","E1a/validated data AQ e-Reporting","18/03/2023 21:55:13","http://fme.discomap.eea.europa.eu/fmedatastreaming/AirQualityDownload/AQData_Extract.fmw?CountryCode=BE&CityName=&Pollutant=5&Year_from=2016&Year_to=2016&Station=STA-BETN043&Samplingpoint=&Source=E1a&Output=HTML&UpdateDate="
"Belgium","NET-Brussels","Brussels","BETN043","41N043 - HAREN","SPO-BETN043_00008_100","NO2","Nitrogen dioxide (air)","P1Y-day-max","1 year day max","2016","138.250","ug/m3","96.72","1","Industrial","Suburban","4.3830","50.8837","17.0","Bruxelles / Brussel                                                             ","BE001C1                                           ","1223364","E1a/validated data AQ e-Reporting","18/03/2023 21:43:56","http://fme.discomap.eea.europa.eu/fmedatastreaming/AirQualityDownload/AQData_Extract.fmw?CountryCode=BE&CityName=&Pollutant=8&Year_from=2016&Year_to=2016&Station=STA-BETN043&Samplingpoint=&Source=E1a&Output=HTML&UpdateDate="
"Belgium","NET-Flanders","Flanders","BEGRT01","26RT01 - RETIE","SPO-BEGRT01_01045_100","NH4+ in PM2.5","Ammonium in PM2.5 (aerosol)","P1Y","Annual mean / 1 calendar year","2016","2.150","ug/m3","0.01","1","Background","Rural","5.0533","51.2309","23.0","","","","E1a/validated data AQ e-Reporting","18/03/2023 21:08:58","http://fme.discomap.eea.europa.eu/fmedatastreaming/AirQualityDownload/AQData_Extract.fmw?CountryCode=BE&CityName=&Pollutant=1045&Year_from=2016&Year_to=2016&Station=STA-BEGRT01&Samplingpoint=&Source=E1a&Output=HTML&UpdateDate="
"Belgium","NET-Flanders","Flanders","BEDN029","65N029 - HOUTEM
","SPO-BEDN029_00714_100","Phenanthrene","phenanthrene (precip+dry_dep)","P1Y","Annual mean / 1 calendar year","2016","28.959","ng/m2/day","92.62","1","Background","Rural","2.5823","51.0163","0.0","","","","E1a/validated data AQ e-Reporting","18/03/2023 21:08:58","http://fme.discomap.eea.europa.eu/fmedatastreaming/AirQualityDownload/AQData_Extract.fmw?CountryCode=BE&CityName=&Pollutant=714&Year_from=2016&Year_to=2016&Station=STA-BEDN029&Samplingpoint=&Source=E1a&Output=HTML&UpdateDate="
"Belgium","NET-Flanders","Flanders","BEDZL06","65ZL06 - ZELZATE","SPO-BEDZL06_00656_100","Indeno-(1,2,3-cd)pyrene","indeno_123cd_pyrene (precip+dry_dep)","P1Y","Annual mean / 1 calendar year","2016","27.943","ng/m2/day","22.95","1","Industrial","Suburban","3.8113","51.2087","0.0","","","","E1a/validated data AQ e-Reporting","18/03/2023 21:08:58","http://fme.discomap.eea.europa.eu/fmedatastreaming/AirQualityDownload/AQData_Extract.fmw?CountryCode=BE&CityName=&Pollutant=656&Year_from=2016&Year_to=2016&Station=STA-BEDZL06&Samplingpoint=&Source=E1a&Output=HTML&UpdateDate="
"Belgium","NET-Brussels","Brussels","BETR001","41R001 - MOLENBEEK","SPO-BETR001_00008_100","NO2","Nitrogen dioxide (air)","P1Y-hr-max-per99.79","1 year 99.79 %ile of hourly values in a given year","2016","129.500","ug/m3","95.89","1","Background","Urban","4.3341","50.8497","20.0","Bruxelles / Brussel                                                             ","BE001C1                                           ","1223364","E1a/validated data AQ e-Reporting","18/03/2023 22:07:35","http://fme.discomap.eea.europa.eu/fmedatastreaming/AirQualityDownload/AQData_Extract.fmw?CountryCode=BE&CityName=&Pollutant=8&Year_from=2016&Year_to=2016&Station=STA-BETR001&Samplingpoint=&Source=E1a&Output=HTML&UpdateDate="
"Belgium","NET-Brussels","Brussels","BEMR012","01R012 - IRM-KMI","SPO-BEMR012_03012_100","Pb in TSP","Lead in TSP (aerosol)","P1Y","Annual mean / 1 calendar year","2016","0.007","ug/m3","86.07","1","Background","Suburban","4.3585","50.7966","100.0","Bruxelles / Brussel                                                             ","BE001C1                                           ","1223364","E1a/validated data AQ e-Reporting","18/03/2023 21:08:58","http://fme.discomap.eea.europa.eu/fmedatastreaming/AirQualityDownload/AQData_Extract.fmw?CountryCode=BE&CityName=&Pollutant=3012&Year_from=2016&Year_to=2016&Station=STA-BEMR012&Samplingpoint=&Source=E1a&Output=HTML&UpdateDate="
"Belgium","NET-Flanders","Flanders","BELGK06","40GK06 - GENK","SPO-BELGK06_00005_100","PM10","Particulate matter < 10 µm (aerosol)","P3Y","3 subsequent calendar years mean","2016","21.303","ug/m3","99.52","1","Industrial","Suburban","5.4706","50.9279","44.0","","","","E1a/validated data AQ e-Reporting","18/03/2023 21:36:00","http://fme.discomap.eea.europa.eu/fmedatastreaming/AirQualityDownload/AQData_Extract.fmw?CountryCode=BE&CityName=&Pollutant=5&Year_from=2016&Year_to=2016&Station=STA-BELGK06&Samplingpoint=&Source=E1a&Output=HTML&UpdateDate="
"Belgium","NET-Brussels","Brussels","BETB011","41B011 - BERCHEM S.A","SPO-BETB011_00005_100","PM10","Particulate matter < 10 µm (aerosol)","P1Y-day-max","1 year day max","2016","51.021","ug/m3","82.79","1","Background","Suburban","4.2887","50.8578","66.0","Bruxelles / Brussel                                                             ","BE001C1                                           ","1223364","E1a/validated data AQ e-Reporting","18/03/2023 21:43:06","http://fme.discomap.eea.europa.eu/fmedatastreaming/AirQualityDownload/AQData_Extract.fmw?CountryCode=BE&CityName=&Pollutant=5&Year_from=2016&Year_to=2016&Station=STA-BETB011&Samplingpoint=&Source=E1a&Output=HTML&UpdateDate="
"Belgium","NET-Brussels","Brussels","BETWOL1","41WOL1 - WOL.ST.L.","SPO-BETWOL1_00010_100","CO","Carbon monoxide (air)","P1Y-8hdmxAbove10","1 year daymax exceed 10","2016","0.000","count","98.36","1","Traffic","Suburban","4.4258","50.8567","78.0","Bruxelles / Brussel                                                             ","BE001C1                                           ","1223364","E1a/validated data AQ e-Reporting","18/03/2023 22:27:43","http://fme.discomap.eea.europa.eu/fmedatastreaming/AirQualityDownload/AQData_Extract.fmw?CountryCode=BE&CityName=&Pollutant=10&Year_from=2016&Year_to=2016&Station=STA-BETWOL1&Samplingpoint=&Source=E1a&Output=HTML&UpdateDate="
"Belgium","NET-Brussels","Brussels","BETB011","41B011 - BERCHEM S.A","SPO-BETB011_00007_100","O3","Ozone (air)","summer-avg","Summer mean","2016","51.898","ug/m3","98.57","1","Background","Suburban","4.2887","50.8578","66.0","Bruxelles / Brussel                                                             ","BE001C1                                           ","1223364","E1a/validated data AQ e-Reporting","18/03/2023 22:50:22","http://fme.discomap.eea.europa.eu/fmedatastreaming/AirQualityDownload/AQData_Extract.fmw?CountryCode=BE&CityName=&Pollutant=7&Year_from=2016&Year_to=2016&Station=STA-BETB011&Samplingpoint=&Source=E1a&Output=HTML&UpdateDate="
"Belgium","NET-Brussels","Brussels","BETB004","41B004 - STE.CATHERI","SPO-BETB004_00008_100","NO2","Nitrogen dioxide (air)","P1Y-day-per50","1 year 50 %ile of daily values in a year","2016","32.261","ug/m3","99.18","1","Background","Urban","4.3478","50.8521","17.0","Bruxelles / Brussel                                                             ","BE001C1                                           ","1223364","E1a/validated data AQ e-Reporting","18/03/2023 22:14:21","http://fme.discomap.eea.europa.eu/fmedatastreaming/AirQualityDownload/AQData_Extract.fmw?CountryCode=BE&CityName=&Pollutant=8&Year_from=2016&Year_to=2016&Station=STA-BETB004&Samplingpoint=&Source=E1a&Output=HTML&UpdateDate="
"Belgium","NET-Brussels","Brussels","BETB006","41B006 - PARL.EUROPE","SPO-BETB006_00007_100","O3","Ozone (air)","P1Y-dx-max26","1 year daymax max 26","2016","83.375","ug/m3","37.43","1","Background","Urban","4.3744","50.8386","67.0","Bruxelles / Brussel                                                             ","BE001C1                                           ","1223364","E1a/validated data AQ e-Reporting","18/03/2023 22:32:17","http://fme.discomap.eea.europa.eu/fmedatastreaming/AirQualityDownload/AQData_Extract.fmw?CountryCode=BE&CityName=&Pollutant=7&Year_from=2016&Year_to=2016&Station=STA-BETB006&Samplingpoint=&Source=E1a&Output=HTML&UpdateDate="
"Belgium","NET-Brussels","Brussels","BETR002","41R002 - IXELLES","SPO-BETR002_00001_100","SO2","Sulphur dioxide (air)","P1Y-hr-max","1 year hour max","2016","34.500","ug/m3","96.69","1","Traffic","Urban","4.3846","50.8251","76.0","Bruxelles / Brussel                                                             ","BE001C1                                           ","1223364","E1a/validated data AQ e-Reporting","18/03/2023 21:57:02","http://fme.discomap.eea.europa.eu/fmedatastreaming/AirQualityDownload/AQData_Extract.fmw?CountryCode=BE&CityName=&Pollutant=1&Year_from=2016&Year_to=2016&Station=STA-BETR002&Samplingpoint=&Source=E1a&Output=HTML&UpdateDate="
"Belgium","NET-Brussels","Brussels","BETN043","41N043 - HAREN","SPO-BETN043_00008_100","NO2","Nitrogen dioxide (air)","P3Y","3 subsequent calendar years mean","2016","41.765","ug/m3","96.21","1","Industrial","Suburban","4.3830","50.8837","17.0","Bruxelles / Brussel                                                             ","BE001C1                                           ","1223364","E1a/validated data AQ e-Reporting","18/03/2023 21:36:00","http://fme.discomap.eea.europa.eu/fmedatastreaming/AirQualityDownload/AQData_Extract.fmw?CountryCode=BE&CityName=&Pollutant=8&Year_from=2016&Year_to=2016&Station=STA-BETN043&Samplingpoint=&Source=E1a&Output=HTML&UpdateDate="
"Belgium","NET-Brussels","Brussels","BETB004","41B004 - STE.CATHERI","SPO-BETB004_00008_100","NO2","Nitrogen dioxide (air)","P3Y","3 subsequent calendar years mean","2016","32.834","ug/m3","96.89","1","Background","Urban","4.3478","50.8521","17.0","Bruxelles / Brussel                                                             ","BE001C1                                           ","1223364","E1a/validated data AQ e-Reporting","18/03/2023 21:36:00","http://fme.discomap.eea.europa.eu/fmedatastreaming/AirQualityDownload/AQData_Extract.fmw?CountryCode=BE&CityName=&Pollutant=8&Year_from=2016&Year_to=2016&Station=STA-BETB004&Samplingpoint=&Source=E1a&Output=HTML&UpdateDate="
"Belgium","NET-Brussels","Brussels","BETB011","41B011 - BERCHEM S.A","SPO-BETB011_00008_100","NO2","Nitrogen dioxide (air)","P1Y","Annual mean / 1 calendar year","2016","22.067","ug/m3","97.48","1","Background","Suburban","4.2887","50.8578","66.0","Bruxelles / Brussel                                                             ","BE001C1                                           ","1223364","E1a/validated data AQ e-Reporting","18/03/2023 21:08:58","http://fme.discomap.eea.europa.eu/fmedatastreaming/AirQualityDownload/AQData_Extract.fmw?CountryCode=BE&CityName=&Pollutant=8&Year_from=2016&Year_to=2016&Station=STA-BETB011&Samplingpoint=&Source=E1a&Output=HTML&UpdateDate="
"Belgium","NET-Brussels","Brussels","BETR001","41R001 - MOLENBEEK","SPO-BETR001_00001_100","SO2","Sulphur dioxide (air)","P1Y-hr-max25","1 year hour max 25","2016","8.500","ug/m3","96.85","1","Background","Urban","4.3341","50.8497","20.0","Bruxelles / Brussel                                                             ","BE001C1                                           ","1223364","E1a/validated data AQ e-Reporting","18/03/2023 22:33:20","http://fme.discomap.eea.europa.eu/fmedatastreaming/AirQualityDownload/AQData_Extract.fmw?CountryCode=BE&CityName=&Pollutant=1&Year_from=2016&Year_to=2016&Station=STA-BETR001&Samplingpoint=&Source=E1a&Output=HTML&UpdateDate="
"Belgium","NET-Brussels","Brussels","BETR001","41R001 - MOLENBEEK","SPO-BETR001_00008_100","NO2","Nitrogen dioxide (air)","P1Y-hrsAbove400","1 year hour exceed 400","2016","0.000","count","95.89","1","Background","Urban","4.3341","50.8497","20.0","Bruxelles / Brussel                                                             ","BE001C1                                           ","1223364","E1a/validated data AQ e-Reporting","18/03/2023 21:54:38","http://fme.discomap.eea.europa.eu/fmedatastreaming/AirQualityDownload/AQData_Extract.fmw?CountryCode=BE&CityName=&Pollutant=8&Year_from=2016&Year_to=2016&Station=STA-BETR001&Samplingpoint=&Source=E1a&Output=HTML&UpdateDate="
"Belgium","NET-Brussels","Brussels","BETR001","41R001 - MOLENBEEK","SPO-BETR001_00391_100","Black Carbon","black_carbon (aerosol)","P1Y-hr-per50","1 year 50 percentile","2016","1.410","ug/m3","96.78","1","Background","Urban","4.3341","50.8497","20.0","Bruxelles / Brussel                                                             ","BE001C1                                           ","1223364","E1a/validated data AQ e-Reporting","18/03/2023 22:05:49","http://fme.discomap.eea.europa.eu/fmedatastreaming/AirQualityDownload/AQData_Extract.fmw?CountryCode=BE&CityName=&Pollutant=391&Year_from=2016&Year_to=2016&Station=STA-BETR001&Samplingpoint=&Source=E1a&Output=HTML&UpdateDate="
"Belgium","NET-Flanders","Flanders","BEDHZ02","65HZ02 - HEUZDEN-ZOLDER
","SPO-BEDHZ02_00608_100","Anthracene","anthracene (precip+dry_dep)","P1Y","Annual mean / 1 calendar year","2016","6.707","ng/m2/day","22.95","1","Industrial","Suburban","5.2477","50.9943","0.0","","","","E1a/validated data AQ e-Reporting","18/03/2023 21:08:58","http://fme.discomap.eea.europa.eu/fmedatastreaming/AirQualityDownload/AQData_Extract.fmw?CountryCode=BE&CityName=&Pollutant=608&Year_from=2016&Year_to=2016&Station=STA-BEDHZ02&Samplingpoint=&Source=E1a&Output=HTML&UpdateDate="
"Belgium","NET-Flanders","Flanders","BEDN029","65N029 - HOUTEM
","SPO-BEDN029_07435_100","Fluorene","Fluorene (precip+dry_dep)","P1Y","Annual mean / 1 calendar year","2016","5.141","ng/m2/day","92.62","1","Background","Rural","2.5823","51.0163","0.0","","","","E1a/validated data AQ e-Reporting","18/03/2023 21:08:58","http://fme.discomap.eea.europa.eu/fmedatastreaming/AirQualityDownload/AQData_Extract.fmw?CountryCode=BE&CityName=&Pollutant=7435&Year_from=2016&Year_to=2016&Station=STA-BEDN029&Samplingpoint=&Source=E1a&Output=HTML&UpdateDate="
"Belgium","NET-Flanders","Flanders","BELOB01","40OB01 - OOSTROZEBEK","SPO-BELOB01_00005_100","PM10","Particulate matter < 10 µm (aerosol)","P1Y-day-max","1 year day max","2016","76.288","ug/m3","99.73","1","Industrial","Rural","3.3074","50.9172","44.0","","","","E1a/validated data AQ e-Reporting","18/03/2023 21:43:06","http://fme.discomap.eea.europa.eu/fmedatastreaming/AirQualityDownload/AQData_Extract.fmw?CountryCode=BE&CityName=&Pollutant=5&Year_from=2016&Year_to=2016&Station=STA-BELOB01&Samplingpoint=&Source=E1a&Output=HTML&UpdateDate="
"Belgium","NET-Flanders","Flanders","BEGRT01","26RT01 - RETIE","SPO-BEGRT01_06001_100","PM2.5","Particulate matter < 2.5 µm (aerosol)","P1Y-P1D-per99","1 year 99 percentile of daily means (P1D) or .../aq/primaryObservation/day","2016","32.458","ug/m3","96.99","1","Background","Rural","5.0533","51.2309","23.0","","","","E1a/validated data AQ e-Reporting","18/03/2023 22:10:03","http://fme.discomap.eea.europa.eu/fmedatastreaming/AirQualityDownload/AQData_Extract.fmw?CountryCode=BE&CityName=&Pollutant=6001&Year_from=2016&Year_to=2016&Station=STA-BEGRT01&Samplingpoint=&Source=E1a&Output=HTML&UpdateDate="
"Belgium","NET-Flanders","Flanders","BELLD02","40LD02 - LAAKDAL","SPO-BELLD02_00008_100","NO2","Nitrogen dioxide (air)","P1Y-day-max","1 year day max","2016","58.833","ug/m3","98.63","1","Industrial","Rural","5.0216","51.1204","22.0","","","","E1a/validated data AQ e-Reporting","18/03/2023 21:43:56","http://fme.discomap.eea.europa.eu/fmedatastreaming/AirQualityDownload/AQData_Extract.fmw?CountryCode=BE&CityName=&Pollutant=8&Year_from=2016&Year_to=2016&Station=STA-BELLD02&Samplingpoint=&Source=E1a&Output=HTML&UpdateDate="
"Belgium","NET-Flanders","Flanders","BELGK06","40GK06 - GENK","SPO-BELGK06_00005_100","PM10","Particulate matter < 10 µm (aerosol)","P1Y-P1D-per90.41","1 year 90.41 percentile","2016","34.871","ug/m3","100.00","1","Industrial","Suburban","5.4706","50.9279","44.0","","","","E1a/validated data AQ e-Reporting","18/03/2023 22:09:05","http://fme.discomap.eea.europa.eu/fmedatastreaming/AirQualityDownload/AQData_Extract.fmw?CountryCode=BE&CityName=&Pollutant=5&Year_from=2016&Year_to=2016&Station=STA-BELGK06&Samplingpoint=&Source=E1a&Output=HTML&UpdateDate="
"Belgium","NET-Brussels","Brussels","BETR001","41R001 - MOLENBEEK","SPO-BETR001_06001_100","PM2.5","Particulate matter < 2.5 µm (aerosol)","P3Y","3 subsequent calendar years mean","2016","15.889","ug/m3","88.36","1","Background","Urban","4.3341","50.8497","20.0","Bruxelles / Brussel                                                             ","BE001C1                                           ","1223364","E1a/validated data AQ e-Reporting","18/03/2023 21:36:00","http://fme.discomap.eea.europa.eu/fmedatastreaming/AirQualityDownload/AQData_Extract.fmw?CountryCode=BE&CityName=&Pollutant=6001&Year_from=2016&Year_to=2016&Station=STA-BETR001&Samplingpoint=&Source=E1a&Output=HTML&UpdateDate="
"Belgium","NET-Brussels","Brussels","BETB004","41B004 - STE.CATHERI","SPO-BETB004_00007_100","O3","Ozone (air)","AOT40cmeasured","AOT40c UNCORRECTED for data capture","2016","4082.500","ug/m3","98.82","1","Background","Urban","4.3478","50.8521","17.0","Bruxelles / Brussel                                                             ","BE001C1                                           ","1223364","E1a/validated data AQ e-Reporting","18/03/2023 23:01:40","http://fme.discomap.eea.europa.eu/fmedatastreaming/AirQualityDownload/AQData_Extract.fmw?CountryCode=BE&CityName=&Pollutant=7&Year_from=2016&Year_to=2016&Station=STA-BETB004&Samplingpoint=&Source=E1a&Output=HTML&UpdateDate="
"Belgium","NET-Brussels","Brussels","BETR002","41R002 - IXELLES","SPO-BETR002_00001_100","SO2","Sulphur dioxide (air)","P1Y-day-max","1 year day max","2016","6.000","ug/m3","97.81","1","Traffic","Urban","4.3846","50.8251","76.0","Bruxelles / Brussel                                                             ","BE001C1                                           ","1223364","E1a/validated data AQ e-Reporting","18/03/2023 21:42:48","http://fme.discomap.eea.europa.eu/fmedatastreaming/AirQualityDownload/AQData_Extract.fmw?CountryCode=BE&CityName=&Pollutant=1&Year_from=2016&Year_to=2016&Station=STA-BETR002&Samplingpoint=&Source=E1a&Output=HTML&UpdateDate="
"Belgium","NET-Brussels","Brussels","BETWOL1","41WOL1 - WOL.ST.L.","SPO-BETWOL1_00007_100","O3","Ozone (air)","P1Y-dx-avg","1 year daymax average","2016","45.896","ug/m3","97.54","1","Traffic","Suburban","4.4258","50.8567","78.0","Bruxelles / Brussel                                                             ","BE001C1                                           ","1223364","E1a/validated data AQ e-Reporting","18/03/2023 22:27:48","http://fme.discomap.eea.europa.eu/fmedatastreaming/AirQualityDownload/AQData_Extract.fmw?CountryCode=BE&CityName=&Pollutant=7&Year_from=2016&Year_to=2016&Station=STA-BETWOL1&Samplingpoint=&Source=E1a&Output=HTML&UpdateDate="
"Belgium","NET-Brussels","Brussels","BETR001","41R001 - MOLENBEEK","SPO-BETR001_00001_100","SO2","Sulphur dioxide (air)","P1Y-day-max4","1 year day max 4","2016","5.854","ug/m3","96.72","1","Background","Urban","4.3341","50.8497","20.0","Bruxelles / Brussel                                                             ","BE001C1                                           ","1223364","E1a/validated data AQ e-Reporting","18/03/2023 22:31:46","http://fme.discomap.eea.europa.eu/fmedatastreaming/AirQualityDownload/AQData_Extract.fmw?CountryCode=BE&CityName=&Pollutant=1&Year_from=2016&Year_to=2016&Station=STA-BETR001&Samplingpoint=&Source=E1a&Output=HTML&UpdateDate="
"Belgium","NET-Flanders","Flanders","BELAL03","40AL03 - BEVEREN","SPO-BELAL03_06001_100","PM2.5","Particulate matter < 2.5 µm (aerosol)","P1Y-day-min","1 year day min","2016","3.833","ug/m3","99.45","1","Industrial","Rural","4.2015","51.2540","4.0","","","","E1a/validated data AQ e-Reporting","18/03/2023 21:55:29","http://fme.discomap.eea.europa.eu/fmedatastreaming/AirQualityDownload/AQData_Extract.fmw?CountryCode=BE&CityName=&Pollutant=6001&Year_from=2016&Year_to=2016&Station=STA-BELAL03&Samplingpoint=&Source=E1a&Output=HTML&UpdateDate="
"Belgium","NET-Brussels","Brussels","BETB006","41B006 - PARL.EUROPE","SPO-BETB006_00008_100","NO2","Nitrogen dioxide (air)","P1Y-day-max","1 year day max","2016","72.729","ug/m3","37.43","1","Background","Urban","4.3744","50.8386","67.0","Bruxelles / Brussel                                                             ","BE001C1                                           ","1223364","E1a/validated data AQ e-Reporting","18/03/2023 21:43:56","http://fme.discomap.eea.europa.eu/fmedatastreaming/AirQualityDownload/AQData_Extract.fmw?CountryCode=BE&CityName=&Pollutant=8&Year_from=2016&Year_to=2016&Station=STA-BETB006&Samplingpoint=&Source=E1a&Output=HTML&UpdateDate="
"Belgium","NET-Brussels","Brussels","BETR012","41R012 - UCCLE","SPO-BETR012_00005_100","PM10","Particulate matter < 10 µm (aerosol)","P1Y-hr-per50","1 year 50 percentile","2016","15.000","ug/m3","92.35","1","Background","Suburban","4.3586","50.7966","101.0","Bruxelles / Brussel                                                             ","BE001C1                                           ","1223364","E1a/validated data AQ e-Reporting","18/03/2023 22:05:49","http://fme.discomap.eea.europa.eu/fmedatastreaming/AirQualityDownload/AQData_Extract.fmw?CountryCode=BE&CityName=&Pollutant=5&Year_from=2016&Year_to=2016&Station=STA-BETR012&Samplingpoint=&Source=E1a&Output=HTML&UpdateDate="
"Belgium","NET-Brussels","Brussels","BETN043","41N043 - HAREN","SPO-BETN043_00007_100","O3","Ozone (air)","SOMO10","Sum of Ozone Means Over 10 ppb","2016","10275.151","ug/m3","98.63","1","Industrial","Suburban","4.3830","50.8837","17.0","Bruxelles / Brussel                                                             ","BE001C1                                           ","1223364","E1a/validated data AQ e-Reporting","18/03/2023 22:59:50","http://fme.discomap.eea.europa.eu/fmedatastreaming/AirQualityDownload/AQData_Extract.fmw?CountryCode=BE&CityName=&Pollutant=7&Year_from=2016&Year_to=2016&Station=STA-BETN043&Samplingpoint=&Source=E1a&Output=HTML&UpdateDate="
"Belgium","NET-Flanders","Flanders","BELGK06","40GK06 - GENK","SPO-BELGK06_06001_100","PM2.5","Particulate matter < 2.5 µm (aerosol)","P1Y","Annual mean / 1 calendar year","2016","13.538","ug/m3","99.85","1","Industrial","Suburban","5.4706","50.9279","44.0","","","","E1a/validated data AQ e-Reporting","18/03/2023 21:08:58","http://fme.discomap.eea.europa.eu/fmedatastreaming/AirQualityDownload/AQData_Extract.fmw?CountryCode=BE&CityName=&Pollutant=6001&Year_from=2016&Year_to=2016&Station=STA-BELGK06&Samplingpoint=&Source=E1a&Output=HTML&UpdateDate="
"Belgium","NET-Flanders","Flanders","BELHB23","40HB23 - HOBOKEN","SPO-BELHB23_00001_100","SO2","Sulphur dioxide (air)","P1Y-day-per50","1 year 50 %ile of daily values in a year","2016","3.458","ug/m3","96.45","1","Industrial","Suburban","4.3410","51.1703","13.0","Antwerpen                                                                       ","BE002C1                                           ","530014","E1a/validated data AQ e-Reporting","18/03/2023 22:14:46","http://fme.discomap.eea.europa.eu/fmedatastreaming/AirQualityDownload/AQData_Extract.fmw?CountryCode=BE&CityName=&Pollutant=1&Year_from=2016&Year_to=2016&Station=STA-BELHB23&Samplingpoint=&Source=E1a&Output=HTML&UpdateDate="
"Belgium","NET-Brussels","Brussels","BETB011","41B011 - BERCHEM S.A","SPO-BETB011_00007_100","O3","Ozone (air)","P1Y-day-min","1 year day min","2016","2.000","ug/m3","99.18","1","Background","Suburban","4.2887","50.8578","66.0","Bruxelles / Brussel                                                             ","BE001C1                                           ","1223364","E1a/validated data AQ e-Reporting","18/03/2023 21:56:21","http://fme.discomap.eea.europa.eu/fmedatastreaming/AirQualityDownload/AQData_Extract.fmw?CountryCode=BE&CityName=&Pollutant=7&Year_from=2016&Year_to=2016&Station=STA-BETB011&Samplingpoint=&Source=E1a&Output=HTML&UpdateDate="
"Belgium","NET-Flanders","Flanders","BEGR801","26R801 - BORGERHOUT","SPO-BEGR801_06001_100","PM2.5","Particulate matter < 2.5 µm (aerosol)","P1Y-day-max","1 year day max","2016","58.542","ug/m3","94.54","1","Background","Urban","4.4318","51.2097","6.0","Antwerpen                                                                       ","BE002C1                                           ","530014","E1a/validated data AQ e-Reporting","18/03/2023 21:43:22","http://fme.discomap.eea.europa.eu/fmedatastreaming/AirQualityDownload/AQData_Extract.fmw?CountryCode=BE&CityName=&Pollutant=6001&Year_from=2016&Year_to=2016&Station=STA-BEGR801&Samplingpoint=&Source=E1a&Output=HTML&UpdateDate="
"Belgium","NET-Brussels","Brussels","BETB011","41B011 - BERCHEM S.A","SPO-BETB011_00008_100","NO2","Nitrogen dioxide (air)","P1Y-hrsAbove400","1 year hour exceed 400","2016","0.000","count","97.48","1","Background","Suburban","4.2887","50.8578","66.0","Bruxelles / Brussel                                                             ","BE001C1                                           ","1223364","E1a/validated data AQ e-Reporting","18/03/2023 21:54:38","http://fme.discomap.eea.europa.eu/fmedatastreaming/AirQualityDownload/AQData_Extract.fmw?CountryCode=BE&CityName=&Pollutant=8&Year_from=2016&Year_to=2016&Station=STA-BETB011&Samplingpoint=&Source=E1a&Output=HTML&UpdateDate="
"Belgium","NET-Flanders","Flanders","BETE812","47E812 - GENK","SPO-BETE812_00001_100","SO2","Sulphur dioxide (air)","P1Y-hr-max-per99.73","1 year 99.73 %ile of hourly values in a given year","2016","8.000","ug/m3","46.22","1","Industrial","Suburban","5.5377","50.9680","82.0","","","","E1a/validated data AQ e-Reporting","18/03/2023 22:06:23","http://fme.discomap.eea.europa.eu/fmedatastreaming/AirQualityDownload/AQData_Extract.fmw?CountryCode=BE&CityName=&Pollutant=1&Year_from=2016&Year_to=2016&Station=STA-BETE812&Samplingpoint=&Source=E1a&Output=HTML&UpdateDate="
"Belgium","NET-Flanders","Flanders","BETE812","47E812 - GENK","SPO-BETE812_00008_100","NO2","Nitrogen dioxide (air)","P1Y-hr-per50","1 year 50 percentile","2016","15.000","ug/m3","54.46","1","Industrial","Suburban","5.5377","50.9680","82.0","","","","E1a/validated data AQ e-Reporting","18/03/2023 22:05:49","http://fme.discomap.eea.europa.eu/fmedatastreaming/AirQualityDownload/AQData_Extract.fmw?CountryCode=BE&CityName=&Pollutant=8&Year_from=2016&Year_to=2016&Station=STA-BETE812&Samplingpoint=&Source=E1a&Output=HTML&UpdateDate="
"Belgium","NET-Flanders","Flanders","BELAB02","40AB02 - BERENDRECHT","SPO-BELAB02_00005_100","PM10","Particulate matter < 10 µm (aerosol)","P1Y-daysAbove50","1 year day exceed 50","2016","5.000","count","100.00","1","Background","Suburban","4.3218","51.3407","10.0","Antwerpen                                                                       ","BE002C1                                           ","530014","E1a/validated data AQ e-Reporting","18/03/2023 22:27:00","http://fme.discomap.eea.europa.eu/fmedatastreaming/AirQualityDownload/AQData_Extract.fmw?CountryCode=BE&CityName=&Pollutant=5&Year_from=2016&Year_to=2016&Station=STA-BELAB02&Samplingpoint=&Source=E1a&Output=HTML&UpdateDate="
"Belgium","NET-Brussels","Brussels","BETB008","41B008 - Brussel (Beliardstraat)","SPO-BETB008_00008_100","NO2","Nitrogen dioxide (air)","P1Y-hr-min","1 year hour min","2016","4.000","ug/m3","91.68","1","Traffic","Urban","4.3759","50.8409","57.0","Bruxelles / Brussel                                                             ","BE001C1                                           ","1223364","E1a/validated data AQ e-Reporting","18/03/2023 22:31:20","http://fme.discomap.eea.europa.eu/fmedatastreaming/AirQualityDownload/AQData_Extract.fmw?CountryCode=BE&CityName=&Pollutant=8&Year_from=2016&Year_to=2016&Station=STA-BETB008&Samplingpoint=&Source=E1a&Output=HTML&UpdateDate="
"Belgium","NET-Brussels","Brussels","BETR012","41R012 - UCCLE","SPO-BETR012_00007_100","O3","Ozone (air)","P1Y-dx-avg","1 year daymax average","2016","59.205","ug/m3","97.27","1","Background","Suburban","4.3586","50.7966","101.0","Bruxelles / Brussel                                                             ","BE001C1                                           ","1223364","E1a/validated data AQ e-Reporting","18/03/2023 22:27:48","http://fme.discomap.eea.europa.eu/fmedatastreaming/AirQualityDownload/AQData_Extract.fmw?CountryCode=BE&CityName=&Pollutant=7&Year_from=2016&Year_to=2016&Station=STA-BETR012&Samplingpoint=&Source=E1a&Output=HTML&UpdateDate="
"Belgium","NET-Brussels","Brussels","BETN043","41N043 - HAREN","SPO-BETN043_06001_100","PM2.5","Particulate matter < 2.5 µm (aerosol)","P1Y-day-per50","1 year 50 %ile of daily values in a year","2016","14.165","ug/m3","96.45","1","Industrial","Suburban","4.3830","50.8837","17.0","Bruxelles / Brussel                                                             ","BE001C1                                           ","1223364","E1a/validated data AQ e-Reporting","18/03/2023 22:11:51","http://fme.discomap.eea.europa.eu/fmedatastreaming/AirQualityDownload/AQData_Extract.fmw?CountryCode=BE&CityName=&Pollutant=6001&Year_from=2016&Year_to=2016&Station=STA-BETN043&Samplingpoint=&Source=E1a&Output=HTML&UpdateDate="
"Belgium","NET-Brussels","Brussels","BETB004","41B004 - STE.CATHERI","SPO-BETB004_00007_100","O3","Ozone (air)","P1Y-maxP6M-P8H-dmax","Yearly highest six monthly average of daily maximum 8-hour mean concentration","2016","66.757","ug/m3","100.00","1","Background","Urban","4.3478","50.8521","17.0","Bruxelles / Brussel                                                             ","BE001C1                                           ","1223364","E1a/validated data AQ e-Reporting","18/03/2023 22:58:54","http://fme.discomap.eea.europa.eu/fmedatastreaming/AirQualityDownload/AQData_Extract.fmw?CountryCode=BE&CityName=&Pollutant=7&Year_from=2016&Year_to=2016&Station=STA-BETB004&Samplingpoint=&Source=E1a&Output=HTML&UpdateDate="
"Belgium","NET-Brussels","Brussels","BETN043","41N043 - HAREN","SPO-BETN043_00010_100","CO","Carbon monoxide (air)","P1Y-P1D-per99","1 year 99 percentile of daily means (P1D) or .../aq/primaryObservation/day","2016","0.986","mg/m3","98.91","1","Industrial","Suburban","4.3830","50.8837","17.0","Bruxelles / Brussel                                                             ","BE001C1                                           ","1223364","E1a/validated data AQ e-Reporting","18/03/2023 22:11:26","http://fme.discomap.eea.europa.eu/fmedatastreaming/AirQualityDownload/AQData_Extract.fmw?CountryCode=BE&CityName=&Pollutant=10&Year_from=2016&Year_to=2016&Station=STA-BETN043&Samplingpoint=&Source=E1a&Output=HTML&UpdateDate="
"Belgium","NET-Brussels","Brussels","BETB006","41B006 - PARL.EUROPE","SPO-BETB006_00008_100","NO2","Nitrogen dioxide (air)","P1Y-day-per50","1 year 50 %ile of daily values in a year","2016","32.542","ug/m3","37.43","1","Background","Urban","4.3744","50.8386","67.0","Bruxelles / Brussel                                                             ","BE001C1                                           ","1223364","E1a/validated data AQ e-Reporting","18/03/2023 22:14:21","http://fme.discomap.eea.europa.eu/fmedatastreaming/AirQualityDownload/AQData_Extract.fmw?CountryCode=BE&CityName=&Pollutant=8&Year_from=2016&Year_to=2016&Station=STA-BETB006&Samplingpoint=&Source=E1a&Output=HTML&UpdateDate="
"Belgium","NET-Brussels","Brussels","BETMEU1","41MEU1 - MEUDON","SPO-BETMEU1_06001_100","PM2.5","Particulate matter < 2.5 µm (aerosol)","P1Y-hr-min","1 year hour min","2016","0.500","ug/m3","96.51","1","Background","Suburban","4.3957","50.8950","34.0","Bruxelles / Brussel                                                             ","BE001C1                                           ","1223364","E1a/validated data AQ e-Reporting","18/03/2023 22:31:20","http://fme.discomap.eea.europa.eu/fmedatastreaming/AirQualityDownload/AQData_Extract.fmw?CountryCode=BE&CityName=&Pollutant=6001&Year_from=2016&Year_to=2016&Station=STA-BETMEU1&Samplingpoint=&Source=E1a&Output=HTML&UpdateDate="
"Belgium","NET-Flanders","Flanders","BEDR802","65R802 - BORGERHOUT","SPO-BEDR802_07465_100","Naphthalene","Naphthalene (precip+dry_dep)","P1Y","Annual mean / 1 calendar year","2016","53.269","ng/m2/day","92.62","1","Background","Urban","4.4317","51.2094","0.0","Antwerpen                                                                       ","BE002C1                                           ","530014","E1a/validated data AQ e-Reporting","18/03/2023 21:08:58","http://fme.discomap.eea.europa.eu/fmedatastreaming/AirQualityDownload/AQData_Extract.fmw?CountryCode=BE&CityName=&Pollutant=7465&Year_from=2016&Year_to=2016&Station=STA-BEDR802&Samplingpoint=&Source=E1a&Output=HTML&UpdateDate="
"Belgium","NET-Brussels","Brussels","BETWOL1","41WOL1 - WOL.ST.L.","SPO-BETWOL1_00007_100","O3","Ozone (air)","SOMO10","Sum of Ozone Means Over 10 ppb","2016","10002.780","ug/m3","97.54","1","Traffic","Suburban","4.4258","50.8567","78.0","Bruxelles / Brussel                                                             ","BE001C1                                           ","1223364","E1a/validated data AQ e-Reporting","18/03/2023 22:59:50","http://fme.discomap.eea.europa.eu/fmedatastreaming/AirQualityDownload/AQData_Extract.fmw?CountryCode=BE&CityName=&Pollutant=7&Year_from=2016&Year_to=2016&Station=STA-BETWOL1&Samplingpoint=&Source=E1a&Output=HTML&UpdateDate="
"Belgium","NET-Brussels","Brussels","BETWOL1","41WOL1 - WOL.ST.L.","SPO-BETWOL1_00008_100","NO2","Nitrogen dioxide (air)","P1Y-3hAbove400","3 consecutive hours in exceedance of 400","2016","0.000","count","96.81","1","Traffic","Suburban","4.4258","50.8567","78.0","Bruxelles / Brussel                                                             ","BE001C1                                           ","1223364","E1a/validated data AQ e-Reporting","18/03/2023 22:22:30","http://fme.discomap.eea.europa.eu/fmedatastreaming/AirQualityDownload/AQData_Extract.fmw?CountryCode=BE&CityName=&Pollutant=8&Year_from=2016&Year_to=2016&Station=STA-BETWOL1&Samplingpoint=&Source=E1a&Output=HTML&UpdateDate="
"Belgium","NET-Flanders","Flanders","BELOB01","40OB01 - OOSTROZEBEK","SPO-BELOB01_06001_100","PM2.5","Particulate matter < 2.5 µm (aerosol)","P1Y-day-per50","1 year 50 %ile of daily values in a year","2016","14.458","ug/m3","99.73","1","Industrial","Rural","3.3074","50.9172","44.0","","","","E1a/validated data AQ e-Reporting","18/03/2023 22:11:51","http://fme.discomap.eea.europa.eu/fmedatastreaming/AirQualityDownload/AQData_Extract.fmw?CountryCode=BE&CityName=&Pollutant=6001&Year_from=2016&Year_to=2016&Station=STA-BELOB01&Samplingpoint=&Source=E1a&Output=HTML&UpdateDate="
"Belgium","NET-Flanders","Flanders","BELOB01","40OB01 - OOSTROZEBEK","SPO-BELOB01_06001_100","PM2.5","Particulate matter < 2.5 µm (aerosol)","P1Y-hr-max","1 year hour max","2016","108.500","ug/m3","99.73","1","Industrial","Rural","3.3074","50.9172","44.0","","","","E1a/validated data AQ e-Reporting","18/03/2023 21:57:02","http://fme.discomap.eea.europa.eu/fmedatastreaming/AirQualityDownload/AQData_Extract.fmw?CountryCode=BE&CityName=&Pollutant=6001&Year_from=2016&Year_to=2016&Station=STA-BELOB01&Samplingpoint=&Source=E1a&Output=HTML&UpdateDate="
"Belgium","NET-Flanders","Flanders","BETM802","42M802 - ANTWERPEN","SPO-BETM802_00008_100","NO2","Nitrogen dioxide (air)","P1Y-P1D-per99","1 year 99 percentile of daily means (P1D) or .../aq/primaryObservation/day","2016","73.625","ug/m3","96.45","1","Industrial","Suburban","4.4244","51.2610","3.0","Antwerpen                                                                       ","BE002C1                                           ","530014","E1a/validated data AQ e-Reporting","18/03/2023 22:10:34","http://fme.discomap.eea.europa.eu/fmedatastreaming/AirQualityDownload/AQData_Extract.fmw?CountryCode=BE&CityName=&Pollutant=8&Year_from=2016&Year_to=2016&Station=STA-BETM802&Samplingpoint=&Source=E1a&Output=HTML&UpdateDate="
"Belgium","NET-Flanders","Flanders","BETN012","44N012 - MOERKERKE","SPO-BETN012_00005_100","PM10","Particulate matter < 10 µm (aerosol)","P1Y-hr-per50","1 year 50 percentile","2016","15.600","ug/m3","99.57","1","Background","Rural","3.3625","51.2546","3.0","","","","E1a/validated data AQ e-Reporting","18/03/2023 22:05:49","http://fme.discomap.eea.europa.eu/fmedatastreaming/AirQualityDownload/AQData_Extract.fmw?CountryCode=BE&CityName=&Pollutant=5&Year_from=2016&Year_to=2016&Station=STA-BETN012&Samplingpoint=&Source=E1a&Output=HTML&UpdateDate="
"Belgium","NET-Flanders","Flanders","BELSZ02","40SZ02 - STEENOKKERZ","SPO-BELSZ02_00005_100","PM10","Particulate matter < 10 µm (aerosol)","P1Y-daysAbove50","1 year day exceed 50","2016","9.000","count","98.63","1","Industrial","Rural","4.5122","50.9130","15.0","","","","E1a/validated data AQ e-Reporting","18/03/2023 22:27:00","http://fme.discomap.eea.europa.eu/fmedatastreaming/AirQualityDownload/AQData_Extract.fmw?CountryCode=BE&CityName=&Pollutant=5&Year_from=2016&Year_to=2016&Station=STA-BELSZ02&Samplingpoint=&Source=E1a&Output=HTML&UpdateDate="
"Belgium","NET-Brussels","Brussels","BETWOL1","41WOL1 - WOL.ST.L.","SPO-BETWOL1_00005_100","PM10","Particulate matter < 10 µm (aerosol)","P1Y-hr-max","1 year hour max","2016","98.500","ug/m3","96.21","1","Traffic","Suburban","4.4258","50.8567","78.0","Bruxelles / Brussel                                                             ","BE001C1                                           ","1223364","E1a/validated data AQ e-Reporting","18/03/2023 21:57:02","http://fme.discomap.eea.europa.eu/fmedatastreaming/AirQualityDownload/AQData_Extract.fmw?CountryCode=BE&CityName=&Pollutant=5&Year_from=2016&Year_to=2016&Station=STA-BETWOL1&Samplingpoint=&Source=E1a&Output=HTML&UpdateDate="
"Belgium","NET-Brussels","Brussels","BETN043","41N043 - HAREN","SPO-BETN043_00391_100","Black Carbon","black_carbon (aerosol)","P1Y-hr-max","1 year hour max","2016","19.160","ug/m3","96.80","1","Industrial","Suburban","4.3830","50.8837","17.0","Bruxelles / Brussel                                                             ","BE001C1                                           ","1223364","E1a/validated data AQ e-Reporting","18/03/2023 21:57:02","http://fme.discomap.eea.europa.eu/fmedatastreaming/AirQualityDownload/AQData_Extract.fmw?CountryCode=BE&CityName=&Pollutant=391&Year_from=2016&Year_to=2016&Station=STA-BETN043&Samplingpoint=&Source=E1a&Output=HTML&UpdateDate="
"Belgium","NET-Brussels","Brussels","BETN043","41N043 - HAREN","SPO-BETN043_06001_100","PM2.5","Particulate matter < 2.5 µm (aerosol)","P1Y-hr-min","1 year hour min","2016","0.350","ug/m3","94.50","1","Industrial","Suburban","4.3830","50.8837","17.0","Bruxelles / Brussel                                                             ","BE001C1                                           ","1223364","E1a/validated data AQ e-Reporting","18/03/2023 22:31:20","http://fme.discomap.eea.europa.eu/fmedatastreaming/AirQualityDownload/AQData_Extract.fmw?CountryCode=BE&CityName=&Pollutant=6001&Year_from=2016&Year_to=2016&Station=STA-BETN043&Samplingpoint=&Source=E1a&Output=HTML&UpdateDate="
"Belgium","NET-Brussels","Brussels","BETB004","41B004 - STE.CATHERI","SPO-BETB004_00010_100","CO","Carbon monoxide (air)","P1Y-hr-per50","1 year 50 percentile","2016","0.175","mg/m3","90.68","1","Background","Urban","4.3478","50.8521","17.0","Bruxelles / Brussel                                                             ","BE001C1                                           ","1223364","E1a/validated data AQ e-Reporting","18/03/2023 22:05:49","http://fme.discomap.eea.europa.eu/fmedatastreaming/AirQualityDownload/AQData_Extract.fmw?CountryCode=BE&CityName=&Pollutant=10&Year_from=2016&Year_to=2016&Station=STA-BETB004&Samplingpoint=&Source=E1a&Output=HTML&UpdateDate="
"Belgium","NET-Brussels","Brussels","BETWOL1","41WOL1 - WOL.ST.L.","SPO-BETWOL1_00008_100","NO2","Nitrogen dioxide (air)","P1Y-hrsAbove200","1 year hour exceed 200","2016","0.000","count","96.81","1","Traffic","Suburban","4.4258","50.8567","78.0","Bruxelles / Brussel                                                             ","BE001C1                                           ","1223364","E1a/validated data AQ e-Reporting","18/03/2023 21:48:42","http://fme.discomap.eea.europa.eu/fmedatastreaming/AirQualityDownload/AQData_Extract.fmw?CountryCode=BE&CityName=&Pollutant=8&Year_from=2016&Year_to=2016&Station=STA-BETWOL1&Samplingpoint=&Source=E1a&Output=HTML&UpdateDate="
"Belgium","NET-Brussels","Brussels","BETMEU1","41MEU1 - MEUDON","SPO-BETMEU1_00001_100","SO2","Sulphur dioxide (air)","P1Y-day-max4","1 year day max 4","2016","2.891","ug/m3","13.93","1","Background","Suburban","4.3957","50.8950","34.0","Bruxelles / Brussel                                                             ","BE001C1                                           ","1223364","E1a/validated data AQ e-Reporting","18/03/2023 22:31:46","http://fme.discomap.eea.europa.eu/fmedatastreaming/AirQualityDownload/AQData_Extract.fmw?CountryCode=BE&CityName=&Pollutant=1&Year_from=2016&Year_to=2016&Station=STA-BETMEU1&Samplingpoint=&Source=E1a&Output=HTML&UpdateDate="
"Belgium","NET-Brussels","Brussels","BETWOL1","41WOL1 - WOL.ST.L.","SPO-BETWOL1_00001_100","SO2","Sulphur dioxide (air)","P1Y-day-max4","1 year day max 4","2016","5.729","ug/m3","93.17","1","Traffic","Suburban","4.4258","50.8567","78.0","Bruxelles / Brussel                                                             ","BE001C1                                           ","1223364","E1a/validated data AQ e-Reporting","18/03/2023 22:31:46","http://fme.discomap.eea.europa.eu/fmedatastreaming/AirQualityDownload/AQData_Extract.fmw?CountryCode=BE&CityName=&Pollutant=1&Year_from=2016&Year_to=2016&Station=STA-BETWOL1&Samplingpoint=&Source=E1a&Output=HTML&UpdateDate="
"Belgium","NET-Brussels","Brussels","BEVWOL1","51WOL1 - WOL.ST.L.","SPO-BEVWOL1_00486_100","H3C-(CH2)3-CH3","n-Pentane (air)","P1Y","Annual mean / 1 calendar year","2016","0.000","ug/m3","87.16","1","Background","Suburban","4.4257","50.8566","77.0","Bruxelles / Brussel                                                             ","BE001C1                                           ","1223364","E1a/validated data AQ e-Reporting","18/03/2023 21:08:58","http://fme.discomap.eea.europa.eu/fmedatastreaming/AirQualityDownload/AQData_Extract.fmw?CountryCode=BE&CityName=&Pollutant=486&Year_from=2016&Year_to=2016&Station=STA-BEVWOL1&Samplingpoint=&Source=E1a&Output=HTML&UpdateDate="
"Belgium","NET-Flanders","Flanders","BEDR750","65R750 - ZELZATE
","SPO-BEDR750_07352_100","Acenaphthylene","Acenaphthylene (precip+dry_dep)","P1Y","Annual mean / 1 calendar year","2016","17.290","ng/m2/day","92.62","1","Industrial","Suburban","3.8229","51.1961","0.0","","","","E1a/validated data AQ e-Reporting","18/03/2023 21:08:58","http://fme.discomap.eea.europa.eu/fmedatastreaming/AirQualityDownload/AQData_Extract.fmw?CountryCode=BE&CityName=&Pollutant=7352&Year_from=2016&Year_to=2016&Station=STA-BEDR750&Samplingpoint=&Source=E1a&Output=HTML&UpdateDate="
"Belgium","NET-Flanders","Flanders","BEGR801","26R801 - BORGERHOUT","SPO-BEGR801_01045_100","NH4+ in PM2.5","Ammonium in PM2.5 (aerosol)","P1Y","Annual mean / 1 calendar year","2016","2.740","ug/m3","0.01","1","Background","Urban","4.4318","51.2097","6.0","Antwerpen                                                                       ","BE002C1                                           ","530014","E1a/validated data AQ e-Reporting","18/03/2023 21:08:58","http://fme.discomap.eea.europa.eu/fmedatastreaming/AirQualityDownload/AQData_Extract.fmw?CountryCode=BE&CityName=&Pollutant=1045&Year_from=2016&Year_to=2016&Station=STA-BEGR801&Samplingpoint=&Source=E1a&Output=HTML&UpdateDate="
"Belgium","NET-Flanders","Flanders","BELSA04","40SA04 - Hoevenen","SPO-BELSA04_00005_100","PM10","Particulate matter < 10 µm (aerosol)","P1Y-P1D-per90.41","1 year 90.41 percentile","2016","34.857","ug/m3","98.91","1","Industrial","Rural","4.4039","51.3139","6.0","","","","E1a/validated data AQ e-Reporting","18/03/2023 22:09:05","http://fme.discomap.eea.europa.eu/fmedatastreaming/AirQualityDownload/AQData_Extract.fmw?CountryCode=BE&CityName=&Pollutant=5&Year_from=2016&Year_to=2016&Station=STA-BELSA04&Samplingpoint=&Source=E1a&Output=HTML&UpdateDate="
"Belgium","NET-Brussels","Brussels","BETB006","41B006 - PARL.EUROPE","SPO-BETB006_00010_100","CO","Carbon monoxide (air)","P1Y-P1D-per99","1 year 99 percentile of daily means (P1D) or .../aq/primaryObservation/day","2016","0.268","mg/m3","50.55","1","Background","Urban","4.3744","50.8386","67.0","Bruxelles / Brussel                                                             ","BE001C1                                           ","1223364","E1a/validated data AQ e-Reporting","18/03/2023 22:11:26","http://fme.discomap.eea.europa.eu/fmedatastreaming/AirQualityDownload/AQData_Extract.fmw?CountryCode=BE&CityName=&Pollutant=10&Year_from=2016&Year_to=2016&Station=STA-BETB006&Samplingpoint=&Source=E1a&Output=HTML&UpdateDate="
"Belgium","NET-Brussels","Brussels","BETB004","41B004 - STE.CATHERI","SPO-BETB004_00008_100","NO2","Nitrogen dioxide (air)","P1Y-day-min","1 year day min","2016","7.543","ug/m3","99.18","1","Background","Urban","4.3478","50.8521","17.0","Bruxelles / Brussel                                                             ","BE001C1                                           ","1223364","E1a/validated data AQ e-Reporting","18/03/2023 21:56:03","http://fme.discomap.eea.europa.eu/fmedatastreaming/AirQualityDownload/AQData_Extract.fmw?CountryCode=BE&CityName=&Pollutant=8&Year_from=2016&Year_to=2016&Station=STA-BETB004&Samplingpoint=&Source=E1a&Output=HTML&UpdateDate="
"Belgium","NET-Brussels","Brussels","BETB004","41B004 - STE.CATHERI","SPO-BETB004_00008_100","NO2","Nitrogen dioxide (air)","P1Y-hr-per50","1 year 50 percentile","2016","30.000","ug/m3","96.82","1","Background","Urban","4.3478","50.8521","17.0","Bruxelles / Brussel                                                             ","BE001C1                                           ","1223364","E1a/validated data AQ e-Reporting","18/03/2023 22:05:49","http://fme.discomap.eea.europa.eu/fmedatastreaming/AirQualityDownload/AQData_Extract.fmw?CountryCode=BE&CityName=&Pollutant=8&Year_from=2016&Year_to=2016&Station=STA-BETB004&Samplingpoint=&Source=E1a&Output=HTML&UpdateDate="
"Belgium","NET-Flanders","Flanders","BELHB23","40HB23 - HOBOKEN","SPO-BELHB23_00001_100","SO2","Sulphur dioxide (air)","P1Y-hrsAbove350","1 year hour exceed 350","2016","0.000","count","95.32","1","Industrial","Suburban","4.3410","51.1703","13.0","Antwerpen                                                                       ","BE002C1                                           ","530014","E1a/validated data AQ e-Reporting","18/03/2023 21:52:12","http://fme.discomap.eea.europa.eu/fmedatastreaming/AirQualityDownload/AQData_Extract.fmw?CountryCode=BE&CityName=&Pollutant=1&Year_from=2016&Year_to=2016&Station=STA-BELHB23&Samplingpoint=&Source=E1a&Output=HTML&UpdateDate="
"Belgium","NET-Brussels","Brussels","BETR001","41R001 - MOLENBEEK","SPO-BETR001_00007_100","O3","Ozone (air)","AOT40cmeasured","AOT40c UNCORRECTED for data capture","2016","2701.000","ug/m3","99.37","1","Background","Urban","4.3341","50.8497","20.0","Bruxelles / Brussel                                                             ","BE001C1                                           ","1223364","E1a/validated data AQ e-Reporting","18/03/2023 23:01:40","http://fme.discomap.eea.europa.eu/fmedatastreaming/AirQualityDownload/AQData_Extract.fmw?CountryCode=BE&CityName=&Pollutant=7&Year_from=2016&Year_to=2016&Station=STA-BETR001&Samplingpoint=&Source=E1a&Output=HTML&UpdateDate="
"Belgium","NET-Brussels","Brussels","BEVR012","51R012 - UCCLE","SPO-BEVR012_00020_100","C6H6","Benzene (air)","P1Y","Annual mean / 1 calendar year","2016","0.492","ug/m3","92.62","1","Background","Suburban","4.3585","50.7966","100.0","Bruxelles / Brussel                                                             ","BE001C1                                           ","1223364","E1a/validated data AQ e-Reporting","18/03/2023 21:08:58","http://fme.discomap.eea.europa.eu/fmedatastreaming/AirQualityDownload/AQData_Extract.fmw?CountryCode=BE&CityName=&Pollutant=20&Year_from=2016&Year_to=2016&Station=STA-BEVR012&Samplingpoint=&Source=E1a&Output=HTML&UpdateDate="
"Belgium","NET-Brussels","Brussels","BETWOL1","41WOL1 - WOL.ST.L.","SPO-BETWOL1_00008_100","NO2","Nitrogen dioxide (air)","P1Y-day-max","1 year day max","2016","69.708","ug/m3","98.09","1","Traffic","Suburban","4.4258","50.8567","78.0","Bruxelles / Brussel                                                             ","BE001C1                                           ","1223364","E1a/validated data AQ e-Reporting","18/03/2023 21:43:56","http://fme.discomap.eea.europa.eu/fmedatastreaming/AirQualityDownload/AQData_Extract.fmw?CountryCode=BE&CityName=&Pollutant=8&Year_from=2016&Year_to=2016&Station=STA-BETWOL1&Samplingpoint=&Source=E1a&Output=HTML&UpdateDate="
"Belgium","NET-Flanders","Flanders","BELLD01","40LD01 - LAAKDAL","SPO-BELLD01_00020_100","C6H6","Benzene (air)","P1Y-hr-min","1 year hour min","2016","0.050","ug/m3","96.05","1","Industrial","Rural","5.0049","51.1100","20.0","","","","E1a/validated data AQ e-Reporting","18/03/2023 22:31:20","http://fme.discomap.eea.europa.eu/fmedatastreaming/AirQualityDownload/AQData_Extract.fmw?CountryCode=BE&CityName=&Pollutant=20&Year_from=2016&Year_to=2016&Station=STA-BELLD01&Samplingpoint=&Source=E1a&Output=HTML&UpdateDate="
"Belgium","NET-Flanders","Flanders","BEDGI05","65GI05 - GRIMBERGEN
","SPO-BEDGI05_07406_100","Chrysene","Chrysene (precip+dry_dep)","P1Y","Annual mean / 1 calendar year","2016","70.423","ng/m2/day","22.95","1","Background","Suburban","4.4189","50.9482","0.0","","","","E1a/validated data AQ e-Reporting","18/03/2023 21:08:58","http://fme.discomap.eea.europa.eu/fmedatastreaming/AirQualityDownload/AQData_Extract.fmw?CountryCode=BE&CityName=&Pollutant=7406&Year_from=2016&Year_to=2016&Station=STA-BEDGI05&Samplingpoint=&Source=E1a&Output=HTML&UpdateDate="
"Belgium","NET-Flanders","Flanders","BEDN029","65N029 - HOUTEM
","SPO-BEDN029_00717_100","Pyrene","pyrene (precip+dry_dep)","P1Y","Annual mean / 1 calendar year","2016","19.245","ng/m2/day","92.62","1","Background","Rural","2.5823","51.0163","0.0","","","","E1a/validated data AQ e-Reporting","18/03/2023 21:08:58","http://fme.discomap.eea.europa.eu/fmedatastreaming/AirQualityDownload/AQData_Extract.fmw?CountryCode=BE&CityName=&Pollutant=717&Year_from=2016&Year_to=2016&Station=STA-BEDN029&Samplingpoint=&Source=E1a&Output=HTML&UpdateDate="
"Belgium","NET-Flanders","Flanders","BELLD01","40LD01 - LAAKDAL","SPO-BELLD01_00008_100","NO2","Nitrogen dioxide (air)","P1Y-hrsAbove400","1 year hour exceed 400","2016","0.000","count","95.49","1","Industrial","Rural","5.0049","51.1100","20.0","","","","E1a/validated data AQ e-Reporting","18/03/2023 21:54:38","http://fme.discomap.eea.europa.eu/fmedatastreaming/AirQualityDownload/AQData_Extract.fmw?CountryCode=BE&CityName=&Pollutant=8&Year_from=2016&Year_to=2016&Station=STA-BELLD01&Samplingpoint=&Source=E1a&Output=HTML&UpdateDate="
"Belgium","NET-Brussels","Brussels","BETMEU1","41MEU1 - MEUDON","SPO-BETMEU1_00001_100","SO2","Sulphur dioxide (air)","P1Y-hr-min","1 year hour min","2016","2.000","ug/m3","14.09","1","Background","Suburban","4.3957","50.8950","34.0","Bruxelles / Brussel                                                             ","BE001C1                                           ","1223364","E1a/validated data AQ e-Reporting","18/03/2023 22:31:20","http://fme.discomap.eea.europa.eu/fmedatastreaming/AirQualityDownload/AQData_Extract.fmw?CountryCode=BE&CityName=&Pollutant=1&Year_from=2016&Year_to=2016&Station=STA-BETMEU1&Samplingpoint=&Source=E1a&Output=HTML&UpdateDate="
"Belgium","NET-Brussels","Brussels","BETMEU1","41MEU1 - MEUDON","SPO-BETMEU1_00005_100","PM10","Particulate matter < 10 µm (aerosol)","P1Y-day-max36","1 year day max 36","2016","34.417","ug/m3","92.35","1","Background","Suburban","4.3957","50.8950","34.0","Bruxelles / Brussel                                                             ","BE001C1                                           ","1223364","E1a/validated data AQ e-Reporting","18/03/2023 22:32:47","http://fme.discomap.eea.europa.eu/fmedatastreaming/AirQualityDownload/AQData_Extract.fmw?CountryCode=BE&CityName=&Pollutant=5&Year_from=2016&Year_to=2016&Station=STA-BETMEU1&Samplingpoint=&Source=E1a&Output=HTML&UpdateDate="
"Belgium","NET-Flanders","Flanders","BEGR701","26R701 - GENT","SPO-BEGR701_01659_100","Mg2+ in PM2.5","magnesium in PM2.5 (aerosol)","P1Y","Annual mean / 1 calendar year","2016","0.020","ug/m3","0.01","1","Background","Urban","3.7293","51.0583","5.0","Gent                                                                            ","BE003C1                                           ","263687","E1a/validated data AQ e-Reporting","18/03/2023 21:08:58","http://fme.discomap.eea.europa.eu/fmedatastreaming/AirQualityDownload/AQData_Extract.fmw?CountryCode=BE&CityName=&Pollutant=1659&Year_from=2016&Year_to=2016&Station=STA-BEGR701&Samplingpoint=&Source=E1a&Output=HTML&UpdateDate="
"Belgium","NET-Flanders","Flanders","BELSA04","40SA04 - Hoevenen","SPO-BELSA04_00005_100","PM10","Particulate matter < 10 µm (aerosol)","P1Y-P1D-per90.4","1 year 90.4 percentile - COMPLIANCE","2016","34.857","ug/m3","98.91","1","Industrial","Rural","4.4039","51.3139","6.0","","","","E1a/validated data AQ e-Reporting","18/03/2023 22:08:35","http://fme.discomap.eea.europa.eu/fmedatastreaming/AirQualityDownload/AQData_Extract.fmw?CountryCode=BE&CityName=&Pollutant=5&Year_from=2016&Year_to=2016&Station=STA-BELSA04&Samplingpoint=&Source=E1a&Output=HTML&UpdateDate="
"Belgium","NET-Brussels","Brussels","BETN043","41N043 - HAREN","SPO-BETN043_06001_100","PM2.5","Particulate matter < 2.5 µm (aerosol)","P1Y-hr-per50","1 year 50 percentile","2016","13.900","ug/m3","94.50","1","Industrial","Suburban","4.3830","50.8837","17.0","Bruxelles / Brussel                                                             ","BE001C1                                           ","1223364","E1a/validated data AQ e-Reporting","18/03/2023 22:05:49","http://fme.discomap.eea.europa.eu/fmedatastreaming/AirQualityDownload/AQData_Extract.fmw?CountryCode=BE&CityName=&Pollutant=6001&Year_from=2016&Year_to=2016&Station=STA-BETN043&Samplingpoint=&Source=E1a&Output=HTML&UpdateDate="
"Belgium","NET-Brussels","Brussels","BETR002","41R002 - IXELLES","SPO-BETR002_00001_100","SO2","Sulphur dioxide (air)","P1Y-day-min","1 year day min","2016","0.200","ug/m3","97.81","1","Traffic","Urban","4.3846","50.8251","76.0","Bruxelles / Brussel                                                             ","BE001C1                                           ","1223364","E1a/validated data AQ e-Reporting","18/03/2023 21:54:56","http://fme.discomap.eea.europa.eu/fmedatastreaming/AirQualityDownload/AQData_Extract.fmw?CountryCode=BE&CityName=&Pollutant=1&Year_from=2016&Year_to=2016&Station=STA-BETR002&Samplingpoint=&Source=E1a&Output=HTML&UpdateDate="
"Belgium","NET-Brussels","Brussels","BETR002","41R002 - IXELLES","SPO-BETR002_00008_100","NO2","Nitrogen dioxide (air)","P1Y-hr-max","1 year hour max","2016","160.000","ug/m3","96.77","1","Traffic","Urban","4.3846","50.8251","76.0","Bruxelles / Brussel                                                             ","BE001C1                                           ","1223364","E1a/validated data AQ e-Reporting","18/03/2023 21:57:02","http://fme.discomap.eea.europa.eu/fmedatastreaming/AirQualityDownload/AQData_Extract.fmw?CountryCode=BE&CityName=&Pollutant=8&Year_from=2016&Year_to=2016&Station=STA-BETR002&Samplingpoint=&Source=E1a&Output=HTML&UpdateDate="
"Belgium","NET-Brussels","Brussels","BETR002","41R002 - IXELLES","SPO-BETR002_00010_100","CO","Carbon monoxide (air)","P1Y-dx-max","1 year day max max","2016","1.329","mg/m3","97.54","1","Traffic","Urban","4.3846","50.8251","76.0","Bruxelles / Brussel                                                             ","BE001C1                                           ","1223364","E1a/validated data AQ e-Reporting","18/03/2023 21:44:39","http://fme.discomap.eea.europa.eu/fmedatastreaming/AirQualityDownload/AQData_Extract.fmw?CountryCode=BE&CityName=&Pollutant=10&Year_from=2016&Year_to=2016&Station=STA-BETR002&Samplingpoint=&Source=E1a&Output=HTML&UpdateDate="
"Belgium","NET-Flanders","Flanders","BELAL05","40AL05 - BEVEREN","SPO-BELAL05_00005_100","PM10","Particulate matter < 10 µm (aerosol)","P1Y-day-min","1 year day min","2016","5.188","ug/m3","94.54","1","Industrial","Rural","4.2789","51.2631","8.0","","","","E1a/validated data AQ e-Reporting","18/03/2023 21:55:13","http://fme.discomap.eea.europa.eu/fmedatastreaming/AirQualityDownload/AQData_Extract.fmw?CountryCode=BE&CityName=&Pollutant=5&Year_from=2016&Year_to=2016&Station=STA-BELAL05&Samplingpoint=&Source=E1a&Output=HTML&UpdateDate="
"Belgium","NET-Brussels","Brussels","BETB006","41B006 - PARL.EUROPE","SPO-BETB006_00008_100","NO2","Nitrogen dioxide (air)","P1Y-hr-max-per99.79","1 year 99.79 %ile of hourly values in a given year","2016","102.500","ug/m3","36.44","1","Background","Urban","4.3744","50.8386","67.0","Bruxelles / Brussel                                                             ","BE001C1                                           ","1223364","E1a/validated data AQ e-Reporting","18/03/2023 22:07:35","http://fme.discomap.eea.europa.eu/fmedatastreaming/AirQualityDownload/AQData_Extract.fmw?CountryCode=BE&CityName=&Pollutant=8&Year_from=2016&Year_to=2016&Station=STA-BETB006&Samplingpoint=&Source=E1a&Output=HTML&UpdateDate="
"Belgium","NET-Flanders","Flanders","BELLM05","40LM05 - LOMMEL","SPO-BELLM05_00001_100","SO2","Sulphur dioxide (air)","winter-avg","Winter mean","2016","6.755","ug/m3","96.13","1","Industrial","Rural","5.2581","51.2151","2.0","","","","E1a/validated data AQ e-Reporting","18/03/2023 22:50:43","http://fme.discomap.eea.europa.eu/fmedatastreaming/AirQualityDownload/AQData_Extract.fmw?CountryCode=BE&CityName=&Pollutant=1&Year_from=2016&Year_to=2016&Station=STA-BELLM05&Samplingpoint=&Source=E1a&Output=HTML&UpdateDate="
"Belgium","NET-Brussels","Brussels","BETR001","41R001 - MOLENBEEK","SPO-BETR001_00010_100","CO","Carbon monoxide (air)","P1Y-dx-avg","1 year daymax average","2016","0.374","mg/m3","93.17","1","Background","Urban","4.3341","50.8497","20.0","Bruxelles / Brussel                                                             ","BE001C1                                           ","1223364","E1a/validated data AQ e-Reporting","18/03/2023 22:27:48","http://fme.discomap.eea.europa.eu/fmedatastreaming/AirQualityDownload/AQData_Extract.fmw?CountryCode=BE&CityName=&Pollutant=10&Year_from=2016&Year_to=2016&Station=STA-BETR001&Samplingpoint=&Source=E1a&Output=HTML&UpdateDate="
"Belgium","NET-Brussels","Brussels","BETMEU1","41MEU1 - MEUDON","SPO-BETMEU1_00008_100","NO2","Nitrogen dioxide (air)","P1Y-hr-max","1 year hour max","2016","226.000","ug/m3","97.05","1","Background","Suburban","4.3957","50.8950","34.0","Bruxelles / Brussel                                                             ","BE001C1                                           ","1223364","E1a/validated data AQ e-Reporting","18/03/2023 21:57:02","http://fme.discomap.eea.europa.eu/fmedatastreaming/AirQualityDownload/AQData_Extract.fmw?CountryCode=BE&CityName=&Pollutant=8&Year_from=2016&Year_to=2016&Station=STA-BETMEU1&Samplingpoint=&Source=E1a&Output=HTML&UpdateDate="
"Belgium","NET-Brussels","Brussels","BETMEU1","41MEU1 - MEUDON","SPO-BETMEU1_06001_100","PM2.5","Particulate matter < 2.5 µm (aerosol)","P1Y-hr-max","1 year hour max","2016","106.500","ug/m3","96.51","1","Background","Suburban","4.3957","50.8950","34.0","Bruxelles / Brussel                                                             ","BE001C1                                           ","1223364","E1a/validated data AQ e-Reporting","18/03/2023 21:57:02","http://fme.discomap.eea.europa.eu/fmedatastreaming/AirQualityDownload/AQData_Extract.fmw?CountryCode=BE&CityName=&Pollutant=6001&Year_from=2016&Year_to=2016&Station=STA-BETMEU1&Samplingpoint=&Source=E1a&Output=HTML&UpdateDate="
"Belgium","NET-Brussels","Brussels","BETMEU1","41MEU1 - MEUDON","SPO-BETMEU1_06001_100","PM2.5","Particulate matter < 2.5 µm (aerosol)","P1Y-hr-per50","1 year 50 percentile","2016","11.000","ug/m3","96.51","1","Background","Suburban","4.3957","50.8950","34.0","Bruxelles / Brussel                                                             ","BE001C1                                           ","1223364","E1a/validated data AQ e-Reporting","18/03/2023 22:05:49","http://fme.discomap.eea.europa.eu/fmedatastreaming/AirQualityDownload/AQData_Extract.fmw?CountryCode=BE&CityName=&Pollutant=6001&Year_from=2016&Year_to=2016&Station=STA-BETMEU1&Samplingpoint=&Source=E1a&Output=HTML&UpdateDate="
"Belgium","NET-Brussels","Brussels","BETN043","41N043 - HAREN","SPO-BETN043_00007_100","O3","Ozone (air)","P1Y-day-max","1 year day max","2016","84.792","ug/m3","98.63","1","Industrial","Suburban","4.3830","50.8837","17.0","Bruxelles / Brussel                                                             ","BE001C1                                           ","1223364","E1a/validated data AQ e-Reporting","18/03/2023 21:44:13","http://fme.discomap.eea.europa.eu/fmedatastreaming/AirQualityDownload/AQData_Extract.fmw?CountryCode=BE&CityName=&Pollutant=7&Year_from=2016&Year_to=2016&Station=STA-BETN043&Samplingpoint=&Source=E1a&Output=HTML&UpdateDate="
"Belgium","NET-Brussels","Brussels","BETB011","41B011 - BERCHEM S.A","SPO-BETB011_00008_100","NO2","Nitrogen dioxide (air)","P1Y-hr-per50","1 year 50 percentile","2016","16.500","ug/m3","97.48","1","Background","Suburban","4.2887","50.8578","66.0","Bruxelles / Brussel                                                             ","BE001C1                                           ","1223364","E1a/validated data AQ e-Reporting","18/03/2023 22:05:49","http://fme.discomap.eea.europa.eu/fmedatastreaming/AirQualityDownload/AQData_Extract.fmw?CountryCode=BE&CityName=&Pollutant=8&Year_from=2016&Year_to=2016&Station=STA-BETB011&Samplingpoint=&Source=E1a&Output=HTML&UpdateDate="
"Belgium","NET-Brussels","Brussels","BETB004","41B004 - STE.CATHERI","SPO-BETB004_00007_100","O3","Ozone (air)","P1Y-hr-min","1 year hour min","2016","2.000","ug/m3","92.74","1","Background","Urban","4.3478","50.8521","17.0","Bruxelles / Brussel                                                             ","BE001C1                                           ","1223364","E1a/validated data AQ e-Reporting","18/03/2023 22:31:20","http://fme.discomap.eea.europa.eu/fmedatastreaming/AirQualityDownload/AQData_Extract.fmw?CountryCode=BE&CityName=&Pollutant=7&Year_from=2016&Year_to=2016&Station=STA-BETB004&Samplingpoint=&Source=E1a&Output=HTML&UpdateDate="
"Belgium","NET-Brussels","Brussels","BETB011","41B011 - BERCHEM S.A","SPO-BETB011_00005_100","PM10","Particulate matter < 10 µm (aerosol)","P1Y-hr-per50","1 year 50 percentile","2016","14.000","ug/m3","87.20","1","Background","Suburban","4.2887","50.8578","66.0","Bruxelles / Brussel                                                             ","BE001C1                                           ","1223364","E1a/validated data AQ e-Reporting","18/03/2023 22:05:49","http://fme.discomap.eea.europa.eu/fmedatastreaming/AirQualityDownload/AQData_Extract.fmw?CountryCode=BE&CityName=&Pollutant=5&Year_from=2016&Year_to=2016&Station=STA-BETB011&Samplingpoint=&Source=E1a&Output=HTML&UpdateDate="
"Belgium","NET-Brussels","Brussels","BEVWOL1","51WOL1 - WOL.ST.L.","SPO-BEVWOL1_00020_100","C6H6","Benzene (air)","P1Y-day-min","1 year day min","2016","0.100","ug/m3","94.54","1","Background","Suburban","4.4257","50.8566","77.0","Bruxelles / Brussel                                                             ","BE001C1                                           ","1223364","E1a/validated data AQ e-Reporting","18/03/2023 21:55:46","http://fme.discomap.eea.europa.eu/fmedatastreaming/AirQualityDownload/AQData_Extract.fmw?CountryCode=BE&CityName=&Pollutant=20&Year_from=2016&Year_to=2016&Station=STA-BEVWOL1&Samplingpoint=&Source=E1a&Output=HTML&UpdateDate="
"Belgium","NET-Flanders","Flanders","BEDHZ02","65HZ02 - HEUZDEN-ZOLDER
","SPO-BEDHZ02_07435_100","Fluorene","Fluorene (precip+dry_dep)","P1Y","Annual mean / 1 calendar year","2016","7.267","ng/m2/day","22.95","1","Industrial","Suburban","5.2477","50.9943","0.0","","","","E1a/validated data AQ e-Reporting","18/03/2023 21:08:58","http://fme.discomap.eea.europa.eu/fmedatastreaming/AirQualityDownload/AQData_Extract.fmw?CountryCode=BE&CityName=&Pollutant=7435&Year_from=2016&Year_to=2016&Station=STA-BEDHZ02&Samplingpoint=&Source=E1a&Output=HTML&UpdateDate="
"Belgium","NET-Brussels","Brussels","BETMEU1","41MEU1 - MEUDON","SPO-BETMEU1_00008_100","NO2","Nitrogen dioxide (air)","P1Y-day-min","1 year day min","2016","4.104","ug/m3","98.09","1","Background","Suburban","4.3957","50.8950","34.0","Bruxelles / Brussel                                                             ","BE001C1                                           ","1223364","E1a/validated data AQ e-Reporting","18/03/2023 21:56:03","http://fme.discomap.eea.europa.eu/fmedatastreaming/AirQualityDownload/AQData_Extract.fmw?CountryCode=BE&CityName=&Pollutant=8&Year_from=2016&Year_to=2016&Station=STA-BETMEU1&Samplingpoint=&Source=E1a&Output=HTML&UpdateDate="
"Belgium","NET-Brussels","Brussels","BETMEU1","41MEU1 - MEUDON","SPO-BETMEU1_00008_100","NO2","Nitrogen dioxide (air)","P1Y-hrsAbove200","1 year hour exceed 200","2016","1.000","count","97.05","1","Background","Suburban","4.3957","50.8950","34.0","Bruxelles / Brussel                                                             ","BE001C1                                           ","1223364","E1a/validated data AQ e-Reporting","18/03/2023 21:48:42","http://fme.discomap.eea.europa.eu/fmedatastreaming/AirQualityDownload/AQData_Extract.fmw?CountryCode=BE&CityName=&Pollutant=8&Year_from=2016&Year_to=2016&Station=STA-BETMEU1&Samplingpoint=&Source=E1a&Output=HTML&UpdateDate="
"Belgium","NET-Flanders","Flanders","BEDGI04","65GI04 - GRIMBERGEN
","SPO-BEDGI04_07380_100","Benzo(b,j,k)fluoranthene","Benzo(b,j,k)fluoranthene (precip+dry_dep)","P1Y","Annual mean / 1 calendar year","2016","32.417","ng/m2/day","22.95","1","Background","Suburban","4.4022","50.9352","0.0","","","","E1a/validated data AQ e-Reporting","18/03/2023 21:08:58","http://fme.discomap.eea.europa.eu/fmedatastreaming/AirQualityDownload/AQData_Extract.fmw?CountryCode=BE&CityName=&Pollutant=7380&Year_from=2016&Year_to=2016&Station=STA-BEDGI04&Samplingpoint=&Source=E1a&Output=HTML&UpdateDate="
"Belgium","NET-Brussels","Brussels","BETR012","41R012 - UCCLE","SPO-BETR012_00008_100","NO2","Nitrogen dioxide (air)","P1Y-P1D-per99","1 year 99 percentile of daily means (P1D) or .../aq/primaryObservation/day","2016","51.979","ug/m3","96.45","1","Background","Suburban","4.3586","50.7966","101.0","Bruxelles / Brussel                                                             ","BE001C1                                           ","1223364","E1a/validated data AQ e-Reporting","18/03/2023 22:10:34","http://fme.discomap.eea.europa.eu/fmedatastreaming/AirQualityDownload/AQData_Extract.fmw?CountryCode=BE&CityName=&Pollutant=8&Year_from=2016&Year_to=2016&Station=STA-BETR012&Samplingpoint=&Source=E1a&Output=HTML&UpdateDate="
"Belgium","NET-Flanders","Flanders","BEDGI05","65GI05 - GRIMBERGEN
","SPO-BEDGI05_07419_100","Dibenzo(ah)anthracene","Dibenzo(ah)anthracene (precip+dry_dep)","P1Y","Annual mean / 1 calendar year","2016","24.313","ng/m2/day","22.95","1","Background","Suburban","4.4189","50.9482","0.0","","","","E1a/validated data AQ e-Reporting","18/03/2023 21:08:58","http://fme.discomap.eea.europa.eu/fmedatastreaming/AirQualityDownload/AQData_Extract.fmw?CountryCode=BE&CityName=&Pollutant=7419&Year_from=2016&Year_to=2016&Station=STA-BEDGI05&Samplingpoint=&Source=E1a&Output=HTML&UpdateDate="
"Belgium","NET-Flanders","Flanders","BEDHZ02","65HZ02 - HEUZDEN-ZOLDER
","SPO-BEDHZ02_07380_100","Benzo(b,j,k)fluoranthene","Benzo(b,j,k)fluoranthene (precip+dry_dep)","P1Y","Annual mean / 1 calendar year","2016","38.563","ng/m2/day","22.95","1","Industrial","Suburban","5.2477","50.9943","0.0","","","","E1a/validated data AQ e-Reporting","18/03/2023 21:08:58","http://fme.discomap.eea.europa.eu/fmedatastreaming/AirQualityDownload/AQData_Extract.fmw?CountryCode=BE&CityName=&Pollutant=7380&Year_from=2016&Year_to=2016&Station=STA-BEDHZ02&Samplingpoint=&Source=E1a&Output=HTML&UpdateDate="
"Belgium","NET-Brussels","Brussels","BETB011","41B011 - BERCHEM S.A","SPO-BETB011_00007_100","O3","Ozone (air)","P1Y-dmax-per93.15","1 year 93.15 percentile daily 8h maximum","2016","101.125","ug/m3","99.18","1","Background","Suburban","4.2887","50.8578","66.0","Bruxelles / Brussel                                                             ","BE001C1                                           ","1223364","E1a/validated data AQ e-Reporting","18/03/2023 22:12:55","http://fme.discomap.eea.europa.eu/fmedatastreaming/AirQualityDownload/AQData_Extract.fmw?CountryCode=BE&CityName=&Pollutant=7&Year_from=2016&Year_to=2016&Station=STA-BETB011&Samplingpoint=&Source=E1a&Output=HTML&UpdateDate="
"Belgium","NET-Brussels","Brussels","BETMEU1","41MEU1 - MEUDON","SPO-BETMEU1_06001_100","PM2.5","Particulate matter < 2.5 µm (aerosol)","P1Y-day-max","1 year day max","2016","55.915","ug/m3","96.99","1","Background","Suburban","4.3957","50.8950","34.0","Bruxelles / Brussel                                                             ","BE001C1                                           ","1223364","E1a/validated data AQ e-Reporting","18/03/2023 21:43:22","http://fme.discomap.eea.europa.eu/fmedatastreaming/AirQualityDownload/AQData_Extract.fmw?CountryCode=BE&CityName=&Pollutant=6001&Year_from=2016&Year_to=2016&Station=STA-BETMEU1&Samplingpoint=&Source=E1a&Output=HTML&UpdateDate="
"Belgium","NET-Flanders","Flanders","BEDZL06","65ZL06 - ZELZATE","SPO-BEDZL06_00717_100","Pyrene","pyrene (precip+dry_dep)","P1Y","Annual mean / 1 calendar year","2016","84.957","ng/m2/day","22.95","1","Industrial","Suburban","3.8113","51.2087","0.0","","","","E1a/validated data AQ e-Reporting","18/03/2023 21:08:58","http://fme.discomap.eea.europa.eu/fmedatastreaming/AirQualityDownload/AQData_Extract.fmw?CountryCode=BE&CityName=&Pollutant=717&Year_from=2016&Year_to=2016&Station=STA-BEDZL06&Samplingpoint=&Source=E1a&Output=HTML&UpdateDate="
"Belgium","NET-Brussels","Brussels","BETB008","41B008 - Brussel (Beliardstraat)","SPO-BETB008_00008_100","NO2","Nitrogen dioxide (air)","P1Y-hrsAbove200","1 year hour exceed 200","2016","0.000","count","91.68","1","Traffic","Urban","4.3759","50.8409","57.0","Bruxelles / Brussel                                                             ","BE001C1                                           ","1223364","E1a/validated data AQ e-Reporting","18/03/2023 21:48:42","http://fme.discomap.eea.europa.eu/fmedatastreaming/AirQualityDownload/AQData_Extract.fmw?CountryCode=BE&CityName=&Pollutant=8&Year_from=2016&Year_to=2016&Station=STA-BETB008&Samplingpoint=&Source=E1a&Output=HTML&UpdateDate="
"Belgium","NET-Brussels","Brussels","BEMAND3","01AND3 - ANDERLECHT","SPO-BEMAND3_03018_100","As in TSP","Arsenic in TSP (aerosol)","P1Y","Annual mean / 1 calendar year","2016","1.194","ng/m3","96.98","1","Background","Suburban","4.3116","50.8200","20.0","Bruxelles / Brussel                                                             ","BE001C1                                           ","1223364","E1a/validated data AQ e-Reporting","18/03/2023 21:08:58","http://fme.discomap.eea.europa.eu/fmedatastreaming/AirQualityDownload/AQData_Extract.fmw?CountryCode=BE&CityName=&Pollutant=3018&Year_from=2016&Year_to=2016&Station=STA-BEMAND3&Samplingpoint=&Source=E1a&Output=HTML&UpdateDate="
"Belgium","NET-Brussels","Brussels","BETR002","41R002 - IXELLES","SPO-BETR002_00001_100","SO2","Sulphur dioxide (air)","P1Y-day-max-per99.18","1 year 99.18 percentile of daily maximum","2016","5.543","ug/m3","97.81","1","Traffic","Urban","4.3846","50.8251","76.0","Bruxelles / Brussel                                                             ","BE001C1                                           ","1223364","E1a/validated data AQ e-Reporting","18/03/2023 22:12:16","http://fme.discomap.eea.europa.eu/fmedatastreaming/AirQualityDownload/AQData_Extract.fmw?CountryCode=BE&CityName=&Pollutant=1&Year_from=2016&Year_to=2016&Station=STA-BETR002&Samplingpoint=&Source=E1a&Output=HTML&UpdateDate="
"Belgium","NET-Brussels","Brussels","BETN043","41N043 - HAREN","SPO-BETN043_00001_100","SO2","Sulphur dioxide (air)","P1Y-hr-max25","1 year hour max 25","2016","11.000","ug/m3","97.60","1","Industrial","Suburban","4.3830","50.8837","17.0","Bruxelles / Brussel                                                             ","BE001C1                                           ","1223364","E1a/validated data AQ e-Reporting","18/03/2023 22:33:20","http://fme.discomap.eea.europa.eu/fmedatastreaming/AirQualityDownload/AQData_Extract.fmw?CountryCode=BE&CityName=&Pollutant=1&Year_from=2016&Year_to=2016&Station=STA-BETN043&Samplingpoint=&Source=E1a&Output=HTML&UpdateDate="
"Belgium","NET-Brussels","Brussels","BETR012","41R012 - UCCLE","SPO-BETR012_00001_100","SO2","Sulphur dioxide (air)","P1Y-day-max4","1 year day max 4","2016","3.891","ug/m3","89.34","1","Background","Suburban","4.3586","50.7966","101.0","Bruxelles / Brussel                                                             ","BE001C1                                           ","1223364","E1a/validated data AQ e-Reporting","18/03/2023 22:31:46","http://fme.discomap.eea.europa.eu/fmedatastreaming/AirQualityDownload/AQData_Extract.fmw?CountryCode=BE&CityName=&Pollutant=1&Year_from=2016&Year_to=2016&Station=STA-BETR012&Samplingpoint=&Source=E1a&Output=HTML&UpdateDate="
"Belgium","NET-Brussels","Brussels","BETWOL1","41WOL1 - WOL.ST.L.","SPO-BETWOL1_00001_100","SO2","Sulphur dioxide (air)","P1Y-3hAbove500","3 consecutive hours in exceedance of 500","2016","0.000","count","92.32","1","Traffic","Suburban","4.4258","50.8567","78.0","Bruxelles / Brussel                                                             ","BE001C1                                           ","1223364","E1a/validated data AQ e-Reporting","18/03/2023 22:18:09","http://fme.discomap.eea.europa.eu/fmedatastreaming/AirQualityDownload/AQData_Extract.fmw?CountryCode=BE&CityName=&Pollutant=1&Year_from=2016&Year_to=2016&Station=STA-BETWOL1&Samplingpoint=&Source=E1a&Output=HTML&UpdateDate="
"Belgium","NET-Brussels","Brussels","BETR012","41R012 - UCCLE","SPO-BETR012_00007_100","O3","Ozone (air)","P1Y-dmax-per93.15","1 year 93.15 percentile daily 8h maximum","2016","102.063","ug/m3","97.27","1","Background","Suburban","4.3586","50.7966","101.0","Bruxelles / Brussel                                                             ","BE001C1                                           ","1223364","E1a/validated data AQ e-Reporting","18/03/2023 22:12:55","http://fme.discomap.eea.europa.eu/fmedatastreaming/AirQualityDownload/AQData_Extract.fmw?CountryCode=BE&CityName=&Pollutant=7&Year_from=2016&Year_to=2016&Station=STA-BETR012&Samplingpoint=&Source=E1a&Output=HTML&UpdateDate="
"Belgium","NET-Brussels","Brussels","BETR001","41R001 - MOLENBEEK","SPO-BETR001_00007_100","O3","Ozone (air)","P1Y-day-min","1 year day min","2016","2.000","ug/m3","91.26","1","Background","Urban","4.3341","50.8497","20.0","Bruxelles / Brussel                                                             ","BE001C1                                           ","1223364","E1a/validated data AQ e-Reporting","18/03/2023 21:56:21","http://fme.discomap.eea.europa.eu/fmedatastreaming/AirQualityDownload/AQData_Extract.fmw?CountryCode=BE&CityName=&Pollutant=7&Year_from=2016&Year_to=2016&Station=STA-BETR001&Samplingpoint=&Source=E1a&Output=HTML&UpdateDate="
"Belgium","NET-Brussels","Brussels","BETR012","41R012 - UCCLE","SPO-BETR012_00001_100","SO2","Sulphur dioxide (air)","P1Y-P1D-per99","1 year 99 percentile of daily means (P1D) or .../aq/primaryObservation/day","2016","3.891","ug/m3","89.34","1","Background","Suburban","4.3586","50.7966","101.0","Bruxelles / Brussel                                                             ","BE001C1                                           ","1223364","E1a/validated data AQ e-Reporting","18/03/2023 22:11:00","http://fme.discomap.eea.europa.eu/fmedatastreaming/AirQualityDownload/AQData_Extract.fmw?CountryCode=BE&CityName=&Pollutant=1&Year_from=2016&Year_to=2016&Station=STA-BETR012&Samplingpoint=&Source=E1a&Output=HTML&UpdateDate="
"Belgium","NET-Brussels","Brussels","BETB004","41B004 - STE.CATHERI","SPO-BETB004_00008_100","NO2","Nitrogen dioxide (air)","P1Y","Annual mean / 1 calendar year","2016","33.420","ug/m3","96.82","1","Background","Urban","4.3478","50.8521","17.0","Bruxelles / Brussel                                                             ","BE001C1                                           ","1223364","E1a/validated data AQ e-Reporting","18/03/2023 21:08:58","http://fme.discomap.eea.europa.eu/fmedatastreaming/AirQualityDownload/AQData_Extract.fmw?CountryCode=BE&CityName=&Pollutant=8&Year_from=2016&Year_to=2016&Station=STA-BETB004&Samplingpoint=&Source=E1a&Output=HTML&UpdateDate="
"Belgium","NET-Brussels","Brussels","BETB006","41B006 - PARL.EUROPE","SPO-BETB006_00007_100","O3","Ozone (air)","P3Y","3 subsequent calendar years mean","2016","44.566","ug/m3","71.27","1","Background","Urban","4.3744","50.8386","67.0","Bruxelles / Brussel                                                             ","BE001C1                                           ","1223364","E1a/validated data AQ e-Reporting","18/03/2023 21:36:00","http://fme.discomap.eea.europa.eu/fmedatastreaming/AirQualityDownload/AQData_Extract.fmw?CountryCode=BE&CityName=&Pollutant=7&Year_from=2016&Year_to=2016&Station=STA-BETB006&Samplingpoint=&Source=E1a&Output=HTML&UpdateDate="
"Belgium","NET-Flanders","Flanders","BELLD02","40LD02 - LAAKDAL","SPO-BELLD02_00008_100","NO2","Nitrogen dioxide (air)","P1Y-P1D-per99","1 year 99 percentile of daily means (P1D) or .../aq/primaryObservation/day","2016","51.313","ug/m3","98.63","1","Industrial","Rural","5.0216","51.1204","22.0","","","","E1a/validated data AQ e-Reporting","18/03/2023 22:10:34","http://fme.discomap.eea.europa.eu/fmedatastreaming/AirQualityDownload/AQData_Extract.fmw?CountryCode=BE&CityName=&Pollutant=8&Year_from=2016&Year_to=2016&Station=STA-BELLD02&Samplingpoint=&Source=E1a&Output=HTML&UpdateDate="
"Belgium","NET-Flanders","Flanders","BELMN01","40MN01 - MENEN","SPO-BELMN01_00005_100","PM10","Particulate matter < 10 µm (aerosol)","P1Y-day-per50","1 year 50 %ile of daily values in a year","2016","22.975","ug/m3","97.81","1","Industrial","Rural","3.1096","50.7935","10.0","","","","E1a/validated data AQ e-Reporting","18/03/2023 22:08:05","http://fme.discomap.eea.europa.eu/fmedatastreaming/AirQualityDownload/AQData_Extract.fmw?CountryCode=BE&CityName=&Pollutant=5&Year_from=2016&Year_to=2016&Station=STA-BELMN01&Samplingpoint=&Source=E1a&Output=HTML&UpdateDate="
"Belgium","NET-Flanders","Flanders","BEGR701","26R701 - GENT","SPO-BEGR701_06001_100","PM2.5","Particulate matter < 2.5 µm (aerosol)","P1Y-day-max","1 year day max","2016","52.917","ug/m3","97.81","1","Background","Urban","3.7293","51.0583","5.0","Gent                                                                            ","BE003C1                                           ","263687","E1a/validated data AQ e-Reporting","18/03/2023 21:43:22","http://fme.discomap.eea.europa.eu/fmedatastreaming/AirQualityDownload/AQData_Extract.fmw?CountryCode=BE&CityName=&Pollutant=6001&Year_from=2016&Year_to=2016&Station=STA-BEGR701&Samplingpoint=&Source=E1a&Output=HTML&UpdateDate="
"Belgium","NET-Flanders","Flanders","BELAB02","40AB02 - BERENDRECHT","SPO-BELAB02_06001_100","PM2.5","Particulate matter < 2.5 µm (aerosol)","P1Y-hr-min","1 year hour min","2016","1.000","ug/m3","99.86","1","Background","Suburban","4.3218","51.3407","10.0","Antwerpen                                                                       ","BE002C1                                           ","530014","E1a/validated data AQ e-Reporting","18/03/2023 22:31:20","http://fme.discomap.eea.europa.eu/fmedatastreaming/AirQualityDownload/AQData_Extract.fmw?CountryCode=BE&CityName=&Pollutant=6001&Year_from=2016&Year_to=2016&Station=STA-BELAB02&Samplingpoint=&Source=E1a&Output=HTML&UpdateDate="
"Belgium","NET-Brussels","Brussels","BETWOL1","41WOL1 - WOL.ST.L.","SPO-BETWOL1_00010_100","CO","Carbon monoxide (air)","P1Y-hr-max","1 year hour max","2016","2.195","mg/m3","90.86","1","Traffic","Suburban","4.4258","50.8567","78.0","Bruxelles / Brussel                                                             ","BE001C1                                           ","1223364","E1a/validated data AQ e-Reporting","18/03/2023 21:57:02","http://fme.discomap.eea.europa.eu/fmedatastreaming/AirQualityDownload/AQData_Extract.fmw?CountryCode=BE&CityName=&Pollutant=10&Year_from=2016&Year_to=2016&Station=STA-BETWOL1&Samplingpoint=&Source=E1a&Output=HTML&UpdateDate="
"Belgium","NET-Brussels","Brussels","BETWOL1","41WOL1 - WOL.ST.L.","SPO-BETWOL1_00007_100","O3","Ozone (air)","P1Y-maxP6M-P8H-dmax","Yearly highest six monthly average of daily maximum 8-hour mean concentration","2016","59.483","ug/m3","100.00","1","Traffic","Suburban","4.4258","50.8567","78.0","Bruxelles / Brussel                                                             ","BE001C1                                           ","1223364","E1a/validated data AQ e-Reporting","18/03/2023 22:58:54","http://fme.discomap.eea.europa.eu/fmedatastreaming/AirQualityDownload/AQData_Extract.fmw?CountryCode=BE&CityName=&Pollutant=7&Year_from=2016&Year_to=2016&Station=STA-BETWOL1&Samplingpoint=&Source=E1a&Output=HTML&UpdateDate="
"Belgium","NET-Brussels","Brussels","BETB011","41B011 - BERCHEM S.A","SPO-BETB011_00008_100","NO2","Nitrogen dioxide (air)","P1Y-hr-min","1 year hour min","2016","4.000","ug/m3","97.48","1","Background","Suburban","4.2887","50.8578","66.0","Bruxelles / Brussel                                                             ","BE001C1                                           ","1223364","E1a/validated data AQ e-Reporting","18/03/2023 22:31:20","http://fme.discomap.eea.europa.eu/fmedatastreaming/AirQualityDownload/AQData_Extract.fmw?CountryCode=BE&CityName=&Pollutant=8&Year_from=2016&Year_to=2016&Station=STA-BETB011&Samplingpoint=&Source=E1a&Output=HTML&UpdateDate="
"Belgium","NET-Flanders","Flanders","BEGR801","26R801 - BORGERHOUT","SPO-BEGR801_01668_100","Na+  in PM2.5","sodium in PM2.5 (aerosol)","P1Y","Annual mean / 1 calendar year","2016","0.040","ug/m3","0.01","1","Background","Urban","4.4318","51.2097","6.0","Antwerpen                                                                       ","BE002C1                                           ","530014","E1a/validated data AQ e-Reporting","18/03/2023 21:08:58","http://fme.discomap.eea.europa.eu/fmedatastreaming/AirQualityDownload/AQData_Extract.fmw?CountryCode=BE&CityName=&Pollutant=1668&Year_from=2016&Year_to=2016&Station=STA-BEGR801&Samplingpoint=&Source=E1a&Output=HTML&UpdateDate="
"Belgium","NET-Flanders","Flanders","BELSA04","40SA04 - Hoevenen","SPO-BELSA04_06001_100","PM2.5","Particulate matter < 2.5 µm (aerosol)","P1Y","Annual mean / 1 calendar year","2016","14.847","ug/m3","94.96","1","Industrial","Rural","4.4039","51.3139","6.0","","","","E1a/validated data AQ e-Reporting","18/03/2023 21:08:58","http://fme.discomap.eea.europa.eu/fmedatastreaming/AirQualityDownload/AQData_Extract.fmw?CountryCode=BE&CityName=&Pollutant=6001&Year_from=2016&Year_to=2016&Station=STA-BELSA04&Samplingpoint=&Source=E1a&Output=HTML&UpdateDate="
"Belgium","NET-Flanders","Flanders","BELAL01","40AL01 - LINKEROEVER","SPO-BELAL01_06001_100","PM2.5","Particulate matter < 2.5 µm (aerosol)","P1Y-P1D-per99","1 year 99 percentile of daily means (P1D) or .../aq/primaryObservation/day","2016","44.396","ug/m3","97.27","1","Industrial","Suburban","4.3852","51.2362","10.0","Antwerpen                                                                       ","BE002C1                                           ","530014","E1a/validated data AQ e-Reporting","18/03/2023 22:10:03","http://fme.discomap.eea.europa.eu/fmedatastreaming/AirQualityDownload/AQData_Extract.fmw?CountryCode=BE&CityName=&Pollutant=6001&Year_from=2016&Year_to=2016&Station=STA-BELAL01&Samplingpoint=&Source=E1a&Output=HTML&UpdateDate="
"Belgium","NET-Brussels","Brussels","BETWOL1","41WOL1 - WOL.ST.L.","SPO-BETWOL1_00391_100","Black Carbon","black_carbon (aerosol)","P1Y","Annual mean / 1 calendar year","2016","1.025","ug/m3","99.23","1","Traffic","Suburban","4.4258","50.8567","78.0","Bruxelles / Brussel                                                             ","BE001C1                                           ","1223364","E1a/validated data AQ e-Reporting","18/03/2023 21:08:58","http://fme.discomap.eea.europa.eu/fmedatastreaming/AirQualityDownload/AQData_Extract.fmw?CountryCode=BE&CityName=&Pollutant=391&Year_from=2016&Year_to=2016&Station=STA-BETWOL1&Samplingpoint=&Source=E1a&Output=HTML&UpdateDate="
"Belgium","NET-Brussels","Brussels","BEVR001","51R001 - MOLENBEEK","SPO-BEVR001_00020_100","C6H6","Benzene (air)","P1Y-day-per50","1 year 50 %ile of daily values in a year","2016","0.596","ug/m3","95.63","1","Background","Urban","4.3338","50.8497","15.0","Bruxelles / Brussel                                                             ","BE001C1                                           ","1223364","E1a/validated data AQ e-Reporting","18/03/2023 22:13:51","http://fme.discomap.eea.europa.eu/fmedatastreaming/AirQualityDownload/AQData_Extract.fmw?CountryCode=BE&CityName=&Pollutant=20&Year_from=2016&Year_to=2016&Station=STA-BEVR001&Samplingpoint=&Source=E1a&Output=HTML&UpdateDate="
"Belgium","NET-Brussels","Brussels","BETR012","41R012 - UCCLE","SPO-BETR012_06001_100","PM2.5","Particulate matter < 2.5 µm (aerosol)","P3Y","3 subsequent calendar years mean","2016","14.720","ug/m3","91.02","1","Background","Suburban","4.3586","50.7966","101.0","Bruxelles / Brussel                                                             ","BE001C1                                           ","1223364","E1a/validated data AQ e-Reporting","18/03/2023 21:36:00","http://fme.discomap.eea.europa.eu/fmedatastreaming/AirQualityDownload/AQData_Extract.fmw?CountryCode=BE&CityName=&Pollutant=6001&Year_from=2016&Year_to=2016&Station=STA-BETR012&Samplingpoint=&Source=E1a&Output=HTML&UpdateDate="
"Belgium","NET-Brussels","Brussels","BETR001","41R001 - MOLENBEEK","SPO-BETR001_00008_100","NO2","Nitrogen dioxide (air)","P1Y-P1D-per99","1 year 99 percentile of daily means (P1D) or .../aq/primaryObservation/day","2016","73.417","ug/m3","96.72","1","Background","Urban","4.3341","50.8497","20.0","Bruxelles / Brussel                                                             ","BE001C1                                           ","1223364","E1a/validated data AQ e-Reporting","18/03/2023 22:10:34","http://fme.discomap.eea.europa.eu/fmedatastreaming/AirQualityDownload/AQData_Extract.fmw?CountryCode=BE&CityName=&Pollutant=8&Year_from=2016&Year_to=2016&Station=STA-BETR001&Samplingpoint=&Source=E1a&Output=HTML&UpdateDate="
"Belgium","NET-Brussels","Brussels","BETWOL1","41WOL1 - WOL.ST.L.","SPO-BETWOL1_00007_100","O3","Ozone (air)","P1Y-hr-max","1 year hour max","2016","140.500","ug/m3","97.13","1","Traffic","Suburban","4.4258","50.8567","78.0","Bruxelles / Brussel                                                             ","BE001C1                                           ","1223364","E1a/validated data AQ e-Reporting","18/03/2023 21:57:02","http://fme.discomap.eea.europa.eu/fmedatastreaming/AirQualityDownload/AQData_Extract.fmw?CountryCode=BE&CityName=&Pollutant=7&Year_from=2016&Year_to=2016&Station=STA-BETWOL1&Samplingpoint=&Source=E1a&Output=HTML&UpdateDate="
"Belgium","NET-Brussels","Brussels","BETR002","41R002 - IXELLES","SPO-BETR002_00008_100","NO2","Nitrogen dioxide (air)","P1Y-day-min","1 year day min","2016","15.000","ug/m3","98.36","1","Traffic","Urban","4.3846","50.8251","76.0","Bruxelles / Brussel                                                             ","BE001C1                                           ","1223364","E1a/validated data AQ e-Reporting","18/03/2023 21:56:03","http://fme.discomap.eea.europa.eu/fmedatastreaming/AirQualityDownload/AQData_Extract.fmw?CountryCode=BE&CityName=&Pollutant=8&Year_from=2016&Year_to=2016&Station=STA-BETR002&Samplingpoint=&Source=E1a&Output=HTML&UpdateDate="
"Belgium","NET-Flanders","Flanders","BELLM05","40LM05 - LOMMEL","SPO-BELLM05_00001_100","SO2","Sulphur dioxide (air)","P1Y-day-per50","1 year 50 %ile of daily values in a year","2016","2.646","ug/m3","85.79","1","Industrial","Rural","5.2581","51.2151","2.0","","","","E1a/validated data AQ e-Reporting","18/03/2023 22:14:46","http://fme.discomap.eea.europa.eu/fmedatastreaming/AirQualityDownload/AQData_Extract.fmw?CountryCode=BE&CityName=&Pollutant=1&Year_from=2016&Year_to=2016&Station=STA-BELLM05&Samplingpoint=&Source=E1a&Output=HTML&UpdateDate="
"Belgium","NET-Brussels","Brussels","BETR001","41R001 - MOLENBEEK","SPO-BETR001_00391_100","Black Carbon","black_carbon (aerosol)","P1Y-hr-max","1 year hour max","2016","24.165","ug/m3","96.78","1","Background","Urban","4.3341","50.8497","20.0","Bruxelles / Brussel                                                             ","BE001C1                                           ","1223364","E1a/validated data AQ e-Reporting","18/03/2023 21:57:02","http://fme.discomap.eea.europa.eu/fmedatastreaming/AirQualityDownload/AQData_Extract.fmw?CountryCode=BE&CityName=&Pollutant=391&Year_from=2016&Year_to=2016&Station=STA-BETR001&Samplingpoint=&Source=E1a&Output=HTML&UpdateDate="
"Belgium","NET-Flanders","Flanders","BELHB23","40HB23 - HOBOKEN","SPO-BELHB23_00005_100","PM10","Particulate matter < 10 µm (aerosol)","P1Y-daysAbove50","1 year day exceed 50","2016","11.000","count","96.99","1","Industrial","Suburban","4.3410","51.1703","13.0","Antwerpen                                                                       ","BE002C1                                           ","530014","E1a/validated data AQ e-Reporting","18/03/2023 22:27:00","http://fme.discomap.eea.europa.eu/fmedatastreaming/AirQualityDownload/AQData_Extract.fmw?CountryCode=BE&CityName=&Pollutant=5&Year_from=2016&Year_to=2016&Station=STA-BELHB23&Samplingpoint=&Source=E1a&Output=HTML&UpdateDate="
"Belgium","NET-Flanders","Flanders","BEDHB17","65HB17 - HOBOKEN
","SPO-BEDHB17_00645_100","Fluoranthene","fluoranthene (precip+dry_dep)","P1Y","Annual mean / 1 calendar year","2016","61.477","ng/m2/day","22.95","1","Background","Urban","4.3379","51.1703","0.0","Antwerpen                                                                       ","BE002C1                                           ","530014","E1a/validated data AQ e-Reporting","18/03/2023 21:08:58","http://fme.discomap.eea.europa.eu/fmedatastreaming/AirQualityDownload/AQData_Extract.fmw?CountryCode=BE&CityName=&Pollutant=645&Year_from=2016&Year_to=2016&Station=STA-BEDHB17&Samplingpoint=&Source=E1a&Output=HTML&UpdateDate="
"Belgium","NET-Flanders","Flanders","BELOB02","40OB02 - WIELSBEKE","SPO-BELOB02_06001_100","PM2.5","Particulate matter < 2.5 µm (aerosol)","P1Y","Annual mean / 1 calendar year","2016","14.596","ug/m3","99.85","1","Industrial","Rural","3.3762","50.9150","14.0","","","","E1a/validated data AQ e-Reporting","18/03/2023 21:08:58","http://fme.discomap.eea.europa.eu/fmedatastreaming/AirQualityDownload/AQData_Extract.fmw?CountryCode=BE&CityName=&Pollutant=6001&Year_from=2016&Year_to=2016&Station=STA-BELOB02&Samplingpoint=&Source=E1a&Output=HTML&UpdateDate="
"Belgium","NET-Brussels","Brussels","BETMEU1","41MEU1 - MEUDON","SPO-BETMEU1_06001_100","PM2.5","Particulate matter < 2.5 µm (aerosol)","P3Y","3 subsequent calendar years mean","2016","14.865","ug/m3","93.98","1","Background","Suburban","4.3957","50.8950","34.0","Bruxelles / Brussel                                                             ","BE001C1                                           ","1223364","E1a/validated data AQ e-Reporting","18/03/2023 21:36:00","http://fme.discomap.eea.europa.eu/fmedatastreaming/AirQualityDownload/AQData_Extract.fmw?CountryCode=BE&CityName=&Pollutant=6001&Year_from=2016&Year_to=2016&Station=STA-BETMEU1&Samplingpoint=&Source=E1a&Output=HTML&UpdateDate="
"Belgium","NET-Brussels","Brussels","BETR012","41R012 - UCCLE","SPO-BETR012_00005_100","PM10","Particulate matter < 10 µm (aerosol)","P1Y-day-max","1 year day max","2016","60.875","ug/m3","91.53","1","Background","Suburban","4.3586","50.7966","101.0","Bruxelles / Brussel                                                             ","BE001C1                                           ","1223364","E1a/validated data AQ e-Reporting","18/03/2023 21:43:06","http://fme.discomap.eea.europa.eu/fmedatastreaming/AirQualityDownload/AQData_Extract.fmw?CountryCode=BE&CityName=&Pollutant=5&Year_from=2016&Year_to=2016&Station=STA-BETR012&Samplingpoint=&Source=E1a&Output=HTML&UpdateDate="
"Belgium","NET-Brussels","Brussels","BETR001","41R001 - MOLENBEEK","SPO-BETR001_00007_100","O3","Ozone (air)","P1Y-hr-per50","1 year 50 percentile","2016","34.000","ug/m3","91.46","1","Background","Urban","4.3341","50.8497","20.0","Bruxelles / Brussel                                                             ","BE001C1                                           ","1223364","E1a/validated data AQ e-Reporting","18/03/2023 22:05:49","http://fme.discomap.eea.europa.eu/fmedatastreaming/AirQualityDownload/AQData_Extract.fmw?CountryCode=BE&CityName=&Pollutant=7&Year_from=2016&Year_to=2016&Station=STA-BETR001&Samplingpoint=&Source=E1a&Output=HTML&UpdateDate="
"Belgium","NET-Brussels","Brussels","BETR001","41R001 - MOLENBEEK","SPO-BETR001_00001_100","SO2","Sulphur dioxide (air)","P1Y","Annual mean / 1 calendar year","2016","2.158","ug/m3","96.85","1","Background","Urban","4.3341","50.8497","20.0","Bruxelles / Brussel                                                             ","BE001C1                                           ","1223364","E1a/validated data AQ e-Reporting","18/03/2023 21:08:58","http://fme.discomap.eea.europa.eu/fmedatastreaming/AirQualityDownload/AQData_Extract.fmw?CountryCode=BE&CityName=&Pollutant=1&Year_from=2016&Year_to=2016&Station=STA-BETR001&Samplingpoint=&Source=E1a&Output=HTML&UpdateDate="
"Belgium","NET-Flanders","Flanders","BEDGI05","65GI05 - GRIMBERGEN
","SPO-BEDGI05_00611_100","Benzo(a)anthracene","Benzo(a)anthracene (precip+dry_dep)","P1Y","Annual mean / 1 calendar year","2016","38.567","ng/m2/day","22.95","1","Background","Suburban","4.4189","50.9482","0.0","","","","E1a/validated data AQ e-Reporting","18/03/2023 21:08:58","http://fme.discomap.eea.europa.eu/fmedatastreaming/AirQualityDownload/AQData_Extract.fmw?CountryCode=BE&CityName=&Pollutant=611&Year_from=2016&Year_to=2016&Station=STA-BEDGI05&Samplingpoint=&Source=E1a&Output=HTML&UpdateDate="
"Belgium","NET-Brussels","Brussels","BETB011","41B011 - BERCHEM S.A","SPO-BETB011_00005_100","PM10","Particulate matter < 10 µm (aerosol)","P1Y-hr-min","1 year hour min","2016","1.000","ug/m3","87.20","1","Background","Suburban","4.2887","50.8578","66.0","Bruxelles / Brussel                                                             ","BE001C1                                           ","1223364","E1a/validated data AQ e-Reporting","18/03/2023 22:31:20","http://fme.discomap.eea.europa.eu/fmedatastreaming/AirQualityDownload/AQData_Extract.fmw?CountryCode=BE&CityName=&Pollutant=5&Year_from=2016&Year_to=2016&Station=STA-BETB011&Samplingpoint=&Source=E1a&Output=HTML&UpdateDate="
"Belgium","NET-Flanders","Flanders","BEDNE02","65NE02 - NIEL
","SPO-BEDNE02_00624_100","Benzo(ghi)perylene","Benzo(ghi)perylene (precip+dry_dep)","P1Y","Annual mean / 1 calendar year","2016","3.913","ng/m2/day","22.95","1","Background","Rural","4.3353","51.0990","0.0","","","","E1a/validated data AQ e-Reporting","18/03/2023 21:08:58","http://fme.discomap.eea.europa.eu/fmedatastreaming/AirQualityDownload/AQData_Extract.fmw?CountryCode=BE&CityName=&Pollutant=624&Year_from=2016&Year_to=2016&Station=STA-BEDNE02&Samplingpoint=&Source=E1a&Output=HTML&UpdateDate="
"Belgium","NET-Flanders","Flanders","BEDR750","65R750 - ZELZATE
","SPO-BEDR750_00656_100","Indeno-(1,2,3-cd)pyrene","indeno_123cd_pyrene (precip+dry_dep)","P1Y","Annual mean / 1 calendar year","2016","24.527","ng/m2/day","92.62","1","Industrial","Suburban","3.8229","51.1961","0.0","","","","E1a/validated data AQ e-Reporting","18/03/2023 21:08:58","http://fme.discomap.eea.europa.eu/fmedatastreaming/AirQualityDownload/AQData_Extract.fmw?CountryCode=BE&CityName=&Pollutant=656&Year_from=2016&Year_to=2016&Station=STA-BEDR750&Samplingpoint=&Source=E1a&Output=HTML&UpdateDate="
"Belgium","NET-Brussels","Brussels","BETR002","41R002 - IXELLES","SPO-BETR002_00001_100","SO2","Sulphur dioxide (air)","winter-avg","Winter mean","2016","3.365","ug/m3","98.27","1","Traffic","Urban","4.3846","50.8251","76.0","Bruxelles / Brussel                                                             ","BE001C1                                           ","1223364","E1a/validated data AQ e-Reporting","18/03/2023 22:50:43","http://fme.discomap.eea.europa.eu/fmedatastreaming/AirQualityDownload/AQData_Extract.fmw?CountryCode=BE&CityName=&Pollutant=1&Year_from=2016&Year_to=2016&Station=STA-BETR002&Samplingpoint=&Source=E1a&Output=HTML&UpdateDate="
"Belgium","NET-Flanders","Flanders","BELAB02","40AB02 - BERENDRECHT","SPO-BELAB02_00005_100","PM10","Particulate matter < 10 µm (aerosol)","P1Y-hr-max","1 year hour max","2016","128.100","ug/m3","99.85","1","Background","Suburban","4.3218","51.3407","10.0","Antwerpen                                                                       ","BE002C1                                           ","530014","E1a/validated data AQ e-Reporting","18/03/2023 21:57:02","http://fme.discomap.eea.europa.eu/fmedatastreaming/AirQualityDownload/AQData_Extract.fmw?CountryCode=BE&CityName=&Pollutant=5&Year_from=2016&Year_to=2016&Station=STA-BELAB02&Samplingpoint=&Source=E1a&Output=HTML&UpdateDate="
"Belgium","NET-Flanders","Flanders","BELAL01","40AL01 - LINKEROEVER","SPO-BELAL01_00391_100","Black Carbon","black_carbon (aerosol)","P1Y-hr-min","1 year hour min","2016","0.045","ug/m3","92.09","1","Industrial","Suburban","4.3852","51.2362","10.0","Antwerpen                                                                       ","BE002C1                                           ","530014","E1a/validated data AQ e-Reporting","18/03/2023 22:31:20","http://fme.discomap.eea.europa.eu/fmedatastreaming/AirQualityDownload/AQData_Extract.fmw?CountryCode=BE&CityName=&Pollutant=391&Year_from=2016&Year_to=2016&Station=STA-BELAL01&Samplingpoint=&Source=E1a&Output=HTML&UpdateDate="
"Belgium","NET-Flanders","Flanders","BELHB23","40HB23 - HOBOKEN","SPO-BELHB23_06001_100","PM2.5","Particulate matter < 2.5 µm (aerosol)","P1Y","Annual mean / 1 calendar year","2016","14.887","ug/m3","97.93","1","Industrial","Suburban","4.3410","51.1703","13.0","Antwerpen                                                                       ","BE002C1                                           ","530014","E1a/validated data AQ e-Reporting","18/03/2023 21:08:58","http://fme.discomap.eea.europa.eu/fmedatastreaming/AirQualityDownload/AQData_Extract.fmw?CountryCode=BE&CityName=&Pollutant=6001&Year_from=2016&Year_to=2016&Station=STA-BELHB23&Samplingpoint=&Source=E1a&Output=HTML&UpdateDate="
"Belgium","NET-Flanders","Flanders","BELRB01","40RB01 - RUISBROEK","SPO-BELRB01_00005_100","PM10","Particulate matter < 10 µm (aerosol)","P1Y-daysAbove50","1 year day exceed 50","2016","2.000","count","8.47","1","Industrial","Suburban","4.3312","51.0894","0.0","","","","E1a/validated data AQ e-Reporting","18/03/2023 22:27:00","http://fme.discomap.eea.europa.eu/fmedatastreaming/AirQualityDownload/AQData_Extract.fmw?CountryCode=BE&CityName=&Pollutant=5&Year_from=2016&Year_to=2016&Station=STA-BELRB01&Samplingpoint=&Source=E1a&Output=HTML&UpdateDate="
"Belgium","NET-Brussels","Brussels","BETWOL1","41WOL1 - WOL.ST.L.","SPO-BETWOL1_00010_100","CO","Carbon monoxide (air)","P1Y-dx-max","1 year day max max","2016","0.921","mg/m3","98.36","1","Traffic","Suburban","4.4258","50.8567","78.0","Bruxelles / Brussel                                                             ","BE001C1                                           ","1223364","E1a/validated data AQ e-Reporting","18/03/2023 21:44:39","http://fme.discomap.eea.europa.eu/fmedatastreaming/AirQualityDownload/AQData_Extract.fmw?CountryCode=BE&CityName=&Pollutant=10&Year_from=2016&Year_to=2016&Station=STA-BETWOL1&Samplingpoint=&Source=E1a&Output=HTML&UpdateDate="
"Belgium","NET-Brussels","Brussels","BEVWOL1","51WOL1 - WOL.ST.L.","SPO-BEVWOL1_00464_100","m,p-C6H4(CH3)2","m,p-Xylene (air)","P1Y","Annual mean / 1 calendar year","2016","0.000","ug/m3","93.72","1","Background","Suburban","4.4257","50.8566","77.0","Bruxelles / Brussel                                                             ","BE001C1                                           ","1223364","E1a/validated data AQ e-Reporting","18/03/2023 21:08:58","http://fme.discomap.eea.europa.eu/fmedatastreaming/AirQualityDownload/AQData_Extract.fmw?CountryCode=BE&CityName=&Pollutant=464&Year_from=2016&Year_to=2016&Station=STA-BEVWOL1&Samplingpoint=&Source=E1a&Output=HTML&UpdateDate="
"Belgium","NET-Flanders","Flanders","BELWZ02","40WZ02 - MOL","SPO-BELWZ02_00001_100","SO2","Sulphur dioxide (air)","P1Y-hr-max25","1 year hour max 25","2016","206.000","ug/m3","97.42","1","Industrial","Rural","5.2215","51.1928","40.0","","","","E1a/validated data AQ e-Reporting","18/03/2023 22:33:20","http://fme.discomap.eea.europa.eu/fmedatastreaming/AirQualityDownload/AQData_Extract.fmw?CountryCode=BE&CityName=&Pollutant=1&Year_from=2016&Year_to=2016&Station=STA-BELWZ02&Samplingpoint=&Source=E1a&Output=HTML&UpdateDate="
"Belgium","NET-Brussels","Brussels","BETR012","41R012 - UCCLE","SPO-BETR012_06001_100","PM2.5","Particulate matter < 2.5 µm (aerosol)","P1Y-hr-per50","1 year 50 percentile","2016","9.950","ug/m3","93.12","1","Background","Suburban","4.3586","50.7966","101.0","Bruxelles / Brussel                                                             ","BE001C1                                           ","1223364","E1a/validated data AQ e-Reporting","18/03/2023 22:05:49","http://fme.discomap.eea.europa.eu/fmedatastreaming/AirQualityDownload/AQData_Extract.fmw?CountryCode=BE&CityName=&Pollutant=6001&Year_from=2016&Year_to=2016&Station=STA-BETR012&Samplingpoint=&Source=E1a&Output=HTML&UpdateDate="
"Belgium","NET-Brussels","Brussels","BETR001","41R001 - MOLENBEEK","SPO-BETR001_00008_100","NO2","Nitrogen dioxide (air)","P1Y-day-max","1 year day max","2016","99.542","ug/m3","96.72","1","Background","Urban","4.3341","50.8497","20.0","Bruxelles / Brussel                                                             ","BE001C1                                           ","1223364","E1a/validated data AQ e-Reporting","18/03/2023 21:43:56","http://fme.discomap.eea.europa.eu/fmedatastreaming/AirQualityDownload/AQData_Extract.fmw?CountryCode=BE&CityName=&Pollutant=8&Year_from=2016&Year_to=2016&Station=STA-BETR001&Samplingpoint=&Source=E1a&Output=HTML&UpdateDate="
"Belgium","NET-Flanders","Flanders","BEDR802","65R802 - BORGERHOUT","SPO-BEDR802_07419_100","Dibenzo(ah)anthracene","Dibenzo(ah)anthracene (precip+dry_dep)","P1Y","Annual mean / 1 calendar year","2016","23.616","ng/m2/day","92.62","1","Background","Urban","4.4317","51.2094","0.0","Antwerpen                                                                       ","BE002C1                                           ","530014","E1a/validated data AQ e-Reporting","18/03/2023 21:08:58","http://fme.discomap.eea.europa.eu/fmedatastreaming/AirQualityDownload/AQData_Extract.fmw?CountryCode=BE&CityName=&Pollutant=7419&Year_from=2016&Year_to=2016&Station=STA-BEDR802&Samplingpoint=&Source=E1a&Output=HTML&UpdateDate="
"Belgium","NET-Flanders","Flanders","BESMA01","59MA01 - MAASMECHELEN","SPO-BESMA01_00020_100","C6H6","Benzene (air)","P1Y-day-per50","1 year 50 %ile of daily values in a year","2016","0.860","ug/m3","90.44","1","Background","Suburban","5.7256","50.9816","0.0","","","","E1a/validated data AQ e-Reporting","18/03/2023 22:13:51","http://fme.discomap.eea.europa.eu/fmedatastreaming/AirQualityDownload/AQData_Extract.fmw?CountryCode=BE&CityName=&Pollutant=20&Year_from=2016&Year_to=2016&Station=STA-BESMA01&Samplingpoint=&Source=E1a&Output=HTML&UpdateDate="
"Belgium","NET-Flanders","Flanders","BEDN029","65N029 - HOUTEM
","SPO-BEDN029_00645_100","Fluoranthene","fluoranthene (precip+dry_dep)","P1Y","Annual mean / 1 calendar year","2016","25.655","ng/m2/day","92.62","1","Background","Rural","2.5823","51.0163","0.0","","","","E1a/validated data AQ e-Reporting","18/03/2023 21:08:58","http://fme.discomap.eea.europa.eu/fmedatastreaming/AirQualityDownload/AQData_Extract.fmw?CountryCode=BE&CityName=&Pollutant=645&Year_from=2016&Year_to=2016&Station=STA-BEDN029&Samplingpoint=&Source=E1a&Output=HTML&UpdateDate="
"Belgium","NET-Flanders","Flanders","BEDN029","65N029 - HOUTEM
","SPO-BEDN029_07352_100","Acenaphthylene","Acenaphthylene (precip+dry_dep)","P1Y","Annual mean / 1 calendar year","2016","7.254","ng/m2/day","92.62","1","Background","Rural","2.5823","51.0163","0.0","","","","E1a/validated data AQ e-Reporting","18/03/2023 21:08:58","http://fme.discomap.eea.europa.eu/fmedatastreaming/AirQualityDownload/AQData_Extract.fmw?CountryCode=BE&CityName=&Pollutant=7352&Year_from=2016&Year_to=2016&Station=STA-BEDN029&Samplingpoint=&Source=E1a&Output=HTML&UpdateDate="
"Belgium","NET-Brussels","Brussels","BEVR002","51R002 - IXELLES","SPO-BEVR002_00475_100","C8H18","n-Octane (air)","P1Y","Annual mean / 1 calendar year","2016","0.000","ug/m3","89.07","1","Traffic","Suburban","4.3847","50.8251","70.0","Bruxelles / Brussel                                                             ","BE001C1                                           ","1223364","E1a/validated data AQ e-Reporting","18/03/2023 21:08:58","http://fme.discomap.eea.europa.eu/fmedatastreaming/AirQualityDownload/AQData_Extract.fmw?CountryCode=BE&CityName=&Pollutant=475&Year_from=2016&Year_to=2016&Station=STA-BEVR002&Samplingpoint=&Source=E1a&Output=HTML&UpdateDate="
"Belgium","NET-Brussels","Brussels","BEVR012","51R012 - UCCLE","SPO-BEVR012_00020_100","C6H6","Benzene (air)","P1Y-day-per50","1 year 50 %ile of daily values in a year","2016","0.400","ug/m3","92.62","1","Background","Suburban","4.3585","50.7966","100.0","Bruxelles / Brussel                                                             ","BE001C1                                           ","1223364","E1a/validated data AQ e-Reporting","18/03/2023 22:13:51","http://fme.discomap.eea.europa.eu/fmedatastreaming/AirQualityDownload/AQData_Extract.fmw?CountryCode=BE&CityName=&Pollutant=20&Year_from=2016&Year_to=2016&Station=STA-BEVR012&Samplingpoint=&Source=E1a&Output=HTML&UpdateDate="
"Belgium","NET-Brussels","Brussels","BETR001","41R001 - MOLENBEEK","SPO-BETR001_06001_100","PM2.5","Particulate matter < 2.5 µm (aerosol)","P1Y","Annual mean / 1 calendar year","2016","16.170","ug/m3","85.28","1","Background","Urban","4.3341","50.8497","20.0","Bruxelles / Brussel                                                             ","BE001C1                                           ","1223364","E1a/validated data AQ e-Reporting","18/03/2023 21:08:58","http://fme.discomap.eea.europa.eu/fmedatastreaming/AirQualityDownload/AQData_Extract.fmw?CountryCode=BE&CityName=&Pollutant=6001&Year_from=2016&Year_to=2016&Station=STA-BETR001&Samplingpoint=&Source=E1a&Output=HTML&UpdateDate="
"Belgium","NET-Flanders","Flanders","BELAL01","40AL01 - LINKEROEVER","SPO-BELAL01_00005_100","PM10","Particulate matter < 10 µm (aerosol)","P1Y-day-max","1 year day max","2016","60.288","ug/m3","97.27","1","Industrial","Suburban","4.3852","51.2362","10.0","Antwerpen                                                                       ","BE002C1                                           ","530014","E1a/validated data AQ e-Reporting","18/03/2023 21:43:06","http://fme.discomap.eea.europa.eu/fmedatastreaming/AirQualityDownload/AQData_Extract.fmw?CountryCode=BE&CityName=&Pollutant=5&Year_from=2016&Year_to=2016&Station=STA-BELAL01&Samplingpoint=&Source=E1a&Output=HTML&UpdateDate="
"Belgium","NET-Brussels","Brussels","BETR012","41R012 - UCCLE","SPO-BETR012_00001_100","SO2","Sulphur dioxide (air)","P1Y-day-max","1 year day max","2016","5.652","ug/m3","89.34","1","Background","Suburban","4.3586","50.7966","101.0","Bruxelles / Brussel                                                             ","BE001C1                                           ","1223364","E1a/validated data AQ e-Reporting","18/03/2023 21:42:48","http://fme.discomap.eea.europa.eu/fmedatastreaming/AirQualityDownload/AQData_Extract.fmw?CountryCode=BE&CityName=&Pollutant=1&Year_from=2016&Year_to=2016&Station=STA-BETR012&Samplingpoint=&Source=E1a&Output=HTML&UpdateDate="
"Belgium","NET-Brussels","Brussels","BETN043","41N043 - HAREN","SPO-BETN043_00008_100","NO2","Nitrogen dioxide (air)","P1Y-hr-max","1 year hour max","2016","252.500","ug/m3","95.83","1","Industrial","Suburban","4.3830","50.8837","17.0","Bruxelles / Brussel                                                             ","BE001C1                                           ","1223364","E1a/validated data AQ e-Reporting","18/03/2023 21:57:02","http://fme.discomap.eea.europa.eu/fmedatastreaming/AirQualityDownload/AQData_Extract.fmw?CountryCode=BE&CityName=&Pollutant=8&Year_from=2016&Year_to=2016&Station=STA-BETN043&Samplingpoint=&Source=E1a&Output=HTML&UpdateDate="
"Belgium","NET-Brussels","Brussels","BETR001","41R001 - MOLENBEEK","SPO-BETR001_00001_100","SO2","Sulphur dioxide (air)","P1Y-day-max","1 year day max","2016","6.942","ug/m3","96.72","1","Background","Urban","4.3341","50.8497","20.0","Bruxelles / Brussel                                                             ","BE001C1                                           ","1223364","E1a/validated data AQ e-Reporting","18/03/2023 21:42:48","http://fme.discomap.eea.europa.eu/fmedatastreaming/AirQualityDownload/AQData_Extract.fmw?CountryCode=BE&CityName=&Pollutant=1&Year_from=2016&Year_to=2016&Station=STA-BETR001&Samplingpoint=&Source=E1a&Output=HTML&UpdateDate="
"Belgium","NET-Flanders","Flanders","BEDR750","65R750 - ZELZATE
","SPO-BEDR750_07406_100","Chrysene","Chrysene (precip+dry_dep)","P1Y","Annual mean / 1 calendar year","2016","50.054","ng/m2/day","92.62","1","Industrial","Suburban","3.8229","51.1961","0.0","","","","E1a/validated data AQ e-Reporting","18/03/2023 21:08:58","http://fme.discomap.eea.europa.eu/fmedatastreaming/AirQualityDownload/AQData_Extract.fmw?CountryCode=BE&CityName=&Pollutant=7406&Year_from=2016&Year_to=2016&Station=STA-BEDR750&Samplingpoint=&Source=E1a&Output=HTML&UpdateDate="
"Belgium","NET-Flanders","Flanders","BELMN01","40MN01 - MENEN","SPO-BELMN01_06001_100","PM2.5","Particulate matter < 2.5 µm (aerosol)","P1Y","Annual mean / 1 calendar year","2016","14.619","ug/m3","98.36","1","Industrial","Rural","3.1096","50.7935","10.0","","","","E1a/validated data AQ e-Reporting","18/03/2023 21:08:58","http://fme.discomap.eea.europa.eu/fmedatastreaming/AirQualityDownload/AQData_Extract.fmw?CountryCode=BE&CityName=&Pollutant=6001&Year_from=2016&Year_to=2016&Station=STA-BELMN01&Samplingpoint=&Source=E1a&Output=HTML&UpdateDate="
"Belgium","NET-Flanders","Flanders","BELMN01","40MN01 - MENEN","SPO-BELMN01_06001_100","PM2.5","Particulate matter < 2.5 µm (aerosol)","P3Y","3 subsequent calendar years mean","2016","14.207","ug/m3","69.30","1","Industrial","Rural","3.1096","50.7935","10.0","","","","E1a/validated data AQ e-Reporting","18/03/2023 21:36:00","http://fme.discomap.eea.europa.eu/fmedatastreaming/AirQualityDownload/AQData_Extract.fmw?CountryCode=BE&CityName=&Pollutant=6001&Year_from=2016&Year_to=2016&Station=STA-BELMN01&Samplingpoint=&Source=E1a&Output=HTML&UpdateDate="
"Belgium","NET-Flanders","Flanders","BELHB23","40HB23 - HOBOKEN","SPO-BELHB23_00005_100","PM10","Particulate matter < 10 µm (aerosol)","P1Y-hr-per50","1 year 50 percentile","2016","22.100","ug/m3","97.93","1","Industrial","Suburban","4.3410","51.1703","13.0","Antwerpen                                                                       ","BE002C1                                           ","530014","E1a/validated data AQ e-Reporting","18/03/2023 22:05:49","http://fme.discomap.eea.europa.eu/fmedatastreaming/AirQualityDownload/AQData_Extract.fmw?CountryCode=BE&CityName=&Pollutant=5&Year_from=2016&Year_to=2016&Station=STA-BELHB23&Samplingpoint=&Source=E1a&Output=HTML&UpdateDate="
"Belgium","NET-Flanders","Flanders","BELOB01","40OB01 - OOSTROZEBEK","SPO-BELOB01_00005_100","PM10","Particulate matter < 10 µm (aerosol)","P1Y-hr-max","1 year hour max","2016","159.600","ug/m3","99.73","1","Industrial","Rural","3.3074","50.9172","44.0","","","","E1a/validated data AQ e-Reporting","18/03/2023 21:57:02","http://fme.discomap.eea.europa.eu/fmedatastreaming/AirQualityDownload/AQData_Extract.fmw?CountryCode=BE&CityName=&Pollutant=5&Year_from=2016&Year_to=2016&Station=STA-BELOB01&Samplingpoint=&Source=E1a&Output=HTML&UpdateDate="
"Belgium","NET-Flanders","Flanders","BELZL01","40ZL01 - ZELZATE","SPO-BELZL01_00020_100","C6H6","Benzene (air)","P1Y-hr-max","1 year hour max","2016","29.275","ug/m3","91.72","1","Industrial","Suburban","3.8084","51.2031","6.0","","","","E1a/validated data AQ e-Reporting","18/03/2023 21:57:02","http://fme.discomap.eea.europa.eu/fmedatastreaming/AirQualityDownload/AQData_Extract.fmw?CountryCode=BE&CityName=&Pollutant=20&Year_from=2016&Year_to=2016&Station=STA-BELZL01&Samplingpoint=&Source=E1a&Output=HTML&UpdateDate="
"Belgium","NET-Flanders","Flanders","BETN016","42N016 - DESSEL","SPO-BETN016_00007_100","O3","Ozone (air)","P1Y-dmax-per93.15","1 year 93.15 percentile daily 8h maximum","2016","114.500","ug/m3","95.63","1","Background","Rural","5.1640","51.2337","30.0","","","","E1a/validated data AQ e-Reporting","18/03/2023 22:12:55","http://fme.discomap.eea.europa.eu/fmedatastreaming/AirQualityDownload/AQData_Extract.fmw?CountryCode=BE&CityName=&Pollutant=7&Year_from=2016&Year_to=2016&Station=STA-BETN016&Samplingpoint=&Source=E1a&Output=HTML&UpdateDate="
"Belgium","NET-Flanders","Flanders","BELSZ02","40SZ02 - STEENOKKERZ","SPO-BELSZ02_00008_100","NO2","Nitrogen dioxide (air)","P1Y-hr-per50","1 year 50 percentile","2016","21.000","ug/m3","96.47","1","Industrial","Rural","4.5122","50.9130","15.0","","","","E1a/validated data AQ e-Reporting","18/03/2023 22:05:49","http://fme.discomap.eea.europa.eu/fmedatastreaming/AirQualityDownload/AQData_Extract.fmw?CountryCode=BE&CityName=&Pollutant=8&Year_from=2016&Year_to=2016&Station=STA-BELSZ02&Samplingpoint=&Source=E1a&Output=HTML&UpdateDate="
"Belgium","NET-Flanders","Flanders","BELRL01","40RL01 - ROESELARE","SPO-BELRL01_00005_100","PM10","Particulate matter < 10 µm (aerosol)","P1Y-day-max","1 year day max","2016","62.808","ug/m3","100.00","1","Background","Urban","3.1212","50.9532","20.0","","","","E1a/validated data AQ e-Reporting","18/03/2023 21:43:06","http://fme.discomap.eea.europa.eu/fmedatastreaming/AirQualityDownload/AQData_Extract.fmw?CountryCode=BE&CityName=&Pollutant=5&Year_from=2016&Year_to=2016&Station=STA-BELRL01&Samplingpoint=&Source=E1a&Output=HTML&UpdateDate="
"Belgium","NET-Flanders","Flanders","BESMA01","59MA01 - MAASMECHELEN","SPO-BESMA01_00020_100","C6H6","Benzene (air)","P1Y-day-min","1 year day min","2016","0.100","ug/m3","90.44","1","Background","Suburban","5.7256","50.9816","0.0","","","","E1a/validated data AQ e-Reporting","18/03/2023 21:55:46","http://fme.discomap.eea.europa.eu/fmedatastreaming/AirQualityDownload/AQData_Extract.fmw?CountryCode=BE&CityName=&Pollutant=20&Year_from=2016&Year_to=2016&Station=STA-BESMA01&Samplingpoint=&Source=E1a&Output=HTML&UpdateDate="
"Belgium","NET-Flanders","Flanders","BELLD02","40LD02 - LAAKDAL","SPO-BELLD02_00020_100","C6H6","Benzene (air)","P1Y-hr-max","1 year hour max","2016","17.885","ug/m3","92.95","1","Industrial","Rural","5.0216","51.1204","22.0","","","","E1a/validated data AQ e-Reporting","18/03/2023 21:57:02","http://fme.discomap.eea.europa.eu/fmedatastreaming/AirQualityDownload/AQData_Extract.fmw?CountryCode=BE&CityName=&Pollutant=20&Year_from=2016&Year_to=2016&Station=STA-BELLD02&Samplingpoint=&Source=E1a&Output=HTML&UpdateDate="
"Belgium","NET-Flanders","Flanders","BELZL01","40ZL01 - ZELZATE","SPO-BELZL01_00020_100","C6H6","Benzene (air)","P1Y","Annual mean / 1 calendar year","2016","1.084","ug/m3","91.72","1","Industrial","Suburban","3.8084","51.2031","6.0","","","","E1a/validated data AQ e-Reporting","18/03/2023 21:08:58","http://fme.discomap.eea.europa.eu/fmedatastreaming/AirQualityDownload/AQData_Extract.fmw?CountryCode=BE&CityName=&Pollutant=20&Year_from=2016&Year_to=2016&Station=STA-BELZL01&Samplingpoint=&Source=E1a&Output=HTML&UpdateDate="
"Belgium","NET-Brussels","Brussels","BETMEU1","41MEU1 - MEUDON","SPO-BETMEU1_00005_100","PM10","Particulate matter < 10 µm (aerosol)","P1Y-daysAbove50","1 year day exceed 50","2016","5.000","count","92.35","1","Background","Suburban","4.3957","50.8950","34.0","Bruxelles / Brussel                                                             ","BE001C1                                           ","1223364","E1a/validated data AQ e-Reporting","18/03/2023 22:27:00","http://fme.discomap.eea.europa.eu/fmedatastreaming/AirQualityDownload/AQData_Extract.fmw?CountryCode=BE&CityName=&Pollutant=5&Year_from=2016&Year_to=2016&Station=STA-BETMEU1&Samplingpoint=&Source=E1a&Output=HTML&UpdateDate="
"Belgium","NET-Brussels","Brussels","BETR012","41R012 - UCCLE","SPO-BETR012_00007_100","O3","Ozone (air)","P1Y-dx-max","1 year day max max","2016","148.750","ug/m3","97.27","1","Background","Suburban","4.3586","50.7966","101.0","Bruxelles / Brussel                                                             ","BE001C1                                           ","1223364","E1a/validated data AQ e-Reporting","18/03/2023 21:44:39","http://fme.discomap.eea.europa.eu/fmedatastreaming/AirQualityDownload/AQData_Extract.fmw?CountryCode=BE&CityName=&Pollutant=7&Year_from=2016&Year_to=2016&Station=STA-BETR012&Samplingpoint=&Source=E1a&Output=HTML&UpdateDate="
"Belgium","NET-Brussels","Brussels","BETWOL1","41WOL1 - WOL.ST.L.","SPO-BETWOL1_00007_100","O3","Ozone (air)","P1Y-day-min","1 year day min","2016","2.000","ug/m3","97.81","1","Traffic","Suburban","4.4258","50.8567","78.0","Bruxelles / Brussel                                                             ","BE001C1                                           ","1223364","E1a/validated data AQ e-Reporting","18/03/2023 21:56:21","http://fme.discomap.eea.europa.eu/fmedatastreaming/AirQualityDownload/AQData_Extract.fmw?CountryCode=BE&CityName=&Pollutant=7&Year_from=2016&Year_to=2016&Station=STA-BETWOL1&Samplingpoint=&Source=E1a&Output=HTML&UpdateDate="
"Belgium","NET-Brussels","Brussels","BETWOL1","41WOL1 - WOL.ST.L.","SPO-BETWOL1_00007_100","O3","Ozone (air)","P1Y-hrsAbove180","1 year hour exceed 180","2016","0.000","count","97.13","1","Traffic","Suburban","4.4258","50.8567","78.0","Bruxelles / Brussel                                                             ","BE001C1                                           ","1223364","E1a/validated data AQ e-Reporting","18/03/2023 21:46:37","http://fme.discomap.eea.europa.eu/fmedatastreaming/AirQualityDownload/AQData_Extract.fmw?CountryCode=BE&CityName=&Pollutant=7&Year_from=2016&Year_to=2016&Station=STA-BETWOL1&Samplingpoint=&Source=E1a&Output=HTML&UpdateDate="
"Belgium","NET-Flanders","Flanders","BEDR750","65R750 - ZELZATE
","SPO-BEDR750_07380_100","Benzo(b,j,k)fluoranthene","Benzo(b,j,k)fluoranthene (precip+dry_dep)","P1Y","Annual mean / 1 calendar year","2016","69.433","ng/m2/day","92.62","1","Industrial","Suburban","3.8229","51.1961","0.0","","","","E1a/validated data AQ e-Reporting","18/03/2023 21:08:58","http://fme.discomap.eea.europa.eu/fmedatastreaming/AirQualityDownload/AQData_Extract.fmw?CountryCode=BE&CityName=&Pollutant=7380&Year_from=2016&Year_to=2016&Station=STA-BEDR750&Samplingpoint=&Source=E1a&Output=HTML&UpdateDate="
"Belgium","NET-Brussels","Brussels","BETN043","41N043 - HAREN","SPO-BETN043_00005_100","PM10","Particulate matter < 10 µm (aerosol)","P1Y-P1D-per90.4","1 year 90.4 percentile - COMPLIANCE","2016","42.250","ug/m3","96.72","1","Industrial","Suburban","4.3830","50.8837","17.0","Bruxelles / Brussel                                                             ","BE001C1                                           ","1223364","E1a/validated data AQ e-Reporting","18/03/2023 22:08:35","http://fme.discomap.eea.europa.eu/fmedatastreaming/AirQualityDownload/AQData_Extract.fmw?CountryCode=BE&CityName=&Pollutant=5&Year_from=2016&Year_to=2016&Station=STA-BETN043&Samplingpoint=&Source=E1a&Output=HTML&UpdateDate="
"Belgium","NET-Brussels","Brussels","BETN043","41N043 - HAREN","SPO-BETN043_00007_100","O3","Ozone (air)","P1Y-hrsAbove240","1 year hour exceed 240","2016","0.000","count","97.38","1","Industrial","Suburban","4.3830","50.8837","17.0","Bruxelles / Brussel                                                             ","BE001C1                                           ","1223364","E1a/validated data AQ e-Reporting","18/03/2023 21:50:25","http://fme.discomap.eea.europa.eu/fmedatastreaming/AirQualityDownload/AQData_Extract.fmw?CountryCode=BE&CityName=&Pollutant=7&Year_from=2016&Year_to=2016&Station=STA-BETN043&Samplingpoint=&Source=E1a&Output=HTML&UpdateDate="
"Belgium","NET-Flanders","Flanders","BELLM05","40LM05 - LOMMEL","SPO-BELLM05_00001_100","SO2","Sulphur dioxide (air)","P1Y-hr-max25","1 year hour max 25","2016","91.500","ug/m3","84.77","1","Industrial","Rural","5.2581","51.2151","2.0","","","","E1a/validated data AQ e-Reporting","18/03/2023 22:33:20","http://fme.discomap.eea.europa.eu/fmedatastreaming/AirQualityDownload/AQData_Extract.fmw?CountryCode=BE&CityName=&Pollutant=1&Year_from=2016&Year_to=2016&Station=STA-BELLM05&Samplingpoint=&Source=E1a&Output=HTML&UpdateDate="
"Belgium","NET-Brussels","Brussels","BETB004","41B004 - STE.CATHERI","SPO-BETB004_00007_100","O3","Ozone (air)","AOT40f","AOT40 for forest protection","2016","7186.958","ug/m3","93.58","1","Background","Urban","4.3478","50.8521","17.0","Bruxelles / Brussel                                                             ","BE001C1                                           ","1223364","E1a/validated data AQ e-Reporting","18/03/2023 23:06:40","http://fme.discomap.eea.europa.eu/fmedatastreaming/AirQualityDownload/AQData_Extract.fmw?CountryCode=BE&CityName=&Pollutant=7&Year_from=2016&Year_to=2016&Station=STA-BETB004&Samplingpoint=&Source=E1a&Output=HTML&UpdateDate="
"Belgium","NET-Flanders","Flanders","BEGR811","26R811 - SCHOTEN","SPO-BEGR811_06001_100","PM2.5","Particulate matter < 2.5 µm (aerosol)","P3Y","3 subsequent calendar years mean","2016","13.900","ug/m3","98.91","1","Background","Suburban","4.4914","51.2521","8.0","","","","E1a/validated data AQ e-Reporting","18/03/2023 21:36:00","http://fme.discomap.eea.europa.eu/fmedatastreaming/AirQualityDownload/AQData_Extract.fmw?CountryCode=BE&CityName=&Pollutant=6001&Year_from=2016&Year_to=2016&Station=STA-BEGR811&Samplingpoint=&Source=E1a&Output=HTML&UpdateDate="
"Belgium","NET-Brussels","Brussels","BETR002","41R002 - IXELLES","SPO-BETR002_00008_100","NO2","Nitrogen dioxide (air)","P3Y","3 subsequent calendar years mean","2016","46.754","ug/m3","96.41","1","Traffic","Urban","4.3846","50.8251","76.0","Bruxelles / Brussel                                                             ","BE001C1                                           ","1223364","E1a/validated data AQ e-Reporting","18/03/2023 21:36:00","http://fme.discomap.eea.europa.eu/fmedatastreaming/AirQualityDownload/AQData_Extract.fmw?CountryCode=BE&CityName=&Pollutant=8&Year_from=2016&Year_to=2016&Station=STA-BETR002&Samplingpoint=&Source=E1a&Output=HTML&UpdateDate="
"Belgium","NET-Flanders","Flanders","BEMGK11","00GK11 - GENK","SPO-BEMGK11_05012_100","Pb in PM10","Lead in PM10 (aerosol)","P1Y","Annual mean / 1 calendar year","2016","0.018","ug/m3","99.45","1","Industrial","Suburban","5.5204","50.9316","45.0","","","","E1a/validated data AQ e-Reporting","18/03/2023 21:08:58","http://fme.discomap.eea.europa.eu/fmedatastreaming/AirQualityDownload/AQData_Extract.fmw?CountryCode=BE&CityName=&Pollutant=5012&Year_from=2016&Year_to=2016&Station=STA-BEMGK11&Samplingpoint=&Source=E1a&Output=HTML&UpdateDate="
"Belgium","NET-Flanders","Flanders","BEMHB18","00HB18 - HOBOKEN","SPO-BEMHB18_05014_100","Cd in PM10","Cadmium in PM10 (aerosol)","P1Y","Annual mean / 1 calendar year","2016","3.000","ng/m3","0.01","1","Industrial","Suburban","4.3441","51.1739","10.0","Antwerpen                                                                       ","BE002C1                                           ","530014","E1a/validated data AQ e-Reporting","18/03/2023 21:08:58","http://fme.discomap.eea.europa.eu/fmedatastreaming/AirQualityDownload/AQData_Extract.fmw?CountryCode=BE&CityName=&Pollutant=5014&Year_from=2016&Year_to=2016&Station=STA-BEMHB18&Samplingpoint=&Source=E1a&Output=HTML&UpdateDate="
"Belgium","NET-Flanders","Flanders","BEMR802","00R802 - BORGERHOUT","SPO-BEMR802_05018_100","As in PM10","Arsenic in PM10 (aerosol)","P1Y","Annual mean / 1 calendar year","2016","0.198","ng/m3","97.27","1","Traffic","Urban","4.4318","51.2097","5.0","Antwerpen                                                                       ","BE002C1                                           ","530014","E1a/validated data AQ e-Reporting","18/03/2023 21:08:58","http://fme.discomap.eea.europa.eu/fmedatastreaming/AirQualityDownload/AQData_Extract.fmw?CountryCode=BE&CityName=&Pollutant=5018&Year_from=2016&Year_to=2016&Station=STA-BEMR802&Samplingpoint=&Source=E1a&Output=HTML&UpdateDate="
"Belgium","NET-Brussels","Brussels","BETMEU1","41MEU1 - MEUDON","SPO-BETMEU1_00005_100","PM10","Particulate matter < 10 µm (aerosol)","P1Y","Annual mean / 1 calendar year","2016","20.746","ug/m3","92.99","1","Background","Suburban","4.3957","50.8950","34.0","Bruxelles / Brussel                                                             ","BE001C1                                           ","1223364","E1a/validated data AQ e-Reporting","18/03/2023 21:08:58","http://fme.discomap.eea.europa.eu/fmedatastreaming/AirQualityDownload/AQData_Extract.fmw?CountryCode=BE&CityName=&Pollutant=5&Year_from=2016&Year_to=2016&Station=STA-BETMEU1&Samplingpoint=&Source=E1a&Output=HTML&UpdateDate="
"Belgium","NET-Flanders","Flanders","BESR801","59R801 - ANTWERPEN","SPO-BESR801_00464_100","m,p-C6H4(CH3)2","m,p-Xylene (air)","P1Y","Annual mean / 1 calendar year","2016","0.001","ug/m3","84.16","1","Background","Suburban","4.4318","51.2097","0.0","Antwerpen                                                                       ","BE002C1                                           ","530014","E1a/validated data AQ e-Reporting","18/03/2023 21:08:58","http://fme.discomap.eea.europa.eu/fmedatastreaming/AirQualityDownload/AQData_Extract.fmw?CountryCode=BE&CityName=&Pollutant=464&Year_from=2016&Year_to=2016&Station=STA-BESR801&Samplingpoint=&Source=E1a&Output=HTML&UpdateDate="
"Belgium","NET-Flanders","Flanders","BEDR802","65R802 - BORGERHOUT","SPO-BEDR802_00608_100","Anthracene","anthracene (precip+dry_dep)","P1Y","Annual mean / 1 calendar year","2016","15.297","ng/m2/day","92.62","1","Background","Urban","4.4317","51.2094","0.0","Antwerpen                                                                       ","BE002C1                                           ","530014","E1a/validated data AQ e-Reporting","18/03/2023 21:08:58","http://fme.discomap.eea.europa.eu/fmedatastreaming/AirQualityDownload/AQData_Extract.fmw?CountryCode=BE&CityName=&Pollutant=608&Year_from=2016&Year_to=2016&Station=STA-BEDR802&Samplingpoint=&Source=E1a&Output=HTML&UpdateDate="
"Belgium","NET-Brussels","Brussels","BETB006","41B006 - PARL.EUROPE","SPO-BETB006_00007_100","O3","Ozone (air)","P1Y-hrsAbove180","1 year hour exceed 180","2016","0.000","count","37.43","1","Background","Urban","4.3744","50.8386","67.0","Bruxelles / Brussel                                                             ","BE001C1                                           ","1223364","E1a/validated data AQ e-Reporting","18/03/2023 21:46:37","http://fme.discomap.eea.europa.eu/fmedatastreaming/AirQualityDownload/AQData_Extract.fmw?CountryCode=BE&CityName=&Pollutant=7&Year_from=2016&Year_to=2016&Station=STA-BETB006&Samplingpoint=&Source=E1a&Output=HTML&UpdateDate="
"Belgium","NET-Flanders","Flanders","BELHB23","40HB23 - HOBOKEN","SPO-BELHB23_00001_100","SO2","Sulphur dioxide (air)","P1Y-hr-max-per99.73","1 year 99.73 %ile of hourly values in a given year","2016","140.500","ug/m3","95.32","1","Industrial","Suburban","4.3410","51.1703","13.0","Antwerpen                                                                       ","BE002C1                                           ","530014","E1a/validated data AQ e-Reporting","18/03/2023 22:06:23","http://fme.discomap.eea.europa.eu/fmedatastreaming/AirQualityDownload/AQData_Extract.fmw?CountryCode=BE&CityName=&Pollutant=1&Year_from=2016&Year_to=2016&Station=STA-BELHB23&Samplingpoint=&Source=E1a&Output=HTML&UpdateDate="
"Belgium","NET-Brussels","Brussels","BETB004","41B004 - STE.CATHERI","SPO-BETB004_00007_100","O3","Ozone (air)","P1Y-dmax-per93.15","1 year 93.15 percentile daily 8h maximum","2016","91.750","ug/m3","93.72","1","Background","Urban","4.3478","50.8521","17.0","Bruxelles / Brussel                                                             ","BE001C1                                           ","1223364","E1a/validated data AQ e-Reporting","18/03/2023 22:12:55","http://fme.discomap.eea.europa.eu/fmedatastreaming/AirQualityDownload/AQData_Extract.fmw?CountryCode=BE&CityName=&Pollutant=7&Year_from=2016&Year_to=2016&Station=STA-BETB004&Samplingpoint=&Source=E1a&Output=HTML&UpdateDate="
"Belgium","NET-Brussels","Brussels","BEVR012","51R012 - UCCLE","SPO-BEVR012_00431_100","C6H5-C2H5","Ethyl benzene (air)","P1Y","Annual mean / 1 calendar year","2016","0.000","ug/m3","92.62","1","Background","Suburban","4.3585","50.7966","100.0","Bruxelles / Brussel                                                             ","BE001C1                                           ","1223364","E1a/validated data AQ e-Reporting","18/03/2023 21:08:58","http://fme.discomap.eea.europa.eu/fmedatastreaming/AirQualityDownload/AQData_Extract.fmw?CountryCode=BE&CityName=&Pollutant=431&Year_from=2016&Year_to=2016&Station=STA-BEVR012&Samplingpoint=&Source=E1a&Output=HTML&UpdateDate="
"Belgium","NET-Brussels","Brussels","BETR002","41R002 - IXELLES","SPO-BETR002_00391_100","Black Carbon","black_carbon (aerosol)","P1Y-hr-max","1 year hour max","2016","12.995","ug/m3","98.61","1","Traffic","Urban","4.3846","50.8251","76.0","Bruxelles / Brussel                                                             ","BE001C1                                           ","1223364","E1a/validated data AQ e-Reporting","18/03/2023 21:57:02","http://fme.discomap.eea.europa.eu/fmedatastreaming/AirQualityDownload/AQData_Extract.fmw?CountryCode=BE&CityName=&Pollutant=391&Year_from=2016&Year_to=2016&Station=STA-BETR002&Samplingpoint=&Source=E1a&Output=HTML&UpdateDate="
"Belgium","NET-Brussels","Brussels","BETN043","41N043 - HAREN","SPO-BETN043_00007_100","O3","Ozone (air)","P1Y-dx-max26","1 year daymax max 26","2016","84.313","ug/m3","98.63","1","Industrial","Suburban","4.3830","50.8837","17.0","Bruxelles / Brussel                                                             ","BE001C1                                           ","1223364","E1a/validated data AQ e-Reporting","18/03/2023 22:32:17","http://fme.discomap.eea.europa.eu/fmedatastreaming/AirQualityDownload/AQData_Extract.fmw?CountryCode=BE&CityName=&Pollutant=7&Year_from=2016&Year_to=2016&Station=STA-BETN043&Samplingpoint=&Source=E1a&Output=HTML&UpdateDate="
"Belgium","NET-Brussels","Brussels","BETN043","41N043 - HAREN","SPO-BETN043_00010_100","CO","Carbon monoxide (air)","P1Y-hr-min","1 year hour min","2016","0.110","mg/m3","90.40","1","Industrial","Suburban","4.3830","50.8837","17.0","Bruxelles / Brussel                                                             ","BE001C1                                           ","1223364","E1a/validated data AQ e-Reporting","18/03/2023 22:31:20","http://fme.discomap.eea.europa.eu/fmedatastreaming/AirQualityDownload/AQData_Extract.fmw?CountryCode=BE&CityName=&Pollutant=10&Year_from=2016&Year_to=2016&Station=STA-BETN043&Samplingpoint=&Source=E1a&Output=HTML&UpdateDate="
"Belgium","NET-Brussels","Brussels","BETMEU1","41MEU1 - MEUDON","SPO-BETMEU1_00001_100","SO2","Sulphur dioxide (air)","P1Y-day-max-per99.18","1 year 99.18 percentile of daily maximum","2016","4.750","ug/m3","13.93","1","Background","Suburban","4.3957","50.8950","34.0","Bruxelles / Brussel                                                             ","BE001C1                                           ","1223364","E1a/validated data AQ e-Reporting","18/03/2023 22:12:16","http://fme.discomap.eea.europa.eu/fmedatastreaming/AirQualityDownload/AQData_Extract.fmw?CountryCode=BE&CityName=&Pollutant=1&Year_from=2016&Year_to=2016&Station=STA-BETMEU1&Samplingpoint=&Source=E1a&Output=HTML&UpdateDate="
"Belgium","NET-Brussels","Brussels","BETMEU1","41MEU1 - MEUDON","SPO-BETMEU1_00005_100","PM10","Particulate matter < 10 µm (aerosol)","P1Y-P1D-per99","1 year 99 percentile of daily means (P1D) or .../aq/primaryObservation/day","2016","54.833","ug/m3","92.35","1","Background","Suburban","4.3957","50.8950","34.0","Bruxelles / Brussel                                                             ","BE001C1                                           ","1223364","E1a/validated data AQ e-Reporting","18/03/2023 22:09:38","http://fme.discomap.eea.europa.eu/fmedatastreaming/AirQualityDownload/AQData_Extract.fmw?CountryCode=BE&CityName=&Pollutant=5&Year_from=2016&Year_to=2016&Station=STA-BETMEU1&Samplingpoint=&Source=E1a&Output=HTML&UpdateDate="
"Belgium","NET-Brussels","Brussels","BETN043","41N043 - HAREN","SPO-BETN043_00007_100","O3","Ozone (air)","P1Y-day-per50","1 year 50 %ile of daily values in a year","2016","30.804","ug/m3","98.63","1","Industrial","Suburban","4.3830","50.8837","17.0","Bruxelles / Brussel                                                             ","BE001C1                                           ","1223364","E1a/validated data AQ e-Reporting","18/03/2023 22:15:13","http://fme.discomap.eea.europa.eu/fmedatastreaming/AirQualityDownload/AQData_Extract.fmw?CountryCode=BE&CityName=&Pollutant=7&Year_from=2016&Year_to=2016&Station=STA-BETN043&Samplingpoint=&Source=E1a&Output=HTML&UpdateDate="
"Belgium","NET-Brussels","Brussels","BETN043","41N043 - HAREN","SPO-BETN043_00008_100","NO2","Nitrogen dioxide (air)","P1Y","Annual mean / 1 calendar year","2016","41.997","ug/m3","95.83","1","Industrial","Suburban","4.3830","50.8837","17.0","Bruxelles / Brussel                                                             ","BE001C1                                           ","1223364","E1a/validated data AQ e-Reporting","18/03/2023 21:08:58","http://fme.discomap.eea.europa.eu/fmedatastreaming/AirQualityDownload/AQData_Extract.fmw?CountryCode=BE&CityName=&Pollutant=8&Year_from=2016&Year_to=2016&Station=STA-BETN043&Samplingpoint=&Source=E1a&Output=HTML&UpdateDate="
"Belgium","NET-Flanders","Flanders","BEGR801","26R801 - BORGERHOUT","SPO-BEGR801_01772_100","OC in PM2.5","Organic carbon in PM2.5 (aerosol)","P1Y","Annual mean / 1 calendar year","2016","3.810","ug/m3","0.01","1","Background","Urban","4.4318","51.2097","6.0","Antwerpen                                                                       ","BE002C1                                           ","530014","E1a/validated data AQ e-Reporting","18/03/2023 21:08:58","http://fme.discomap.eea.europa.eu/fmedatastreaming/AirQualityDownload/AQData_Extract.fmw?CountryCode=BE&CityName=&Pollutant=1772&Year_from=2016&Year_to=2016&Station=STA-BEGR801&Samplingpoint=&Source=E1a&Output=HTML&UpdateDate="
"Belgium","NET-Flanders","Flanders","BELAL01","40AL01 - LINKEROEVER","SPO-BELAL01_00005_100","PM10","Particulate matter < 10 µm (aerosol)","P1Y-daysAbove50","1 year day exceed 50","2016","8.000","count","97.27","1","Industrial","Suburban","4.3852","51.2362","10.0","Antwerpen                                                                       ","BE002C1                                           ","530014","E1a/validated data AQ e-Reporting","18/03/2023 22:27:00","http://fme.discomap.eea.europa.eu/fmedatastreaming/AirQualityDownload/AQData_Extract.fmw?CountryCode=BE&CityName=&Pollutant=5&Year_from=2016&Year_to=2016&Station=STA-BELAL01&Samplingpoint=&Source=E1a&Output=HTML&UpdateDate="
"Belgium","NET-Flanders","Flanders","BETE009","47E009 - Zemst","SPO-BETE009_00008_100","NO2","Nitrogen dioxide (air)","P1Y-day-max","1 year day max","2016","60.208","ug/m3","98.63","1","Industrial","Rural","4.4354","50.9549","43.0","","","","E1a/validated data AQ e-Reporting","18/03/2023 21:43:56","http://fme.discomap.eea.europa.eu/fmedatastreaming/AirQualityDownload/AQData_Extract.fmw?CountryCode=BE&CityName=&Pollutant=8&Year_from=2016&Year_to=2016&Station=STA-BETE009&Samplingpoint=&Source=E1a&Output=HTML&UpdateDate="
"Belgium","NET-Flanders","Flanders","BELHB23","40HB23 - HOBOKEN","SPO-BELHB23_00001_100","SO2","Sulphur dioxide (air)","P1Y-hr-per50","1 year 50 percentile","2016","1.000","ug/m3","95.32","1","Industrial","Suburban","4.3410","51.1703","13.0","Antwerpen                                                                       ","BE002C1                                           ","530014","E1a/validated data AQ e-Reporting","18/03/2023 22:05:49","http://fme.discomap.eea.europa.eu/fmedatastreaming/AirQualityDownload/AQData_Extract.fmw?CountryCode=BE&CityName=&Pollutant=1&Year_from=2016&Year_to=2016&Station=STA-BELHB23&Samplingpoint=&Source=E1a&Output=HTML&UpdateDate="
"Belgium","NET-Brussels","Brussels","BETB004","41B004 - STE.CATHERI","SPO-BETB004_00007_100","O3","Ozone (air)","P1Y-dmax-per99","1 year 99 percentile daily 8h maximum","2016","112.875","ug/m3","93.72","1","Background","Urban","4.3478","50.8521","17.0","Bruxelles / Brussel                                                             ","BE001C1                                           ","1223364","E1a/validated data AQ e-Reporting","18/03/2023 22:13:26","http://fme.discomap.eea.europa.eu/fmedatastreaming/AirQualityDownload/AQData_Extract.fmw?CountryCode=BE&CityName=&Pollutant=7&Year_from=2016&Year_to=2016&Station=STA-BETB004&Samplingpoint=&Source=E1a&Output=HTML&UpdateDate="
"Belgium","NET-Flanders","Flanders","BEM5K01","05KK01 - KOKSIJDE","SPO-BEM5K01_07018_100","As","Arsenic (precip+dry_dep)","P1Y","Annual mean / 1 calendar year","2016","0.738","ug/m2/day","100.00","1","Background","Suburban","2.6585","51.1209","6.0","","","","E1a/validated data AQ e-Reporting","18/03/2023 21:08:58","http://fme.discomap.eea.europa.eu/fmedatastreaming/AirQualityDownload/AQData_Extract.fmw?CountryCode=BE&CityName=&Pollutant=7018&Year_from=2016&Year_to=2016&Station=STA-BEM5K01&Samplingpoint=&Source=E1a&Output=HTML&UpdateDate="
"Belgium","NET-Flanders","Flanders","BETM705","44M705 - ROESELARE","SPO-BETM705_00008_100","NO2","Nitrogen dioxide (air)","P1Y-hr-max19","1 year hour max19","2016","88.000","ug/m3","96.85","1","Industrial","Suburban","3.1524","50.9454","19.0","","","","E1a/validated data AQ e-Reporting","18/03/2023 22:34:35","http://fme.discomap.eea.europa.eu/fmedatastreaming/AirQualityDownload/AQData_Extract.fmw?CountryCode=BE&CityName=&Pollutant=8&Year_from=2016&Year_to=2016&Station=STA-BETM705&Samplingpoint=&Source=E1a&Output=HTML&UpdateDate="
"Belgium","NET-Flanders","Flanders","BELSZ02","40SZ02 - STEENOKKERZ","SPO-BELSZ02_00008_100","NO2","Nitrogen dioxide (air)","P1Y","Annual mean / 1 calendar year","2016","25.200","ug/m3","96.47","1","Industrial","Rural","4.5122","50.9130","15.0","","","","E1a/validated data AQ e-Reporting","18/03/2023 21:08:58","http://fme.discomap.eea.europa.eu/fmedatastreaming/AirQualityDownload/AQData_Extract.fmw?CountryCode=BE&CityName=&Pollutant=8&Year_from=2016&Year_to=2016&Station=STA-BELSZ02&Samplingpoint=&Source=E1a&Output=HTML&UpdateDate="
"Belgium","NET-Flanders","Flanders","BESN029","59N029 - VEURNE","SPO-BESN029_00450_100","H3C-CH2-CH(CH3)2","i-Pentane (2-methylbutane) (air)","P1Y","Annual mean / 1 calendar year","2016","0.000","ug/m3","87.99","1","Background","Suburban","2.5823","51.0163","0.0","","","","E1a/validated data AQ e-Reporting","18/03/2023 21:08:58","http://fme.discomap.eea.europa.eu/fmedatastreaming/AirQualityDownload/AQData_Extract.fmw?CountryCode=BE&CityName=&Pollutant=450&Year_from=2016&Year_to=2016&Station=STA-BESN029&Samplingpoint=&Source=E1a&Output=HTML&UpdateDate="
"Belgium","NET-Flanders","Flanders","BEDDD02","65DDD02 - DUDZELE","SPO-BEDDD02_00645_100","Fluoranthene","fluoranthene (precip+dry_dep)","P1Y","Annual mean / 1 calendar year","2016","34.093","ng/m2/day","22.95","1","Background","Rural","3.2216","51.2664","0.0","Brugge                                                                          ","BE006C1                                           ","118916","E1a/validated data AQ e-Reporting","18/03/2023 21:08:58","http://fme.discomap.eea.europa.eu/fmedatastreaming/AirQualityDownload/AQData_Extract.fmw?CountryCode=BE&CityName=&Pollutant=645&Year_from=2016&Year_to=2016&Station=STA-BEDDD02&Samplingpoint=&Source=E1a&Output=HTML&UpdateDate="
"Belgium","NET-Brussels","Brussels","BETN043","41N043 - HAREN","SPO-BETN043_00001_100","SO2","Sulphur dioxide (air)","P1Y-day-max-per99.18","1 year 99.18 percentile of daily maximum","2016","8.313","ug/m3","98.91","1","Industrial","Suburban","4.3830","50.8837","17.0","Bruxelles / Brussel                                                             ","BE001C1                                           ","1223364","E1a/validated data AQ e-Reporting","18/03/2023 22:12:16","http://fme.discomap.eea.europa.eu/fmedatastreaming/AirQualityDownload/AQData_Extract.fmw?CountryCode=BE&CityName=&Pollutant=1&Year_from=2016&Year_to=2016&Station=STA-BETN043&Samplingpoint=&Source=E1a&Output=HTML&UpdateDate="
"Belgium","NET-Flanders","Flanders","BESMA01","59MA01 - MAASMECHELEN","SPO-BESMA01_00020_100","C6H6","Benzene (air)","P1Y-day-max","1 year day max","2016","1.700","ug/m3","90.44","1","Background","Suburban","5.7256","50.9816","0.0","","","","E1a/validated data AQ e-Reporting","18/03/2023 21:43:39","http://fme.discomap.eea.europa.eu/fmedatastreaming/AirQualityDownload/AQData_Extract.fmw?CountryCode=BE&CityName=&Pollutant=20&Year_from=2016&Year_to=2016&Station=STA-BESMA01&Samplingpoint=&Source=E1a&Output=HTML&UpdateDate="
"Belgium","NET-Flanders","Flanders","BETE715","47E715 - ZUIENKERKE","SPO-BETE715_00008_100","NO2","Nitrogen dioxide (air)","P1Y-hr-max19","1 year hour max19","2016","66.500","ug/m3","96.56","1","Industrial","Rural","3.1750","51.2459","4.0","","","","E1a/validated data AQ e-Reporting","18/03/2023 22:34:35","http://fme.discomap.eea.europa.eu/fmedatastreaming/AirQualityDownload/AQData_Extract.fmw?CountryCode=BE&CityName=&Pollutant=8&Year_from=2016&Year_to=2016&Station=STA-BETE715&Samplingpoint=&Source=E1a&Output=HTML&UpdateDate="
"Belgium","NET-Brussels","Brussels","BETR012","41R012 - UCCLE","SPO-BETR012_00008_100","NO2","Nitrogen dioxide (air)","P1Y-hr-max-per99.79","1 year 99.79 %ile of hourly values in a given year","2016","80.000","ug/m3","96.13","1","Background","Suburban","4.3586","50.7966","101.0","Bruxelles / Brussel                                                             ","BE001C1                                           ","1223364","E1a/validated data AQ e-Reporting","18/03/2023 22:07:35","http://fme.discomap.eea.europa.eu/fmedatastreaming/AirQualityDownload/AQData_Extract.fmw?CountryCode=BE&CityName=&Pollutant=8&Year_from=2016&Year_to=2016&Station=STA-BETR012&Samplingpoint=&Source=E1a&Output=HTML&UpdateDate="
"Belgium","NET-Brussels","Brussels","BETR002","41R002 - IXELLES","SPO-BETR002_00010_100","CO","Carbon monoxide (air)","P1Y","Annual mean / 1 calendar year","2016","0.257","mg/m3","88.52","1","Traffic","Urban","4.3846","50.8251","76.0","Bruxelles / Brussel                                                             ","BE001C1                                           ","1223364","E1a/validated data AQ e-Reporting","18/03/2023 21:08:58","http://fme.discomap.eea.europa.eu/fmedatastreaming/AirQualityDownload/AQData_Extract.fmw?CountryCode=BE&CityName=&Pollutant=10&Year_from=2016&Year_to=2016&Station=STA-BETR002&Samplingpoint=&Source=E1a&Output=HTML&UpdateDate="
"Belgium","NET-Brussels","Brussels","BETR012","41R012 - UCCLE","SPO-BETR012_00005_100","PM10","Particulate matter < 10 µm (aerosol)","P1Y-day-per50","1 year 50 %ile of daily values in a year","2016","15.313","ug/m3","91.53","1","Background","Suburban","4.3586","50.7966","101.0","Bruxelles / Brussel                                                             ","BE001C1                                           ","1223364","E1a/validated data AQ e-Reporting","18/03/2023 22:08:05","http://fme.discomap.eea.europa.eu/fmedatastreaming/AirQualityDownload/AQData_Extract.fmw?CountryCode=BE&CityName=&Pollutant=5&Year_from=2016&Year_to=2016&Station=STA-BETR012&Samplingpoint=&Source=E1a&Output=HTML&UpdateDate="
"Belgium","NET-Brussels","Brussels","BETR012","41R012 - UCCLE","SPO-BETR012_00005_100","PM10","Particulate matter < 10 µm (aerosol)","P1Y-hr-max","1 year hour max","2016","148.500","ug/m3","92.35","1","Background","Suburban","4.3586","50.7966","101.0","Bruxelles / Brussel                                                             ","BE001C1                                           ","1223364","E1a/validated data AQ e-Reporting","18/03/2023 21:57:02","http://fme.discomap.eea.europa.eu/fmedatastreaming/AirQualityDownload/AQData_Extract.fmw?CountryCode=BE&CityName=&Pollutant=5&Year_from=2016&Year_to=2016&Station=STA-BETR012&Samplingpoint=&Source=E1a&Output=HTML&UpdateDate="
"Belgium","NET-Brussels","Brussels","BETR012","41R012 - UCCLE","SPO-BETR012_00007_100","O3","Ozone (air)","P1Y-day-per50","1 year 50 %ile of daily values in a year","2016","44.870","ug/m3","97.54","1","Background","Suburban","4.3586","50.7966","101.0","Bruxelles / Brussel                                                             ","BE001C1                                           ","1223364","E1a/validated data AQ e-Reporting","18/03/2023 22:15:13","http://fme.discomap.eea.europa.eu/fmedatastreaming/AirQualityDownload/AQData_Extract.fmw?CountryCode=BE&CityName=&Pollutant=7&Year_from=2016&Year_to=2016&Station=STA-BETR012&Samplingpoint=&Source=E1a&Output=HTML&UpdateDate="
"Belgium","NET-Brussels","Brussels","BETR012","41R012 - UCCLE","SPO-BETR012_00007_100","O3","Ozone (air)","P1Y-hr-min","1 year hour min","2016","2.000","ug/m3","96.99","1","Background","Suburban","4.3586","50.7966","101.0","Bruxelles / Brussel                                                             ","BE001C1                                           ","1223364","E1a/validated data AQ e-Reporting","18/03/2023 22:31:20","http://fme.discomap.eea.europa.eu/fmedatastreaming/AirQualityDownload/AQData_Extract.fmw?CountryCode=BE&CityName=&Pollutant=7&Year_from=2016&Year_to=2016&Station=STA-BETR012&Samplingpoint=&Source=E1a&Output=HTML&UpdateDate="
"Belgium","NET-Brussels","Brussels","BETWOL1","41WOL1 - WOL.ST.L.","SPO-BETWOL1_00007_100","O3","Ozone (air)","P1Y-hr-min","1 year hour min","2016","2.000","ug/m3","97.13","1","Traffic","Suburban","4.4258","50.8567","78.0","Bruxelles / Brussel                                                             ","BE001C1                                           ","1223364","E1a/validated data AQ e-Reporting","18/03/2023 22:31:20","http://fme.discomap.eea.europa.eu/fmedatastreaming/AirQualityDownload/AQData_Extract.fmw?CountryCode=BE&CityName=&Pollutant=7&Year_from=2016&Year_to=2016&Station=STA-BETWOL1&Samplingpoint=&Source=E1a&Output=HTML&UpdateDate="
"Belgium","NET-Brussels","Brussels","BEVR002","51R002 - IXELLES","SPO-BEVR002_00020_100","C6H6","Benzene (air)","P1Y","Annual mean / 1 calendar year","2016","0.779","ug/m3","89.07","1","Traffic","Suburban","4.3847","50.8251","70.0","Bruxelles / Brussel                                                             ","BE001C1                                           ","1223364","E1a/validated data AQ e-Reporting","18/03/2023 21:08:58","http://fme.discomap.eea.europa.eu/fmedatastreaming/AirQualityDownload/AQData_Extract.fmw?CountryCode=BE&CityName=&Pollutant=20&Year_from=2016&Year_to=2016&Station=STA-BEVR002&Samplingpoint=&Source=E1a&Output=HTML&UpdateDate="
"Belgium","NET-Flanders","Flanders","BELLD01","40LD01 - LAAKDAL","SPO-BELLD01_00008_100","NO2","Nitrogen dioxide (air)","P1Y-3hAbove400","3 consecutive hours in exceedance of 400","2016","0.000","count","95.49","1","Industrial","Rural","5.0049","51.1100","20.0","","","","E1a/validated data AQ e-Reporting","18/03/2023 22:22:30","http://fme.discomap.eea.europa.eu/fmedatastreaming/AirQualityDownload/AQData_Extract.fmw?CountryCode=BE&CityName=&Pollutant=8&Year_from=2016&Year_to=2016&Station=STA-BELLD01&Samplingpoint=&Source=E1a&Output=HTML&UpdateDate="
"Belgium","NET-Flanders","Flanders","BEGBB15","26BB15 - BRUGGE","SPO-BEGBB15_06001_100","PM2.5","Particulate matter < 2.5 µm (aerosol)","P1Y","Annual mean / 1 calendar year","2016","13.041","ug/m3","98.91","1","Background","Urban","3.2341","51.2135","5.0","Brugge                                                                          ","BE006C1                                           ","118916","E1a/validated data AQ e-Reporting","18/03/2023 21:08:58","http://fme.discomap.eea.europa.eu/fmedatastreaming/AirQualityDownload/AQData_Extract.fmw?CountryCode=BE&CityName=&Pollutant=6001&Year_from=2016&Year_to=2016&Station=STA-BEGBB15&Samplingpoint=&Source=E1a&Output=HTML&UpdateDate="
"Belgium","NET-Flanders","Flanders","BETM705","44M705 - ROESELARE","SPO-BETM705_00007_100","O3","Ozone (air)","P3Y","3 subsequent calendar years mean","2016","44.317","ug/m3","91.13","1","Industrial","Suburban","3.1524","50.9454","19.0","","","","E1a/validated data AQ e-Reporting","18/03/2023 21:36:00","http://fme.discomap.eea.europa.eu/fmedatastreaming/AirQualityDownload/AQData_Extract.fmw?CountryCode=BE&CityName=&Pollutant=7&Year_from=2016&Year_to=2016&Station=STA-BETM705&Samplingpoint=&Source=E1a&Output=HTML&UpdateDate="
"Belgium","NET-Flanders","Flanders","BETM705","44M705 - ROESELARE","SPO-BETM705_00008_100","NO2","Nitrogen dioxide (air)","P1Y-hrsAbove200","1 year hour exceed 200","2016","0.000","count","96.85","1","Industrial","Suburban","3.1524","50.9454","19.0","","","","E1a/validated data AQ e-Reporting","18/03/2023 21:48:42","http://fme.discomap.eea.europa.eu/fmedatastreaming/AirQualityDownload/AQData_Extract.fmw?CountryCode=BE&CityName=&Pollutant=8&Year_from=2016&Year_to=2016&Station=STA-BETM705&Samplingpoint=&Source=E1a&Output=HTML&UpdateDate="
"Belgium","NET-Flanders","Flanders","BELOB01","40OB01 - OOSTROZEBEK","SPO-BELOB01_00005_100","PM10","Particulate matter < 10 µm (aerosol)","P1Y-day-min","1 year day min","2016","10.183","ug/m3","99.73","1","Industrial","Rural","3.3074","50.9172","44.0","","","","E1a/validated data AQ e-Reporting","18/03/2023 21:55:13","http://fme.discomap.eea.europa.eu/fmedatastreaming/AirQualityDownload/AQData_Extract.fmw?CountryCode=BE&CityName=&Pollutant=5&Year_from=2016&Year_to=2016&Station=STA-BELOB01&Samplingpoint=&Source=E1a&Output=HTML&UpdateDate="
"Belgium","NET-Flanders","Flanders","BELSZ02","40SZ02 - STEENOKKERZ","SPO-BELSZ02_00008_100","NO2","Nitrogen dioxide (air)","P1Y-hr-max19","1 year hour max19","2016","92.500","ug/m3","96.47","1","Industrial","Rural","4.5122","50.9130","15.0","","","","E1a/validated data AQ e-Reporting","18/03/2023 22:34:35","http://fme.discomap.eea.europa.eu/fmedatastreaming/AirQualityDownload/AQData_Extract.fmw?CountryCode=BE&CityName=&Pollutant=8&Year_from=2016&Year_to=2016&Station=STA-BELSZ02&Samplingpoint=&Source=E1a&Output=HTML&UpdateDate="
"Belgium","NET-Brussels","Brussels","BETWOL1","41WOL1 - WOL.ST.L.","SPO-BETWOL1_00007_100","O3","Ozone (air)","P1Y-dx-max","1 year day max max","2016","118.313","ug/m3","97.54","1","Traffic","Suburban","4.4258","50.8567","78.0","Bruxelles / Brussel                                                             ","BE001C1                                           ","1223364","E1a/validated data AQ e-Reporting","18/03/2023 21:44:39","http://fme.discomap.eea.europa.eu/fmedatastreaming/AirQualityDownload/AQData_Extract.fmw?CountryCode=BE&CityName=&Pollutant=7&Year_from=2016&Year_to=2016&Station=STA-BETWOL1&Samplingpoint=&Source=E1a&Output=HTML&UpdateDate="
"Belgium","NET-Brussels","Brussels","BEVWOL1","51WOL1 - WOL.ST.L.","SPO-BEVWOL1_00441_100","C7H16","n-Heptane (air)","P1Y","Annual mean / 1 calendar year","2016","0.000","ug/m3","94.54","1","Background","Suburban","4.4257","50.8566","77.0","Bruxelles / Brussel                                                             ","BE001C1                                           ","1223364","E1a/validated data AQ e-Reporting","18/03/2023 21:08:58","http://fme.discomap.eea.europa.eu/fmedatastreaming/AirQualityDownload/AQData_Extract.fmw?CountryCode=BE&CityName=&Pollutant=441&Year_from=2016&Year_to=2016&Station=STA-BEVWOL1&Samplingpoint=&Source=E1a&Output=HTML&UpdateDate="
"Belgium","NET-Flanders","Flanders","BELLD02","40LD02 - LAAKDAL","SPO-BELLD02_00020_100","C6H6","Benzene (air)","P1Y","Annual mean / 1 calendar year","2016","0.606","ug/m3","92.95","1","Industrial","Rural","5.0216","51.1204","22.0","","","","E1a/validated data AQ e-Reporting","18/03/2023 21:08:58","http://fme.discomap.eea.europa.eu/fmedatastreaming/AirQualityDownload/AQData_Extract.fmw?CountryCode=BE&CityName=&Pollutant=20&Year_from=2016&Year_to=2016&Station=STA-BELLD02&Samplingpoint=&Source=E1a&Output=HTML&UpdateDate="
"Belgium","NET-Flanders","Flanders","BEDHZ02","65HZ02 - HEUZDEN-ZOLDER
","SPO-BEDHZ02_07419_100","Dibenzo(ah)anthracene","Dibenzo(ah)anthracene (precip+dry_dep)","P1Y","Annual mean / 1 calendar year","2016","10.340","ng/m2/day","22.95","1","Industrial","Suburban","5.2477","50.9943","0.0","","","","E1a/validated data AQ e-Reporting","18/03/2023 21:08:58","http://fme.discomap.eea.europa.eu/fmedatastreaming/AirQualityDownload/AQData_Extract.fmw?CountryCode=BE&CityName=&Pollutant=7419&Year_from=2016&Year_to=2016&Station=STA-BEDHZ02&Samplingpoint=&Source=E1a&Output=HTML&UpdateDate="
"Belgium","NET-Brussels","Brussels","BETWOL1","41WOL1 - WOL.ST.L.","SPO-BETWOL1_00001_100","SO2","Sulphur dioxide (air)","P1Y-hr-max25","1 year hour max 25","2016","7.000","ug/m3","92.32","1","Traffic","Suburban","4.4258","50.8567","78.0","Bruxelles / Brussel                                                             ","BE001C1                                           ","1223364","E1a/validated data AQ e-Reporting","18/03/2023 22:33:20","http://fme.discomap.eea.europa.eu/fmedatastreaming/AirQualityDownload/AQData_Extract.fmw?CountryCode=BE&CityName=&Pollutant=1&Year_from=2016&Year_to=2016&Station=STA-BETWOL1&Samplingpoint=&Source=E1a&Output=HTML&UpdateDate="
"Belgium","NET-Flanders","Flanders","BETN029","44N029 - HOUTEM","SPO-BETN029_06001_100","PM2.5","Particulate matter < 2.5 µm (aerosol)","P1Y","Annual mean / 1 calendar year","2016","11.511","ug/m3","99.29","1","Background","Rural","2.5823","51.0163","2.0","","","","E1a/validated data AQ e-Reporting","18/03/2023 21:08:58","http://fme.discomap.eea.europa.eu/fmedatastreaming/AirQualityDownload/AQData_Extract.fmw?CountryCode=BE&CityName=&Pollutant=6001&Year_from=2016&Year_to=2016&Station=STA-BETN029&Samplingpoint=&Source=E1a&Output=HTML&UpdateDate="
"Belgium","NET-Brussels","Brussels","BETR002","41R002 - IXELLES","SPO-BETR002_00010_100","CO","Carbon monoxide (air)","P1Y-dx-avg","1 year daymax average","2016","0.340","mg/m3","97.54","1","Traffic","Urban","4.3846","50.8251","76.0","Bruxelles / Brussel                                                             ","BE001C1                                           ","1223364","E1a/validated data AQ e-Reporting","18/03/2023 22:27:48","http://fme.discomap.eea.europa.eu/fmedatastreaming/AirQualityDownload/AQData_Extract.fmw?CountryCode=BE&CityName=&Pollutant=10&Year_from=2016&Year_to=2016&Station=STA-BETR002&Samplingpoint=&Source=E1a&Output=HTML&UpdateDate="
"Belgium","NET-Flanders","Flanders","BETE703","47E703 - OOSTEEKLO","SPO-BETE703_00008_100","NO2","Nitrogen dioxide (air)","P1Y-hr-max-per99.79","1 year 99.79 %ile of hourly values in a given year","2016","70.500","ug/m3","93.21","1","Industrial","Rural","3.6873","51.1903","0.0","","","","E1a/validated data AQ e-Reporting","18/03/2023 22:07:35","http://fme.discomap.eea.europa.eu/fmedatastreaming/AirQualityDownload/AQData_Extract.fmw?CountryCode=BE&CityName=&Pollutant=8&Year_from=2016&Year_to=2016&Station=STA-BETE703&Samplingpoint=&Source=E1a&Output=HTML&UpdateDate="
"Belgium","NET-Flanders","Flanders","BEDGN78","65GN78 - GENT
","SPO-BEDGN78_00611_100","Benzo(a)anthracene","Benzo(a)anthracene (precip+dry_dep)","P1Y","Annual mean / 1 calendar year","2016","194.503","ng/m2/day","22.95","1","Background","Urban","3.7264","51.0857","0.0","Gent                                                                            ","BE003C1                                           ","263687","E1a/validated data AQ e-Reporting","18/03/2023 21:08:58","http://fme.discomap.eea.europa.eu/fmedatastreaming/AirQualityDownload/AQData_Extract.fmw?CountryCode=BE&CityName=&Pollutant=611&Year_from=2016&Year_to=2016&Station=STA-BEDGN78&Samplingpoint=&Source=E1a&Output=HTML&UpdateDate="
"Belgium","NET-Brussels","Brussels","BETB004","41B004 - STE.CATHERI","SPO-BETB004_00007_100","O3","Ozone (air)","P1Y-hrsAbove240","1 year hour exceed 240","2016","0.000","count","92.74","1","Background","Urban","4.3478","50.8521","17.0","Bruxelles / Brussel                                                             ","BE001C1                                           ","1223364","E1a/validated data AQ e-Reporting","18/03/2023 21:50:25","http://fme.discomap.eea.europa.eu/fmedatastreaming/AirQualityDownload/AQData_Extract.fmw?CountryCode=BE&CityName=&Pollutant=7&Year_from=2016&Year_to=2016&Station=STA-BETB004&Samplingpoint=&Source=E1a&Output=HTML&UpdateDate="
"Belgium","NET-Flanders","Flanders","BEDZL06","65ZL06 - ZELZATE","SPO-BEDZL06_07435_100","Fluorene","Fluorene (precip+dry_dep)","P1Y","Annual mean / 1 calendar year","2016","34.090","ng/m2/day","22.95","1","Industrial","Suburban","3.8113","51.2087","0.0","","","","E1a/validated data AQ e-Reporting","18/03/2023 21:08:58","http://fme.discomap.eea.europa.eu/fmedatastreaming/AirQualityDownload/AQData_Extract.fmw?CountryCode=BE&CityName=&Pollutant=7435&Year_from=2016&Year_to=2016&Station=STA-BEDZL06&Samplingpoint=&Source=E1a&Output=HTML&UpdateDate="
"Belgium","NET-Brussels","Brussels","BETB004","41B004 - STE.CATHERI","SPO-BETB004_00007_100","O3","Ozone (air)","P3Y","3 subsequent calendar years mean","2016","35.597","ug/m3","95.80","1","Background","Urban","4.3478","50.8521","17.0","Bruxelles / Brussel                                                             ","BE001C1                                           ","1223364","E1a/validated data AQ e-Reporting","18/03/2023 21:36:00","http://fme.discomap.eea.europa.eu/fmedatastreaming/AirQualityDownload/AQData_Extract.fmw?CountryCode=BE&CityName=&Pollutant=7&Year_from=2016&Year_to=2016&Station=STA-BETB004&Samplingpoint=&Source=E1a&Output=HTML&UpdateDate="
"Belgium","NET-Brussels","Brussels","BETB006","41B006 - PARL.EUROPE","SPO-BETB006_00007_100","O3","Ozone (air)","summer-avg","Summer mean","2016","55.147","ug/m3","36.59","1","Background","Urban","4.3744","50.8386","67.0","Bruxelles / Brussel                                                             ","BE001C1                                           ","1223364","E1a/validated data AQ e-Reporting","18/03/2023 22:50:22","http://fme.discomap.eea.europa.eu/fmedatastreaming/AirQualityDownload/AQData_Extract.fmw?CountryCode=BE&CityName=&Pollutant=7&Year_from=2016&Year_to=2016&Station=STA-BETB006&Samplingpoint=&Source=E1a&Output=HTML&UpdateDate="
"Belgium","NET-Flanders","Flanders","BELHB23","40HB23 - HOBOKEN","SPO-BELHB23_00001_100","SO2","Sulphur dioxide (air)","P1Y-day-max","1 year day max","2016","86.354","ug/m3","96.45","1","Industrial","Suburban","4.3410","51.1703","13.0","Antwerpen                                                                       ","BE002C1                                           ","530014","E1a/validated data AQ e-Reporting","18/03/2023 21:42:48","http://fme.discomap.eea.europa.eu/fmedatastreaming/AirQualityDownload/AQData_Extract.fmw?CountryCode=BE&CityName=&Pollutant=1&Year_from=2016&Year_to=2016&Station=STA-BELHB23&Samplingpoint=&Source=E1a&Output=HTML&UpdateDate="
"Belgium","NET-Flanders","Flanders","BEGRT01","26RT01 - RETIE","SPO-BEGRT01_01631_100","Cl- in PM2.5","chloride in PM2.5 (aerosol)","P1Y","Annual mean / 1 calendar year","2016","0.270","ug/m3","0.01","1","Background","Rural","5.0533","51.2309","23.0","","","","E1a/validated data AQ e-Reporting","18/03/2023 21:08:58","http://fme.discomap.eea.europa.eu/fmedatastreaming/AirQualityDownload/AQData_Extract.fmw?CountryCode=BE&CityName=&Pollutant=1631&Year_from=2016&Year_to=2016&Station=STA-BEGRT01&Samplingpoint=&Source=E1a&Output=HTML&UpdateDate="
"Belgium","NET-Flanders","Flanders","BETN012","44N012 - MOERKERKE","SPO-BETN012_06001_100","PM2.5","Particulate matter < 2.5 µm (aerosol)","P1Y-day-per50","1 year 50 %ile of daily values in a year","2016","8.771","ug/m3","99.45","1","Background","Rural","3.3625","51.2546","3.0","","","","E1a/validated data AQ e-Reporting","18/03/2023 22:11:51","http://fme.discomap.eea.europa.eu/fmedatastreaming/AirQualityDownload/AQData_Extract.fmw?CountryCode=BE&CityName=&Pollutant=6001&Year_from=2016&Year_to=2016&Station=STA-BETN012&Samplingpoint=&Source=E1a&Output=HTML&UpdateDate="
"Belgium","NET-Brussels","Brussels","BETR002","41R002 - IXELLES","SPO-BETR002_00010_100","CO","Carbon monoxide (air)","P1Y-P1D-per99","1 year 99 percentile of daily means (P1D) or .../aq/primaryObservation/day","2016","0.575","mg/m3","98.36","1","Traffic","Urban","4.3846","50.8251","76.0","Bruxelles / Brussel                                                             ","BE001C1                                           ","1223364","E1a/validated data AQ e-Reporting","18/03/2023 22:11:26","http://fme.discomap.eea.europa.eu/fmedatastreaming/AirQualityDownload/AQData_Extract.fmw?CountryCode=BE&CityName=&Pollutant=10&Year_from=2016&Year_to=2016&Station=STA-BETR002&Samplingpoint=&Source=E1a&Output=HTML&UpdateDate="
"Belgium","NET-Flanders","Flanders","BELR833","40R833 - STABROEK","SPO-BELR833_00008_100","NO2","Nitrogen dioxide (air)","P1Y-day-min","1 year day min","2016","4.917","ug/m3","98.09","1","Industrial","Rural","4.3623","51.3277","5.0","","","","E1a/validated data AQ e-Reporting","18/03/2023 21:56:03","http://fme.discomap.eea.europa.eu/fmedatastreaming/AirQualityDownload/AQData_Extract.fmw?CountryCode=BE&CityName=&Pollutant=8&Year_from=2016&Year_to=2016&Station=STA-BELR833&Samplingpoint=&Source=E1a&Output=HTML&UpdateDate="
"Belgium","NET-Flanders","Flanders","BELRL01","40RL01 - ROESELARE","SPO-BELRL01_00005_100","PM10","Particulate matter < 10 µm (aerosol)","P1Y-day-min","1 year day min","2016","6.663","ug/m3","100.00","1","Background","Urban","3.1212","50.9532","20.0","","","","E1a/validated data AQ e-Reporting","18/03/2023 21:55:13","http://fme.discomap.eea.europa.eu/fmedatastreaming/AirQualityDownload/AQData_Extract.fmw?CountryCode=BE&CityName=&Pollutant=5&Year_from=2016&Year_to=2016&Station=STA-BELRL01&Samplingpoint=&Source=E1a&Output=HTML&UpdateDate="
"Belgium","NET-Flanders","Flanders","BELLD02","40LD02 - LAAKDAL","SPO-BELLD02_00008_100","NO2","Nitrogen dioxide (air)","P1Y-hr-max19","1 year hour max19","2016","68.000","ug/m3","96.46","1","Industrial","Rural","5.0216","51.1204","22.0","","","","E1a/validated data AQ e-Reporting","18/03/2023 22:34:35","http://fme.discomap.eea.europa.eu/fmedatastreaming/AirQualityDownload/AQData_Extract.fmw?CountryCode=BE&CityName=&Pollutant=8&Year_from=2016&Year_to=2016&Station=STA-BELLD02&Samplingpoint=&Source=E1a&Output=HTML&UpdateDate="
"Belgium","NET-Flanders","Flanders","BEGR811","26R811 - SCHOTEN","SPO-BEGR811_06001_100","PM2.5","Particulate matter < 2.5 µm (aerosol)","P1Y-P1D-per99","1 year 99 percentile of daily means (P1D) or .../aq/primaryObservation/day","2016","43.792","ug/m3","99.18","1","Background","Suburban","4.4914","51.2521","8.0","","","","E1a/validated data AQ e-Reporting","18/03/2023 22:10:03","http://fme.discomap.eea.europa.eu/fmedatastreaming/AirQualityDownload/AQData_Extract.fmw?CountryCode=BE&CityName=&Pollutant=6001&Year_from=2016&Year_to=2016&Station=STA-BEGR811&Samplingpoint=&Source=E1a&Output=HTML&UpdateDate="
"Belgium","NET-Flanders","Flanders","BELAB02","40AB02 - BERENDRECHT","SPO-BELAB02_00005_100","PM10","Particulate matter < 10 µm (aerosol)","P1Y-day-per50","1 year 50 %ile of daily values in a year","2016","18.933","ug/m3","100.00","1","Background","Suburban","4.3218","51.3407","10.0","Antwerpen                                                                       ","BE002C1                                           ","530014","E1a/validated data AQ e-Reporting","18/03/2023 22:08:05","http://fme.discomap.eea.europa.eu/fmedatastreaming/AirQualityDownload/AQData_Extract.fmw?CountryCode=BE&CityName=&Pollutant=5&Year_from=2016&Year_to=2016&Station=STA-BELAB02&Samplingpoint=&Source=E1a&Output=HTML&UpdateDate="
"Belgium","NET-Flanders","Flanders","BELGK06","40GK06 - GENK","SPO-BELGK06_00005_100","PM10","Particulate matter < 10 µm (aerosol)","P1Y-day-min","1 year day min","2016","4.933","ug/m3","100.00","1","Industrial","Suburban","5.4706","50.9279","44.0","","","","E1a/validated data AQ e-Reporting","18/03/2023 21:55:13","http://fme.discomap.eea.europa.eu/fmedatastreaming/AirQualityDownload/AQData_Extract.fmw?CountryCode=BE&CityName=&Pollutant=5&Year_from=2016&Year_to=2016&Station=STA-BELGK06&Samplingpoint=&Source=E1a&Output=HTML&UpdateDate="
"Belgium","NET-Flanders","Flanders","BELGK06","40GK06 - GENK","SPO-BELGK06_06001_100","PM2.5","Particulate matter < 2.5 µm (aerosol)","P1Y-hr-max","1 year hour max","2016","79.000","ug/m3","99.85","1","Industrial","Suburban","5.4706","50.9279","44.0","","","","E1a/validated data AQ e-Reporting","18/03/2023 21:57:02","http://fme.discomap.eea.europa.eu/fmedatastreaming/AirQualityDownload/AQData_Extract.fmw?CountryCode=BE&CityName=&Pollutant=6001&Year_from=2016&Year_to=2016&Station=STA-BELGK06&Samplingpoint=&Source=E1a&Output=HTML&UpdateDate="
"Belgium","NET-Flanders","Flanders","BELMN01","40MN01 - MENEN","SPO-BELMN01_00005_100","PM10","Particulate matter < 10 µm (aerosol)","P1Y-P1D-per90.4","1 year 90.4 percentile - COMPLIANCE","2016","45.058","ug/m3","97.81","1","Industrial","Rural","3.1096","50.7935","10.0","","","","E1a/validated data AQ e-Reporting","18/03/2023 22:08:35","http://fme.discomap.eea.europa.eu/fmedatastreaming/AirQualityDownload/AQData_Extract.fmw?CountryCode=BE&CityName=&Pollutant=5&Year_from=2016&Year_to=2016&Station=STA-BELMN01&Samplingpoint=&Source=E1a&Output=HTML&UpdateDate="
"Belgium","NET-Flanders","Flanders","BELMN01","40MN01 - MENEN","SPO-BELMN01_00005_100","PM10","Particulate matter < 10 µm (aerosol)","P1Y-P1D-per90.41","1 year 90.41 percentile","2016","45.058","ug/m3","97.81","1","Industrial","Rural","3.1096","50.7935","10.0","","","","E1a/validated data AQ e-Reporting","18/03/2023 22:09:05","http://fme.discomap.eea.europa.eu/fmedatastreaming/AirQualityDownload/AQData_Extract.fmw?CountryCode=BE&CityName=&Pollutant=5&Year_from=2016&Year_to=2016&Station=STA-BELMN01&Samplingpoint=&Source=E1a&Output=HTML&UpdateDate="
"Belgium","NET-Flanders","Flanders","BELAL01","40AL01 - LINKEROEVER","SPO-BELAL01_06001_100","PM2.5","Particulate matter < 2.5 µm (aerosol)","P1Y-day-per50","1 year 50 %ile of daily values in a year","2016","9.771","ug/m3","97.27","1","Industrial","Suburban","4.3852","51.2362","10.0","Antwerpen                                                                       ","BE002C1                                           ","530014","E1a/validated data AQ e-Reporting","18/03/2023 22:11:51","http://fme.discomap.eea.europa.eu/fmedatastreaming/AirQualityDownload/AQData_Extract.fmw?CountryCode=BE&CityName=&Pollutant=6001&Year_from=2016&Year_to=2016&Station=STA-BELAL01&Samplingpoint=&Source=E1a&Output=HTML&UpdateDate="
"Belgium","NET-Brussels","Brussels","BETR012","41R012 - UCCLE","SPO-BETR012_00007_100","O3","Ozone (air)","P1Y-hr-max","1 year hour max","2016","178.500","ug/m3","96.99","1","Background","Suburban","4.3586","50.7966","101.0","Bruxelles / Brussel                                                             ","BE001C1                                           ","1223364","E1a/validated data AQ e-Reporting","18/03/2023 21:57:02","http://fme.discomap.eea.europa.eu/fmedatastreaming/AirQualityDownload/AQData_Extract.fmw?CountryCode=BE&CityName=&Pollutant=7&Year_from=2016&Year_to=2016&Station=STA-BETR012&Samplingpoint=&Source=E1a&Output=HTML&UpdateDate="
"Belgium","NET-Brussels","Brussels","BETR001","41R001 - MOLENBEEK","SPO-BETR001_00008_100","NO2","Nitrogen dioxide (air)","P1Y-hr-max","1 year hour max","2016","167.000","ug/m3","95.89","1","Background","Urban","4.3341","50.8497","20.0","Bruxelles / Brussel                                                             ","BE001C1                                           ","1223364","E1a/validated data AQ e-Reporting","18/03/2023 21:57:02","http://fme.discomap.eea.europa.eu/fmedatastreaming/AirQualityDownload/AQData_Extract.fmw?CountryCode=BE&CityName=&Pollutant=8&Year_from=2016&Year_to=2016&Station=STA-BETR001&Samplingpoint=&Source=E1a&Output=HTML&UpdateDate="
"Belgium","NET-Brussels","Brussels","BETR012","41R012 - UCCLE","SPO-BETR012_00008_100","NO2","Nitrogen dioxide (air)","P1Y-day-min","1 year day min","2016","4.283","ug/m3","96.45","1","Background","Suburban","4.3586","50.7966","101.0","Bruxelles / Brussel                                                             ","BE001C1                                           ","1223364","E1a/validated data AQ e-Reporting","18/03/2023 21:56:03","http://fme.discomap.eea.europa.eu/fmedatastreaming/AirQualityDownload/AQData_Extract.fmw?CountryCode=BE&CityName=&Pollutant=8&Year_from=2016&Year_to=2016&Station=STA-BETR012&Samplingpoint=&Source=E1a&Output=HTML&UpdateDate="
"Belgium","NET-Brussels","Brussels","BEVR001","51R001 - MOLENBEEK","SPO-BEVR001_00464_100","m,p-C6H4(CH3)2","m,p-Xylene (air)","P1Y","Annual mean / 1 calendar year","2016","0.001","ug/m3","95.63","1","Background","Urban","4.3338","50.8497","15.0","Bruxelles / Brussel                                                             ","BE001C1                                           ","1223364","E1a/validated data AQ e-Reporting","18/03/2023 21:08:58","http://fme.discomap.eea.europa.eu/fmedatastreaming/AirQualityDownload/AQData_Extract.fmw?CountryCode=BE&CityName=&Pollutant=464&Year_from=2016&Year_to=2016&Station=STA-BEVR001&Samplingpoint=&Source=E1a&Output=HTML&UpdateDate="
"Belgium","NET-Flanders","Flanders","BELHB23","40HB23 - HOBOKEN","SPO-BELHB23_00005_100","PM10","Particulate matter < 10 µm (aerosol)","P1Y-hr-max","1 year hour max","2016","163.600","ug/m3","97.93","1","Industrial","Suburban","4.3410","51.1703","13.0","Antwerpen                                                                       ","BE002C1                                           ","530014","E1a/validated data AQ e-Reporting","18/03/2023 21:57:02","http://fme.discomap.eea.europa.eu/fmedatastreaming/AirQualityDownload/AQData_Extract.fmw?CountryCode=BE&CityName=&Pollutant=5&Year_from=2016&Year_to=2016&Station=STA-BELHB23&Samplingpoint=&Source=E1a&Output=HTML&UpdateDate="
"Belgium","NET-Brussels","Brussels","BETR001","41R001 - MOLENBEEK","SPO-BETR001_00007_100","O3","Ozone (air)","AOT40f","AOT40 for forest protection","2016","4231.415","ug/m3","99.64","1","Background","Urban","4.3341","50.8497","20.0","Bruxelles / Brussel                                                             ","BE001C1                                           ","1223364","E1a/validated data AQ e-Reporting","18/03/2023 23:06:40","http://fme.discomap.eea.europa.eu/fmedatastreaming/AirQualityDownload/AQData_Extract.fmw?CountryCode=BE&CityName=&Pollutant=7&Year_from=2016&Year_to=2016&Station=STA-BETR001&Samplingpoint=&Source=E1a&Output=HTML&UpdateDate="
"Belgium","NET-Flanders","Flanders","BEDGN78","65GN78 - GENT
","SPO-BEDGN78_00645_100","Fluoranthene","fluoranthene (precip+dry_dep)","P1Y","Annual mean / 1 calendar year","2016","1061.930","ng/m2/day","22.95","1","Background","Urban","3.7264","51.0857","0.0","Gent                                                                            ","BE003C1                                           ","263687","E1a/validated data AQ e-Reporting","18/03/2023 21:08:58","http://fme.discomap.eea.europa.eu/fmedatastreaming/AirQualityDownload/AQData_Extract.fmw?CountryCode=BE&CityName=&Pollutant=645&Year_from=2016&Year_to=2016&Station=STA-BEDGN78&Samplingpoint=&Source=E1a&Output=HTML&UpdateDate="
"Belgium","NET-Brussels","Brussels","BETMEU1","41MEU1 - MEUDON","SPO-BETMEU1_00008_100","NO2","Nitrogen dioxide (air)","P1Y-day-per50","1 year 50 %ile of daily values in a year","2016","23.688","ug/m3","98.09","1","Background","Suburban","4.3957","50.8950","34.0","Bruxelles / Brussel                                                             ","BE001C1                                           ","1223364","E1a/validated data AQ e-Reporting","18/03/2023 22:14:21","http://fme.discomap.eea.europa.eu/fmedatastreaming/AirQualityDownload/AQData_Extract.fmw?CountryCode=BE&CityName=&Pollutant=8&Year_from=2016&Year_to=2016&Station=STA-BETMEU1&Samplingpoint=&Source=E1a&Output=HTML&UpdateDate="
"Belgium","NET-Brussels","Brussels","BETN043","41N043 - HAREN","SPO-BETN043_00001_100","SO2","Sulphur dioxide (air)","P1Y-hr-min","1 year hour min","2016","0.100","ug/m3","97.60","1","Industrial","Suburban","4.3830","50.8837","17.0","Bruxelles / Brussel                                                             ","BE001C1                                           ","1223364","E1a/validated data AQ e-Reporting","18/03/2023 22:31:20","http://fme.discomap.eea.europa.eu/fmedatastreaming/AirQualityDownload/AQData_Extract.fmw?CountryCode=BE&CityName=&Pollutant=1&Year_from=2016&Year_to=2016&Station=STA-BETN043&Samplingpoint=&Source=E1a&Output=HTML&UpdateDate="
"Belgium","NET-Flanders","Flanders","BELLM05","40LM05 - LOMMEL","SPO-BELLM05_00001_100","SO2","Sulphur dioxide (air)","P1Y-3hAbove500","3 consecutive hours in exceedance of 500","2016","0.000","count","84.77","1","Industrial","Rural","5.2581","51.2151","2.0","","","","E1a/validated data AQ e-Reporting","18/03/2023 22:18:09","http://fme.discomap.eea.europa.eu/fmedatastreaming/AirQualityDownload/AQData_Extract.fmw?CountryCode=BE&CityName=&Pollutant=1&Year_from=2016&Year_to=2016&Station=STA-BELLM05&Samplingpoint=&Source=E1a&Output=HTML&UpdateDate="
"Belgium","NET-Flanders","Flanders","BELLM05","40LM05 - LOMMEL","SPO-BELLM05_00001_100","SO2","Sulphur dioxide (air)","P1Y-day-min","1 year day min","2016","1.000","ug/m3","85.79","1","Industrial","Rural","5.2581","51.2151","2.0","","","","E1a/validated data AQ e-Reporting","18/03/2023 21:54:56","http://fme.discomap.eea.europa.eu/fmedatastreaming/AirQualityDownload/AQData_Extract.fmw?CountryCode=BE&CityName=&Pollutant=1&Year_from=2016&Year_to=2016&Station=STA-BELLM05&Samplingpoint=&Source=E1a&Output=HTML&UpdateDate="
"Belgium","NET-Flanders","Flanders","BEPN029","60N029 - HOUTEM","SPO-BEPN029_05029_100","BaP in PM10","Benzo(a)pyrene in PM10 (aerosol)","P3Y","3 subsequent calendar years mean","2016","0.072","ng/m3","31.66","1","Background","Rural","2.5823","51.0163","2.0","","","","E1a/validated data AQ e-Reporting","18/03/2023 21:36:00","http://fme.discomap.eea.europa.eu/fmedatastreaming/AirQualityDownload/AQData_Extract.fmw?CountryCode=BE&CityName=&Pollutant=5029&Year_from=2016&Year_to=2016&Station=STA-BEPN029&Samplingpoint=&Source=E1a&Output=HTML&UpdateDate="
"Belgium","NET-Flanders","Flanders","BELOB02","40OB02 - WIELSBEKE","SPO-BELOB02_00005_100","PM10","Particulate matter < 10 µm (aerosol)","P1Y","Annual mean / 1 calendar year","2016","22.692","ug/m3","99.85","1","Industrial","Rural","3.3762","50.9150","14.0","","","","E1a/validated data AQ e-Reporting","18/03/2023 21:08:58","http://fme.discomap.eea.europa.eu/fmedatastreaming/AirQualityDownload/AQData_Extract.fmw?CountryCode=BE&CityName=&Pollutant=5&Year_from=2016&Year_to=2016&Station=STA-BELOB02&Samplingpoint=&Source=E1a&Output=HTML&UpdateDate="
"Belgium","NET-Brussels","Brussels","BETWOL1","41WOL1 - WOL.ST.L.","SPO-BETWOL1_00001_100","SO2","Sulphur dioxide (air)","P1Y-day-per50","1 year 50 %ile of daily values in a year","2016","2.000","ug/m3","93.17","1","Traffic","Suburban","4.4258","50.8567","78.0","Bruxelles / Brussel                                                             ","BE001C1                                           ","1223364","E1a/validated data AQ e-Reporting","18/03/2023 22:14:46","http://fme.discomap.eea.europa.eu/fmedatastreaming/AirQualityDownload/AQData_Extract.fmw?CountryCode=BE&CityName=&Pollutant=1&Year_from=2016&Year_to=2016&Station=STA-BETWOL1&Samplingpoint=&Source=E1a&Output=HTML&UpdateDate="
"Belgium","NET-Flanders","Flanders","BELAL05","40AL05 - BEVEREN","SPO-BELAL05_00005_100","PM10","Particulate matter < 10 µm (aerosol)","P1Y-P1D-per90.4","1 year 90.4 percentile - COMPLIANCE","2016","38.354","ug/m3","94.54","1","Industrial","Rural","4.2789","51.2631","8.0","","","","E1a/validated data AQ e-Reporting","18/03/2023 22:08:35","http://fme.discomap.eea.europa.eu/fmedatastreaming/AirQualityDownload/AQData_Extract.fmw?CountryCode=BE&CityName=&Pollutant=5&Year_from=2016&Year_to=2016&Station=STA-BELAL05&Samplingpoint=&Source=E1a&Output=HTML&UpdateDate="
"Belgium","NET-Brussels","Brussels","BETMEU1","41MEU1 - MEUDON","SPO-BETMEU1_00001_100","SO2","Sulphur dioxide (air)","P1Y-day-max","1 year day max","2016","4.750","ug/m3","13.93","1","Background","Suburban","4.3957","50.8950","34.0","Bruxelles / Brussel                                                             ","BE001C1                                           ","1223364","E1a/validated data AQ e-Reporting","18/03/2023 21:42:48","http://fme.discomap.eea.europa.eu/fmedatastreaming/AirQualityDownload/AQData_Extract.fmw?CountryCode=BE&CityName=&Pollutant=1&Year_from=2016&Year_to=2016&Station=STA-BETMEU1&Samplingpoint=&Source=E1a&Output=HTML&UpdateDate="
"Belgium","NET-Flanders","Flanders","BEDR802","65R802 - BORGERHOUT","SPO-BEDR802_00611_100","Benzo(a)anthracene","Benzo(a)anthracene (precip+dry_dep)","P1Y","Annual mean / 1 calendar year","2016","37.853","ng/m2/day","92.62","1","Background","Urban","4.4317","51.2094","0.0","Antwerpen                                                                       ","BE002C1                                           ","530014","E1a/validated data AQ e-Reporting","18/03/2023 21:08:58","http://fme.discomap.eea.europa.eu/fmedatastreaming/AirQualityDownload/AQData_Extract.fmw?CountryCode=BE&CityName=&Pollutant=611&Year_from=2016&Year_to=2016&Station=STA-BEDR802&Samplingpoint=&Source=E1a&Output=HTML&UpdateDate="
"Belgium","NET-Flanders","Flanders","BEGRT01","26RT01 - RETIE","SPO-BEGRT01_01047_100","SO42- in PM2.5","sulphate in PM2.5 (aerosol)","P1Y","Annual mean / 1 calendar year","2016","1.950","ug/m3","0.01","1","Background","Rural","5.0533","51.2309","23.0","","","","E1a/validated data AQ e-Reporting","18/03/2023 21:08:58","http://fme.discomap.eea.europa.eu/fmedatastreaming/AirQualityDownload/AQData_Extract.fmw?CountryCode=BE&CityName=&Pollutant=1047&Year_from=2016&Year_to=2016&Station=STA-BEGRT01&Samplingpoint=&Source=E1a&Output=HTML&UpdateDate="
"Belgium","NET-Flanders","Flanders","BELAB02","40AB02 - BERENDRECHT","SPO-BELAB02_06001_100","PM2.5","Particulate matter < 2.5 µm (aerosol)","P1Y-P1D-per99","1 year 99 percentile of daily means (P1D) or .../aq/primaryObservation/day","2016","42.646","ug/m3","100.00","1","Background","Suburban","4.3218","51.3407","10.0","Antwerpen                                                                       ","BE002C1                                           ","530014","E1a/validated data AQ e-Reporting","18/03/2023 22:10:03","http://fme.discomap.eea.europa.eu/fmedatastreaming/AirQualityDownload/AQData_Extract.fmw?CountryCode=BE&CityName=&Pollutant=6001&Year_from=2016&Year_to=2016&Station=STA-BELAB02&Samplingpoint=&Source=E1a&Output=HTML&UpdateDate="
"Belgium","NET-Flanders","Flanders","BELSA04","40SA04 - Hoevenen","SPO-BELSA04_00005_100","PM10","Particulate matter < 10 µm (aerosol)","P1Y-day-max","1 year day max","2016","63.705","ug/m3","98.91","1","Industrial","Rural","4.4039","51.3139","6.0","","","","E1a/validated data AQ e-Reporting","18/03/2023 21:43:06","http://fme.discomap.eea.europa.eu/fmedatastreaming/AirQualityDownload/AQData_Extract.fmw?CountryCode=BE&CityName=&Pollutant=5&Year_from=2016&Year_to=2016&Station=STA-BELSA04&Samplingpoint=&Source=E1a&Output=HTML&UpdateDate="
"Belgium","NET-Brussels","Brussels","BETR001","41R001 - MOLENBEEK","SPO-BETR001_00005_100","PM10","Particulate matter < 10 µm (aerosol)","P3Y","3 subsequent calendar years mean","2016","23.857","ug/m3","88.40","1","Background","Urban","4.3341","50.8497","20.0","Bruxelles / Brussel                                                             ","BE001C1                                           ","1223364","E1a/validated data AQ e-Reporting","18/03/2023 21:36:00","http://fme.discomap.eea.europa.eu/fmedatastreaming/AirQualityDownload/AQData_Extract.fmw?CountryCode=BE&CityName=&Pollutant=5&Year_from=2016&Year_to=2016&Station=STA-BETR001&Samplingpoint=&Source=E1a&Output=HTML&UpdateDate="
"Belgium","NET-Brussels","Brussels","BETR001","41R001 - MOLENBEEK","SPO-BETR001_00007_100","O3","Ozone (air)","SOMO35","Sum of Ozone Means Over 35 ppb","2016","1024.498","ug/m3","90.98","1","Background","Urban","4.3341","50.8497","20.0","Bruxelles / Brussel                                                             ","BE001C1                                           ","1223364","E1a/validated data AQ e-Reporting","18/03/2023 22:59:23","http://fme.discomap.eea.europa.eu/fmedatastreaming/AirQualityDownload/AQData_Extract.fmw?CountryCode=BE&CityName=&Pollutant=7&Year_from=2016&Year_to=2016&Station=STA-BETR001&Samplingpoint=&Source=E1a&Output=HTML&UpdateDate="
"Belgium","NET-Brussels","Brussels","BETN043","41N043 - HAREN","SPO-BETN043_00005_100","PM10","Particulate matter < 10 µm (aerosol)","P1Y","Annual mean / 1 calendar year","2016","24.688","ug/m3","94.68","1","Industrial","Suburban","4.3830","50.8837","17.0","Bruxelles / Brussel                                                             ","BE001C1                                           ","1223364","E1a/validated data AQ e-Reporting","18/03/2023 21:08:58","http://fme.discomap.eea.europa.eu/fmedatastreaming/AirQualityDownload/AQData_Extract.fmw?CountryCode=BE&CityName=&Pollutant=5&Year_from=2016&Year_to=2016&Station=STA-BETN043&Samplingpoint=&Source=E1a&Output=HTML&UpdateDate="
"Belgium","NET-Brussels","Brussels","BETN043","41N043 - HAREN","SPO-BETN043_00007_100","O3","Ozone (air)","P1Y-hrsAbove180","1 year hour exceed 180","2016","0.000","count","97.38","1","Industrial","Suburban","4.3830","50.8837","17.0","Bruxelles / Brussel                                                             ","BE001C1                                           ","1223364","E1a/validated data AQ e-Reporting","18/03/2023 21:46:37","http://fme.discomap.eea.europa.eu/fmedatastreaming/AirQualityDownload/AQData_Extract.fmw?CountryCode=BE&CityName=&Pollutant=7&Year_from=2016&Year_to=2016&Station=STA-BETN043&Samplingpoint=&Source=E1a&Output=HTML&UpdateDate="
"Belgium","NET-Flanders","Flanders","BETE703","47E703 - OOSTEEKLO","SPO-BETE703_00008_100","NO2","Nitrogen dioxide (air)","P1Y-3hAbove400","3 consecutive hours in exceedance of 400","2016","0.000","count","93.21","1","Industrial","Rural","3.6873","51.1903","0.0","","","","E1a/validated data AQ e-Reporting","18/03/2023 22:22:30","http://fme.discomap.eea.europa.eu/fmedatastreaming/AirQualityDownload/AQData_Extract.fmw?CountryCode=BE&CityName=&Pollutant=8&Year_from=2016&Year_to=2016&Station=STA-BETE703&Samplingpoint=&Source=E1a&Output=HTML&UpdateDate="
"Belgium","NET-Brussels","Brussels","BETB011","41B011 - BERCHEM S.A","SPO-BETB011_00008_100","NO2","Nitrogen dioxide (air)","P1Y-day-min","1 year day min","2016","4.000","ug/m3","99.73","1","Background","Suburban","4.2887","50.8578","66.0","Bruxelles / Brussel                                                             ","BE001C1                                           ","1223364","E1a/validated data AQ e-Reporting","18/03/2023 21:56:03","http://fme.discomap.eea.europa.eu/fmedatastreaming/AirQualityDownload/AQData_Extract.fmw?CountryCode=BE&CityName=&Pollutant=8&Year_from=2016&Year_to=2016&Station=STA-BETB011&Samplingpoint=&Source=E1a&Output=HTML&UpdateDate="
"Belgium","NET-Flanders","Flanders","BEGR701","26R701 - GENT","SPO-BEGR701_06001_100","PM2.5","Particulate matter < 2.5 µm (aerosol)","P3Y","3 subsequent calendar years mean","2016","15.040","ug/m3","97.45","1","Background","Urban","3.7293","51.0583","5.0","Gent                                                                            ","BE003C1                                           ","263687","E1a/validated data AQ e-Reporting","18/03/2023 21:36:00","http://fme.discomap.eea.europa.eu/fmedatastreaming/AirQualityDownload/AQData_Extract.fmw?CountryCode=BE&CityName=&Pollutant=6001&Year_from=2016&Year_to=2016&Station=STA-BEGR701&Samplingpoint=&Source=E1a&Output=HTML&UpdateDate="
"Belgium","NET-Brussels","Brussels","BETN043","41N043 - HAREN","SPO-BETN043_00008_100","NO2","Nitrogen dioxide (air)","P1Y-3hAbove400","3 consecutive hours in exceedance of 400","2016","0.000","count","95.83","1","Industrial","Suburban","4.3830","50.8837","17.0","Bruxelles / Brussel                                                             ","BE001C1                                           ","1223364","E1a/validated data AQ e-Reporting","18/03/2023 22:22:30","http://fme.discomap.eea.europa.eu/fmedatastreaming/AirQualityDownload/AQData_Extract.fmw?CountryCode=BE&CityName=&Pollutant=8&Year_from=2016&Year_to=2016&Station=STA-BETN043&Samplingpoint=&Source=E1a&Output=HTML&UpdateDate="
"Belgium","NET-Brussels","Brussels","BETN043","41N043 - HAREN","SPO-BETN043_00008_100","NO2","Nitrogen dioxide (air)","P1Y-hr-max19","1 year hour max19","2016","135.000","ug/m3","95.83","1","Industrial","Suburban","4.3830","50.8837","17.0","Bruxelles / Brussel                                                             ","BE001C1                                           ","1223364","E1a/validated data AQ e-Reporting","18/03/2023 22:34:35","http://fme.discomap.eea.europa.eu/fmedatastreaming/AirQualityDownload/AQData_Extract.fmw?CountryCode=BE&CityName=&Pollutant=8&Year_from=2016&Year_to=2016&Station=STA-BETN043&Samplingpoint=&Source=E1a&Output=HTML&UpdateDate="
"Belgium","NET-Flanders","Flanders","BESN035","59N035 - AARSCHOT","SPO-BESN035_00021_100","C6H5-CH3","Toluene (air)","P1Y","Annual mean / 1 calendar year","2016","0.001","ug/m3","87.99","1","Background","Suburban","4.8376","50.9776","0.0","","","","E1a/validated data AQ e-Reporting","18/03/2023 21:08:58","http://fme.discomap.eea.europa.eu/fmedatastreaming/AirQualityDownload/AQData_Extract.fmw?CountryCode=BE&CityName=&Pollutant=21&Year_from=2016&Year_to=2016&Station=STA-BESN035&Samplingpoint=&Source=E1a&Output=HTML&UpdateDate="
"Belgium","NET-Flanders","Flanders","BELOB02","40OB02 - WIELSBEKE","SPO-BELOB02_00005_100","PM10","Particulate matter < 10 µm (aerosol)","P1Y-day-max","1 year day max","2016","64.225","ug/m3","100.00","1","Industrial","Rural","3.3762","50.9150","14.0","","","","E1a/validated data AQ e-Reporting","18/03/2023 21:43:06","http://fme.discomap.eea.europa.eu/fmedatastreaming/AirQualityDownload/AQData_Extract.fmw?CountryCode=BE&CityName=&Pollutant=5&Year_from=2016&Year_to=2016&Station=STA-BELOB02&Samplingpoint=&Source=E1a&Output=HTML&UpdateDate="
"Belgium","NET-Brussels","Brussels","BETR002","41R002 - IXELLES","SPO-BETR002_00001_100","SO2","Sulphur dioxide (air)","P1Y-hrsAbove350","1 year hour exceed 350","2016","0.000","count","96.69","1","Traffic","Urban","4.3846","50.8251","76.0","Bruxelles / Brussel                                                             ","BE001C1                                           ","1223364","E1a/validated data AQ e-Reporting","18/03/2023 21:52:12","http://fme.discomap.eea.europa.eu/fmedatastreaming/AirQualityDownload/AQData_Extract.fmw?CountryCode=BE&CityName=&Pollutant=1&Year_from=2016&Year_to=2016&Station=STA-BETR002&Samplingpoint=&Source=E1a&Output=HTML&UpdateDate="
"Belgium","NET-Brussels","Brussels","BETR002","41R002 - IXELLES","SPO-BETR002_00008_100","NO2","Nitrogen dioxide (air)","P1Y","Annual mean / 1 calendar year","2016","47.724","ug/m3","96.77","1","Traffic","Urban","4.3846","50.8251","76.0","Bruxelles / Brussel                                                             ","BE001C1                                           ","1223364","E1a/validated data AQ e-Reporting","18/03/2023 21:08:58","http://fme.discomap.eea.europa.eu/fmedatastreaming/AirQualityDownload/AQData_Extract.fmw?CountryCode=BE&CityName=&Pollutant=8&Year_from=2016&Year_to=2016&Station=STA-BETR002&Samplingpoint=&Source=E1a&Output=HTML&UpdateDate="
"Belgium","NET-Flanders","Flanders","BELR833","40R833 - STABROEK","SPO-BELR833_00008_100","NO2","Nitrogen dioxide (air)","P1Y-hrsAbove200","1 year hour exceed 200","2016","0.000","count","94.67","1","Industrial","Rural","4.3623","51.3277","5.0","","","","E1a/validated data AQ e-Reporting","18/03/2023 21:48:42","http://fme.discomap.eea.europa.eu/fmedatastreaming/AirQualityDownload/AQData_Extract.fmw?CountryCode=BE&CityName=&Pollutant=8&Year_from=2016&Year_to=2016&Station=STA-BELR833&Samplingpoint=&Source=E1a&Output=HTML&UpdateDate="
"Belgium","NET-Flanders","Flanders","BETN016","42N016 - DESSEL","SPO-BETN016_00001_100","SO2","Sulphur dioxide (air)","P1Y-hr-max-per99.73","1 year 99.73 %ile of hourly values in a given year","2016","23.000","ug/m3","97.22","1","Background","Rural","5.1640","51.2337","30.0","","","","E1a/validated data AQ e-Reporting","18/03/2023 22:06:23","http://fme.discomap.eea.europa.eu/fmedatastreaming/AirQualityDownload/AQData_Extract.fmw?CountryCode=BE&CityName=&Pollutant=1&Year_from=2016&Year_to=2016&Station=STA-BETN016&Samplingpoint=&Source=E1a&Output=HTML&UpdateDate="
"Belgium","NET-Flanders","Flanders","BETN016","42N016 - DESSEL","SPO-BETN016_00005_100","PM10","Particulate matter < 10 µm (aerosol)","P3Y","3 subsequent calendar years mean","2016","21.031","ug/m3","97.69","1","Background","Rural","5.1640","51.2337","30.0","","","","E1a/validated data AQ e-Reporting","18/03/2023 21:36:00","http://fme.discomap.eea.europa.eu/fmedatastreaming/AirQualityDownload/AQData_Extract.fmw?CountryCode=BE&CityName=&Pollutant=5&Year_from=2016&Year_to=2016&Station=STA-BETN016&Samplingpoint=&Source=E1a&Output=HTML&UpdateDate="
"Belgium","NET-Flanders","Flanders","BEPGK32","60GK32 - GENK","SPO-BEPGK32_05029_100","BaP in PM10","Benzo(a)pyrene in PM10 (aerosol)","P3Y","3 subsequent calendar years mean","2016","0.157","ng/m3","32.48","1","Background","Rural","5.5117","50.9415","2.0","","","","E1a/validated data AQ e-Reporting","18/03/2023 21:36:00","http://fme.discomap.eea.europa.eu/fmedatastreaming/AirQualityDownload/AQData_Extract.fmw?CountryCode=BE&CityName=&Pollutant=5029&Year_from=2016&Year_to=2016&Station=STA-BEPGK32&Samplingpoint=&Source=E1a&Output=HTML&UpdateDate="
"Belgium","NET-Flanders","Flanders","BEDR802","65R802 - BORGERHOUT","SPO-BEDR802_07351_100","Acenaphthene","Acenaphthene (precip+dry_dep)","P1Y","Annual mean / 1 calendar year","2016","13.048","ng/m2/day","92.62","1","Background","Urban","4.4317","51.2094","0.0","Antwerpen                                                                       ","BE002C1                                           ","530014","E1a/validated data AQ e-Reporting","18/03/2023 21:08:58","http://fme.discomap.eea.europa.eu/fmedatastreaming/AirQualityDownload/AQData_Extract.fmw?CountryCode=BE&CityName=&Pollutant=7351&Year_from=2016&Year_to=2016&Station=STA-BEDR802&Samplingpoint=&Source=E1a&Output=HTML&UpdateDate="
"Belgium","NET-Brussels","Brussels","BETWOL1","41WOL1 - WOL.ST.L.","SPO-BETWOL1_00010_100","CO","Carbon monoxide (air)","P1Y-hr-per50","1 year 50 percentile","2016","0.220","mg/m3","90.86","1","Traffic","Suburban","4.4258","50.8567","78.0","Bruxelles / Brussel                                                             ","BE001C1                                           ","1223364","E1a/validated data AQ e-Reporting","18/03/2023 22:05:49","http://fme.discomap.eea.europa.eu/fmedatastreaming/AirQualityDownload/AQData_Extract.fmw?CountryCode=BE&CityName=&Pollutant=10&Year_from=2016&Year_to=2016&Station=STA-BETWOL1&Samplingpoint=&Source=E1a&Output=HTML&UpdateDate="
"Belgium","NET-Flanders","Flanders","BEDNE02","65NE02 - NIEL
","SPO-BEDNE02_00656_100","Indeno-(1,2,3-cd)pyrene","indeno_123cd_pyrene (precip+dry_dep)","P1Y","Annual mean / 1 calendar year","2016","7.267","ng/m2/day","22.95","1","Background","Rural","4.3353","51.0990","0.0","","","","E1a/validated data AQ e-Reporting","18/03/2023 21:08:58","http://fme.discomap.eea.europa.eu/fmedatastreaming/AirQualityDownload/AQData_Extract.fmw?CountryCode=BE&CityName=&Pollutant=656&Year_from=2016&Year_to=2016&Station=STA-BEDNE02&Samplingpoint=&Source=E1a&Output=HTML&UpdateDate="
"Belgium","NET-Flanders","Flanders","BEDZL06","65ZL06 - ZELZATE","SPO-BEDZL06_07406_100","Chrysene","Chrysene (precip+dry_dep)","P1Y","Annual mean / 1 calendar year","2016","58.687","ng/m2/day","22.95","1","Industrial","Suburban","3.8113","51.2087","0.0","","","","E1a/validated data AQ e-Reporting","18/03/2023 21:08:58","http://fme.discomap.eea.europa.eu/fmedatastreaming/AirQualityDownload/AQData_Extract.fmw?CountryCode=BE&CityName=&Pollutant=7406&Year_from=2016&Year_to=2016&Station=STA-BEDZL06&Samplingpoint=&Source=E1a&Output=HTML&UpdateDate="
"Belgium","NET-Flanders","Flanders","BELLD02","40LD02 - LAAKDAL","SPO-BELLD02_00008_100","NO2","Nitrogen dioxide (air)","P1Y","Annual mean / 1 calendar year","2016","20.724","ug/m3","96.46","1","Industrial","Rural","5.0216","51.1204","22.0","","","","E1a/validated data AQ e-Reporting","18/03/2023 21:08:58","http://fme.discomap.eea.europa.eu/fmedatastreaming/AirQualityDownload/AQData_Extract.fmw?CountryCode=BE&CityName=&Pollutant=8&Year_from=2016&Year_to=2016&Station=STA-BELLD02&Samplingpoint=&Source=E1a&Output=HTML&UpdateDate="
"Belgium","NET-Flanders","Flanders","BELSZ02","40SZ02 - STEENOKKERZ","SPO-BELSZ02_00001_100","SO2","Sulphur dioxide (air)","P1Y-P1D-per99","1 year 99 percentile of daily means (P1D) or .../aq/primaryObservation/day","2016","4.438","ug/m3","98.36","1","Industrial","Rural","4.5122","50.9130","15.0","","","","E1a/validated data AQ e-Reporting","18/03/2023 22:11:00","http://fme.discomap.eea.europa.eu/fmedatastreaming/AirQualityDownload/AQData_Extract.fmw?CountryCode=BE&CityName=&Pollutant=1&Year_from=2016&Year_to=2016&Station=STA-BELSZ02&Samplingpoint=&Source=E1a&Output=HTML&UpdateDate="
"Belgium","NET-Flanders","Flanders","BELRL01","40RL01 - ROESELARE","SPO-BELRL01_00005_100","PM10","Particulate matter < 10 µm (aerosol)","P1Y-daysAbove50","1 year day exceed 50","2016","13.000","count","100.00","1","Background","Urban","3.1212","50.9532","20.0","","","","E1a/validated data AQ e-Reporting","18/03/2023 22:27:00","http://fme.discomap.eea.europa.eu/fmedatastreaming/AirQualityDownload/AQData_Extract.fmw?CountryCode=BE&CityName=&Pollutant=5&Year_from=2016&Year_to=2016&Station=STA-BELRL01&Samplingpoint=&Source=E1a&Output=HTML&UpdateDate="
"Belgium","NET-Flanders","Flanders","BESR801","59R801 - ANTWERPEN","SPO-BESR801_06011_100","1,2,4-C6H3(CH3)3","1,2,4-Trimethylbenzene (air)","P1Y","Annual mean / 1 calendar year","2016","0.000","ug/m3","84.16","1","Background","Suburban","4.4318","51.2097","0.0","Antwerpen                                                                       ","BE002C1                                           ","530014","E1a/validated data AQ e-Reporting","18/03/2023 21:08:58","http://fme.discomap.eea.europa.eu/fmedatastreaming/AirQualityDownload/AQData_Extract.fmw?CountryCode=BE&CityName=&Pollutant=6011&Year_from=2016&Year_to=2016&Station=STA-BESR801&Samplingpoint=&Source=E1a&Output=HTML&UpdateDate="
"Belgium","NET-Flanders","Flanders","BETN035","42N035 - AARSCHOT","SPO-BETN035_00005_100","PM10","Particulate matter < 10 µm (aerosol)","P1Y-daysAbove50","1 year day exceed 50","2016","4.000","count","99.73","1","Background","Rural","4.8376","50.9775","55.0","","","","E1a/validated data AQ e-Reporting","18/03/2023 22:27:00","http://fme.discomap.eea.europa.eu/fmedatastreaming/AirQualityDownload/AQData_Extract.fmw?CountryCode=BE&CityName=&Pollutant=5&Year_from=2016&Year_to=2016&Station=STA-BETN035&Samplingpoint=&Source=E1a&Output=HTML&UpdateDate="
"Belgium","NET-Flanders","Flanders","BETN035","42N035 - AARSCHOT","SPO-BETN035_00007_100","O3","Ozone (air)","P1Y-dmax-per93.15","1 year 93.15 percentile daily 8h maximum","2016","110.250","ug/m3","94.81","1","Background","Rural","4.8376","50.9775","55.0","","","","E1a/validated data AQ e-Reporting","18/03/2023 22:12:55","http://fme.discomap.eea.europa.eu/fmedatastreaming/AirQualityDownload/AQData_Extract.fmw?CountryCode=BE&CityName=&Pollutant=7&Year_from=2016&Year_to=2016&Station=STA-BETN035&Samplingpoint=&Source=E1a&Output=HTML&UpdateDate="
"Belgium","NET-Flanders","Flanders","BEPR701","60R701 - GENT","SPO-BEPR701_05029_100","BaP in PM10","Benzo(a)pyrene in PM10 (aerosol)","P1Y","Annual mean / 1 calendar year","2016","0.185","ng/m3","32.51","1","Background","Urban","3.7293","51.0583","5.0","Gent                                                                            ","BE003C1                                           ","263687","E1a/validated data AQ e-Reporting","18/03/2023 21:08:58","http://fme.discomap.eea.europa.eu/fmedatastreaming/AirQualityDownload/AQData_Extract.fmw?CountryCode=BE&CityName=&Pollutant=5029&Year_from=2016&Year_to=2016&Station=STA-BEPR701&Samplingpoint=&Source=E1a&Output=HTML&UpdateDate="
"Belgium","NET-Flanders","Flanders","BELAL05","40AL05 - BEVEREN","SPO-BELAL05_00005_100","PM10","Particulate matter < 10 µm (aerosol)","P1Y-hr-max","1 year hour max","2016","145.500","ug/m3","94.73","1","Industrial","Rural","4.2789","51.2631","8.0","","","","E1a/validated data AQ e-Reporting","18/03/2023 21:57:02","http://fme.discomap.eea.europa.eu/fmedatastreaming/AirQualityDownload/AQData_Extract.fmw?CountryCode=BE&CityName=&Pollutant=5&Year_from=2016&Year_to=2016&Station=STA-BELAL05&Samplingpoint=&Source=E1a&Output=HTML&UpdateDate="
"Belgium","NET-Flanders","Flanders","BETE716","47E716 - MARIAKERKE","SPO-BETE716_00008_100","NO2","Nitrogen dioxide (air)","P1Y-hr-max","1 year hour max","2016","94.500","ug/m3","96.22","1","Industrial","Suburban","3.6828","51.0670","8.0","Gent                                                                            ","BE003C1                                           ","263687","E1a/validated data AQ e-Reporting","18/03/2023 21:57:02","http://fme.discomap.eea.europa.eu/fmedatastreaming/AirQualityDownload/AQData_Extract.fmw?CountryCode=BE&CityName=&Pollutant=8&Year_from=2016&Year_to=2016&Station=STA-BETE716&Samplingpoint=&Source=E1a&Output=HTML&UpdateDate="
"Belgium","NET-Brussels","Brussels","BETMEU1","41MEU1 - MEUDON","SPO-BETMEU1_00005_100","PM10","Particulate matter < 10 µm (aerosol)","P1Y-P1D-per90.4","1 year 90.4 percentile - COMPLIANCE","2016","34.886","ug/m3","92.35","1","Background","Suburban","4.3957","50.8950","34.0","Bruxelles / Brussel                                                             ","BE001C1                                           ","1223364","E1a/validated data AQ e-Reporting","18/03/2023 22:08:35","http://fme.discomap.eea.europa.eu/fmedatastreaming/AirQualityDownload/AQData_Extract.fmw?CountryCode=BE&CityName=&Pollutant=5&Year_from=2016&Year_to=2016&Station=STA-BETMEU1&Samplingpoint=&Source=E1a&Output=HTML&UpdateDate="
"Belgium","NET-Flanders","Flanders","BEGR701","26R701 - GENT","SPO-BEGR701_01668_100","Na+  in PM2.5","sodium in PM2.5 (aerosol)","P1Y","Annual mean / 1 calendar year","2016","0.040","ug/m3","0.01","1","Background","Urban","3.7293","51.0583","5.0","Gent                                                                            ","BE003C1                                           ","263687","E1a/validated data AQ e-Reporting","18/03/2023 21:08:58","http://fme.discomap.eea.europa.eu/fmedatastreaming/AirQualityDownload/AQData_Extract.fmw?CountryCode=BE&CityName=&Pollutant=1668&Year_from=2016&Year_to=2016&Station=STA-BEGR701&Samplingpoint=&Source=E1a&Output=HTML&UpdateDate="
"Belgium","NET-Flanders","Flanders","BEGR701","26R701 - GENT","SPO-BEGR701_06001_100","PM2.5","Particulate matter < 2.5 µm (aerosol)","P1Y-day-min","1 year day min","2016","3.083","ug/m3","97.81","1","Background","Urban","3.7293","51.0583","5.0","Gent                                                                            ","BE003C1                                           ","263687","E1a/validated data AQ e-Reporting","18/03/2023 21:55:29","http://fme.discomap.eea.europa.eu/fmedatastreaming/AirQualityDownload/AQData_Extract.fmw?CountryCode=BE&CityName=&Pollutant=6001&Year_from=2016&Year_to=2016&Station=STA-BEGR701&Samplingpoint=&Source=E1a&Output=HTML&UpdateDate="
"Belgium","NET-Brussels","Brussels","BETB011","41B011 - BERCHEM S.A","SPO-BETB011_00008_100","NO2","Nitrogen dioxide (air)","P3Y","3 subsequent calendar years mean","2016","22.323","ug/m3","97.27","1","Background","Suburban","4.2887","50.8578","66.0","Bruxelles / Brussel                                                             ","BE001C1                                           ","1223364","E1a/validated data AQ e-Reporting","18/03/2023 21:36:00","http://fme.discomap.eea.europa.eu/fmedatastreaming/AirQualityDownload/AQData_Extract.fmw?CountryCode=BE&CityName=&Pollutant=8&Year_from=2016&Year_to=2016&Station=STA-BETB011&Samplingpoint=&Source=E1a&Output=HTML&UpdateDate="
"Belgium","NET-Brussels","Brussels","BETR012","41R012 - UCCLE","SPO-BETR012_06001_100","PM2.5","Particulate matter < 2.5 µm (aerosol)","P1Y-day-per50","1 year 50 %ile of daily values in a year","2016","10.042","ug/m3","92.90","1","Background","Suburban","4.3586","50.7966","101.0","Bruxelles / Brussel                                                             ","BE001C1                                           ","1223364","E1a/validated data AQ e-Reporting","18/03/2023 22:11:51","http://fme.discomap.eea.europa.eu/fmedatastreaming/AirQualityDownload/AQData_Extract.fmw?CountryCode=BE&CityName=&Pollutant=6001&Year_from=2016&Year_to=2016&Station=STA-BETR012&Samplingpoint=&Source=E1a&Output=HTML&UpdateDate="
"Belgium","NET-Brussels","Brussels","BETB011","41B011 - BERCHEM S.A","SPO-BETB011_00008_100","NO2","Nitrogen dioxide (air)","P1Y-hrsAbove200","1 year hour exceed 200","2016","0.000","count","97.48","1","Background","Suburban","4.2887","50.8578","66.0","Bruxelles / Brussel                                                             ","BE001C1                                           ","1223364","E1a/validated data AQ e-Reporting","18/03/2023 21:48:42","http://fme.discomap.eea.europa.eu/fmedatastreaming/AirQualityDownload/AQData_Extract.fmw?CountryCode=BE&CityName=&Pollutant=8&Year_from=2016&Year_to=2016&Station=STA-BETB011&Samplingpoint=&Source=E1a&Output=HTML&UpdateDate="
"Belgium","NET-Brussels","Brussels","BETB011","41B011 - BERCHEM S.A","SPO-BETB011_06001_100","PM2.5","Particulate matter < 2.5 µm (aerosol)","P1Y-day-per50","1 year 50 %ile of daily values in a year","2016","10.206","ug/m3","83.06","1","Background","Suburban","4.2887","50.8578","66.0","Bruxelles / Brussel                                                             ","BE001C1                                           ","1223364","E1a/validated data AQ e-Reporting","18/03/2023 22:11:51","http://fme.discomap.eea.europa.eu/fmedatastreaming/AirQualityDownload/AQData_Extract.fmw?CountryCode=BE&CityName=&Pollutant=6001&Year_from=2016&Year_to=2016&Station=STA-BETB011&Samplingpoint=&Source=E1a&Output=HTML&UpdateDate="
"Belgium","NET-Flanders","Flanders","BETE812","47E812 - GENK","SPO-BETE812_00008_100","NO2","Nitrogen dioxide (air)","P1Y-hr-max19","1 year hour max19","2016","66.000","ug/m3","54.46","1","Industrial","Suburban","5.5377","50.9680","82.0","","","","E1a/validated data AQ e-Reporting","18/03/2023 22:34:35","http://fme.discomap.eea.europa.eu/fmedatastreaming/AirQualityDownload/AQData_Extract.fmw?CountryCode=BE&CityName=&Pollutant=8&Year_from=2016&Year_to=2016&Station=STA-BETE812&Samplingpoint=&Source=E1a&Output=HTML&UpdateDate="
"Belgium","NET-Brussels","Brussels","BETR001","41R001 - MOLENBEEK","SPO-BETR001_00010_100","CO","Carbon monoxide (air)","P1Y-hr-min","1 year hour min","2016","0.110","mg/m3","87.24","1","Background","Urban","4.3341","50.8497","20.0","Bruxelles / Brussel                                                             ","BE001C1                                           ","1223364","E1a/validated data AQ e-Reporting","18/03/2023 22:31:20","http://fme.discomap.eea.europa.eu/fmedatastreaming/AirQualityDownload/AQData_Extract.fmw?CountryCode=BE&CityName=&Pollutant=10&Year_from=2016&Year_to=2016&Station=STA-BETR001&Samplingpoint=&Source=E1a&Output=HTML&UpdateDate="
"Belgium","NET-Brussels","Brussels","BETR002","41R002 - IXELLES","SPO-BETR002_00008_100","NO2","Nitrogen dioxide (air)","P1Y-3hAbove400","3 consecutive hours in exceedance of 400","2016","0.000","count","96.77","1","Traffic","Urban","4.3846","50.8251","76.0","Bruxelles / Brussel                                                             ","BE001C1                                           ","1223364","E1a/validated data AQ e-Reporting","18/03/2023 22:22:30","http://fme.discomap.eea.europa.eu/fmedatastreaming/AirQualityDownload/AQData_Extract.fmw?CountryCode=BE&CityName=&Pollutant=8&Year_from=2016&Year_to=2016&Station=STA-BETR002&Samplingpoint=&Source=E1a&Output=HTML&UpdateDate="
"Belgium","NET-Flanders","Flanders","BESR801","59R801 - ANTWERPEN","SPO-BESR801_00020_100","C6H6","Benzene (air)","P1Y-day-max","1 year day max","2016","1.700","ug/m3","87.98","1","Background","Suburban","4.4318","51.2097","0.0","Antwerpen                                                                       ","BE002C1                                           ","530014","E1a/validated data AQ e-Reporting","18/03/2023 21:43:39","http://fme.discomap.eea.europa.eu/fmedatastreaming/AirQualityDownload/AQData_Extract.fmw?CountryCode=BE&CityName=&Pollutant=20&Year_from=2016&Year_to=2016&Station=STA-BESR801&Samplingpoint=&Source=E1a&Output=HTML&UpdateDate="
"Belgium","NET-Flanders","Flanders","BETM802","42M802 - ANTWERPEN","SPO-BETM802_00005_100","PM10","Particulate matter < 10 µm (aerosol)","P1Y-day-min","1 year day min","2016","6.913","ug/m3","98.09","1","Industrial","Suburban","4.4244","51.2610","3.0","Antwerpen                                                                       ","BE002C1                                           ","530014","E1a/validated data AQ e-Reporting","18/03/2023 21:55:13","http://fme.discomap.eea.europa.eu/fmedatastreaming/AirQualityDownload/AQData_Extract.fmw?CountryCode=BE&CityName=&Pollutant=5&Year_from=2016&Year_to=2016&Station=STA-BETM802&Samplingpoint=&Source=E1a&Output=HTML&UpdateDate="
"Belgium","NET-Flanders","Flanders","BETN012","44N012 - MOERKERKE","SPO-BETN012_00008_100","NO2","Nitrogen dioxide (air)","P1Y-hr-max-per99.79","1 year 99.79 %ile of hourly values in a given year","2016","60.000","ug/m3","94.24","1","Background","Rural","3.3625","51.2546","3.0","","","","E1a/validated data AQ e-Reporting","18/03/2023 22:07:35","http://fme.discomap.eea.europa.eu/fmedatastreaming/AirQualityDownload/AQData_Extract.fmw?CountryCode=BE&CityName=&Pollutant=8&Year_from=2016&Year_to=2016&Station=STA-BETN012&Samplingpoint=&Source=E1a&Output=HTML&UpdateDate="
"Belgium","NET-Flanders","Flanders","BELAL05","40AL05 - BEVEREN","SPO-BELAL05_00005_100","PM10","Particulate matter < 10 µm (aerosol)","P1Y-P1D-per99","1 year 99 percentile of daily means (P1D) or .../aq/primaryObservation/day","2016","60.542","ug/m3","94.54","1","Industrial","Rural","4.2789","51.2631","8.0","","","","E1a/validated data AQ e-Reporting","18/03/2023 22:09:38","http://fme.discomap.eea.europa.eu/fmedatastreaming/AirQualityDownload/AQData_Extract.fmw?CountryCode=BE&CityName=&Pollutant=5&Year_from=2016&Year_to=2016&Station=STA-BELAL05&Samplingpoint=&Source=E1a&Output=HTML&UpdateDate="
"Belgium","NET-Flanders","Flanders","BELOB02","40OB02 - WIELSBEKE","SPO-BELOB02_00005_100","PM10","Particulate matter < 10 µm (aerosol)","P1Y-P1D-per99","1 year 99 percentile of daily means (P1D) or .../aq/primaryObservation/day","2016","59.392","ug/m3","100.00","1","Industrial","Rural","3.3762","50.9150","14.0","","","","E1a/validated data AQ e-Reporting","18/03/2023 22:09:38","http://fme.discomap.eea.europa.eu/fmedatastreaming/AirQualityDownload/AQData_Extract.fmw?CountryCode=BE&CityName=&Pollutant=5&Year_from=2016&Year_to=2016&Station=STA-BELOB02&Samplingpoint=&Source=E1a&Output=HTML&UpdateDate="
"Belgium","NET-Flanders","Flanders","BELOB02","40OB02 - WIELSBEKE","SPO-BELOB02_06001_100","PM2.5","Particulate matter < 2.5 µm (aerosol)","P1Y-day-min","1 year day min","2016","2.479","ug/m3","100.00","1","Industrial","Rural","3.3762","50.9150","14.0","","","","E1a/validated data AQ e-Reporting","18/03/2023 21:55:29","http://fme.discomap.eea.europa.eu/fmedatastreaming/AirQualityDownload/AQData_Extract.fmw?CountryCode=BE&CityName=&Pollutant=6001&Year_from=2016&Year_to=2016&Station=STA-BELOB02&Samplingpoint=&Source=E1a&Output=HTML&UpdateDate="
"Belgium","NET-Flanders","Flanders","BELR833","40R833 - STABROEK","SPO-BELR833_00008_100","NO2","Nitrogen dioxide (air)","P3Y","3 subsequent calendar years mean","2016","29.646","ug/m3","93.94","1","Industrial","Rural","4.3623","51.3277","5.0","","","","E1a/validated data AQ e-Reporting","18/03/2023 21:36:00","http://fme.discomap.eea.europa.eu/fmedatastreaming/AirQualityDownload/AQData_Extract.fmw?CountryCode=BE&CityName=&Pollutant=8&Year_from=2016&Year_to=2016&Station=STA-BELR833&Samplingpoint=&Source=E1a&Output=HTML&UpdateDate="
"Belgium","NET-Flanders","Flanders","BESN045","59N045 - HASSELT","SPO-BESN045_00441_100","C7H16","n-Heptane (air)","P1Y","Annual mean / 1 calendar year","2016","0.000","ug/m3","87.99","1","Background","Suburban","5.3684","50.9397","0.0","","","","E1a/validated data AQ e-Reporting","18/03/2023 21:08:58","http://fme.discomap.eea.europa.eu/fmedatastreaming/AirQualityDownload/AQData_Extract.fmw?CountryCode=BE&CityName=&Pollutant=441&Year_from=2016&Year_to=2016&Station=STA-BESN045&Samplingpoint=&Source=E1a&Output=HTML&UpdateDate="
"Belgium","NET-Flanders","Flanders","BELRB01","40RB01 - RUISBROEK","SPO-BELRB01_00005_100","PM10","Particulate matter < 10 µm (aerosol)","P1Y-hr-per50","1 year 50 percentile","2016","27.600","ug/m3","8.66","1","Industrial","Suburban","4.3312","51.0894","0.0","","","","E1a/validated data AQ e-Reporting","18/03/2023 22:05:49","http://fme.discomap.eea.europa.eu/fmedatastreaming/AirQualityDownload/AQData_Extract.fmw?CountryCode=BE&CityName=&Pollutant=5&Year_from=2016&Year_to=2016&Station=STA-BELRB01&Samplingpoint=&Source=E1a&Output=HTML&UpdateDate="
"Belgium","NET-Flanders","Flanders","BEGR811","26R811 - SCHOTEN","SPO-BEGR811_06001_100","PM2.5","Particulate matter < 2.5 µm (aerosol)","P1Y-day-max","1 year day max","2016","60.417","ug/m3","99.18","1","Background","Suburban","4.4914","51.2521","8.0","","","","E1a/validated data AQ e-Reporting","18/03/2023 21:43:22","http://fme.discomap.eea.europa.eu/fmedatastreaming/AirQualityDownload/AQData_Extract.fmw?CountryCode=BE&CityName=&Pollutant=6001&Year_from=2016&Year_to=2016&Station=STA-BEGR811&Samplingpoint=&Source=E1a&Output=HTML&UpdateDate="
"Belgium","NET-Flanders","Flanders","BESN045","59N045 - HASSELT","SPO-BESN045_00461_100","1,2-dichloroethane (air)","1,2-dichloroethane (air)","P1Y","Annual mean / 1 calendar year","2016","0.000","ug/m3","72.68","1","Background","Suburban","5.3684","50.9397","0.0","","","","E1a/validated data AQ e-Reporting","18/03/2023 21:08:58","http://fme.discomap.eea.europa.eu/fmedatastreaming/AirQualityDownload/AQData_Extract.fmw?CountryCode=BE&CityName=&Pollutant=461&Year_from=2016&Year_to=2016&Station=STA-BESN045&Samplingpoint=&Source=E1a&Output=HTML&UpdateDate="
"Belgium","NET-Flanders","Flanders","BESR801","59R801 - ANTWERPEN","SPO-BESR801_06016_100","C6H12","1-Hexene (air)","P1Y","Annual mean / 1 calendar year","2016","0.000","ug/m3","84.15","1","Background","Suburban","4.4318","51.2097","0.0","Antwerpen                                                                       ","BE002C1                                           ","530014","E1a/validated data AQ e-Reporting","18/03/2023 21:08:58","http://fme.discomap.eea.europa.eu/fmedatastreaming/AirQualityDownload/AQData_Extract.fmw?CountryCode=BE&CityName=&Pollutant=6016&Year_from=2016&Year_to=2016&Station=STA-BESR801&Samplingpoint=&Source=E1a&Output=HTML&UpdateDate="
"Belgium","NET-Brussels","Brussels","BETR001","41R001 - MOLENBEEK","SPO-BETR001_00005_100","PM10","Particulate matter < 10 µm (aerosol)","P1Y-day-max","1 year day max","2016","68.979","ug/m3","84.43","1","Background","Urban","4.3341","50.8497","20.0","Bruxelles / Brussel                                                             ","BE001C1                                           ","1223364","E1a/validated data AQ e-Reporting","18/03/2023 21:43:06","http://fme.discomap.eea.europa.eu/fmedatastreaming/AirQualityDownload/AQData_Extract.fmw?CountryCode=BE&CityName=&Pollutant=5&Year_from=2016&Year_to=2016&Station=STA-BETR001&Samplingpoint=&Source=E1a&Output=HTML&UpdateDate="
"Belgium","NET-Flanders","Flanders","BETM802","42M802 - ANTWERPEN","SPO-BETM802_00005_100","PM10","Particulate matter < 10 µm (aerosol)","P1Y-day-max36","1 year day max 36","2016","38.496","ug/m3","98.09","1","Industrial","Suburban","4.4244","51.2610","3.0","Antwerpen                                                                       ","BE002C1                                           ","530014","E1a/validated data AQ e-Reporting","18/03/2023 22:32:47","http://fme.discomap.eea.europa.eu/fmedatastreaming/AirQualityDownload/AQData_Extract.fmw?CountryCode=BE&CityName=&Pollutant=5&Year_from=2016&Year_to=2016&Station=STA-BETM802&Samplingpoint=&Source=E1a&Output=HTML&UpdateDate="
"Belgium","NET-Flanders","Flanders","BELR833","40R833 - STABROEK","SPO-BELR833_00020_100","C6H6","Benzene (air)","P1Y-hr-per50","1 year 50 percentile","2016","0.495","ug/m3","94.39","1","Industrial","Rural","4.3623","51.3277","5.0","","","","E1a/validated data AQ e-Reporting","18/03/2023 22:05:49","http://fme.discomap.eea.europa.eu/fmedatastreaming/AirQualityDownload/AQData_Extract.fmw?CountryCode=BE&CityName=&Pollutant=20&Year_from=2016&Year_to=2016&Station=STA-BELR833&Samplingpoint=&Source=E1a&Output=HTML&UpdateDate="
"Belgium","NET-Flanders","Flanders","BELGK06","40GK06 - GENK","SPO-BELGK06_00005_100","PM10","Particulate matter < 10 µm (aerosol)","P1Y-hr-max","1 year hour max","2016","101.600","ug/m3","99.85","1","Industrial","Suburban","5.4706","50.9279","44.0","","","","E1a/validated data AQ e-Reporting","18/03/2023 21:57:02","http://fme.discomap.eea.europa.eu/fmedatastreaming/AirQualityDownload/AQData_Extract.fmw?CountryCode=BE&CityName=&Pollutant=5&Year_from=2016&Year_to=2016&Station=STA-BELGK06&Samplingpoint=&Source=E1a&Output=HTML&UpdateDate="
"Belgium","NET-Flanders","Flanders","BETN016","42N016 - DESSEL","SPO-BETN016_00001_100","SO2","Sulphur dioxide (air)","P1Y-day-per50","1 year 50 %ile of daily values in a year","2016","1.261","ug/m3","99.45","1","Background","Rural","5.1640","51.2337","30.0","","","","E1a/validated data AQ e-Reporting","18/03/2023 22:14:46","http://fme.discomap.eea.europa.eu/fmedatastreaming/AirQualityDownload/AQData_Extract.fmw?CountryCode=BE&CityName=&Pollutant=1&Year_from=2016&Year_to=2016&Station=STA-BETN016&Samplingpoint=&Source=E1a&Output=HTML&UpdateDate="
"Belgium","NET-Flanders","Flanders","BETN016","42N016 - DESSEL","SPO-BETN016_00007_100","O3","Ozone (air)","AOT40cmeasured","AOT40c UNCORRECTED for data capture","2016","10255.000","ug/m3","97.74","1","Background","Rural","5.1640","51.2337","30.0","","","","E1a/validated data AQ e-Reporting","18/03/2023 23:01:40","http://fme.discomap.eea.europa.eu/fmedatastreaming/AirQualityDownload/AQData_Extract.fmw?CountryCode=BE&CityName=&Pollutant=7&Year_from=2016&Year_to=2016&Station=STA-BETN016&Samplingpoint=&Source=E1a&Output=HTML&UpdateDate="
"Belgium","NET-Flanders","Flanders","BETN016","42N016 - DESSEL","SPO-BETN016_00008_100","NO2","Nitrogen dioxide (air)","P1Y-day-max","1 year day max","2016","57.771","ug/m3","99.45","1","Background","Rural","5.1640","51.2337","30.0","","","","E1a/validated data AQ e-Reporting","18/03/2023 21:43:56","http://fme.discomap.eea.europa.eu/fmedatastreaming/AirQualityDownload/AQData_Extract.fmw?CountryCode=BE&CityName=&Pollutant=8&Year_from=2016&Year_to=2016&Station=STA-BETN016&Samplingpoint=&Source=E1a&Output=HTML&UpdateDate="
"Belgium","NET-Flanders","Flanders","BETN016","42N016 - DESSEL","SPO-BETN016_00008_100","NO2","Nitrogen dioxide (air)","P1Y-P1D-per99","1 year 99 percentile of daily means (P1D) or .../aq/primaryObservation/day","2016","47.125","ug/m3","99.45","1","Background","Rural","5.1640","51.2337","30.0","","","","E1a/validated data AQ e-Reporting","18/03/2023 22:10:34","http://fme.discomap.eea.europa.eu/fmedatastreaming/AirQualityDownload/AQData_Extract.fmw?CountryCode=BE&CityName=&Pollutant=8&Year_from=2016&Year_to=2016&Station=STA-BETN016&Samplingpoint=&Source=E1a&Output=HTML&UpdateDate="
"Belgium","NET-Flanders","Flanders","BELMN01","40MN01 - MENEN","SPO-BELMN01_06001_100","PM2.5","Particulate matter < 2.5 µm (aerosol)","P1Y-day-max","1 year day max","2016","54.667","ug/m3","97.81","1","Industrial","Rural","3.1096","50.7935","10.0","","","","E1a/validated data AQ e-Reporting","18/03/2023 21:43:22","http://fme.discomap.eea.europa.eu/fmedatastreaming/AirQualityDownload/AQData_Extract.fmw?CountryCode=BE&CityName=&Pollutant=6001&Year_from=2016&Year_to=2016&Station=STA-BELMN01&Samplingpoint=&Source=E1a&Output=HTML&UpdateDate="
"Belgium","NET-Flanders","Flanders","BETM802","42M802 - ANTWERPEN","SPO-BETM802_00008_100","NO2","Nitrogen dioxide (air)","P1Y-hr-max-per99.79","1 year 99.79 %ile of hourly values in a given year","2016","118.500","ug/m3","94.92","1","Industrial","Suburban","4.4244","51.2610","3.0","Antwerpen                                                                       ","BE002C1                                           ","530014","E1a/validated data AQ e-Reporting","18/03/2023 22:07:35","http://fme.discomap.eea.europa.eu/fmedatastreaming/AirQualityDownload/AQData_Extract.fmw?CountryCode=BE&CityName=&Pollutant=8&Year_from=2016&Year_to=2016&Station=STA-BETM802&Samplingpoint=&Source=E1a&Output=HTML&UpdateDate="
"Belgium","NET-Flanders","Flanders","BETN012","44N012 - MOERKERKE","SPO-BETN012_00005_100","PM10","Particulate matter < 10 µm (aerosol)","P1Y-hr-max","1 year hour max","2016","122.100","ug/m3","99.57","1","Background","Rural","3.3625","51.2546","3.0","","","","E1a/validated data AQ e-Reporting","18/03/2023 21:57:02","http://fme.discomap.eea.europa.eu/fmedatastreaming/AirQualityDownload/AQData_Extract.fmw?CountryCode=BE&CityName=&Pollutant=5&Year_from=2016&Year_to=2016&Station=STA-BETN012&Samplingpoint=&Source=E1a&Output=HTML&UpdateDate="
"Belgium","NET-Flanders","Flanders","BELSZ02","40SZ02 - STEENOKKERZ","SPO-BELSZ02_00005_100","PM10","Particulate matter < 10 µm (aerosol)","P1Y-day-per50","1 year 50 %ile of daily values in a year","2016","17.850","ug/m3","98.63","1","Industrial","Rural","4.5122","50.9130","15.0","","","","E1a/validated data AQ e-Reporting","18/03/2023 22:08:05","http://fme.discomap.eea.europa.eu/fmedatastreaming/AirQualityDownload/AQData_Extract.fmw?CountryCode=BE&CityName=&Pollutant=5&Year_from=2016&Year_to=2016&Station=STA-BELSZ02&Samplingpoint=&Source=E1a&Output=HTML&UpdateDate="
"Belgium","NET-Flanders","Flanders","BELSZ02","40SZ02 - STEENOKKERZ","SPO-BELSZ02_06001_100","PM2.5","Particulate matter < 2.5 µm (aerosol)","P3Y","3 subsequent calendar years mean","2016","13.003","ug/m3","68.65","1","Industrial","Rural","4.5122","50.9130","15.0","","","","E1a/validated data AQ e-Reporting","18/03/2023 21:36:00","http://fme.discomap.eea.europa.eu/fmedatastreaming/AirQualityDownload/AQData_Extract.fmw?CountryCode=BE&CityName=&Pollutant=6001&Year_from=2016&Year_to=2016&Station=STA-BELSZ02&Samplingpoint=&Source=E1a&Output=HTML&UpdateDate="
"Belgium","NET-Flanders","Flanders","BELTS12","40TS12 - TESSENDERLO","SPO-BELTS12_00020_100","C6H6","Benzene (air)","P1Y","Annual mean / 1 calendar year","2016","0.237","ug/m3","95.59","1","Industrial","Suburban","5.0939","51.0634","32.0","","","","E1a/validated data AQ e-Reporting","18/03/2023 21:08:58","http://fme.discomap.eea.europa.eu/fmedatastreaming/AirQualityDownload/AQData_Extract.fmw?CountryCode=BE&CityName=&Pollutant=20&Year_from=2016&Year_to=2016&Station=STA-BELTS12&Samplingpoint=&Source=E1a&Output=HTML&UpdateDate="
"Belgium","NET-Brussels","Brussels","BETB004","41B004 - STE.CATHERI","SPO-BETB004_00010_100","CO","Carbon monoxide (air)","P1Y-dx-max","1 year day max max","2016","1.516","mg/m3","99.18","1","Background","Urban","4.3478","50.8521","17.0","Bruxelles / Brussel                                                             ","BE001C1                                           ","1223364","E1a/validated data AQ e-Reporting","18/03/2023 21:44:39","http://fme.discomap.eea.europa.eu/fmedatastreaming/AirQualityDownload/AQData_Extract.fmw?CountryCode=BE&CityName=&Pollutant=10&Year_from=2016&Year_to=2016&Station=STA-BETB004&Samplingpoint=&Source=E1a&Output=HTML&UpdateDate="
"Belgium","NET-Brussels","Brussels","BETB006","41B006 - PARL.EUROPE","SPO-BETB006_00007_100","O3","Ozone (air)","AOT40f","AOT40 for forest protection","2016","10127.963","ug/m3","36.79","1","Background","Urban","4.3744","50.8386","67.0","Bruxelles / Brussel                                                             ","BE001C1                                           ","1223364","E1a/validated data AQ e-Reporting","18/03/2023 23:06:40","http://fme.discomap.eea.europa.eu/fmedatastreaming/AirQualityDownload/AQData_Extract.fmw?CountryCode=BE&CityName=&Pollutant=7&Year_from=2016&Year_to=2016&Station=STA-BETB006&Samplingpoint=&Source=E1a&Output=HTML&UpdateDate="
"Belgium","NET-Brussels","Brussels","BETB006","41B006 - PARL.EUROPE","SPO-BETB006_00007_100","O3","Ozone (air)","SOMO10","Sum of Ozone Means Over 10 ppb","2016","15542.255","ug/m3","37.43","1","Background","Urban","4.3744","50.8386","67.0","Bruxelles / Brussel                                                             ","BE001C1                                           ","1223364","E1a/validated data AQ e-Reporting","18/03/2023 22:59:50","http://fme.discomap.eea.europa.eu/fmedatastreaming/AirQualityDownload/AQData_Extract.fmw?CountryCode=BE&CityName=&Pollutant=7&Year_from=2016&Year_to=2016&Station=STA-BETB006&Samplingpoint=&Source=E1a&Output=HTML&UpdateDate="
"Belgium","NET-Flanders","Flanders","BETE007","47E007 - Sint-Pieters-Leeuw","SPO-BETE007_00008_100","NO2","Nitrogen dioxide (air)","P1Y-day-max","1 year day max","2016","68.761","ug/m3","98.91","1","Industrial","Rural","4.2526","50.7953","54.0","","","","E1a/validated data AQ e-Reporting","18/03/2023 21:43:56","http://fme.discomap.eea.europa.eu/fmedatastreaming/AirQualityDownload/AQData_Extract.fmw?CountryCode=BE&CityName=&Pollutant=8&Year_from=2016&Year_to=2016&Station=STA-BETE007&Samplingpoint=&Source=E1a&Output=HTML&UpdateDate="
"Belgium","NET-Flanders","Flanders","BETE009","47E009 - Zemst","SPO-BETE009_00008_100","NO2","Nitrogen dioxide (air)","P1Y-hr-max19","1 year hour max19","2016","76.000","ug/m3","96.73","1","Industrial","Rural","4.4354","50.9549","43.0","","","","E1a/validated data AQ e-Reporting","18/03/2023 22:34:35","http://fme.discomap.eea.europa.eu/fmedatastreaming/AirQualityDownload/AQData_Extract.fmw?CountryCode=BE&CityName=&Pollutant=8&Year_from=2016&Year_to=2016&Station=STA-BETE009&Samplingpoint=&Source=E1a&Output=HTML&UpdateDate="
"Belgium","NET-Brussels","Brussels","BEVR012","51R012 - UCCLE","SPO-BEVR012_00020_100","C6H6","Benzene (air)","P1Y-day-max","1 year day max","2016","1.100","ug/m3","92.62","1","Background","Suburban","4.3585","50.7966","100.0","Bruxelles / Brussel                                                             ","BE001C1                                           ","1223364","E1a/validated data AQ e-Reporting","18/03/2023 21:43:39","http://fme.discomap.eea.europa.eu/fmedatastreaming/AirQualityDownload/AQData_Extract.fmw?CountryCode=BE&CityName=&Pollutant=20&Year_from=2016&Year_to=2016&Station=STA-BEVR012&Samplingpoint=&Source=E1a&Output=HTML&UpdateDate="
"Belgium","NET-Flanders","Flanders","BELSA04","40SA04 - Hoevenen","SPO-BELSA04_00008_100","NO2","Nitrogen dioxide (air)","P1Y-hrsAbove400","1 year hour exceed 400","2016","0.000","count","93.76","1","Industrial","Rural","4.4039","51.3139","6.0","","","","E1a/validated data AQ e-Reporting","18/03/2023 21:54:38","http://fme.discomap.eea.europa.eu/fmedatastreaming/AirQualityDownload/AQData_Extract.fmw?CountryCode=BE&CityName=&Pollutant=8&Year_from=2016&Year_to=2016&Station=STA-BELSA04&Samplingpoint=&Source=E1a&Output=HTML&UpdateDate="
"Belgium","NET-Flanders","Flanders","BELSA04","40SA04 - Hoevenen","SPO-BELSA04_00391_100","Black Carbon","black_carbon (aerosol)","P1Y","Annual mean / 1 calendar year","2016","1.227","ug/m3","99.57","1","Industrial","Rural","4.4039","51.3139","6.0","","","","E1a/validated data AQ e-Reporting","18/03/2023 21:08:58","http://fme.discomap.eea.europa.eu/fmedatastreaming/AirQualityDownload/AQData_Extract.fmw?CountryCode=BE&CityName=&Pollutant=391&Year_from=2016&Year_to=2016&Station=STA-BELSA04&Samplingpoint=&Source=E1a&Output=HTML&UpdateDate="
"Belgium","NET-Flanders","Flanders","BESR893","59N893 - ANTWERPEN","SPO-BESR893_00020_100","C6H6","Benzene (air)","P1Y-day-min","1 year day min","2016","0.820","ug/m3","91.80","1","Background","Suburban","3.8084","51.2032","0.0","","","","E1a/validated data AQ e-Reporting","18/03/2023 21:55:46","http://fme.discomap.eea.europa.eu/fmedatastreaming/AirQualityDownload/AQData_Extract.fmw?CountryCode=BE&CityName=&Pollutant=20&Year_from=2016&Year_to=2016&Station=STA-BESR893&Samplingpoint=&Source=E1a&Output=HTML&UpdateDate="
"Belgium","NET-Flanders","Flanders","BELR833","40R833 - STABROEK","SPO-BELR833_00008_100","NO2","Nitrogen dioxide (air)","P1Y-day-per50","1 year 50 %ile of daily values in a year","2016","27.667","ug/m3","98.09","1","Industrial","Rural","4.3623","51.3277","5.0","","","","E1a/validated data AQ e-Reporting","18/03/2023 22:14:21","http://fme.discomap.eea.europa.eu/fmedatastreaming/AirQualityDownload/AQData_Extract.fmw?CountryCode=BE&CityName=&Pollutant=8&Year_from=2016&Year_to=2016&Station=STA-BELR833&Samplingpoint=&Source=E1a&Output=HTML&UpdateDate="
"Belgium","NET-Flanders","Flanders","BELR833","40R833 - STABROEK","SPO-BELR833_00020_100","C6H6","Benzene (air)","P1Y-hr-min","1 year hour min","2016","0.050","ug/m3","94.39","1","Industrial","Rural","4.3623","51.3277","5.0","","","","E1a/validated data AQ e-Reporting","18/03/2023 22:31:20","http://fme.discomap.eea.europa.eu/fmedatastreaming/AirQualityDownload/AQData_Extract.fmw?CountryCode=BE&CityName=&Pollutant=20&Year_from=2016&Year_to=2016&Station=STA-BELR833&Samplingpoint=&Source=E1a&Output=HTML&UpdateDate="
"Belgium","NET-Flanders","Flanders","BETM802","42M802 - ANTWERPEN","SPO-BETM802_00005_100","PM10","Particulate matter < 10 µm (aerosol)","P1Y-P1D-per90.4","1 year 90.4 percentile - COMPLIANCE","2016","38.829","ug/m3","98.09","1","Industrial","Suburban","4.4244","51.2610","3.0","Antwerpen                                                                       ","BE002C1                                           ","530014","E1a/validated data AQ e-Reporting","18/03/2023 22:08:35","http://fme.discomap.eea.europa.eu/fmedatastreaming/AirQualityDownload/AQData_Extract.fmw?CountryCode=BE&CityName=&Pollutant=5&Year_from=2016&Year_to=2016&Station=STA-BETM802&Samplingpoint=&Source=E1a&Output=HTML&UpdateDate="
"Belgium","NET-Flanders","Flanders","BEDDD02","65DDD02 - DUDZELE","SPO-BEDDD02_07465_100","Naphthalene","Naphthalene (precip+dry_dep)","P1Y","Annual mean / 1 calendar year","2016","54.213","ng/m2/day","22.95","1","Background","Rural","3.2216","51.2664","0.0","Brugge                                                                          ","BE006C1                                           ","118916","E1a/validated data AQ e-Reporting","18/03/2023 21:08:58","http://fme.discomap.eea.europa.eu/fmedatastreaming/AirQualityDownload/AQData_Extract.fmw?CountryCode=BE&CityName=&Pollutant=7465&Year_from=2016&Year_to=2016&Station=STA-BEDDD02&Samplingpoint=&Source=E1a&Output=HTML&UpdateDate="
"Belgium","NET-Flanders","Flanders","BEDGN78","65GN78 - GENT
","SPO-BEDGN78_07352_100","Acenaphthylene","Acenaphthylene (precip+dry_dep)","P1Y","Annual mean / 1 calendar year","2016","35.770","ng/m2/day","22.95","1","Background","Urban","3.7264","51.0857","0.0","Gent                                                                            ","BE003C1                                           ","263687","E1a/validated data AQ e-Reporting","18/03/2023 21:08:58","http://fme.discomap.eea.europa.eu/fmedatastreaming/AirQualityDownload/AQData_Extract.fmw?CountryCode=BE&CityName=&Pollutant=7352&Year_from=2016&Year_to=2016&Station=STA-BEDGN78&Samplingpoint=&Source=E1a&Output=HTML&UpdateDate="
"Belgium","NET-Flanders","Flanders","BETN012","44N012 - MOERKERKE","SPO-BETN012_00007_100","O3","Ozone (air)","SOMO10","Sum of Ozone Means Over 10 ppb","2016","16912.732","ug/m3","90.71","1","Background","Rural","3.3625","51.2546","3.0","","","","E1a/validated data AQ e-Reporting","18/03/2023 22:59:50","http://fme.discomap.eea.europa.eu/fmedatastreaming/AirQualityDownload/AQData_Extract.fmw?CountryCode=BE&CityName=&Pollutant=7&Year_from=2016&Year_to=2016&Station=STA-BETN012&Samplingpoint=&Source=E1a&Output=HTML&UpdateDate="
"Belgium","NET-Flanders","Flanders","BELLD01","40LD01 - LAAKDAL","SPO-BELLD01_00020_100","C6H6","Benzene (air)","P1Y-day-max","1 year day max","2016","2.832","ug/m3","99.45","1","Industrial","Rural","5.0049","51.1100","20.0","","","","E1a/validated data AQ e-Reporting","18/03/2023 21:43:39","http://fme.discomap.eea.europa.eu/fmedatastreaming/AirQualityDownload/AQData_Extract.fmw?CountryCode=BE&CityName=&Pollutant=20&Year_from=2016&Year_to=2016&Station=STA-BELLD01&Samplingpoint=&Source=E1a&Output=HTML&UpdateDate="
"Belgium","NET-Flanders","Flanders","BELAL01","40AL01 - LINKEROEVER","SPO-BELAL01_00005_100","PM10","Particulate matter < 10 µm (aerosol)","P1Y-day-min","1 year day min","2016","6.746","ug/m3","97.27","1","Industrial","Suburban","4.3852","51.2362","10.0","Antwerpen                                                                       ","BE002C1                                           ","530014","E1a/validated data AQ e-Reporting","18/03/2023 21:55:13","http://fme.discomap.eea.europa.eu/fmedatastreaming/AirQualityDownload/AQData_Extract.fmw?CountryCode=BE&CityName=&Pollutant=5&Year_from=2016&Year_to=2016&Station=STA-BELAL01&Samplingpoint=&Source=E1a&Output=HTML&UpdateDate="
"Belgium","NET-Flanders","Flanders","BELHB23","40HB23 - HOBOKEN","SPO-BELHB23_06001_100","PM2.5","Particulate matter < 2.5 µm (aerosol)","P1Y-day-max","1 year day max","2016","56.354","ug/m3","96.99","1","Industrial","Suburban","4.3410","51.1703","13.0","Antwerpen                                                                       ","BE002C1                                           ","530014","E1a/validated data AQ e-Reporting","18/03/2023 21:43:22","http://fme.discomap.eea.europa.eu/fmedatastreaming/AirQualityDownload/AQData_Extract.fmw?CountryCode=BE&CityName=&Pollutant=6001&Year_from=2016&Year_to=2016&Station=STA-BELHB23&Samplingpoint=&Source=E1a&Output=HTML&UpdateDate="
"Belgium","NET-Flanders","Flanders","BEDGI04","65GI04 - GRIMBERGEN
","SPO-BEDGI04_00611_100","Benzo(a)anthracene","Benzo(a)anthracene (precip+dry_dep)","P1Y","Annual mean / 1 calendar year","2016","13.970","ng/m2/day","22.95","1","Background","Suburban","4.4022","50.9352","0.0","","","","E1a/validated data AQ e-Reporting","18/03/2023 21:08:58","http://fme.discomap.eea.europa.eu/fmedatastreaming/AirQualityDownload/AQData_Extract.fmw?CountryCode=BE&CityName=&Pollutant=611&Year_from=2016&Year_to=2016&Station=STA-BEDGI04&Samplingpoint=&Source=E1a&Output=HTML&UpdateDate="
"Belgium","NET-Flanders","Flanders","BEDGI05","65GI05 - GRIMBERGEN
","SPO-BEDGI05_00624_100","Benzo(ghi)perylene","Benzo(ghi)perylene (precip+dry_dep)","P1Y","Annual mean / 1 calendar year","2016","8.943","ng/m2/day","22.95","1","Background","Suburban","4.4189","50.9482","0.0","","","","E1a/validated data AQ e-Reporting","18/03/2023 21:08:58","http://fme.discomap.eea.europa.eu/fmedatastreaming/AirQualityDownload/AQData_Extract.fmw?CountryCode=BE&CityName=&Pollutant=624&Year_from=2016&Year_to=2016&Station=STA-BEDGI05&Samplingpoint=&Source=E1a&Output=HTML&UpdateDate="
"Belgium","NET-Flanders","Flanders","BELRB01","40RB01 - RUISBROEK","SPO-BELRB01_06001_100","PM2.5","Particulate matter < 2.5 µm (aerosol)","P1Y-P1D-per99","1 year 99 percentile of daily means (P1D) or .../aq/primaryObservation/day","2016","51.083","ug/m3","8.47","1","Industrial","Suburban","4.3312","51.0894","0.0","","","","E1a/validated data AQ e-Reporting","18/03/2023 22:10:03","http://fme.discomap.eea.europa.eu/fmedatastreaming/AirQualityDownload/AQData_Extract.fmw?CountryCode=BE&CityName=&Pollutant=6001&Year_from=2016&Year_to=2016&Station=STA-BELRB01&Samplingpoint=&Source=E1a&Output=HTML&UpdateDate="
"Belgium","NET-Flanders","Flanders","BELHB23","40HB23 - HOBOKEN","SPO-BELHB23_00001_100","SO2","Sulphur dioxide (air)","P1Y-P1D-per99","1 year 99 percentile of daily means (P1D) or .../aq/primaryObservation/day","2016","38.313","ug/m3","96.45","1","Industrial","Suburban","4.3410","51.1703","13.0","Antwerpen                                                                       ","BE002C1                                           ","530014","E1a/validated data AQ e-Reporting","18/03/2023 22:11:00","http://fme.discomap.eea.europa.eu/fmedatastreaming/AirQualityDownload/AQData_Extract.fmw?CountryCode=BE&CityName=&Pollutant=1&Year_from=2016&Year_to=2016&Station=STA-BELHB23&Samplingpoint=&Source=E1a&Output=HTML&UpdateDate="
"Belgium","NET-Flanders","Flanders","BELSA04","40SA04 - Hoevenen","SPO-BELSA04_00005_100","PM10","Particulate matter < 10 µm (aerosol)","P1Y-hr-min","1 year hour min","2016","3.000","ug/m3","98.95","1","Industrial","Rural","4.4039","51.3139","6.0","","","","E1a/validated data AQ e-Reporting","18/03/2023 22:31:20","http://fme.discomap.eea.europa.eu/fmedatastreaming/AirQualityDownload/AQData_Extract.fmw?CountryCode=BE&CityName=&Pollutant=5&Year_from=2016&Year_to=2016&Station=STA-BELSA04&Samplingpoint=&Source=E1a&Output=HTML&UpdateDate="
"Belgium","NET-Flanders","Flanders","BELR833","40R833 - STABROEK","SPO-BELR833_00008_100","NO2","Nitrogen dioxide (air)","P1Y-hr-per50","1 year 50 percentile","2016","26.000","ug/m3","94.67","1","Industrial","Rural","4.3623","51.3277","5.0","","","","E1a/validated data AQ e-Reporting","18/03/2023 22:05:49","http://fme.discomap.eea.europa.eu/fmedatastreaming/AirQualityDownload/AQData_Extract.fmw?CountryCode=BE&CityName=&Pollutant=8&Year_from=2016&Year_to=2016&Station=STA-BELR833&Samplingpoint=&Source=E1a&Output=HTML&UpdateDate="
"Belgium","NET-Flanders","Flanders","BELLD02","40LD02 - LAAKDAL","SPO-BELLD02_00020_100","C6H6","Benzene (air)","P1Y-day-min","1 year day min","2016","0.108","ug/m3","95.08","1","Industrial","Rural","5.0216","51.1204","22.0","","","","E1a/validated data AQ e-Reporting","18/03/2023 21:55:46","http://fme.discomap.eea.europa.eu/fmedatastreaming/AirQualityDownload/AQData_Extract.fmw?CountryCode=BE&CityName=&Pollutant=20&Year_from=2016&Year_to=2016&Station=STA-BELLD02&Samplingpoint=&Source=E1a&Output=HTML&UpdateDate="
"Belgium","NET-Flanders","Flanders","BELRB01","40RB01 - RUISBROEK","SPO-BELRB01_00005_100","PM10","Particulate matter < 10 µm (aerosol)","P1Y-hr-max","1 year hour max","2016","78.600","ug/m3","8.66","1","Industrial","Suburban","4.3312","51.0894","0.0","","","","E1a/validated data AQ e-Reporting","18/03/2023 21:57:02","http://fme.discomap.eea.europa.eu/fmedatastreaming/AirQualityDownload/AQData_Extract.fmw?CountryCode=BE&CityName=&Pollutant=5&Year_from=2016&Year_to=2016&Station=STA-BELRB01&Samplingpoint=&Source=E1a&Output=HTML&UpdateDate="
"Belgium","NET-Flanders","Flanders","BELTS12","40TS12 - TESSENDERLO","SPO-BELTS12_00020_100","C6H6","Benzene (air)","P1Y-hr-per50","1 year 50 percentile","2016","0.115","ug/m3","95.59","1","Industrial","Suburban","5.0939","51.0634","32.0","","","","E1a/validated data AQ e-Reporting","18/03/2023 22:05:49","http://fme.discomap.eea.europa.eu/fmedatastreaming/AirQualityDownload/AQData_Extract.fmw?CountryCode=BE&CityName=&Pollutant=20&Year_from=2016&Year_to=2016&Station=STA-BELTS12&Samplingpoint=&Source=E1a&Output=HTML&UpdateDate="
"Belgium","NET-Flanders","Flanders","BELSA04","40SA04 - Hoevenen","SPO-BELSA04_00005_100","PM10","Particulate matter < 10 µm (aerosol)","P1Y-day-min","1 year day min","2016","5.375","ug/m3","98.91","1","Industrial","Rural","4.4039","51.3139","6.0","","","","E1a/validated data AQ e-Reporting","18/03/2023 21:55:13","http://fme.discomap.eea.europa.eu/fmedatastreaming/AirQualityDownload/AQData_Extract.fmw?CountryCode=BE&CityName=&Pollutant=5&Year_from=2016&Year_to=2016&Station=STA-BELSA04&Samplingpoint=&Source=E1a&Output=HTML&UpdateDate="
"Belgium","NET-Flanders","Flanders","BELOB01","40OB01 - OOSTROZEBEK","SPO-BELOB01_06001_100","PM2.5","Particulate matter < 2.5 µm (aerosol)","P1Y-hr-min","1 year hour min","2016","1.000","ug/m3","99.73","1","Industrial","Rural","3.3074","50.9172","44.0","","","","E1a/validated data AQ e-Reporting","18/03/2023 22:31:20","http://fme.discomap.eea.europa.eu/fmedatastreaming/AirQualityDownload/AQData_Extract.fmw?CountryCode=BE&CityName=&Pollutant=6001&Year_from=2016&Year_to=2016&Station=STA-BELOB01&Samplingpoint=&Source=E1a&Output=HTML&UpdateDate="
"Belgium","NET-Brussels","Brussels","BETR001","41R001 - MOLENBEEK","SPO-BETR001_00001_100","SO2","Sulphur dioxide (air)","P1Y-3hAbove500","3 consecutive hours in exceedance of 500","2016","0.000","count","96.85","1","Background","Urban","4.3341","50.8497","20.0","Bruxelles / Brussel                                                             ","BE001C1                                           ","1223364","E1a/validated data AQ e-Reporting","18/03/2023 22:18:09","http://fme.discomap.eea.europa.eu/fmedatastreaming/AirQualityDownload/AQData_Extract.fmw?CountryCode=BE&CityName=&Pollutant=1&Year_from=2016&Year_to=2016&Station=STA-BETR001&Samplingpoint=&Source=E1a&Output=HTML&UpdateDate="
"Belgium","NET-Flanders","Flanders","BEGRT01","26RT01 - RETIE","SPO-BEGRT01_01668_100","Na+  in PM2.5","sodium in PM2.5 (aerosol)","P1Y","Annual mean / 1 calendar year","2016","0.010","ug/m3","0.01","1","Background","Rural","5.0533","51.2309","23.0","","","","E1a/validated data AQ e-Reporting","18/03/2023 21:08:58","http://fme.discomap.eea.europa.eu/fmedatastreaming/AirQualityDownload/AQData_Extract.fmw?CountryCode=BE&CityName=&Pollutant=1668&Year_from=2016&Year_to=2016&Station=STA-BEGRT01&Samplingpoint=&Source=E1a&Output=HTML&UpdateDate="
"Belgium","NET-Flanders","Flanders","BEGRT01","26RT01 - RETIE","SPO-BEGRT01_06001_100","PM2.5","Particulate matter < 2.5 µm (aerosol)","P3Y","3 subsequent calendar years mean","2016","12.207","ug/m3","98.18","1","Background","Rural","5.0533","51.2309","23.0","","","","E1a/validated data AQ e-Reporting","18/03/2023 21:36:00","http://fme.discomap.eea.europa.eu/fmedatastreaming/AirQualityDownload/AQData_Extract.fmw?CountryCode=BE&CityName=&Pollutant=6001&Year_from=2016&Year_to=2016&Station=STA-BEGRT01&Samplingpoint=&Source=E1a&Output=HTML&UpdateDate="
"Belgium","NET-Brussels","Brussels","BETWOL1","41WOL1 - WOL.ST.L.","SPO-BETWOL1_00005_100","PM10","Particulate matter < 10 µm (aerosol)","P1Y-daysAbove50","1 year day exceed 50","2016","4.000","count","96.72","1","Traffic","Suburban","4.4258","50.8567","78.0","Bruxelles / Brussel                                                             ","BE001C1                                           ","1223364","E1a/validated data AQ e-Reporting","18/03/2023 22:27:00","http://fme.discomap.eea.europa.eu/fmedatastreaming/AirQualityDownload/AQData_Extract.fmw?CountryCode=BE&CityName=&Pollutant=5&Year_from=2016&Year_to=2016&Station=STA-BETWOL1&Samplingpoint=&Source=E1a&Output=HTML&UpdateDate="
"Belgium","NET-Brussels","Brussels","BETWOL1","41WOL1 - WOL.ST.L.","SPO-BETWOL1_00391_100","Black Carbon","black_carbon (aerosol)","P1Y-hr-min","1 year hour min","2016","0.030","ug/m3","99.23","1","Traffic","Suburban","4.4258","50.8567","78.0","Bruxelles / Brussel                                                             ","BE001C1                                           ","1223364","E1a/validated data AQ e-Reporting","18/03/2023 22:31:20","http://fme.discomap.eea.europa.eu/fmedatastreaming/AirQualityDownload/AQData_Extract.fmw?CountryCode=BE&CityName=&Pollutant=391&Year_from=2016&Year_to=2016&Station=STA-BETWOL1&Samplingpoint=&Source=E1a&Output=HTML&UpdateDate="
"Belgium","NET-Flanders","Flanders","BELSA04","40SA04 - Hoevenen","SPO-BELSA04_00008_100","NO2","Nitrogen dioxide (air)","P1Y-day-min","1 year day min","2016","2.438","ug/m3","97.27","1","Industrial","Rural","4.4039","51.3139","6.0","","","","E1a/validated data AQ e-Reporting","18/03/2023 21:56:03","http://fme.discomap.eea.europa.eu/fmedatastreaming/AirQualityDownload/AQData_Extract.fmw?CountryCode=BE&CityName=&Pollutant=8&Year_from=2016&Year_to=2016&Station=STA-BELSA04&Samplingpoint=&Source=E1a&Output=HTML&UpdateDate="
"Belgium","NET-Flanders","Flanders","BELZL01","40ZL01 - ZELZATE","SPO-BELZL01_00020_100","C6H6","Benzene (air)","P1Y-day-max","1 year day max","2016","5.564","ug/m3","92.90","1","Industrial","Suburban","3.8084","51.2031","6.0","","","","E1a/validated data AQ e-Reporting","18/03/2023 21:43:39","http://fme.discomap.eea.europa.eu/fmedatastreaming/AirQualityDownload/AQData_Extract.fmw?CountryCode=BE&CityName=&Pollutant=20&Year_from=2016&Year_to=2016&Station=STA-BELZL01&Samplingpoint=&Source=E1a&Output=HTML&UpdateDate="
"Belgium","NET-Flanders","Flanders","BELSZ02","40SZ02 - STEENOKKERZ","SPO-BELSZ02_00001_100","SO2","Sulphur dioxide (air)","P1Y-hr-min","1 year hour min","2016","1.000","ug/m3","96.88","1","Industrial","Rural","4.5122","50.9130","15.0","","","","E1a/validated data AQ e-Reporting","18/03/2023 22:31:20","http://fme.discomap.eea.europa.eu/fmedatastreaming/AirQualityDownload/AQData_Extract.fmw?CountryCode=BE&CityName=&Pollutant=1&Year_from=2016&Year_to=2016&Station=STA-BELSZ02&Samplingpoint=&Source=E1a&Output=HTML&UpdateDate="
"Belgium","NET-Flanders","Flanders","BELSZ02","40SZ02 - STEENOKKERZ","SPO-BELSZ02_06001_100","PM2.5","Particulate matter < 2.5 µm (aerosol)","P1Y","Annual mean / 1 calendar year","2016","12.678","ug/m3","98.84","1","Industrial","Rural","4.5122","50.9130","15.0","","","","E1a/validated data AQ e-Reporting","18/03/2023 21:08:58","http://fme.discomap.eea.europa.eu/fmedatastreaming/AirQualityDownload/AQData_Extract.fmw?CountryCode=BE&CityName=&Pollutant=6001&Year_from=2016&Year_to=2016&Station=STA-BELSZ02&Samplingpoint=&Source=E1a&Output=HTML&UpdateDate="
"Belgium","NET-Brussels","Brussels","BETWOL1","41WOL1 - WOL.ST.L.","SPO-BETWOL1_00005_100","PM10","Particulate matter < 10 µm (aerosol)","P1Y-day-per50","1 year 50 %ile of daily values in a year","2016","16.521","ug/m3","96.72","1","Traffic","Suburban","4.4258","50.8567","78.0","Bruxelles / Brussel                                                             ","BE001C1                                           ","1223364","E1a/validated data AQ e-Reporting","18/03/2023 22:08:05","http://fme.discomap.eea.europa.eu/fmedatastreaming/AirQualityDownload/AQData_Extract.fmw?CountryCode=BE&CityName=&Pollutant=5&Year_from=2016&Year_to=2016&Station=STA-BETWOL1&Samplingpoint=&Source=E1a&Output=HTML&UpdateDate="
"Belgium","NET-Flanders","Flanders","BETN029","44N029 - HOUTEM","SPO-BETN029_00005_100","PM10","Particulate matter < 10 µm (aerosol)","P3Y","3 subsequent calendar years mean","2016","18.768","ug/m3","97.19","1","Background","Rural","2.5823","51.0163","2.0","","","","E1a/validated data AQ e-Reporting","18/03/2023 21:36:00","http://fme.discomap.eea.europa.eu/fmedatastreaming/AirQualityDownload/AQData_Extract.fmw?CountryCode=BE&CityName=&Pollutant=5&Year_from=2016&Year_to=2016&Station=STA-BETN029&Samplingpoint=&Source=E1a&Output=HTML&UpdateDate="
"Belgium","NET-Flanders","Flanders","BELHB23","40HB23 - HOBOKEN","SPO-BELHB23_00001_100","SO2","Sulphur dioxide (air)","P1Y-hr-min","1 year hour min","2016","1.000","ug/m3","95.32","1","Industrial","Suburban","4.3410","51.1703","13.0","Antwerpen                                                                       ","BE002C1                                           ","530014","E1a/validated data AQ e-Reporting","18/03/2023 22:31:20","http://fme.discomap.eea.europa.eu/fmedatastreaming/AirQualityDownload/AQData_Extract.fmw?CountryCode=BE&CityName=&Pollutant=1&Year_from=2016&Year_to=2016&Station=STA-BELHB23&Samplingpoint=&Source=E1a&Output=HTML&UpdateDate="
"Belgium","NET-Flanders","Flanders","BESN045","59N045 - HASSELT","SPO-BESN045_00450_100","H3C-CH2-CH(CH3)2","i-Pentane (2-methylbutane) (air)","P1Y","Annual mean / 1 calendar year","2016","0.000","ug/m3","87.99","1","Background","Suburban","5.3684","50.9397","0.0","","","","E1a/validated data AQ e-Reporting","18/03/2023 21:08:58","http://fme.discomap.eea.europa.eu/fmedatastreaming/AirQualityDownload/AQData_Extract.fmw?CountryCode=BE&CityName=&Pollutant=450&Year_from=2016&Year_to=2016&Station=STA-BESN045&Samplingpoint=&Source=E1a&Output=HTML&UpdateDate="
"Belgium","NET-Flanders","Flanders","BETE704","47E704 - WACHTEBEKE","SPO-BETE704_00008_100","NO2","Nitrogen dioxide (air)","P1Y-hrsAbove400","1 year hour exceed 400","2016","0.000","count","97.23","1","Industrial","Rural","3.8699","51.1761","0.0","","","","E1a/validated data AQ e-Reporting","18/03/2023 21:54:38","http://fme.discomap.eea.europa.eu/fmedatastreaming/AirQualityDownload/AQData_Extract.fmw?CountryCode=BE&CityName=&Pollutant=8&Year_from=2016&Year_to=2016&Station=STA-BETE704&Samplingpoint=&Source=E1a&Output=HTML&UpdateDate="
"Belgium","NET-Flanders","Flanders","BETE716","47E716 - MARIAKERKE","SPO-BETE716_00008_100","NO2","Nitrogen dioxide (air)","P1Y","Annual mean / 1 calendar year","2016","21.389","ug/m3","96.22","1","Industrial","Suburban","3.6828","51.0670","8.0","Gent                                                                            ","BE003C1                                           ","263687","E1a/validated data AQ e-Reporting","18/03/2023 21:08:58","http://fme.discomap.eea.europa.eu/fmedatastreaming/AirQualityDownload/AQData_Extract.fmw?CountryCode=BE&CityName=&Pollutant=8&Year_from=2016&Year_to=2016&Station=STA-BETE716&Samplingpoint=&Source=E1a&Output=HTML&UpdateDate="
"Belgium","NET-Flanders","Flanders","BETM802","42M802 - ANTWERPEN","SPO-BETM802_00008_100","NO2","Nitrogen dioxide (air)","P1Y-hrsAbove400","1 year hour exceed 400","2016","0.000","count","94.92","1","Industrial","Suburban","4.4244","51.2610","3.0","Antwerpen                                                                       ","BE002C1                                           ","530014","E1a/validated data AQ e-Reporting","18/03/2023 21:54:38","http://fme.discomap.eea.europa.eu/fmedatastreaming/AirQualityDownload/AQData_Extract.fmw?CountryCode=BE&CityName=&Pollutant=8&Year_from=2016&Year_to=2016&Station=STA-BETM802&Samplingpoint=&Source=E1a&Output=HTML&UpdateDate="
"Belgium","NET-Flanders","Flanders","BETE714","47E714 - DUDZELE","SPO-BETE714_00008_100","NO2","Nitrogen dioxide (air)","P1Y-hr-per50","1 year 50 percentile","2016","13.500","ug/m3","97.27","1","Industrial","Rural","3.2486","51.2790","11.0","Brugge                                                                          ","BE006C1                                           ","118916","E1a/validated data AQ e-Reporting","18/03/2023 22:05:49","http://fme.discomap.eea.europa.eu/fmedatastreaming/AirQualityDownload/AQData_Extract.fmw?CountryCode=BE&CityName=&Pollutant=8&Year_from=2016&Year_to=2016&Station=STA-BETE714&Samplingpoint=&Source=E1a&Output=HTML&UpdateDate="
"Belgium","NET-Flanders","Flanders","BEDDD02","65DDD02 - DUDZELE","SPO-BEDDD02_07029_100","BaP","Benzo(a)pyrene (precip+dry_dep)","P1Y","Annual mean / 1 calendar year","2016","7.267","ng/m2/day","22.95","1","Background","Rural","3.2216","51.2664","0.0","Brugge                                                                          ","BE006C1                                           ","118916","E1a/validated data AQ e-Reporting","18/03/2023 21:08:58","http://fme.discomap.eea.europa.eu/fmedatastreaming/AirQualityDownload/AQData_Extract.fmw?CountryCode=BE&CityName=&Pollutant=7029&Year_from=2016&Year_to=2016&Station=STA-BEDDD02&Samplingpoint=&Source=E1a&Output=HTML&UpdateDate="
"Belgium","NET-Flanders","Flanders","BEDGI04","65GI04 - GRIMBERGEN
","SPO-BEDGI04_00714_100","Phenanthrene","phenanthrene (precip+dry_dep)","P1Y","Annual mean / 1 calendar year","2016","54.773","ng/m2/day","22.95","1","Background","Suburban","4.4022","50.9352","0.0","","","","E1a/validated data AQ e-Reporting","18/03/2023 21:08:58","http://fme.discomap.eea.europa.eu/fmedatastreaming/AirQualityDownload/AQData_Extract.fmw?CountryCode=BE&CityName=&Pollutant=714&Year_from=2016&Year_to=2016&Station=STA-BEDGI04&Samplingpoint=&Source=E1a&Output=HTML&UpdateDate="
"Belgium","NET-Flanders","Flanders","BELSZ02","40SZ02 - STEENOKKERZ","SPO-BELSZ02_00001_100","SO2","Sulphur dioxide (air)","P1Y","Annual mean / 1 calendar year","2016","1.350","ug/m3","96.88","1","Industrial","Rural","4.5122","50.9130","15.0","","","","E1a/validated data AQ e-Reporting","18/03/2023 21:08:58","http://fme.discomap.eea.europa.eu/fmedatastreaming/AirQualityDownload/AQData_Extract.fmw?CountryCode=BE&CityName=&Pollutant=1&Year_from=2016&Year_to=2016&Station=STA-BELSZ02&Samplingpoint=&Source=E1a&Output=HTML&UpdateDate="
"Belgium","NET-Flanders","Flanders","BESN045","59N045 - HASSELT","SPO-BESN045_00482_100","o-C6H4-(CH3)2","o-Xylene (air)","P1Y","Annual mean / 1 calendar year","2016","0.000","ug/m3","87.99","1","Background","Suburban","5.3684","50.9397","0.0","","","","E1a/validated data AQ e-Reporting","18/03/2023 21:08:58","http://fme.discomap.eea.europa.eu/fmedatastreaming/AirQualityDownload/AQData_Extract.fmw?CountryCode=BE&CityName=&Pollutant=482&Year_from=2016&Year_to=2016&Station=STA-BESN045&Samplingpoint=&Source=E1a&Output=HTML&UpdateDate="
"Belgium","NET-Flanders","Flanders","BEDN029","65N029 - HOUTEM
","SPO-BEDN029_07406_100","Chrysene","Chrysene (precip+dry_dep)","P1Y","Annual mean / 1 calendar year","2016","17.454","ng/m2/day","92.62","1","Background","Rural","2.5823","51.0163","0.0","","","","E1a/validated data AQ e-Reporting","18/03/2023 21:08:58","http://fme.discomap.eea.europa.eu/fmedatastreaming/AirQualityDownload/AQData_Extract.fmw?CountryCode=BE&CityName=&Pollutant=7406&Year_from=2016&Year_to=2016&Station=STA-BEDN029&Samplingpoint=&Source=E1a&Output=HTML&UpdateDate="
"Belgium","NET-Flanders","Flanders","BETE007","47E007 - Sint-Pieters-Leeuw","SPO-BETE007_00008_100","NO2","Nitrogen dioxide (air)","P1Y-hr-max-per99.79","1 year 99.79 %ile of hourly values in a given year","2016","81.500","ug/m3","96.97","1","Industrial","Rural","4.2526","50.7953","54.0","","","","E1a/validated data AQ e-Reporting","18/03/2023 22:07:35","http://fme.discomap.eea.europa.eu/fmedatastreaming/AirQualityDownload/AQData_Extract.fmw?CountryCode=BE&CityName=&Pollutant=8&Year_from=2016&Year_to=2016&Station=STA-BETE007&Samplingpoint=&Source=E1a&Output=HTML&UpdateDate="
"Belgium","NET-Brussels","Brussels","BETR001","41R001 - MOLENBEEK","SPO-BETR001_00008_100","NO2","Nitrogen dioxide (air)","P1Y-day-min","1 year day min","2016","10.217","ug/m3","96.72","1","Background","Urban","4.3341","50.8497","20.0","Bruxelles / Brussel                                                             ","BE001C1                                           ","1223364","E1a/validated data AQ e-Reporting","18/03/2023 21:56:03","http://fme.discomap.eea.europa.eu/fmedatastreaming/AirQualityDownload/AQData_Extract.fmw?CountryCode=BE&CityName=&Pollutant=8&Year_from=2016&Year_to=2016&Station=STA-BETR001&Samplingpoint=&Source=E1a&Output=HTML&UpdateDate="
"Belgium","NET-Brussels","Brussels","BETR001","41R001 - MOLENBEEK","SPO-BETR001_00008_100","NO2","Nitrogen dioxide (air)","P1Y-3hAbove400","3 consecutive hours in exceedance of 400","2016","0.000","count","95.89","1","Background","Urban","4.3341","50.8497","20.0","Bruxelles / Brussel                                                             ","BE001C1                                           ","1223364","E1a/validated data AQ e-Reporting","18/03/2023 22:22:30","http://fme.discomap.eea.europa.eu/fmedatastreaming/AirQualityDownload/AQData_Extract.fmw?CountryCode=BE&CityName=&Pollutant=8&Year_from=2016&Year_to=2016&Station=STA-BETR001&Samplingpoint=&Source=E1a&Output=HTML&UpdateDate="
"Belgium","NET-Brussels","Brussels","BETR001","41R001 - MOLENBEEK","SPO-BETR001_00391_100","Black Carbon","black_carbon (aerosol)","P1Y","Annual mean / 1 calendar year","2016","1.776","ug/m3","96.78","1","Background","Urban","4.3341","50.8497","20.0","Bruxelles / Brussel                                                             ","BE001C1                                           ","1223364","E1a/validated data AQ e-Reporting","18/03/2023 21:08:58","http://fme.discomap.eea.europa.eu/fmedatastreaming/AirQualityDownload/AQData_Extract.fmw?CountryCode=BE&CityName=&Pollutant=391&Year_from=2016&Year_to=2016&Station=STA-BETR001&Samplingpoint=&Source=E1a&Output=HTML&UpdateDate="
"Belgium","NET-Brussels","Brussels","BETMEU1","41MEU1 - MEUDON","SPO-BETMEU1_00005_100","PM10","Particulate matter < 10 µm (aerosol)","P1Y-day-per50","1 year 50 %ile of daily values in a year","2016","17.958","ug/m3","92.35","1","Background","Suburban","4.3957","50.8950","34.0","Bruxelles / Brussel                                                             ","BE001C1                                           ","1223364","E1a/validated data AQ e-Reporting","18/03/2023 22:08:05","http://fme.discomap.eea.europa.eu/fmedatastreaming/AirQualityDownload/AQData_Extract.fmw?CountryCode=BE&CityName=&Pollutant=5&Year_from=2016&Year_to=2016&Station=STA-BETMEU1&Samplingpoint=&Source=E1a&Output=HTML&UpdateDate="
"Belgium","NET-Flanders","Flanders","BELLD01","40LD01 - LAAKDAL","SPO-BELLD01_00008_100","NO2","Nitrogen dioxide (air)","P1Y-hr-per50","1 year 50 percentile","2016","18.000","ug/m3","95.49","1","Industrial","Rural","5.0049","51.1100","20.0","","","","E1a/validated data AQ e-Reporting","18/03/2023 22:05:49","http://fme.discomap.eea.europa.eu/fmedatastreaming/AirQualityDownload/AQData_Extract.fmw?CountryCode=BE&CityName=&Pollutant=8&Year_from=2016&Year_to=2016&Station=STA-BELLD01&Samplingpoint=&Source=E1a&Output=HTML&UpdateDate="
"Belgium","NET-Flanders","Flanders","BETN012","44N012 - MOERKERKE","SPO-BETN012_00008_100","NO2","Nitrogen dioxide (air)","P1Y","Annual mean / 1 calendar year","2016","14.860","ug/m3","94.24","1","Background","Rural","3.3625","51.2546","3.0","","","","E1a/validated data AQ e-Reporting","18/03/2023 21:08:58","http://fme.discomap.eea.europa.eu/fmedatastreaming/AirQualityDownload/AQData_Extract.fmw?CountryCode=BE&CityName=&Pollutant=8&Year_from=2016&Year_to=2016&Station=STA-BETN012&Samplingpoint=&Source=E1a&Output=HTML&UpdateDate="
"Belgium","NET-Brussels","Brussels","BETMEU1","41MEU1 - MEUDON","SPO-BETMEU1_00008_100","NO2","Nitrogen dioxide (air)","P1Y-hr-max-per99.79","1 year 99.79 %ile of hourly values in a given year","2016","112.000","ug/m3","97.05","1","Background","Suburban","4.3957","50.8950","34.0","Bruxelles / Brussel                                                             ","BE001C1                                           ","1223364","E1a/validated data AQ e-Reporting","18/03/2023 22:07:35","http://fme.discomap.eea.europa.eu/fmedatastreaming/AirQualityDownload/AQData_Extract.fmw?CountryCode=BE&CityName=&Pollutant=8&Year_from=2016&Year_to=2016&Station=STA-BETMEU1&Samplingpoint=&Source=E1a&Output=HTML&UpdateDate="
"Belgium","NET-Flanders","Flanders","BELSA04","40SA04 - Hoevenen","SPO-BELSA04_00008_100","NO2","Nitrogen dioxide (air)","P1Y-day-per50","1 year 50 %ile of daily values in a year","2016","25.591","ug/m3","97.27","1","Industrial","Rural","4.4039","51.3139","6.0","","","","E1a/validated data AQ e-Reporting","18/03/2023 22:14:21","http://fme.discomap.eea.europa.eu/fmedatastreaming/AirQualityDownload/AQData_Extract.fmw?CountryCode=BE&CityName=&Pollutant=8&Year_from=2016&Year_to=2016&Station=STA-BELSA04&Samplingpoint=&Source=E1a&Output=HTML&UpdateDate="
"Belgium","NET-Flanders","Flanders","BELRB01","40RB01 - RUISBROEK","SPO-BELRB01_06001_100","PM2.5","Particulate matter < 2.5 µm (aerosol)","P1Y-day-max","1 year day max","2016","51.083","ug/m3","8.47","1","Industrial","Suburban","4.3312","51.0894","0.0","","","","E1a/validated data AQ e-Reporting","18/03/2023 21:43:22","http://fme.discomap.eea.europa.eu/fmedatastreaming/AirQualityDownload/AQData_Extract.fmw?CountryCode=BE&CityName=&Pollutant=6001&Year_from=2016&Year_to=2016&Station=STA-BELRB01&Samplingpoint=&Source=E1a&Output=HTML&UpdateDate="
"Belgium","NET-Flanders","Flanders","BELRB01","40RB01 - RUISBROEK","SPO-BELRB01_06001_100","PM2.5","Particulate matter < 2.5 µm (aerosol)","P1Y-hr-min","1 year hour min","2016","1.500","ug/m3","8.66","1","Industrial","Suburban","4.3312","51.0894","0.0","","","","E1a/validated data AQ e-Reporting","18/03/2023 22:31:20","http://fme.discomap.eea.europa.eu/fmedatastreaming/AirQualityDownload/AQData_Extract.fmw?CountryCode=BE&CityName=&Pollutant=6001&Year_from=2016&Year_to=2016&Station=STA-BELRB01&Samplingpoint=&Source=E1a&Output=HTML&UpdateDate="
"Belgium","NET-Flanders","Flanders","BETR701","44R701 - GENT","SPO-BETR701_00005_100","PM10","Particulate matter < 10 µm (aerosol)","P1Y-P1D-per99","1 year 99 percentile of daily means (P1D) or .../aq/primaryObservation/day","2016","143.350","ug/m3","100.00","1","Background","Urban","3.7293","51.0583","5.0","Gent                                                                            ","BE003C1                                           ","263687","E1a/validated data AQ e-Reporting","18/03/2023 22:09:38","http://fme.discomap.eea.europa.eu/fmedatastreaming/AirQualityDownload/AQData_Extract.fmw?CountryCode=BE&CityName=&Pollutant=5&Year_from=2016&Year_to=2016&Station=STA-BETR701&Samplingpoint=&Source=E1a&Output=HTML&UpdateDate="
"Belgium","NET-Flanders","Flanders","BETN040","42N040 - ST.P.LEEUWG","SPO-BETN040_00008_100","NO2","Nitrogen dioxide (air)","P1Y-hr-min","1 year hour min","2016","1.000","ug/m3","96.65","1","Background","Rural","4.2252","50.7681","20.0","","","","E1a/validated data AQ e-Reporting","18/03/2023 22:31:20","http://fme.discomap.eea.europa.eu/fmedatastreaming/AirQualityDownload/AQData_Extract.fmw?CountryCode=BE&CityName=&Pollutant=8&Year_from=2016&Year_to=2016&Station=STA-BETN040&Samplingpoint=&Source=E1a&Output=HTML&UpdateDate="
"Belgium","NET-Flanders","Flanders","BETN029","44N029 - HOUTEM","SPO-BETN029_00007_100","O3","Ozone (air)","P1Y-day-min","1 year day min","2016","1.545","ug/m3","94.26","1","Background","Rural","2.5823","51.0163","2.0","","","","E1a/validated data AQ e-Reporting","18/03/2023 21:56:21","http://fme.discomap.eea.europa.eu/fmedatastreaming/AirQualityDownload/AQData_Extract.fmw?CountryCode=BE&CityName=&Pollutant=7&Year_from=2016&Year_to=2016&Station=STA-BETN029&Samplingpoint=&Source=E1a&Output=HTML&UpdateDate="
"Belgium","NET-Flanders","Flanders","BETN029","44N029 - HOUTEM","SPO-BETN029_00007_100","O3","Ozone (air)","P1Y-dx-max26","1 year daymax max 26","2016","92.063","ug/m3","92.62","1","Background","Rural","2.5823","51.0163","2.0","","","","E1a/validated data AQ e-Reporting","18/03/2023 22:32:17","http://fme.discomap.eea.europa.eu/fmedatastreaming/AirQualityDownload/AQData_Extract.fmw?CountryCode=BE&CityName=&Pollutant=7&Year_from=2016&Year_to=2016&Station=STA-BETN029&Samplingpoint=&Source=E1a&Output=HTML&UpdateDate="
"Belgium","NET-Flanders","Flanders","BETN029","44N029 - HOUTEM","SPO-BETN029_00020_100","C6H6","Benzene (air)","P1Y-hr-per50","1 year 50 percentile","2016","0.530","ug/m3","6.40","1","Background","Rural","2.5823","51.0163","2.0","","","","E1a/validated data AQ e-Reporting","18/03/2023 22:05:49","http://fme.discomap.eea.europa.eu/fmedatastreaming/AirQualityDownload/AQData_Extract.fmw?CountryCode=BE&CityName=&Pollutant=20&Year_from=2016&Year_to=2016&Station=STA-BETN029&Samplingpoint=&Source=E1a&Output=HTML&UpdateDate="
"Belgium","NET-Flanders","Flanders","BETE814","47E814 - Ham","SPO-BETE814_00008_100","NO2","Nitrogen dioxide (air)","P1Y-day-max","1 year day max","2016","72.813","ug/m3","98.63","1","Industrial","Rural","5.1297","51.0822","0.0","","","","E1a/validated data AQ e-Reporting","18/03/2023 21:43:56","http://fme.discomap.eea.europa.eu/fmedatastreaming/AirQualityDownload/AQData_Extract.fmw?CountryCode=BE&CityName=&Pollutant=8&Year_from=2016&Year_to=2016&Station=STA-BETE814&Samplingpoint=&Source=E1a&Output=HTML&UpdateDate="
"Belgium","NET-Flanders","Flanders","BETN052","44N052 - ZWEVEGEM","SPO-BETN052_00005_100","PM10","Particulate matter < 10 µm (aerosol)","P1Y","Annual mean / 1 calendar year","2016","22.955","ug/m3","99.27","1","Background","Suburban","3.3225","50.8149","27.0","","","","E1a/validated data AQ e-Reporting","18/03/2023 21:08:58","http://fme.discomap.eea.europa.eu/fmedatastreaming/AirQualityDownload/AQData_Extract.fmw?CountryCode=BE&CityName=&Pollutant=5&Year_from=2016&Year_to=2016&Station=STA-BETN052&Samplingpoint=&Source=E1a&Output=HTML&UpdateDate="
"Belgium","NET-Flanders","Flanders","BELRB01","40RB01 - RUISBROEK","SPO-BELRB01_00005_100","PM10","Particulate matter < 10 µm (aerosol)","P1Y-P1D-per90.41","1 year 90.41 percentile","2016","42.683","ug/m3","8.47","1","Industrial","Suburban","4.3312","51.0894","0.0","","","","E1a/validated data AQ e-Reporting","18/03/2023 22:09:05","http://fme.discomap.eea.europa.eu/fmedatastreaming/AirQualityDownload/AQData_Extract.fmw?CountryCode=BE&CityName=&Pollutant=5&Year_from=2016&Year_to=2016&Station=STA-BELRB01&Samplingpoint=&Source=E1a&Output=HTML&UpdateDate="
"Belgium","NET-Flanders","Flanders","BESN045","59N045 - HASSELT","SPO-BESN045_00020_100","C6H6","Benzene (air)","P1Y-day-min","1 year day min","2016","0.140","ug/m3","91.80","1","Background","Suburban","5.3684","50.9397","0.0","","","","E1a/validated data AQ e-Reporting","18/03/2023 21:55:46","http://fme.discomap.eea.europa.eu/fmedatastreaming/AirQualityDownload/AQData_Extract.fmw?CountryCode=BE&CityName=&Pollutant=20&Year_from=2016&Year_to=2016&Station=STA-BESN045&Samplingpoint=&Source=E1a&Output=HTML&UpdateDate="
"Belgium","NET-Flanders","Flanders","BETE008","47E008 - Grimbergen","SPO-BETE008_00008_100","NO2","Nitrogen dioxide (air)","P1Y-hr-max19","1 year hour max19","2016","99.000","ug/m3","95.26","1","Industrial","Rural","4.3959","50.9261","14.0","","","","E1a/validated data AQ e-Reporting","18/03/2023 22:34:35","http://fme.discomap.eea.europa.eu/fmedatastreaming/AirQualityDownload/AQData_Extract.fmw?CountryCode=BE&CityName=&Pollutant=8&Year_from=2016&Year_to=2016&Station=STA-BETE008&Samplingpoint=&Source=E1a&Output=HTML&UpdateDate="
"Belgium","NET-Flanders","Flanders","BETE007","47E007 - Sint-Pieters-Leeuw","SPO-BETE007_00008_100","NO2","Nitrogen dioxide (air)","P1Y-day-per50","1 year 50 %ile of daily values in a year","2016","16.396","ug/m3","98.91","1","Industrial","Rural","4.2526","50.7953","54.0","","","","E1a/validated data AQ e-Reporting","18/03/2023 22:14:21","http://fme.discomap.eea.europa.eu/fmedatastreaming/AirQualityDownload/AQData_Extract.fmw?CountryCode=BE&CityName=&Pollutant=8&Year_from=2016&Year_to=2016&Station=STA-BETE007&Samplingpoint=&Source=E1a&Output=HTML&UpdateDate="
"Belgium","NET-Flanders","Flanders","BETN012","44N012 - MOERKERKE","SPO-BETN012_00005_100","PM10","Particulate matter < 10 µm (aerosol)","P1Y-hr-min","1 year hour min","2016","3.600","ug/m3","99.57","1","Background","Rural","3.3625","51.2546","3.0","","","","E1a/validated data AQ e-Reporting","18/03/2023 22:31:20","http://fme.discomap.eea.europa.eu/fmedatastreaming/AirQualityDownload/AQData_Extract.fmw?CountryCode=BE&CityName=&Pollutant=5&Year_from=2016&Year_to=2016&Station=STA-BETN012&Samplingpoint=&Source=E1a&Output=HTML&UpdateDate="
"Belgium","NET-Flanders","Flanders","BETE811","47E811 - DIEPENBEEK","SPO-BETE811_00008_100","NO2","Nitrogen dioxide (air)","P3Y","3 subsequent calendar years mean","2016","21.130","ug/m3","80.66","1","Industrial","Rural","5.4182","50.8969","59.0","","","","E1a/validated data AQ e-Reporting","18/03/2023 21:36:00","http://fme.discomap.eea.europa.eu/fmedatastreaming/AirQualityDownload/AQData_Extract.fmw?CountryCode=BE&CityName=&Pollutant=8&Year_from=2016&Year_to=2016&Station=STA-BETE811&Samplingpoint=&Source=E1a&Output=HTML&UpdateDate="
"Belgium","NET-Flanders","Flanders","BETE007","47E007 - Sint-Pieters-Leeuw","SPO-BETE007_00008_100","NO2","Nitrogen dioxide (air)","P1Y-hr-min","1 year hour min","2016","1.000","ug/m3","96.97","1","Industrial","Rural","4.2526","50.7953","54.0","","","","E1a/validated data AQ e-Reporting","18/03/2023 22:31:20","http://fme.discomap.eea.europa.eu/fmedatastreaming/AirQualityDownload/AQData_Extract.fmw?CountryCode=BE&CityName=&Pollutant=8&Year_from=2016&Year_to=2016&Station=STA-BETE007&Samplingpoint=&Source=E1a&Output=HTML&UpdateDate="
"Belgium","NET-Flanders","Flanders","BELMN01","40MN01 - MENEN","SPO-BELMN01_00005_100","PM10","Particulate matter < 10 µm (aerosol)","P3Y","3 subsequent calendar years mean","2016","24.849","ug/m3","93.03","1","Industrial","Rural","3.1096","50.7935","10.0","","","","E1a/validated data AQ e-Reporting","18/03/2023 21:36:00","http://fme.discomap.eea.europa.eu/fmedatastreaming/AirQualityDownload/AQData_Extract.fmw?CountryCode=BE&CityName=&Pollutant=5&Year_from=2016&Year_to=2016&Station=STA-BELMN01&Samplingpoint=&Source=E1a&Output=HTML&UpdateDate="
"Belgium","NET-Brussels","Brussels","BETR012","41R012 - UCCLE","SPO-BETR012_06001_100","PM2.5","Particulate matter < 2.5 µm (aerosol)","P1Y-P1D-per99","1 year 99 percentile of daily means (P1D) or .../aq/primaryObservation/day","2016","40.246","ug/m3","92.90","1","Background","Suburban","4.3586","50.7966","101.0","Bruxelles / Brussel                                                             ","BE001C1                                           ","1223364","E1a/validated data AQ e-Reporting","18/03/2023 22:10:03","http://fme.discomap.eea.europa.eu/fmedatastreaming/AirQualityDownload/AQData_Extract.fmw?CountryCode=BE&CityName=&Pollutant=6001&Year_from=2016&Year_to=2016&Station=STA-BETR012&Samplingpoint=&Source=E1a&Output=HTML&UpdateDate="
"Belgium","NET-Flanders","Flanders","BELSZ02","40SZ02 - STEENOKKERZ","SPO-BELSZ02_00005_100","PM10","Particulate matter < 10 µm (aerosol)","P1Y-day-max36","1 year day max 36","2016","32.808","ug/m3","98.63","1","Industrial","Rural","4.5122","50.9130","15.0","","","","E1a/validated data AQ e-Reporting","18/03/2023 22:32:47","http://fme.discomap.eea.europa.eu/fmedatastreaming/AirQualityDownload/AQData_Extract.fmw?CountryCode=BE&CityName=&Pollutant=5&Year_from=2016&Year_to=2016&Station=STA-BELSZ02&Samplingpoint=&Source=E1a&Output=HTML&UpdateDate="
"Belgium","NET-Flanders","Flanders","BELSZ02","40SZ02 - STEENOKKERZ","SPO-BELSZ02_00008_100","NO2","Nitrogen dioxide (air)","P1Y-hr-max","1 year hour max","2016","114.500","ug/m3","96.47","1","Industrial","Rural","4.5122","50.9130","15.0","","","","E1a/validated data AQ e-Reporting","18/03/2023 21:57:02","http://fme.discomap.eea.europa.eu/fmedatastreaming/AirQualityDownload/AQData_Extract.fmw?CountryCode=BE&CityName=&Pollutant=8&Year_from=2016&Year_to=2016&Station=STA-BELSZ02&Samplingpoint=&Source=E1a&Output=HTML&UpdateDate="
"Belgium","NET-Flanders","Flanders","BELOB01","40OB01 - OOSTROZEBEK","SPO-BELOB01_06001_100","PM2.5","Particulate matter < 2.5 µm (aerosol)","P3Y","3 subsequent calendar years mean","2016","17.150","ug/m3","70.03","1","Industrial","Rural","3.3074","50.9172","44.0","","","","E1a/validated data AQ e-Reporting","18/03/2023 21:36:00","http://fme.discomap.eea.europa.eu/fmedatastreaming/AirQualityDownload/AQData_Extract.fmw?CountryCode=BE&CityName=&Pollutant=6001&Year_from=2016&Year_to=2016&Station=STA-BELOB01&Samplingpoint=&Source=E1a&Output=HTML&UpdateDate="
"Belgium","NET-Flanders","Flanders","BELAB02","40AB02 - BERENDRECHT","SPO-BELAB02_00005_100","PM10","Particulate matter < 10 µm (aerosol)","P1Y","Annual mean / 1 calendar year","2016","21.650","ug/m3","99.85","1","Background","Suburban","4.3218","51.3407","10.0","Antwerpen                                                                       ","BE002C1                                           ","530014","E1a/validated data AQ e-Reporting","18/03/2023 21:08:58","http://fme.discomap.eea.europa.eu/fmedatastreaming/AirQualityDownload/AQData_Extract.fmw?CountryCode=BE&CityName=&Pollutant=5&Year_from=2016&Year_to=2016&Station=STA-BELAB02&Samplingpoint=&Source=E1a&Output=HTML&UpdateDate="
"Belgium","NET-Flanders","Flanders","BEDGI05","65GI05 - GRIMBERGEN
","SPO-BEDGI05_07465_100","Naphthalene","Naphthalene (precip+dry_dep)","P1Y","Annual mean / 1 calendar year","2016","44.713","ng/m2/day","22.95","1","Background","Suburban","4.4189","50.9482","0.0","","","","E1a/validated data AQ e-Reporting","18/03/2023 21:08:58","http://fme.discomap.eea.europa.eu/fmedatastreaming/AirQualityDownload/AQData_Extract.fmw?CountryCode=BE&CityName=&Pollutant=7465&Year_from=2016&Year_to=2016&Station=STA-BEDGI05&Samplingpoint=&Source=E1a&Output=HTML&UpdateDate="
"Belgium","NET-Brussels","Brussels","BETN043","41N043 - HAREN","SPO-BETN043_00001_100","SO2","Sulphur dioxide (air)","P1Y-hr-max-per99.73","1 year 99.73 %ile of hourly values in a given year","2016","11.000","ug/m3","97.60","1","Industrial","Suburban","4.3830","50.8837","17.0","Bruxelles / Brussel                                                             ","BE001C1                                           ","1223364","E1a/validated data AQ e-Reporting","18/03/2023 22:06:23","http://fme.discomap.eea.europa.eu/fmedatastreaming/AirQualityDownload/AQData_Extract.fmw?CountryCode=BE&CityName=&Pollutant=1&Year_from=2016&Year_to=2016&Station=STA-BETN043&Samplingpoint=&Source=E1a&Output=HTML&UpdateDate="
"Belgium","NET-Brussels","Brussels","BETMEU1","41MEU1 - MEUDON","SPO-BETMEU1_06001_100","PM2.5","Particulate matter < 2.5 µm (aerosol)","P1Y-day-min","1 year day min","2016","1.894","ug/m3","96.99","1","Background","Suburban","4.3957","50.8950","34.0","Bruxelles / Brussel                                                             ","BE001C1                                           ","1223364","E1a/validated data AQ e-Reporting","18/03/2023 21:55:29","http://fme.discomap.eea.europa.eu/fmedatastreaming/AirQualityDownload/AQData_Extract.fmw?CountryCode=BE&CityName=&Pollutant=6001&Year_from=2016&Year_to=2016&Station=STA-BETMEU1&Samplingpoint=&Source=E1a&Output=HTML&UpdateDate="
"Belgium","NET-Brussels","Brussels","BETWOL1","41WOL1 - WOL.ST.L.","SPO-BETWOL1_00391_100","Black Carbon","black_carbon (aerosol)","P1Y-hr-per50","1 year 50 percentile","2016","0.780","ug/m3","99.23","1","Traffic","Suburban","4.4258","50.8567","78.0","Bruxelles / Brussel                                                             ","BE001C1                                           ","1223364","E1a/validated data AQ e-Reporting","18/03/2023 22:05:49","http://fme.discomap.eea.europa.eu/fmedatastreaming/AirQualityDownload/AQData_Extract.fmw?CountryCode=BE&CityName=&Pollutant=391&Year_from=2016&Year_to=2016&Station=STA-BETWOL1&Samplingpoint=&Source=E1a&Output=HTML&UpdateDate="
"Belgium","NET-Brussels","Brussels","BETB004","41B004 - STE.CATHERI","SPO-BETB004_00010_100","CO","Carbon monoxide (air)","P1Y-hr-max","1 year hour max","2016","1.955","mg/m3","90.68","1","Background","Urban","4.3478","50.8521","17.0","Bruxelles / Brussel                                                             ","BE001C1                                           ","1223364","E1a/validated data AQ e-Reporting","18/03/2023 21:57:02","http://fme.discomap.eea.europa.eu/fmedatastreaming/AirQualityDownload/AQData_Extract.fmw?CountryCode=BE&CityName=&Pollutant=10&Year_from=2016&Year_to=2016&Station=STA-BETB004&Samplingpoint=&Source=E1a&Output=HTML&UpdateDate="
"Belgium","NET-Flanders","Flanders","BETN035","42N035 - AARSCHOT","SPO-BETN035_00005_100","PM10","Particulate matter < 10 µm (aerosol)","P1Y-P1D-per99","1 year 99 percentile of daily means (P1D) or .../aq/primaryObservation/day","2016","47.996","ug/m3","99.73","1","Background","Rural","4.8376","50.9775","55.0","","","","E1a/validated data AQ e-Reporting","18/03/2023 22:09:38","http://fme.discomap.eea.europa.eu/fmedatastreaming/AirQualityDownload/AQData_Extract.fmw?CountryCode=BE&CityName=&Pollutant=5&Year_from=2016&Year_to=2016&Station=STA-BETN035&Samplingpoint=&Source=E1a&Output=HTML&UpdateDate="
"Belgium","NET-Flanders","Flanders","BETE704","47E704 - WACHTEBEKE","SPO-BETE704_00008_100","NO2","Nitrogen dioxide (air)","P1Y","Annual mean / 1 calendar year","2016","20.046","ug/m3","97.23","1","Industrial","Rural","3.8699","51.1761","0.0","","","","E1a/validated data AQ e-Reporting","18/03/2023 21:08:58","http://fme.discomap.eea.europa.eu/fmedatastreaming/AirQualityDownload/AQData_Extract.fmw?CountryCode=BE&CityName=&Pollutant=8&Year_from=2016&Year_to=2016&Station=STA-BETE704&Samplingpoint=&Source=E1a&Output=HTML&UpdateDate="
"Belgium","NET-Flanders","Flanders","BETN035","42N035 - AARSCHOT","SPO-BETN035_00007_100","O3","Ozone (air)","P1Y-dmaxAbove120","1 year daymax exceed 120","2016","14.000","count","94.81","1","Background","Rural","4.8376","50.9775","55.0","","","","E1a/validated data AQ e-Reporting","18/03/2023 22:25:06","http://fme.discomap.eea.europa.eu/fmedatastreaming/AirQualityDownload/AQData_Extract.fmw?CountryCode=BE&CityName=&Pollutant=7&Year_from=2016&Year_to=2016&Station=STA-BETN035&Samplingpoint=&Source=E1a&Output=HTML&UpdateDate="
"Belgium","NET-Brussels","Brussels","BETR001","41R001 - MOLENBEEK","SPO-BETR001_00008_100","NO2","Nitrogen dioxide (air)","P1Y-hr-max19","1 year hour max19","2016","129.500","ug/m3","95.89","1","Background","Urban","4.3341","50.8497","20.0","Bruxelles / Brussel                                                             ","BE001C1                                           ","1223364","E1a/validated data AQ e-Reporting","18/03/2023 22:34:35","http://fme.discomap.eea.europa.eu/fmedatastreaming/AirQualityDownload/AQData_Extract.fmw?CountryCode=BE&CityName=&Pollutant=8&Year_from=2016&Year_to=2016&Station=STA-BETR001&Samplingpoint=&Source=E1a&Output=HTML&UpdateDate="
"Belgium","NET-Flanders","Flanders","BESMA01","59MA01 - MAASMECHELEN","SPO-BESMA01_00461_100","1,2-dichloroethane (air)","1,2-dichloroethane (air)","P1Y","Annual mean / 1 calendar year","2016","0.000","ug/m3","67.49","1","Background","Suburban","5.7256","50.9816","0.0","","","","E1a/validated data AQ e-Reporting","18/03/2023 21:08:58","http://fme.discomap.eea.europa.eu/fmedatastreaming/AirQualityDownload/AQData_Extract.fmw?CountryCode=BE&CityName=&Pollutant=461&Year_from=2016&Year_to=2016&Station=STA-BESMA01&Samplingpoint=&Source=E1a&Output=HTML&UpdateDate="
"Belgium","NET-Flanders","Flanders","BETN012","44N012 - MOERKERKE","SPO-BETN012_00007_100","O3","Ozone (air)","AOT40cmeasured","AOT40c UNCORRECTED for data capture","2016","5037.000","ug/m3","97.83","1","Background","Rural","3.3625","51.2546","3.0","","","","E1a/validated data AQ e-Reporting","18/03/2023 23:01:40","http://fme.discomap.eea.europa.eu/fmedatastreaming/AirQualityDownload/AQData_Extract.fmw?CountryCode=BE&CityName=&Pollutant=7&Year_from=2016&Year_to=2016&Station=STA-BETN012&Samplingpoint=&Source=E1a&Output=HTML&UpdateDate="
"Belgium","NET-Flanders","Flanders","BETE812","47E812 - GENK","SPO-BETE812_00001_100","SO2","Sulphur dioxide (air)","winter-avg","Winter mean","2016","1.406","ug/m3","97.50","1","Industrial","Suburban","5.5377","50.9680","82.0","","","","E1a/validated data AQ e-Reporting","18/03/2023 22:50:43","http://fme.discomap.eea.europa.eu/fmedatastreaming/AirQualityDownload/AQData_Extract.fmw?CountryCode=BE&CityName=&Pollutant=1&Year_from=2016&Year_to=2016&Station=STA-BETE812&Samplingpoint=&Source=E1a&Output=HTML&UpdateDate="
"Belgium","NET-Flanders","Flanders","BETN035","42N035 - AARSCHOT","SPO-BETN035_06001_100","PM2.5","Particulate matter < 2.5 µm (aerosol)","P1Y-P1D-per99","1 year 99 percentile of daily means (P1D) or .../aq/primaryObservation/day","2016","39.667","ug/m3","99.73","1","Background","Rural","4.8376","50.9775","55.0","","","","E1a/validated data AQ e-Reporting","18/03/2023 22:10:03","http://fme.discomap.eea.europa.eu/fmedatastreaming/AirQualityDownload/AQData_Extract.fmw?CountryCode=BE&CityName=&Pollutant=6001&Year_from=2016&Year_to=2016&Station=STA-BETN035&Samplingpoint=&Source=E1a&Output=HTML&UpdateDate="
"Belgium","NET-Flanders","Flanders","BETE009","47E009 - Zemst","SPO-BETE009_00008_100","NO2","Nitrogen dioxide (air)","P1Y-P1D-per99","1 year 99 percentile of daily means (P1D) or .../aq/primaryObservation/day","2016","55.152","ug/m3","98.63","1","Industrial","Rural","4.4354","50.9549","43.0","","","","E1a/validated data AQ e-Reporting","18/03/2023 22:10:34","http://fme.discomap.eea.europa.eu/fmedatastreaming/AirQualityDownload/AQData_Extract.fmw?CountryCode=BE&CityName=&Pollutant=8&Year_from=2016&Year_to=2016&Station=STA-BETE009&Samplingpoint=&Source=E1a&Output=HTML&UpdateDate="
"Belgium","NET-Flanders","Flanders","BETN040","42N040 - ST.P.LEEUWG","SPO-BETN040_00008_100","NO2","Nitrogen dioxide (air)","P1Y-P1D-per99","1 year 99 percentile of daily means (P1D) or .../aq/primaryObservation/day","2016","47.217","ug/m3","98.36","1","Background","Rural","4.2252","50.7681","20.0","","","","E1a/validated data AQ e-Reporting","18/03/2023 22:10:34","http://fme.discomap.eea.europa.eu/fmedatastreaming/AirQualityDownload/AQData_Extract.fmw?CountryCode=BE&CityName=&Pollutant=8&Year_from=2016&Year_to=2016&Station=STA-BETN040&Samplingpoint=&Source=E1a&Output=HTML&UpdateDate="
"Belgium","NET-Flanders","Flanders","BETN045","42N045 - HASSELT","SPO-BETN045_00007_100","O3","Ozone (air)","P1Y","Annual mean / 1 calendar year","2016","44.248","ug/m3","94.31","1","Background","Suburban","5.3684","50.9397","41.0","","","","E1a/validated data AQ e-Reporting","18/03/2023 21:08:58","http://fme.discomap.eea.europa.eu/fmedatastreaming/AirQualityDownload/AQData_Extract.fmw?CountryCode=BE&CityName=&Pollutant=7&Year_from=2016&Year_to=2016&Station=STA-BETN045&Samplingpoint=&Source=E1a&Output=HTML&UpdateDate="
"Belgium","NET-Brussels","Brussels","BETN043","41N043 - HAREN","SPO-BETN043_00005_100","PM10","Particulate matter < 10 µm (aerosol)","P1Y-hr-per50","1 year 50 percentile","2016","20.500","ug/m3","94.68","1","Industrial","Suburban","4.3830","50.8837","17.0","Bruxelles / Brussel                                                             ","BE001C1                                           ","1223364","E1a/validated data AQ e-Reporting","18/03/2023 22:05:49","http://fme.discomap.eea.europa.eu/fmedatastreaming/AirQualityDownload/AQData_Extract.fmw?CountryCode=BE&CityName=&Pollutant=5&Year_from=2016&Year_to=2016&Station=STA-BETN043&Samplingpoint=&Source=E1a&Output=HTML&UpdateDate="
"Belgium","NET-Brussels","Brussels","BEVR002","51R002 - IXELLES","SPO-BEVR002_00020_100","C6H6","Benzene (air)","P1Y-day-max","1 year day max","2016","1.600","ug/m3","89.07","1","Traffic","Suburban","4.3847","50.8251","70.0","Bruxelles / Brussel                                                             ","BE001C1                                           ","1223364","E1a/validated data AQ e-Reporting","18/03/2023 21:43:39","http://fme.discomap.eea.europa.eu/fmedatastreaming/AirQualityDownload/AQData_Extract.fmw?CountryCode=BE&CityName=&Pollutant=20&Year_from=2016&Year_to=2016&Station=STA-BEVR002&Samplingpoint=&Source=E1a&Output=HTML&UpdateDate="
"Belgium","NET-Brussels","Brussels","BEVR012","51R012 - UCCLE","SPO-BEVR012_00020_100","C6H6","Benzene (air)","P1Y-day-min","1 year day min","2016","0.100","ug/m3","92.62","1","Background","Suburban","4.3585","50.7966","100.0","Bruxelles / Brussel                                                             ","BE001C1                                           ","1223364","E1a/validated data AQ e-Reporting","18/03/2023 21:55:46","http://fme.discomap.eea.europa.eu/fmedatastreaming/AirQualityDownload/AQData_Extract.fmw?CountryCode=BE&CityName=&Pollutant=20&Year_from=2016&Year_to=2016&Station=STA-BEVR012&Samplingpoint=&Source=E1a&Output=HTML&UpdateDate="
"Belgium","NET-Flanders","Flanders","BEDDD02","65DDD02 - DUDZELE","SPO-BEDDD02_00608_100","Anthracene","anthracene (precip+dry_dep)","P1Y","Annual mean / 1 calendar year","2016","17.467","ng/m2/day","22.95","1","Background","Rural","3.2216","51.2664","0.0","Brugge                                                                          ","BE006C1                                           ","118916","E1a/validated data AQ e-Reporting","18/03/2023 21:08:58","http://fme.discomap.eea.europa.eu/fmedatastreaming/AirQualityDownload/AQData_Extract.fmw?CountryCode=BE&CityName=&Pollutant=608&Year_from=2016&Year_to=2016&Station=STA-BEDDD02&Samplingpoint=&Source=E1a&Output=HTML&UpdateDate="
"Belgium","NET-Brussels","Brussels","BETWOL1","41WOL1 - WOL.ST.L.","SPO-BETWOL1_00007_100","O3","Ozone (air)","AOT40c","AOT40 vegetation protection","2016","1715.179","ug/m3","98.01","1","Traffic","Suburban","4.4258","50.8567","78.0","Bruxelles / Brussel                                                             ","BE001C1                                           ","1223364","E1a/validated data AQ e-Reporting","18/03/2023 23:06:29","http://fme.discomap.eea.europa.eu/fmedatastreaming/AirQualityDownload/AQData_Extract.fmw?CountryCode=BE&CityName=&Pollutant=7&Year_from=2016&Year_to=2016&Station=STA-BETWOL1&Samplingpoint=&Source=E1a&Output=HTML&UpdateDate="
"Belgium","NET-Brussels","Brussels","BETR002","41R002 - IXELLES","SPO-BETR002_00001_100","SO2","Sulphur dioxide (air)","P1Y-day-per50","1 year 50 %ile of daily values in a year","2016","1.621","ug/m3","97.81","1","Traffic","Urban","4.3846","50.8251","76.0","Bruxelles / Brussel                                                             ","BE001C1                                           ","1223364","E1a/validated data AQ e-Reporting","18/03/2023 22:14:46","http://fme.discomap.eea.europa.eu/fmedatastreaming/AirQualityDownload/AQData_Extract.fmw?CountryCode=BE&CityName=&Pollutant=1&Year_from=2016&Year_to=2016&Station=STA-BETR002&Samplingpoint=&Source=E1a&Output=HTML&UpdateDate="
"Belgium","NET-Brussels","Brussels","BETR002","41R002 - IXELLES","SPO-BETR002_00001_100","SO2","Sulphur dioxide (air)","P1Y-hr-per50","1 year 50 percentile","2016","1.750","ug/m3","96.69","1","Traffic","Urban","4.3846","50.8251","76.0","Bruxelles / Brussel                                                             ","BE001C1                                           ","1223364","E1a/validated data AQ e-Reporting","18/03/2023 22:05:49","http://fme.discomap.eea.europa.eu/fmedatastreaming/AirQualityDownload/AQData_Extract.fmw?CountryCode=BE&CityName=&Pollutant=1&Year_from=2016&Year_to=2016&Station=STA-BETR002&Samplingpoint=&Source=E1a&Output=HTML&UpdateDate="
"Belgium","NET-Brussels","Brussels","BETR012","41R012 - UCCLE","SPO-BETR012_00008_100","NO2","Nitrogen dioxide (air)","P1Y-hrsAbove400","1 year hour exceed 400","2016","0.000","count","96.13","1","Background","Suburban","4.3586","50.7966","101.0","Bruxelles / Brussel                                                             ","BE001C1                                           ","1223364","E1a/validated data AQ e-Reporting","18/03/2023 21:54:38","http://fme.discomap.eea.europa.eu/fmedatastreaming/AirQualityDownload/AQData_Extract.fmw?CountryCode=BE&CityName=&Pollutant=8&Year_from=2016&Year_to=2016&Station=STA-BETR012&Samplingpoint=&Source=E1a&Output=HTML&UpdateDate="
"Belgium","NET-Flanders","Flanders","BELMN01","40MN01 - MENEN","SPO-BELMN01_00005_100","PM10","Particulate matter < 10 µm (aerosol)","P1Y-P1D-per99","1 year 99 percentile of daily means (P1D) or .../aq/primaryObservation/day","2016","64.579","ug/m3","97.81","1","Industrial","Rural","3.1096","50.7935","10.0","","","","E1a/validated data AQ e-Reporting","18/03/2023 22:09:38","http://fme.discomap.eea.europa.eu/fmedatastreaming/AirQualityDownload/AQData_Extract.fmw?CountryCode=BE&CityName=&Pollutant=5&Year_from=2016&Year_to=2016&Station=STA-BELMN01&Samplingpoint=&Source=E1a&Output=HTML&UpdateDate="
"Belgium","NET-Brussels","Brussels","BETR001","41R001 - MOLENBEEK","SPO-BETR001_06001_100","PM2.5","Particulate matter < 2.5 µm (aerosol)","P1Y-day-per50","1 year 50 %ile of daily values in a year","2016","12.903","ug/m3","84.15","1","Background","Urban","4.3341","50.8497","20.0","Bruxelles / Brussel                                                             ","BE001C1                                           ","1223364","E1a/validated data AQ e-Reporting","18/03/2023 22:11:51","http://fme.discomap.eea.europa.eu/fmedatastreaming/AirQualityDownload/AQData_Extract.fmw?CountryCode=BE&CityName=&Pollutant=6001&Year_from=2016&Year_to=2016&Station=STA-BETR001&Samplingpoint=&Source=E1a&Output=HTML&UpdateDate="
"Belgium","NET-Flanders","Flanders","BELHB23","40HB23 - HOBOKEN","SPO-BELHB23_00008_100","NO2","Nitrogen dioxide (air)","P1Y-hr-max","1 year hour max","2016","128.000","ug/m3","95.33","1","Industrial","Suburban","4.3410","51.1703","13.0","Antwerpen                                                                       ","BE002C1                                           ","530014","E1a/validated data AQ e-Reporting","18/03/2023 21:57:02","http://fme.discomap.eea.europa.eu/fmedatastreaming/AirQualityDownload/AQData_Extract.fmw?CountryCode=BE&CityName=&Pollutant=8&Year_from=2016&Year_to=2016&Station=STA-BELHB23&Samplingpoint=&Source=E1a&Output=HTML&UpdateDate="
"Belgium","NET-Flanders","Flanders","BEDHB17","65HB17 - HOBOKEN
","SPO-BEDHB17_07352_100","Acenaphthylene","Acenaphthylene (precip+dry_dep)","P1Y","Annual mean / 1 calendar year","2016","9.500","ng/m2/day","22.95","1","Background","Urban","4.3379","51.1703","0.0","Antwerpen                                                                       ","BE002C1                                           ","530014","E1a/validated data AQ e-Reporting","18/03/2023 21:08:58","http://fme.discomap.eea.europa.eu/fmedatastreaming/AirQualityDownload/AQData_Extract.fmw?CountryCode=BE&CityName=&Pollutant=7352&Year_from=2016&Year_to=2016&Station=STA-BEDHB17&Samplingpoint=&Source=E1a&Output=HTML&UpdateDate="
"Belgium","NET-Brussels","Brussels","BETR002","41R002 - IXELLES","SPO-BETR002_00008_100","NO2","Nitrogen dioxide (air)","P1Y-hrsAbove200","1 year hour exceed 200","2016","0.000","count","96.77","1","Traffic","Urban","4.3846","50.8251","76.0","Bruxelles / Brussel                                                             ","BE001C1                                           ","1223364","E1a/validated data AQ e-Reporting","18/03/2023 21:48:42","http://fme.discomap.eea.europa.eu/fmedatastreaming/AirQualityDownload/AQData_Extract.fmw?CountryCode=BE&CityName=&Pollutant=8&Year_from=2016&Year_to=2016&Station=STA-BETR002&Samplingpoint=&Source=E1a&Output=HTML&UpdateDate="
"Belgium","NET-Flanders","Flanders","BELOB02","40OB02 - WIELSBEKE","SPO-BELOB02_00005_100","PM10","Particulate matter < 10 µm (aerosol)","P1Y-P1D-per90.41","1 year 90.41 percentile","2016","37.808","ug/m3","100.00","1","Industrial","Rural","3.3762","50.9150","14.0","","","","E1a/validated data AQ e-Reporting","18/03/2023 22:09:05","http://fme.discomap.eea.europa.eu/fmedatastreaming/AirQualityDownload/AQData_Extract.fmw?CountryCode=BE&CityName=&Pollutant=5&Year_from=2016&Year_to=2016&Station=STA-BELOB02&Samplingpoint=&Source=E1a&Output=HTML&UpdateDate="
"Belgium","NET-Flanders","Flanders","BELR833","40R833 - STABROEK","SPO-BELR833_00020_100","C6H6","Benzene (air)","P1Y-hr-max","1 year hour max","2016","68.970","ug/m3","94.39","1","Industrial","Rural","4.3623","51.3277","5.0","","","","E1a/validated data AQ e-Reporting","18/03/2023 21:57:02","http://fme.discomap.eea.europa.eu/fmedatastreaming/AirQualityDownload/AQData_Extract.fmw?CountryCode=BE&CityName=&Pollutant=20&Year_from=2016&Year_to=2016&Station=STA-BELR833&Samplingpoint=&Source=E1a&Output=HTML&UpdateDate="
"Belgium","NET-Flanders","Flanders","BELOB02","40OB02 - WIELSBEKE","SPO-BELOB02_06001_100","PM2.5","Particulate matter < 2.5 µm (aerosol)","P3Y","3 subsequent calendar years mean","2016","14.932","ug/m3","69.90","1","Industrial","Rural","3.3762","50.9150","14.0","","","","E1a/validated data AQ e-Reporting","18/03/2023 21:36:00","http://fme.discomap.eea.europa.eu/fmedatastreaming/AirQualityDownload/AQData_Extract.fmw?CountryCode=BE&CityName=&Pollutant=6001&Year_from=2016&Year_to=2016&Station=STA-BELOB02&Samplingpoint=&Source=E1a&Output=HTML&UpdateDate="
"Belgium","NET-Brussels","Brussels","BETN043","41N043 - HAREN","SPO-BETN043_00005_100","PM10","Particulate matter < 10 µm (aerosol)","P1Y-day-max","1 year day max","2016","98.938","ug/m3","96.72","1","Industrial","Suburban","4.3830","50.8837","17.0","Bruxelles / Brussel                                                             ","BE001C1                                           ","1223364","E1a/validated data AQ e-Reporting","18/03/2023 21:43:06","http://fme.discomap.eea.europa.eu/fmedatastreaming/AirQualityDownload/AQData_Extract.fmw?CountryCode=BE&CityName=&Pollutant=5&Year_from=2016&Year_to=2016&Station=STA-BETN043&Samplingpoint=&Source=E1a&Output=HTML&UpdateDate="
"Belgium","NET-Brussels","Brussels","BETR001","41R001 - MOLENBEEK","SPO-BETR001_00007_100","O3","Ozone (air)","P1Y-maxP6M-P8H-dmax","Yearly highest six monthly average of daily maximum 8-hour mean concentration","2016","64.831","ug/m3","100.00","1","Background","Urban","4.3341","50.8497","20.0","Bruxelles / Brussel                                                             ","BE001C1                                           ","1223364","E1a/validated data AQ e-Reporting","18/03/2023 22:58:54","http://fme.discomap.eea.europa.eu/fmedatastreaming/AirQualityDownload/AQData_Extract.fmw?CountryCode=BE&CityName=&Pollutant=7&Year_from=2016&Year_to=2016&Station=STA-BETR001&Samplingpoint=&Source=E1a&Output=HTML&UpdateDate="
"Belgium","NET-Brussels","Brussels","BETR001","41R001 - MOLENBEEK","SPO-BETR001_00391_100","Black Carbon","black_carbon (aerosol)","P1Y-hr-min","1 year hour min","2016","0.075","ug/m3","96.78","1","Background","Urban","4.3341","50.8497","20.0","Bruxelles / Brussel                                                             ","BE001C1                                           ","1223364","E1a/validated data AQ e-Reporting","18/03/2023 22:31:20","http://fme.discomap.eea.europa.eu/fmedatastreaming/AirQualityDownload/AQData_Extract.fmw?CountryCode=BE&CityName=&Pollutant=391&Year_from=2016&Year_to=2016&Station=STA-BETR001&Samplingpoint=&Source=E1a&Output=HTML&UpdateDate="
"Belgium","NET-Flanders","Flanders","BELOB01","40OB01 - OOSTROZEBEK","SPO-BELOB01_06001_100","PM2.5","Particulate matter < 2.5 µm (aerosol)","P1Y-P1D-per99","1 year 99 percentile of daily means (P1D) or .../aq/primaryObservation/day","2016","52.333","ug/m3","99.73","1","Industrial","Rural","3.3074","50.9172","44.0","","","","E1a/validated data AQ e-Reporting","18/03/2023 22:10:03","http://fme.discomap.eea.europa.eu/fmedatastreaming/AirQualityDownload/AQData_Extract.fmw?CountryCode=BE&CityName=&Pollutant=6001&Year_from=2016&Year_to=2016&Station=STA-BELOB01&Samplingpoint=&Source=E1a&Output=HTML&UpdateDate="
"Belgium","NET-Flanders","Flanders","BELAL01","40AL01 - LINKEROEVER","SPO-BELAL01_06001_100","PM2.5","Particulate matter < 2.5 µm (aerosol)","P1Y-hr-min","1 year hour min","2016","1.000","ug/m3","97.61","1","Industrial","Suburban","4.3852","51.2362","10.0","Antwerpen                                                                       ","BE002C1                                           ","530014","E1a/validated data AQ e-Reporting","18/03/2023 22:31:20","http://fme.discomap.eea.europa.eu/fmedatastreaming/AirQualityDownload/AQData_Extract.fmw?CountryCode=BE&CityName=&Pollutant=6001&Year_from=2016&Year_to=2016&Station=STA-BELAL01&Samplingpoint=&Source=E1a&Output=HTML&UpdateDate="
"Belgium","NET-Flanders","Flanders","BETE704","47E704 - WACHTEBEKE","SPO-BETE704_00008_100","NO2","Nitrogen dioxide (air)","P1Y-hrsAbove200","1 year hour exceed 200","2016","0.000","count","97.23","1","Industrial","Rural","3.8699","51.1761","0.0","","","","E1a/validated data AQ e-Reporting","18/03/2023 21:48:42","http://fme.discomap.eea.europa.eu/fmedatastreaming/AirQualityDownload/AQData_Extract.fmw?CountryCode=BE&CityName=&Pollutant=8&Year_from=2016&Year_to=2016&Station=STA-BETE704&Samplingpoint=&Source=E1a&Output=HTML&UpdateDate="
"Belgium","NET-Flanders","Flanders","BETN052","44N052 - ZWEVEGEM","SPO-BETN052_00005_100","PM10","Particulate matter < 10 µm (aerosol)","P1Y-day-min","1 year day min","2016","5.433","ug/m3","99.18","1","Background","Suburban","3.3225","50.8149","27.0","","","","E1a/validated data AQ e-Reporting","18/03/2023 21:55:13","http://fme.discomap.eea.europa.eu/fmedatastreaming/AirQualityDownload/AQData_Extract.fmw?CountryCode=BE&CityName=&Pollutant=5&Year_from=2016&Year_to=2016&Station=STA-BETN052&Samplingpoint=&Source=E1a&Output=HTML&UpdateDate="
"Belgium","NET-Flanders","Flanders","BELAL03","40AL03 - BEVEREN","SPO-BELAL03_06001_100","PM2.5","Particulate matter < 2.5 µm (aerosol)","P1Y-day-per50","1 year 50 %ile of daily values in a year","2016","13.500","ug/m3","99.45","1","Industrial","Rural","4.2015","51.2540","4.0","","","","E1a/validated data AQ e-Reporting","18/03/2023 22:11:51","http://fme.discomap.eea.europa.eu/fmedatastreaming/AirQualityDownload/AQData_Extract.fmw?CountryCode=BE&CityName=&Pollutant=6001&Year_from=2016&Year_to=2016&Station=STA-BELAL03&Samplingpoint=&Source=E1a&Output=HTML&UpdateDate="
"Belgium","NET-Flanders","Flanders","BETN052","44N052 - ZWEVEGEM","SPO-BETN052_00007_100","O3","Ozone (air)","P1Y","Annual mean / 1 calendar year","2016","38.448","ug/m3","89.66","1","Background","Suburban","3.3225","50.8149","27.0","","","","E1a/validated data AQ e-Reporting","18/03/2023 21:08:58","http://fme.discomap.eea.europa.eu/fmedatastreaming/AirQualityDownload/AQData_Extract.fmw?CountryCode=BE&CityName=&Pollutant=7&Year_from=2016&Year_to=2016&Station=STA-BETN052&Samplingpoint=&Source=E1a&Output=HTML&UpdateDate="
"Belgium","NET-Flanders","Flanders","BELHB23","40HB23 - HOBOKEN","SPO-BELHB23_00008_100","NO2","Nitrogen dioxide (air)","P1Y-hr-per50","1 year 50 percentile","2016","24.000","ug/m3","95.33","1","Industrial","Suburban","4.3410","51.1703","13.0","Antwerpen                                                                       ","BE002C1                                           ","530014","E1a/validated data AQ e-Reporting","18/03/2023 22:05:49","http://fme.discomap.eea.europa.eu/fmedatastreaming/AirQualityDownload/AQData_Extract.fmw?CountryCode=BE&CityName=&Pollutant=8&Year_from=2016&Year_to=2016&Station=STA-BELHB23&Samplingpoint=&Source=E1a&Output=HTML&UpdateDate="
"Belgium","NET-Flanders","Flanders","BELLD01","40LD01 - LAAKDAL","SPO-BELLD01_00008_100","NO2","Nitrogen dioxide (air)","P1Y-hr-min","1 year hour min","2016","1.000","ug/m3","95.49","1","Industrial","Rural","5.0049","51.1100","20.0","","","","E1a/validated data AQ e-Reporting","18/03/2023 22:31:20","http://fme.discomap.eea.europa.eu/fmedatastreaming/AirQualityDownload/AQData_Extract.fmw?CountryCode=BE&CityName=&Pollutant=8&Year_from=2016&Year_to=2016&Station=STA-BELLD01&Samplingpoint=&Source=E1a&Output=HTML&UpdateDate="
"Belgium","NET-Flanders","Flanders","BEDZL06","65ZL06 - ZELZATE","SPO-BEDZL06_00714_100","Phenanthrene","phenanthrene (precip+dry_dep)","P1Y","Annual mean / 1 calendar year","2016","120.167","ng/m2/day","22.95","1","Industrial","Suburban","3.8113","51.2087","0.0","","","","E1a/validated data AQ e-Reporting","18/03/2023 21:08:58","http://fme.discomap.eea.europa.eu/fmedatastreaming/AirQualityDownload/AQData_Extract.fmw?CountryCode=BE&CityName=&Pollutant=714&Year_from=2016&Year_to=2016&Station=STA-BEDZL06&Samplingpoint=&Source=E1a&Output=HTML&UpdateDate="
"Belgium","NET-Flanders","Flanders","BEGR801","26R801 - BORGERHOUT","SPO-BEGR801_01657_100","K+ in PM2.5","potassium in PM2.5 (aerosol)","P1Y","Annual mean / 1 calendar year","2016","0.310","ug/m3","0.01","1","Background","Urban","4.4318","51.2097","6.0","Antwerpen                                                                       ","BE002C1                                           ","530014","E1a/validated data AQ e-Reporting","18/03/2023 21:08:58","http://fme.discomap.eea.europa.eu/fmedatastreaming/AirQualityDownload/AQData_Extract.fmw?CountryCode=BE&CityName=&Pollutant=1657&Year_from=2016&Year_to=2016&Station=STA-BEGR801&Samplingpoint=&Source=E1a&Output=HTML&UpdateDate="
"Belgium","NET-Flanders","Flanders","BEGR801","26R801 - BORGERHOUT","SPO-BEGR801_06001_100","PM2.5","Particulate matter < 2.5 µm (aerosol)","P1Y-day-per50","1 year 50 %ile of daily values in a year","2016","10.292","ug/m3","94.54","1","Background","Urban","4.4318","51.2097","6.0","Antwerpen                                                                       ","BE002C1                                           ","530014","E1a/validated data AQ e-Reporting","18/03/2023 22:11:51","http://fme.discomap.eea.europa.eu/fmedatastreaming/AirQualityDownload/AQData_Extract.fmw?CountryCode=BE&CityName=&Pollutant=6001&Year_from=2016&Year_to=2016&Station=STA-BEGR801&Samplingpoint=&Source=E1a&Output=HTML&UpdateDate="
"Belgium","NET-Brussels","Brussels","BETR002","41R002 - IXELLES","SPO-BETR002_00010_100","CO","Carbon monoxide (air)","P1Y-hr-min","1 year hour min","2016","0.110","mg/m3","88.52","1","Traffic","Urban","4.3846","50.8251","76.0","Bruxelles / Brussel                                                             ","BE001C1                                           ","1223364","E1a/validated data AQ e-Reporting","18/03/2023 22:31:20","http://fme.discomap.eea.europa.eu/fmedatastreaming/AirQualityDownload/AQData_Extract.fmw?CountryCode=BE&CityName=&Pollutant=10&Year_from=2016&Year_to=2016&Station=STA-BETR002&Samplingpoint=&Source=E1a&Output=HTML&UpdateDate="
"Belgium","NET-Flanders","Flanders","BEMGN05","00GN05 - GENT","SPO-BEMGN05_05018_100","As in PM10","Arsenic in PM10 (aerosol)","P1Y","Annual mean / 1 calendar year","2016","-0.047","ng/m3","99.18","1","Background","Urban","3.7159","51.0265","10.0","Gent                                                                            ","BE003C1                                           ","263687","E1a/validated data AQ e-Reporting","18/03/2023 21:08:58","http://fme.discomap.eea.europa.eu/fmedatastreaming/AirQualityDownload/AQData_Extract.fmw?CountryCode=BE&CityName=&Pollutant=5018&Year_from=2016&Year_to=2016&Station=STA-BEMGN05&Samplingpoint=&Source=E1a&Output=HTML&UpdateDate="
"Belgium","NET-Brussels","Brussels","BETR012","41R012 - UCCLE","SPO-BETR012_00008_100","NO2","Nitrogen dioxide (air)","P1Y-hr-per50","1 year 50 percentile","2016","17.500","ug/m3","96.13","1","Background","Suburban","4.3586","50.7966","101.0","Bruxelles / Brussel                                                             ","BE001C1                                           ","1223364","E1a/validated data AQ e-Reporting","18/03/2023 22:05:49","http://fme.discomap.eea.europa.eu/fmedatastreaming/AirQualityDownload/AQData_Extract.fmw?CountryCode=BE&CityName=&Pollutant=8&Year_from=2016&Year_to=2016&Station=STA-BETR012&Samplingpoint=&Source=E1a&Output=HTML&UpdateDate="
"Belgium","NET-Brussels","Brussels","BEVR012","51R012 - UCCLE","SPO-BEVR012_00441_100","C7H16","n-Heptane (air)","P1Y","Annual mean / 1 calendar year","2016","0.000","ug/m3","92.62","1","Background","Suburban","4.3585","50.7966","100.0","Bruxelles / Brussel                                                             ","BE001C1                                           ","1223364","E1a/validated data AQ e-Reporting","18/03/2023 21:08:58","http://fme.discomap.eea.europa.eu/fmedatastreaming/AirQualityDownload/AQData_Extract.fmw?CountryCode=BE&CityName=&Pollutant=441&Year_from=2016&Year_to=2016&Station=STA-BEVR012&Samplingpoint=&Source=E1a&Output=HTML&UpdateDate="
"Belgium","NET-Brussels","Brussels","BEVR012","51R012 - UCCLE","SPO-BEVR012_00464_100","m,p-C6H4(CH3)2","m,p-Xylene (air)","P1Y","Annual mean / 1 calendar year","2016","0.000","ug/m3","92.62","1","Background","Suburban","4.3585","50.7966","100.0","Bruxelles / Brussel                                                             ","BE001C1                                           ","1223364","E1a/validated data AQ e-Reporting","18/03/2023 21:08:58","http://fme.discomap.eea.europa.eu/fmedatastreaming/AirQualityDownload/AQData_Extract.fmw?CountryCode=BE&CityName=&Pollutant=464&Year_from=2016&Year_to=2016&Station=STA-BEVR012&Samplingpoint=&Source=E1a&Output=HTML&UpdateDate="
"Belgium","NET-Brussels","Brussels","BETN043","41N043 - HAREN","SPO-BETN043_00001_100","SO2","Sulphur dioxide (air)","winter-avg","Winter mean","2016","5.628","ug/m3","97.45","1","Industrial","Suburban","4.3830","50.8837","17.0","Bruxelles / Brussel                                                             ","BE001C1                                           ","1223364","E1a/validated data AQ e-Reporting","18/03/2023 22:50:43","http://fme.discomap.eea.europa.eu/fmedatastreaming/AirQualityDownload/AQData_Extract.fmw?CountryCode=BE&CityName=&Pollutant=1&Year_from=2016&Year_to=2016&Station=STA-BETN043&Samplingpoint=&Source=E1a&Output=HTML&UpdateDate="
"Belgium","NET-Brussels","Brussels","BEMMEU1","01MEU1 - MEUDON","SPO-BEMMEU1_03018_100","As in TSP","Arsenic in TSP (aerosol)","P1Y","Annual mean / 1 calendar year","2016","0.921","ng/m3","96.98","1","Background","Suburban","4.3927","50.8951","50.0","Bruxelles / Brussel                                                             ","BE001C1                                           ","1223364","E1a/validated data AQ e-Reporting","18/03/2023 21:08:58","http://fme.discomap.eea.europa.eu/fmedatastreaming/AirQualityDownload/AQData_Extract.fmw?CountryCode=BE&CityName=&Pollutant=3018&Year_from=2016&Year_to=2016&Station=STA-BEMMEU1&Samplingpoint=&Source=E1a&Output=HTML&UpdateDate="
"Belgium","NET-Flanders","Flanders","BESN029","59N029 - VEURNE","SPO-BESN029_00457_100","Chlorobenzene (air)","Chlorobenzene (air)","P1Y","Annual mean / 1 calendar year","2016","0.000","ug/m3","87.98","1","Background","Suburban","2.5823","51.0163","0.0","","","","E1a/validated data AQ e-Reporting","18/03/2023 21:08:58","http://fme.discomap.eea.europa.eu/fmedatastreaming/AirQualityDownload/AQData_Extract.fmw?CountryCode=BE&CityName=&Pollutant=457&Year_from=2016&Year_to=2016&Station=STA-BESN029&Samplingpoint=&Source=E1a&Output=HTML&UpdateDate="
"Belgium","NET-Brussels","Brussels","BEVWOL1","51WOL1 - WOL.ST.L.","SPO-BEVWOL1_00021_100","C6H5-CH3","Toluene (air)","P1Y","Annual mean / 1 calendar year","2016","0.000","ug/m3","94.54","1","Background","Suburban","4.4257","50.8566","77.0","Bruxelles / Brussel                                                             ","BE001C1                                           ","1223364","E1a/validated data AQ e-Reporting","18/03/2023 21:08:58","http://fme.discomap.eea.europa.eu/fmedatastreaming/AirQualityDownload/AQData_Extract.fmw?CountryCode=BE&CityName=&Pollutant=21&Year_from=2016&Year_to=2016&Station=STA-BEVWOL1&Samplingpoint=&Source=E1a&Output=HTML&UpdateDate="
"Belgium","NET-Brussels","Brussels","BEVWOL1","51WOL1 - WOL.ST.L.","SPO-BEVWOL1_00443_100","C6H14","n-Hexane (air)","P1Y","Annual mean / 1 calendar year","2016","0.000","ug/m3","85.25","1","Background","Suburban","4.4257","50.8566","77.0","Bruxelles / Brussel                                                             ","BE001C1                                           ","1223364","E1a/validated data AQ e-Reporting","18/03/2023 21:08:58","http://fme.discomap.eea.europa.eu/fmedatastreaming/AirQualityDownload/AQData_Extract.fmw?CountryCode=BE&CityName=&Pollutant=443&Year_from=2016&Year_to=2016&Station=STA-BEVWOL1&Samplingpoint=&Source=E1a&Output=HTML&UpdateDate="
"Belgium","NET-Flanders","Flanders","BEDGI05","65GI05 - GRIMBERGEN
","SPO-BEDGI05_07351_100","Acenaphthene","Acenaphthene (precip+dry_dep)","P1Y","Annual mean / 1 calendar year","2016","17.323","ng/m2/day","22.95","1","Background","Suburban","4.4189","50.9482","0.0","","","","E1a/validated data AQ e-Reporting","18/03/2023 21:08:58","http://fme.discomap.eea.europa.eu/fmedatastreaming/AirQualityDownload/AQData_Extract.fmw?CountryCode=BE&CityName=&Pollutant=7351&Year_from=2016&Year_to=2016&Station=STA-BEDGI05&Samplingpoint=&Source=E1a&Output=HTML&UpdateDate="
"Belgium","NET-Flanders","Flanders","BETN027","42N027 - BREE","SPO-BETN027_00007_100","O3","Ozone (air)","AOT40f","AOT40 for forest protection","2016","18406.979","ug/m3","96.90","1","Background","Rural","5.6067","51.1337","48.0","","","","E1a/validated data AQ e-Reporting","18/03/2023 23:06:40","http://fme.discomap.eea.europa.eu/fmedatastreaming/AirQualityDownload/AQData_Extract.fmw?CountryCode=BE&CityName=&Pollutant=7&Year_from=2016&Year_to=2016&Station=STA-BETN027&Samplingpoint=&Source=E1a&Output=HTML&UpdateDate="
"Belgium","NET-Flanders","Flanders","BESMA01","59MA01 - MAASMECHELEN","SPO-BESMA01_06011_100","1,2,4-C6H3(CH3)3","1,2,4-Trimethylbenzene (air)","P1Y","Annual mean / 1 calendar year","2016","0.000","ug/m3","86.62","1","Background","Suburban","5.7256","50.9816","0.0","","","","E1a/validated data AQ e-Reporting","18/03/2023 21:08:58","http://fme.discomap.eea.europa.eu/fmedatastreaming/AirQualityDownload/AQData_Extract.fmw?CountryCode=BE&CityName=&Pollutant=6011&Year_from=2016&Year_to=2016&Station=STA-BESMA01&Samplingpoint=&Source=E1a&Output=HTML&UpdateDate="
"Belgium","NET-Flanders","Flanders","BETN029","44N029 - HOUTEM","SPO-BETN029_00007_100","O3","Ozone (air)","AOT40f","AOT40 for forest protection","2016","7836.136","ug/m3","94.58","1","Background","Rural","2.5823","51.0163","2.0","","","","E1a/validated data AQ e-Reporting","18/03/2023 23:06:40","http://fme.discomap.eea.europa.eu/fmedatastreaming/AirQualityDownload/AQData_Extract.fmw?CountryCode=BE&CityName=&Pollutant=7&Year_from=2016&Year_to=2016&Station=STA-BETN029&Samplingpoint=&Source=E1a&Output=HTML&UpdateDate="
"Belgium","NET-Flanders","Flanders","BEDHZ02","65HZ02 - HEUZDEN-ZOLDER
","SPO-BEDHZ02_07351_100","Acenaphthene","Acenaphthene (precip+dry_dep)","P1Y","Annual mean / 1 calendar year","2016","6.147","ng/m2/day","22.95","1","Industrial","Suburban","5.2477","50.9943","0.0","","","","E1a/validated data AQ e-Reporting","18/03/2023 21:08:58","http://fme.discomap.eea.europa.eu/fmedatastreaming/AirQualityDownload/AQData_Extract.fmw?CountryCode=BE&CityName=&Pollutant=7351&Year_from=2016&Year_to=2016&Station=STA-BEDHZ02&Samplingpoint=&Source=E1a&Output=HTML&UpdateDate="
"Belgium","NET-Flanders","Flanders","BETE811","47E811 - DIEPENBEEK","SPO-BETE811_00008_100","NO2","Nitrogen dioxide (air)","P1Y-hr-max-per99.79","1 year 99.79 %ile of hourly values in a given year","2016","89.500","ug/m3","54.51","1","Industrial","Rural","5.4182","50.8969","59.0","","","","E1a/validated data AQ e-Reporting","18/03/2023 22:07:35","http://fme.discomap.eea.europa.eu/fmedatastreaming/AirQualityDownload/AQData_Extract.fmw?CountryCode=BE&CityName=&Pollutant=8&Year_from=2016&Year_to=2016&Station=STA-BETE811&Samplingpoint=&Source=E1a&Output=HTML&UpdateDate="
"Belgium","NET-Flanders","Flanders","BEDR802","65R802 - BORGERHOUT","SPO-BEDR802_00656_100","Indeno-(1,2,3-cd)pyrene","indeno_123cd_pyrene (precip+dry_dep)","P1Y","Annual mean / 1 calendar year","2016","35.503","ng/m2/day","92.62","1","Background","Urban","4.4317","51.2094","0.0","Antwerpen                                                                       ","BE002C1                                           ","530014","E1a/validated data AQ e-Reporting","18/03/2023 21:08:58","http://fme.discomap.eea.europa.eu/fmedatastreaming/AirQualityDownload/AQData_Extract.fmw?CountryCode=BE&CityName=&Pollutant=656&Year_from=2016&Year_to=2016&Station=STA-BEDR802&Samplingpoint=&Source=E1a&Output=HTML&UpdateDate="
"Belgium","NET-Flanders","Flanders","BELHB23","40HB23 - HOBOKEN","SPO-BELHB23_00001_100","SO2","Sulphur dioxide (air)","winter-avg","Winter mean","2016","13.147","ug/m3","94.15","1","Industrial","Suburban","4.3410","51.1703","13.0","Antwerpen                                                                       ","BE002C1                                           ","530014","E1a/validated data AQ e-Reporting","18/03/2023 22:50:43","http://fme.discomap.eea.europa.eu/fmedatastreaming/AirQualityDownload/AQData_Extract.fmw?CountryCode=BE&CityName=&Pollutant=1&Year_from=2016&Year_to=2016&Station=STA-BELHB23&Samplingpoint=&Source=E1a&Output=HTML&UpdateDate="
"Belgium","NET-Flanders","Flanders","BETN012","44N012 - MOERKERKE","SPO-BETN012_00007_100","O3","Ozone (air)","P1Y","Annual mean / 1 calendar year","2016","47.435","ug/m3","89.63","1","Background","Rural","3.3625","51.2546","3.0","","","","E1a/validated data AQ e-Reporting","18/03/2023 21:08:58","http://fme.discomap.eea.europa.eu/fmedatastreaming/AirQualityDownload/AQData_Extract.fmw?CountryCode=BE&CityName=&Pollutant=7&Year_from=2016&Year_to=2016&Station=STA-BETN012&Samplingpoint=&Source=E1a&Output=HTML&UpdateDate="
"Belgium","NET-Flanders","Flanders","BELSZ02","40SZ02 - STEENOKKERZ","SPO-BELSZ02_00005_100","PM10","Particulate matter < 10 µm (aerosol)","P1Y","Annual mean / 1 calendar year","2016","21.538","ug/m3","98.84","1","Industrial","Rural","4.5122","50.9130","15.0","","","","E1a/validated data AQ e-Reporting","18/03/2023 21:08:58","http://fme.discomap.eea.europa.eu/fmedatastreaming/AirQualityDownload/AQData_Extract.fmw?CountryCode=BE&CityName=&Pollutant=5&Year_from=2016&Year_to=2016&Station=STA-BELSZ02&Samplingpoint=&Source=E1a&Output=HTML&UpdateDate="
"Belgium","NET-Flanders","Flanders","BESN035","59N035 - AARSCHOT","SPO-BESN035_06016_100","C6H12","1-Hexene (air)","P1Y","Annual mean / 1 calendar year","2016","0.000","ug/m3","84.15","1","Background","Suburban","4.8376","50.9776","0.0","","","","E1a/validated data AQ e-Reporting","18/03/2023 21:08:58","http://fme.discomap.eea.europa.eu/fmedatastreaming/AirQualityDownload/AQData_Extract.fmw?CountryCode=BE&CityName=&Pollutant=6016&Year_from=2016&Year_to=2016&Station=STA-BESN035&Samplingpoint=&Source=E1a&Output=HTML&UpdateDate="
"Belgium","NET-Flanders","Flanders","BEDHZ02","65HZ02 - HEUZDEN-ZOLDER
","SPO-BEDHZ02_07029_100","BaP","Benzo(a)pyrene (precip+dry_dep)","P1Y","Annual mean / 1 calendar year","2016","20.677","ng/m2/day","22.95","1","Industrial","Suburban","5.2477","50.9943","0.0","","","","E1a/validated data AQ e-Reporting","18/03/2023 21:08:58","http://fme.discomap.eea.europa.eu/fmedatastreaming/AirQualityDownload/AQData_Extract.fmw?CountryCode=BE&CityName=&Pollutant=7029&Year_from=2016&Year_to=2016&Station=STA-BEDHZ02&Samplingpoint=&Source=E1a&Output=HTML&UpdateDate="
"Belgium","NET-Flanders","Flanders","BEDN029","65N029 - HOUTEM
","SPO-BEDN029_00608_100","Anthracene","anthracene (precip+dry_dep)","P1Y","Annual mean / 1 calendar year","2016","4.877","ng/m2/day","92.62","1","Background","Rural","2.5823","51.0163","0.0","","","","E1a/validated data AQ e-Reporting","18/03/2023 21:08:58","http://fme.discomap.eea.europa.eu/fmedatastreaming/AirQualityDownload/AQData_Extract.fmw?CountryCode=BE&CityName=&Pollutant=608&Year_from=2016&Year_to=2016&Station=STA-BEDN029&Samplingpoint=&Source=E1a&Output=HTML&UpdateDate="
"Belgium","NET-Flanders","Flanders","BETN027","42N027 - BREE","SPO-BETN027_00007_100","O3","Ozone (air)","P1Y-dx-avg","1 year daymax average","2016","65.487","ug/m3","94.81","1","Background","Rural","5.6067","51.1337","48.0","","","","E1a/validated data AQ e-Reporting","18/03/2023 22:27:48","http://fme.discomap.eea.europa.eu/fmedatastreaming/AirQualityDownload/AQData_Extract.fmw?CountryCode=BE&CityName=&Pollutant=7&Year_from=2016&Year_to=2016&Station=STA-BETN027&Samplingpoint=&Source=E1a&Output=HTML&UpdateDate="
"Belgium","NET-Flanders","Flanders","BEMHB23","0HOB23 - HOBOKEN","SPO-BEMHB23_05014_100","Cd in PM10","Cadmium in PM10 (aerosol)","P1Y","Annual mean / 1 calendar year","2016","5.800","ng/m3","0.01","1","Background","Urban","4.3410","51.1703","10.0","Antwerpen                                                                       ","BE002C1                                           ","530014","E1a/validated data AQ e-Reporting","18/03/2023 21:08:58","http://fme.discomap.eea.europa.eu/fmedatastreaming/AirQualityDownload/AQData_Extract.fmw?CountryCode=BE&CityName=&Pollutant=5014&Year_from=2016&Year_to=2016&Station=STA-BEMHB23&Samplingpoint=&Source=E1a&Output=HTML&UpdateDate="
"Belgium","NET-Flanders","Flanders","BELHB23","40HB23 - HOBOKEN","SPO-BELHB23_06001_100","PM2.5","Particulate matter < 2.5 µm (aerosol)","P3Y","3 subsequent calendar years mean","2016","15.017","ug/m3","72.21","1","Industrial","Suburban","4.3410","51.1703","13.0","Antwerpen                                                                       ","BE002C1                                           ","530014","E1a/validated data AQ e-Reporting","18/03/2023 21:36:00","http://fme.discomap.eea.europa.eu/fmedatastreaming/AirQualityDownload/AQData_Extract.fmw?CountryCode=BE&CityName=&Pollutant=6001&Year_from=2016&Year_to=2016&Station=STA-BELHB23&Samplingpoint=&Source=E1a&Output=HTML&UpdateDate="
"Belgium","NET-Brussels","Brussels","BETR012","41R012 - UCCLE","SPO-BETR012_00001_100","SO2","Sulphur dioxide (air)","P1Y-hr-per50","1 year 50 percentile","2016","0.750","ug/m3","88.72","1","Background","Suburban","4.3586","50.7966","101.0","Bruxelles / Brussel                                                             ","BE001C1                                           ","1223364","E1a/validated data AQ e-Reporting","18/03/2023 22:05:49","http://fme.discomap.eea.europa.eu/fmedatastreaming/AirQualityDownload/AQData_Extract.fmw?CountryCode=BE&CityName=&Pollutant=1&Year_from=2016&Year_to=2016&Station=STA-BETR012&Samplingpoint=&Source=E1a&Output=HTML&UpdateDate="
"Belgium","NET-Brussels","Brussels","BETR012","41R012 - UCCLE","SPO-BETR012_00007_100","O3","Ozone (air)","P1Y-dmax-per99","1 year 99 percentile daily 8h maximum","2016","125.500","ug/m3","97.27","1","Background","Suburban","4.3586","50.7966","101.0","Bruxelles / Brussel                                                             ","BE001C1                                           ","1223364","E1a/validated data AQ e-Reporting","18/03/2023 22:13:26","http://fme.discomap.eea.europa.eu/fmedatastreaming/AirQualityDownload/AQData_Extract.fmw?CountryCode=BE&CityName=&Pollutant=7&Year_from=2016&Year_to=2016&Station=STA-BETR012&Samplingpoint=&Source=E1a&Output=HTML&UpdateDate="
"Belgium","NET-Flanders","Flanders","BETN045","42N045 - HASSELT","SPO-BETN045_00001_100","SO2","Sulphur dioxide (air)","winter-avg","Winter mean","2016","1.336","ug/m3","95.99","1","Background","Suburban","5.3684","50.9397","41.0","","","","E1a/validated data AQ e-Reporting","18/03/2023 22:50:43","http://fme.discomap.eea.europa.eu/fmedatastreaming/AirQualityDownload/AQData_Extract.fmw?CountryCode=BE&CityName=&Pollutant=1&Year_from=2016&Year_to=2016&Station=STA-BETN045&Samplingpoint=&Source=E1a&Output=HTML&UpdateDate="
"Belgium","NET-Flanders","Flanders","BETN045","42N045 - HASSELT","SPO-BETN045_00005_100","PM10","Particulate matter < 10 µm (aerosol)","P1Y-hr-max","1 year hour max","2016","86.600","ug/m3","99.54","1","Background","Suburban","5.3684","50.9397","41.0","","","","E1a/validated data AQ e-Reporting","18/03/2023 21:57:02","http://fme.discomap.eea.europa.eu/fmedatastreaming/AirQualityDownload/AQData_Extract.fmw?CountryCode=BE&CityName=&Pollutant=5&Year_from=2016&Year_to=2016&Station=STA-BETN045&Samplingpoint=&Source=E1a&Output=HTML&UpdateDate="
"Belgium","NET-Flanders","Flanders","BETN052","44N052 - ZWEVEGEM","SPO-BETN052_00005_100","PM10","Particulate matter < 10 µm (aerosol)","P1Y-P1D-per90.41","1 year 90.41 percentile","2016","38.413","ug/m3","99.18","1","Background","Suburban","3.3225","50.8149","27.0","","","","E1a/validated data AQ e-Reporting","18/03/2023 22:09:05","http://fme.discomap.eea.europa.eu/fmedatastreaming/AirQualityDownload/AQData_Extract.fmw?CountryCode=BE&CityName=&Pollutant=5&Year_from=2016&Year_to=2016&Station=STA-BETN052&Samplingpoint=&Source=E1a&Output=HTML&UpdateDate="
"Belgium","NET-Flanders","Flanders","BEDZL06","65ZL06 - ZELZATE","SPO-BEDZL06_00611_100","Benzo(a)anthracene","Benzo(a)anthracene (precip+dry_dep)","P1Y","Annual mean / 1 calendar year","2016","31.297","ng/m2/day","22.95","1","Industrial","Suburban","3.8113","51.2087","0.0","","","","E1a/validated data AQ e-Reporting","18/03/2023 21:08:58","http://fme.discomap.eea.europa.eu/fmedatastreaming/AirQualityDownload/AQData_Extract.fmw?CountryCode=BE&CityName=&Pollutant=611&Year_from=2016&Year_to=2016&Station=STA-BEDZL06&Samplingpoint=&Source=E1a&Output=HTML&UpdateDate="
"Belgium","NET-Flanders","Flanders","BEGR701","26R701 - GENT","SPO-BEGR701_01657_100","K+ in PM2.5","potassium in PM2.5 (aerosol)","P1Y","Annual mean / 1 calendar year","2016","0.270","ug/m3","0.01","1","Background","Urban","3.7293","51.0583","5.0","Gent                                                                            ","BE003C1                                           ","263687","E1a/validated data AQ e-Reporting","18/03/2023 21:08:58","http://fme.discomap.eea.europa.eu/fmedatastreaming/AirQualityDownload/AQData_Extract.fmw?CountryCode=BE&CityName=&Pollutant=1657&Year_from=2016&Year_to=2016&Station=STA-BEGR701&Samplingpoint=&Source=E1a&Output=HTML&UpdateDate="
"Belgium","NET-Brussels","Brussels","BETR012","41R012 - UCCLE","SPO-BETR012_00001_100","SO2","Sulphur dioxide (air)","P1Y-daysAbove125","1 year day exceed 125","2016","0.000","count","89.34","1","Background","Suburban","4.3586","50.7966","101.0","Bruxelles / Brussel                                                             ","BE001C1                                           ","1223364","E1a/validated data AQ e-Reporting","18/03/2023 22:23:37","http://fme.discomap.eea.europa.eu/fmedatastreaming/AirQualityDownload/AQData_Extract.fmw?CountryCode=BE&CityName=&Pollutant=1&Year_from=2016&Year_to=2016&Station=STA-BETR012&Samplingpoint=&Source=E1a&Output=HTML&UpdateDate="
"Belgium","NET-Brussels","Brussels","BETN043","41N043 - HAREN","SPO-BETN043_00007_100","O3","Ozone (air)","summer-avg","Summer mean","2016","38.914","ug/m3","96.49","1","Industrial","Suburban","4.3830","50.8837","17.0","Bruxelles / Brussel                                                             ","BE001C1                                           ","1223364","E1a/validated data AQ e-Reporting","18/03/2023 22:50:22","http://fme.discomap.eea.europa.eu/fmedatastreaming/AirQualityDownload/AQData_Extract.fmw?CountryCode=BE&CityName=&Pollutant=7&Year_from=2016&Year_to=2016&Station=STA-BETN043&Samplingpoint=&Source=E1a&Output=HTML&UpdateDate="
"Belgium","NET-Brussels","Brussels","BETWOL1","41WOL1 - WOL.ST.L.","SPO-BETWOL1_00001_100","SO2","Sulphur dioxide (air)","P1Y-hr-max-per99.73","1 year 99.73 %ile of hourly values in a given year","2016","7.050","ug/m3","92.32","1","Traffic","Suburban","4.4258","50.8567","78.0","Bruxelles / Brussel                                                             ","BE001C1                                           ","1223364","E1a/validated data AQ e-Reporting","18/03/2023 22:06:23","http://fme.discomap.eea.europa.eu/fmedatastreaming/AirQualityDownload/AQData_Extract.fmw?CountryCode=BE&CityName=&Pollutant=1&Year_from=2016&Year_to=2016&Station=STA-BETWOL1&Samplingpoint=&Source=E1a&Output=HTML&UpdateDate="
"Belgium","NET-Flanders","Flanders","BETN035","42N035 - AARSCHOT","SPO-BETN035_00007_100","O3","Ozone (air)","P1Y-day-per50","1 year 50 %ile of daily values in a year","2016","46.283","ug/m3","95.08","1","Background","Rural","4.8376","50.9775","55.0","","","","E1a/validated data AQ e-Reporting","18/03/2023 22:15:13","http://fme.discomap.eea.europa.eu/fmedatastreaming/AirQualityDownload/AQData_Extract.fmw?CountryCode=BE&CityName=&Pollutant=7&Year_from=2016&Year_to=2016&Station=STA-BETN035&Samplingpoint=&Source=E1a&Output=HTML&UpdateDate="
"Belgium","NET-Flanders","Flanders","BETN035","42N035 - AARSCHOT","SPO-BETN035_00007_100","O3","Ozone (air)","P1Y-dmax-per99","1 year 99 percentile daily 8h maximum","2016","140.500","ug/m3","94.81","1","Background","Rural","4.8376","50.9775","55.0","","","","E1a/validated data AQ e-Reporting","18/03/2023 22:13:26","http://fme.discomap.eea.europa.eu/fmedatastreaming/AirQualityDownload/AQData_Extract.fmw?CountryCode=BE&CityName=&Pollutant=7&Year_from=2016&Year_to=2016&Station=STA-BETN035&Samplingpoint=&Source=E1a&Output=HTML&UpdateDate="
"Belgium","NET-Flanders","Flanders","BETN046","42N046 - GELLIK","SPO-BETN046_00007_100","O3","Ozone (air)","P1Y-dx-max26","1 year daymax max 26","2016","108.563","ug/m3","92.62","1","Background","Rural","5.6189","50.8823","70.0","","","","E1a/validated data AQ e-Reporting","18/03/2023 22:32:17","http://fme.discomap.eea.europa.eu/fmedatastreaming/AirQualityDownload/AQData_Extract.fmw?CountryCode=BE&CityName=&Pollutant=7&Year_from=2016&Year_to=2016&Station=STA-BETN046&Samplingpoint=&Source=E1a&Output=HTML&UpdateDate="
"Belgium","NET-Flanders","Flanders","BETN035","42N035 - AARSCHOT","SPO-BETN035_00008_100","NO2","Nitrogen dioxide (air)","P1Y-day-per50","1 year 50 %ile of daily values in a year","2016","16.167","ug/m3","99.18","1","Background","Rural","4.8376","50.9775","55.0","","","","E1a/validated data AQ e-Reporting","18/03/2023 22:14:21","http://fme.discomap.eea.europa.eu/fmedatastreaming/AirQualityDownload/AQData_Extract.fmw?CountryCode=BE&CityName=&Pollutant=8&Year_from=2016&Year_to=2016&Station=STA-BETN035&Samplingpoint=&Source=E1a&Output=HTML&UpdateDate="
"Belgium","NET-Flanders","Flanders","BETN027","42N027 - BREE","SPO-BETN027_00007_100","O3","Ozone (air)","P1Y-dx-max","1 year day max max","2016","172.063","ug/m3","94.81","1","Background","Rural","5.6067","51.1337","48.0","","","","E1a/validated data AQ e-Reporting","18/03/2023 21:44:39","http://fme.discomap.eea.europa.eu/fmedatastreaming/AirQualityDownload/AQData_Extract.fmw?CountryCode=BE&CityName=&Pollutant=7&Year_from=2016&Year_to=2016&Station=STA-BETN027&Samplingpoint=&Source=E1a&Output=HTML&UpdateDate="
"Belgium","NET-Flanders","Flanders","BETM802","42M802 - ANTWERPEN","SPO-BETM802_00391_100","Black Carbon","black_carbon (aerosol)","P1Y-hr-min","1 year hour min","2016","0.105","ug/m3","98.13","1","Industrial","Suburban","4.4244","51.2610","3.0","Antwerpen                                                                       ","BE002C1                                           ","530014","E1a/validated data AQ e-Reporting","18/03/2023 22:31:20","http://fme.discomap.eea.europa.eu/fmedatastreaming/AirQualityDownload/AQData_Extract.fmw?CountryCode=BE&CityName=&Pollutant=391&Year_from=2016&Year_to=2016&Station=STA-BETM802&Samplingpoint=&Source=E1a&Output=HTML&UpdateDate="
"Belgium","NET-Flanders","Flanders","BETM705","44M705 - ROESELARE","SPO-BETM705_06001_100","PM2.5","Particulate matter < 2.5 µm (aerosol)","P1Y-day-max","1 year day max","2016","57.604","ug/m3","96.99","1","Industrial","Suburban","3.1524","50.9454","19.0","","","","E1a/validated data AQ e-Reporting","18/03/2023 21:43:22","http://fme.discomap.eea.europa.eu/fmedatastreaming/AirQualityDownload/AQData_Extract.fmw?CountryCode=BE&CityName=&Pollutant=6001&Year_from=2016&Year_to=2016&Station=STA-BETM705&Samplingpoint=&Source=E1a&Output=HTML&UpdateDate="
"Belgium","NET-Flanders","Flanders","BESR893","59N893 - ANTWERPEN","SPO-BESR893_00434_100","C9H12","Propylbenzene (air)","P1Y","Annual mean / 1 calendar year","2016","0.000","ug/m3","84.15","1","Background","Suburban","3.8084","51.2032","0.0","","","","E1a/validated data AQ e-Reporting","18/03/2023 21:08:58","http://fme.discomap.eea.europa.eu/fmedatastreaming/AirQualityDownload/AQData_Extract.fmw?CountryCode=BE&CityName=&Pollutant=434&Year_from=2016&Year_to=2016&Station=STA-BESR893&Samplingpoint=&Source=E1a&Output=HTML&UpdateDate="
"Belgium","NET-Flanders","Flanders","BELOB02","40OB02 - WIELSBEKE","SPO-BELOB02_00005_100","PM10","Particulate matter < 10 µm (aerosol)","P1Y-P1D-per90.4","1 year 90.4 percentile - COMPLIANCE","2016","37.808","ug/m3","100.00","1","Industrial","Rural","3.3762","50.9150","14.0","","","","E1a/validated data AQ e-Reporting","18/03/2023 22:08:35","http://fme.discomap.eea.europa.eu/fmedatastreaming/AirQualityDownload/AQData_Extract.fmw?CountryCode=BE&CityName=&Pollutant=5&Year_from=2016&Year_to=2016&Station=STA-BELOB02&Samplingpoint=&Source=E1a&Output=HTML&UpdateDate="
"Belgium","NET-Flanders","Flanders","BELR833","40R833 - STABROEK","SPO-BELR833_00008_100","NO2","Nitrogen dioxide (air)","P1Y-hrsAbove400","1 year hour exceed 400","2016","0.000","count","94.67","1","Industrial","Rural","4.3623","51.3277","5.0","","","","E1a/validated data AQ e-Reporting","18/03/2023 21:54:38","http://fme.discomap.eea.europa.eu/fmedatastreaming/AirQualityDownload/AQData_Extract.fmw?CountryCode=BE&CityName=&Pollutant=8&Year_from=2016&Year_to=2016&Station=STA-BELR833&Samplingpoint=&Source=E1a&Output=HTML&UpdateDate="
"Belgium","NET-Flanders","Flanders","BELTS12","40TS12 - TESSENDERLO","SPO-BELTS12_04013_100","Hg0","Elemental Gaseous Mercury (air+aerosol)","P1Y","Annual mean / 1 calendar year","2016","18.962","ng/m3","97.55","1","Industrial","Suburban","5.0939","51.0634","32.0","","","","E1a/validated data AQ e-Reporting","18/03/2023 21:08:58","http://fme.discomap.eea.europa.eu/fmedatastreaming/AirQualityDownload/AQData_Extract.fmw?CountryCode=BE&CityName=&Pollutant=4013&Year_from=2016&Year_to=2016&Station=STA-BELTS12&Samplingpoint=&Source=E1a&Output=HTML&UpdateDate="
"Belgium","NET-Flanders","Flanders","BEMGK05","00GK05 - GENK","SPO-BEMGK05_05015_100","Ni in PM10","Nickel in PM10 (aerosol)","P1Y","Annual mean / 1 calendar year","2016","6.842","ng/m3","96.72","1","Industrial","Suburban","5.5268","50.9405","83.0","","","","E1a/validated data AQ e-Reporting","18/03/2023 21:08:58","http://fme.discomap.eea.europa.eu/fmedatastreaming/AirQualityDownload/AQData_Extract.fmw?CountryCode=BE&CityName=&Pollutant=5015&Year_from=2016&Year_to=2016&Station=STA-BEMGK05&Samplingpoint=&Source=E1a&Output=HTML&UpdateDate="
"Belgium","NET-Flanders","Flanders","BETN051","44N051 - IDEGEM","SPO-BETN051_00007_100","O3","Ozone (air)","P3Y-dmaxAbove120","Daymax exceed 120 averaged over 3 consecutive years","2016","7.000","count","100.00","1","Background","Rural","3.9303","50.7989","15.0","","","","E1a/validated data AQ e-Reporting","18/03/2023 22:34:54","http://fme.discomap.eea.europa.eu/fmedatastreaming/AirQualityDownload/AQData_Extract.fmw?CountryCode=BE&CityName=&Pollutant=7&Year_from=2016&Year_to=2016&Station=STA-BETN051&Samplingpoint=&Source=E1a&Output=HTML&UpdateDate="
"Belgium","NET-Flanders","Flanders","BELLD02","40LD02 - LAAKDAL","SPO-BELLD02_00008_100","NO2","Nitrogen dioxide (air)","P1Y-hr-min","1 year hour min","2016","2.000","ug/m3","96.46","1","Industrial","Rural","5.0216","51.1204","22.0","","","","E1a/validated data AQ e-Reporting","18/03/2023 22:31:20","http://fme.discomap.eea.europa.eu/fmedatastreaming/AirQualityDownload/AQData_Extract.fmw?CountryCode=BE&CityName=&Pollutant=8&Year_from=2016&Year_to=2016&Station=STA-BELLD02&Samplingpoint=&Source=E1a&Output=HTML&UpdateDate="
"Belgium","NET-Flanders","Flanders","BETN051","44N051 - IDEGEM","SPO-BETN051_00008_100","NO2","Nitrogen dioxide (air)","P3Y","3 subsequent calendar years mean","2016","12.839","ug/m3","94.85","1","Background","Rural","3.9303","50.7989","15.0","","","","E1a/validated data AQ e-Reporting","18/03/2023 21:36:00","http://fme.discomap.eea.europa.eu/fmedatastreaming/AirQualityDownload/AQData_Extract.fmw?CountryCode=BE&CityName=&Pollutant=8&Year_from=2016&Year_to=2016&Station=STA-BETN051&Samplingpoint=&Source=E1a&Output=HTML&UpdateDate="
"Belgium","NET-Flanders","Flanders","BETN029","44N029 - HOUTEM","SPO-BETN029_00005_100","PM10","Particulate matter < 10 µm (aerosol)","P1Y-P1D-per99","1 year 99 percentile of daily means (P1D) or .../aq/primaryObservation/day","2016","49.808","ug/m3","99.18","1","Background","Rural","2.5823","51.0163","2.0","","","","E1a/validated data AQ e-Reporting","18/03/2023 22:09:38","http://fme.discomap.eea.europa.eu/fmedatastreaming/AirQualityDownload/AQData_Extract.fmw?CountryCode=BE&CityName=&Pollutant=5&Year_from=2016&Year_to=2016&Station=STA-BETN029&Samplingpoint=&Source=E1a&Output=HTML&UpdateDate="
"Belgium","NET-Flanders","Flanders","BETN040","42N040 - ST.P.LEEUWG","SPO-BETN040_00007_100","O3","Ozone (air)","SOMO35","Sum of Ozone Means Over 35 ppb","2016","2971.510","ug/m3","92.62","1","Background","Rural","4.2252","50.7681","20.0","","","","E1a/validated data AQ e-Reporting","18/03/2023 22:59:23","http://fme.discomap.eea.europa.eu/fmedatastreaming/AirQualityDownload/AQData_Extract.fmw?CountryCode=BE&CityName=&Pollutant=7&Year_from=2016&Year_to=2016&Station=STA-BETN040&Samplingpoint=&Source=E1a&Output=HTML&UpdateDate="
"Belgium","NET-Flanders","Flanders","BEDR802","65R802 - BORGERHOUT","SPO-BEDR802_00714_100","Phenanthrene","phenanthrene (precip+dry_dep)","P1Y","Annual mean / 1 calendar year","2016","106.174","ng/m2/day","92.62","1","Background","Urban","4.4317","51.2094","0.0","Antwerpen                                                                       ","BE002C1                                           ","530014","E1a/validated data AQ e-Reporting","18/03/2023 21:08:58","http://fme.discomap.eea.europa.eu/fmedatastreaming/AirQualityDownload/AQData_Extract.fmw?CountryCode=BE&CityName=&Pollutant=714&Year_from=2016&Year_to=2016&Station=STA-BEDR802&Samplingpoint=&Source=E1a&Output=HTML&UpdateDate="
"Belgium","NET-Flanders","Flanders","BETN035","42N035 - AARSCHOT","SPO-BETN035_06001_100","PM2.5","Particulate matter < 2.5 µm (aerosol)","P3Y","3 subsequent calendar years mean","2016","13.278","ug/m3","80.44","1","Background","Rural","4.8376","50.9775","55.0","","","","E1a/validated data AQ e-Reporting","18/03/2023 21:36:00","http://fme.discomap.eea.europa.eu/fmedatastreaming/AirQualityDownload/AQData_Extract.fmw?CountryCode=BE&CityName=&Pollutant=6001&Year_from=2016&Year_to=2016&Station=STA-BETN035&Samplingpoint=&Source=E1a&Output=HTML&UpdateDate="
"Belgium","NET-Flanders","Flanders","BETN040","42N040 - ST.P.LEEUWG","SPO-BETN040_00007_100","O3","Ozone (air)","summer-avg","Summer mean","2016","56.321","ug/m3","97.09","1","Background","Rural","4.2252","50.7681","20.0","","","","E1a/validated data AQ e-Reporting","18/03/2023 22:50:22","http://fme.discomap.eea.europa.eu/fmedatastreaming/AirQualityDownload/AQData_Extract.fmw?CountryCode=BE&CityName=&Pollutant=7&Year_from=2016&Year_to=2016&Station=STA-BETN040&Samplingpoint=&Source=E1a&Output=HTML&UpdateDate="
"Belgium","NET-Flanders","Flanders","BETN012","44N012 - MOERKERKE","SPO-BETN012_00008_100","NO2","Nitrogen dioxide (air)","P1Y-day-per50","1 year 50 %ile of daily values in a year","2016","11.783","ug/m3","96.45","1","Background","Rural","3.3625","51.2546","3.0","","","","E1a/validated data AQ e-Reporting","18/03/2023 22:14:21","http://fme.discomap.eea.europa.eu/fmedatastreaming/AirQualityDownload/AQData_Extract.fmw?CountryCode=BE&CityName=&Pollutant=8&Year_from=2016&Year_to=2016&Station=STA-BETN012&Samplingpoint=&Source=E1a&Output=HTML&UpdateDate="
"Belgium","NET-Flanders","Flanders","BEMBE02","00BE02 - BEERSE","SPO-BEMBE02_05012_100","Pb in PM10","Lead in PM10 (aerosol)","P1Y","Annual mean / 1 calendar year","2016","0.062","ug/m3","99.45","1","Industrial","Suburban","4.8028","51.3321","29.0","","","","E1a/validated data AQ e-Reporting","18/03/2023 21:08:58","http://fme.discomap.eea.europa.eu/fmedatastreaming/AirQualityDownload/AQData_Extract.fmw?CountryCode=BE&CityName=&Pollutant=5012&Year_from=2016&Year_to=2016&Station=STA-BEMBE02&Samplingpoint=&Source=E1a&Output=HTML&UpdateDate="
"Belgium","NET-Flanders","Flanders","BETN045","42N045 - HASSELT","SPO-BETN045_00008_100","NO2","Nitrogen dioxide (air)","P1Y-hr-max19","1 year hour max19","2016","87.000","ug/m3","96.78","1","Background","Suburban","5.3684","50.9397","41.0","","","","E1a/validated data AQ e-Reporting","18/03/2023 22:34:35","http://fme.discomap.eea.europa.eu/fmedatastreaming/AirQualityDownload/AQData_Extract.fmw?CountryCode=BE&CityName=&Pollutant=8&Year_from=2016&Year_to=2016&Station=STA-BETN045&Samplingpoint=&Source=E1a&Output=HTML&UpdateDate="
"Belgium","NET-Flanders","Flanders","BETN045","42N045 - HASSELT","SPO-BETN045_06001_100","PM2.5","Particulate matter < 2.5 µm (aerosol)","P1Y","Annual mean / 1 calendar year","2016","13.027","ug/m3","99.54","1","Background","Suburban","5.3684","50.9397","41.0","","","","E1a/validated data AQ e-Reporting","18/03/2023 21:08:58","http://fme.discomap.eea.europa.eu/fmedatastreaming/AirQualityDownload/AQData_Extract.fmw?CountryCode=BE&CityName=&Pollutant=6001&Year_from=2016&Year_to=2016&Station=STA-BETN045&Samplingpoint=&Source=E1a&Output=HTML&UpdateDate="
"Belgium","NET-Brussels","Brussels","BETWOL1","41WOL1 - WOL.ST.L.","SPO-BETWOL1_00007_100","O3","Ozone (air)","P1Y-dmax-per99","1 year 99 percentile daily 8h maximum","2016","100.125","ug/m3","97.54","1","Traffic","Suburban","4.4258","50.8567","78.0","Bruxelles / Brussel                                                             ","BE001C1                                           ","1223364","E1a/validated data AQ e-Reporting","18/03/2023 22:13:26","http://fme.discomap.eea.europa.eu/fmedatastreaming/AirQualityDownload/AQData_Extract.fmw?CountryCode=BE&CityName=&Pollutant=7&Year_from=2016&Year_to=2016&Station=STA-BETWOL1&Samplingpoint=&Source=E1a&Output=HTML&UpdateDate="
"Belgium","NET-Flanders","Flanders","BELRL01","40RL01 - ROESELARE","SPO-BELRL01_00005_100","PM10","Particulate matter < 10 µm (aerosol)","P1Y-hr-per50","1 year 50 percentile","2016","18.100","ug/m3","99.90","1","Background","Urban","3.1212","50.9532","20.0","","","","E1a/validated data AQ e-Reporting","18/03/2023 22:05:49","http://fme.discomap.eea.europa.eu/fmedatastreaming/AirQualityDownload/AQData_Extract.fmw?CountryCode=BE&CityName=&Pollutant=5&Year_from=2016&Year_to=2016&Station=STA-BELRL01&Samplingpoint=&Source=E1a&Output=HTML&UpdateDate="
"Belgium","NET-Brussels","Brussels","BETB008","41B008 - Brussel (Beliardstraat)","SPO-BETB008_00008_100","NO2","Nitrogen dioxide (air)","P1Y","Annual mean / 1 calendar year","2016","53.923","ug/m3","91.68","1","Traffic","Urban","4.3759","50.8409","57.0","Bruxelles / Brussel                                                             ","BE001C1                                           ","1223364","E1a/validated data AQ e-Reporting","18/03/2023 21:08:58","http://fme.discomap.eea.europa.eu/fmedatastreaming/AirQualityDownload/AQData_Extract.fmw?CountryCode=BE&CityName=&Pollutant=8&Year_from=2016&Year_to=2016&Station=STA-BETB008&Samplingpoint=&Source=E1a&Output=HTML&UpdateDate="
"Belgium","NET-Brussels","Brussels","BETR012","41R012 - UCCLE","SPO-BETR012_00391_100","Black Carbon","black_carbon (aerosol)","P1Y-hr-per50","1 year 50 percentile","2016","0.550","ug/m3","97.35","1","Background","Suburban","4.3586","50.7966","101.0","Bruxelles / Brussel                                                             ","BE001C1                                           ","1223364","E1a/validated data AQ e-Reporting","18/03/2023 22:05:49","http://fme.discomap.eea.europa.eu/fmedatastreaming/AirQualityDownload/AQData_Extract.fmw?CountryCode=BE&CityName=&Pollutant=391&Year_from=2016&Year_to=2016&Station=STA-BETR012&Samplingpoint=&Source=E1a&Output=HTML&UpdateDate="
"Belgium","NET-Brussels","Brussels","BETR001","41R001 - MOLENBEEK","SPO-BETR001_00007_100","O3","Ozone (air)","P1Y-dx-max26","1 year daymax max 26","2016","84.563","ug/m3","90.98","1","Background","Urban","4.3341","50.8497","20.0","Bruxelles / Brussel                                                             ","BE001C1                                           ","1223364","E1a/validated data AQ e-Reporting","18/03/2023 22:32:17","http://fme.discomap.eea.europa.eu/fmedatastreaming/AirQualityDownload/AQData_Extract.fmw?CountryCode=BE&CityName=&Pollutant=7&Year_from=2016&Year_to=2016&Station=STA-BETR001&Samplingpoint=&Source=E1a&Output=HTML&UpdateDate="
"Belgium","NET-Flanders","Flanders","BETN029","44N029 - HOUTEM","SPO-BETN029_00007_100","O3","Ozone (air)","P1Y-dx-max","1 year day max max","2016","146.813","ug/m3","92.62","1","Background","Rural","2.5823","51.0163","2.0","","","","E1a/validated data AQ e-Reporting","18/03/2023 21:44:39","http://fme.discomap.eea.europa.eu/fmedatastreaming/AirQualityDownload/AQData_Extract.fmw?CountryCode=BE&CityName=&Pollutant=7&Year_from=2016&Year_to=2016&Station=STA-BETN029&Samplingpoint=&Source=E1a&Output=HTML&UpdateDate="
"Belgium","NET-Flanders","Flanders","BESMA01","59MA01 - MAASMECHELEN","SPO-BESMA01_00021_100","C6H5-CH3","Toluene (air)","P1Y","Annual mean / 1 calendar year","2016","0.001","ug/m3","86.62","1","Background","Suburban","5.7256","50.9816","0.0","","","","E1a/validated data AQ e-Reporting","18/03/2023 21:08:58","http://fme.discomap.eea.europa.eu/fmedatastreaming/AirQualityDownload/AQData_Extract.fmw?CountryCode=BE&CityName=&Pollutant=21&Year_from=2016&Year_to=2016&Station=STA-BESMA01&Samplingpoint=&Source=E1a&Output=HTML&UpdateDate="
"Belgium","NET-Flanders","Flanders","BETN052","44N052 - ZWEVEGEM","SPO-BETN052_00008_100","NO2","Nitrogen dioxide (air)","P3Y","3 subsequent calendar years mean","2016","24.437","ug/m3","93.77","1","Background","Suburban","3.3225","50.8149","27.0","","","","E1a/validated data AQ e-Reporting","18/03/2023 21:36:00","http://fme.discomap.eea.europa.eu/fmedatastreaming/AirQualityDownload/AQData_Extract.fmw?CountryCode=BE&CityName=&Pollutant=8&Year_from=2016&Year_to=2016&Station=STA-BETN052&Samplingpoint=&Source=E1a&Output=HTML&UpdateDate="
"Belgium","NET-Flanders","Flanders","BETE811","47E811 - DIEPENBEEK","SPO-BETE811_00001_100","SO2","Sulphur dioxide (air)","P1Y-hr-max-per99.73","1 year 99.73 %ile of hourly values in a given year","2016","8.500","ug/m3","45.92","1","Industrial","Rural","5.4182","50.8969","59.0","","","","E1a/validated data AQ e-Reporting","18/03/2023 22:06:23","http://fme.discomap.eea.europa.eu/fmedatastreaming/AirQualityDownload/AQData_Extract.fmw?CountryCode=BE&CityName=&Pollutant=1&Year_from=2016&Year_to=2016&Station=STA-BETE811&Samplingpoint=&Source=E1a&Output=HTML&UpdateDate="
"Belgium","NET-Flanders","Flanders","BEDR750","65R750 - ZELZATE
","SPO-BEDR750_07351_100","Acenaphthene","Acenaphthene (precip+dry_dep)","P1Y","Annual mean / 1 calendar year","2016","13.842","ng/m2/day","92.62","1","Industrial","Suburban","3.8229","51.1961","0.0","","","","E1a/validated data AQ e-Reporting","18/03/2023 21:08:58","http://fme.discomap.eea.europa.eu/fmedatastreaming/AirQualityDownload/AQData_Extract.fmw?CountryCode=BE&CityName=&Pollutant=7351&Year_from=2016&Year_to=2016&Station=STA-BEDR750&Samplingpoint=&Source=E1a&Output=HTML&UpdateDate="
"Belgium","NET-Flanders","Flanders","BEDR802","65R802 - BORGERHOUT","SPO-BEDR802_07352_100","Acenaphthylene","Acenaphthylene (precip+dry_dep)","P1Y","Annual mean / 1 calendar year","2016","10.194","ng/m2/day","92.62","1","Background","Urban","4.4317","51.2094","0.0","Antwerpen                                                                       ","BE002C1                                           ","530014","E1a/validated data AQ e-Reporting","18/03/2023 21:08:58","http://fme.discomap.eea.europa.eu/fmedatastreaming/AirQualityDownload/AQData_Extract.fmw?CountryCode=BE&CityName=&Pollutant=7352&Year_from=2016&Year_to=2016&Station=STA-BEDR802&Samplingpoint=&Source=E1a&Output=HTML&UpdateDate="
"Belgium","NET-Flanders","Flanders","BETR010","42R010 - ST.STEVENSW","SPO-BETR010_00008_100","NO2","Nitrogen dioxide (air)","P1Y-hr-per50","1 year 50 percentile","2016","21.500","ug/m3","97.14","1","Background","Suburban","4.4284","50.8651","68.0","","","","E1a/validated data AQ e-Reporting","18/03/2023 22:05:49","http://fme.discomap.eea.europa.eu/fmedatastreaming/AirQualityDownload/AQData_Extract.fmw?CountryCode=BE&CityName=&Pollutant=8&Year_from=2016&Year_to=2016&Station=STA-BETR010&Samplingpoint=&Source=E1a&Output=HTML&UpdateDate="
"Belgium","NET-Flanders","Flanders","BELLD01","40LD01 - LAAKDAL","SPO-BELLD01_00008_100","NO2","Nitrogen dioxide (air)","P1Y-hr-max-per99.79","1 year 99.79 %ile of hourly values in a given year","2016","80.500","ug/m3","95.49","1","Industrial","Rural","5.0049","51.1100","20.0","","","","E1a/validated data AQ e-Reporting","18/03/2023 22:07:35","http://fme.discomap.eea.europa.eu/fmedatastreaming/AirQualityDownload/AQData_Extract.fmw?CountryCode=BE&CityName=&Pollutant=8&Year_from=2016&Year_to=2016&Station=STA-BELLD01&Samplingpoint=&Source=E1a&Output=HTML&UpdateDate="
"Belgium","NET-Brussels","Brussels","BETR012","41R012 - UCCLE","SPO-BETR012_00001_100","SO2","Sulphur dioxide (air)","P1Y-hr-max-per99.73","1 year 99.73 %ile of hourly values in a given year","2016","7.150","ug/m3","88.72","1","Background","Suburban","4.3586","50.7966","101.0","Bruxelles / Brussel                                                             ","BE001C1                                           ","1223364","E1a/validated data AQ e-Reporting","18/03/2023 22:06:23","http://fme.discomap.eea.europa.eu/fmedatastreaming/AirQualityDownload/AQData_Extract.fmw?CountryCode=BE&CityName=&Pollutant=1&Year_from=2016&Year_to=2016&Station=STA-BETR012&Samplingpoint=&Source=E1a&Output=HTML&UpdateDate="
"Belgium","NET-Flanders","Flanders","BETR710","44R710 - DESTELBERGE","SPO-BETR710_00005_100","PM10","Particulate matter < 10 µm (aerosol)","P3Y","3 subsequent calendar years mean","2016","22.227","ug/m3","95.61","1","Background","Suburban","3.7753","51.0613","6.0","","","","E1a/validated data AQ e-Reporting","18/03/2023 21:36:00","http://fme.discomap.eea.europa.eu/fmedatastreaming/AirQualityDownload/AQData_Extract.fmw?CountryCode=BE&CityName=&Pollutant=5&Year_from=2016&Year_to=2016&Station=STA-BETR710&Samplingpoint=&Source=E1a&Output=HTML&UpdateDate="
"Belgium","NET-Flanders","Flanders","BETN035","42N035 - AARSCHOT","SPO-BETN035_00007_100","O3","Ozone (air)","AOT40c","AOT40 vegetation protection","2016","9507.314","ug/m3","94.47","1","Background","Rural","4.8376","50.9775","55.0","","","","E1a/validated data AQ e-Reporting","18/03/2023 23:06:29","http://fme.discomap.eea.europa.eu/fmedatastreaming/AirQualityDownload/AQData_Extract.fmw?CountryCode=BE&CityName=&Pollutant=7&Year_from=2016&Year_to=2016&Station=STA-BETN035&Samplingpoint=&Source=E1a&Output=HTML&UpdateDate="
"Belgium","NET-Flanders","Flanders","BETM802","42M802 - ANTWERPEN","SPO-BETM802_06001_100","PM2.5","Particulate matter < 2.5 µm (aerosol)","P1Y-P1D-per99","1 year 99 percentile of daily means (P1D) or .../aq/primaryObservation/day","2016","44.583","ug/m3","98.09","1","Industrial","Suburban","4.4244","51.2610","3.0","Antwerpen                                                                       ","BE002C1                                           ","530014","E1a/validated data AQ e-Reporting","18/03/2023 22:10:03","http://fme.discomap.eea.europa.eu/fmedatastreaming/AirQualityDownload/AQData_Extract.fmw?CountryCode=BE&CityName=&Pollutant=6001&Year_from=2016&Year_to=2016&Station=STA-BETM802&Samplingpoint=&Source=E1a&Output=HTML&UpdateDate="
"Belgium","NET-Flanders","Flanders","BEGBB15","26BB15 - BRUGGE","SPO-BEGBB15_06001_100","PM2.5","Particulate matter < 2.5 µm (aerosol)","P1Y-day-per50","1 year 50 %ile of daily values in a year","2016","9.125","ug/m3","98.91","1","Background","Urban","3.2341","51.2135","5.0","Brugge                                                                          ","BE006C1                                           ","118916","E1a/validated data AQ e-Reporting","18/03/2023 22:11:51","http://fme.discomap.eea.europa.eu/fmedatastreaming/AirQualityDownload/AQData_Extract.fmw?CountryCode=BE&CityName=&Pollutant=6001&Year_from=2016&Year_to=2016&Station=STA-BEGBB15&Samplingpoint=&Source=E1a&Output=HTML&UpdateDate="
"Belgium","NET-Flanders","Flanders","BELRL01","40RL01 - ROESELARE","SPO-BELRL01_06001_100","PM2.5","Particulate matter < 2.5 µm (aerosol)","P1Y-hr-max","1 year hour max","2016","108.000","ug/m3","99.92","1","Background","Urban","3.1212","50.9532","20.0","","","","E1a/validated data AQ e-Reporting","18/03/2023 21:57:02","http://fme.discomap.eea.europa.eu/fmedatastreaming/AirQualityDownload/AQData_Extract.fmw?CountryCode=BE&CityName=&Pollutant=6001&Year_from=2016&Year_to=2016&Station=STA-BELRL01&Samplingpoint=&Source=E1a&Output=HTML&UpdateDate="
"Belgium","NET-Flanders","Flanders","BETN051","44N051 - IDEGEM","SPO-BETN051_00007_100","O3","Ozone (air)","P1Y-dmax-per93.15","1 year 93.15 percentile daily 8h maximum","2016","103.438","ug/m3","92.35","1","Background","Rural","3.9303","50.7989","15.0","","","","E1a/validated data AQ e-Reporting","18/03/2023 22:12:55","http://fme.discomap.eea.europa.eu/fmedatastreaming/AirQualityDownload/AQData_Extract.fmw?CountryCode=BE&CityName=&Pollutant=7&Year_from=2016&Year_to=2016&Station=STA-BETN051&Samplingpoint=&Source=E1a&Output=HTML&UpdateDate="
"Belgium","NET-Flanders","Flanders","BEGRT01","26RT01 - RETIE","SPO-BEGRT01_01772_100","OC in PM2.5","Organic carbon in PM2.5 (aerosol)","P1Y","Annual mean / 1 calendar year","2016","2.870","ug/m3","0.01","1","Background","Rural","5.0533","51.2309","23.0","","","","E1a/validated data AQ e-Reporting","18/03/2023 21:08:58","http://fme.discomap.eea.europa.eu/fmedatastreaming/AirQualityDownload/AQData_Extract.fmw?CountryCode=BE&CityName=&Pollutant=1772&Year_from=2016&Year_to=2016&Station=STA-BEGRT01&Samplingpoint=&Source=E1a&Output=HTML&UpdateDate="
"Belgium","NET-Flanders","Flanders","BETN046","42N046 - GELLIK","SPO-BETN046_00008_100","NO2","Nitrogen dioxide (air)","P1Y-P1D-per99","1 year 99 percentile of daily means (P1D) or .../aq/primaryObservation/day","2016","47.604","ug/m3","95.63","1","Background","Rural","5.6189","50.8823","70.0","","","","E1a/validated data AQ e-Reporting","18/03/2023 22:10:34","http://fme.discomap.eea.europa.eu/fmedatastreaming/AirQualityDownload/AQData_Extract.fmw?CountryCode=BE&CityName=&Pollutant=8&Year_from=2016&Year_to=2016&Station=STA-BETN046&Samplingpoint=&Source=E1a&Output=HTML&UpdateDate="
"Belgium","NET-Flanders","Flanders","BETN016","42N016 - DESSEL","SPO-BETN016_06001_100","PM2.5","Particulate matter < 2.5 µm (aerosol)","P1Y-P1D-per99","1 year 99 percentile of daily means (P1D) or .../aq/primaryObservation/day","2016","39.688","ug/m3","100.00","1","Background","Rural","5.1640","51.2337","30.0","","","","E1a/validated data AQ e-Reporting","18/03/2023 22:10:03","http://fme.discomap.eea.europa.eu/fmedatastreaming/AirQualityDownload/AQData_Extract.fmw?CountryCode=BE&CityName=&Pollutant=6001&Year_from=2016&Year_to=2016&Station=STA-BETN016&Samplingpoint=&Source=E1a&Output=HTML&UpdateDate="
"Belgium","NET-Flanders","Flanders","BELAL05","40AL05 - BEVEREN","SPO-BELAL05_00005_100","PM10","Particulate matter < 10 µm (aerosol)","P1Y-day-per50","1 year 50 %ile of daily values in a year","2016","20.479","ug/m3","94.54","1","Industrial","Rural","4.2789","51.2631","8.0","","","","E1a/validated data AQ e-Reporting","18/03/2023 22:08:05","http://fme.discomap.eea.europa.eu/fmedatastreaming/AirQualityDownload/AQData_Extract.fmw?CountryCode=BE&CityName=&Pollutant=5&Year_from=2016&Year_to=2016&Station=STA-BELAL05&Samplingpoint=&Source=E1a&Output=HTML&UpdateDate="
"Belgium","NET-Flanders","Flanders","BELOB01","40OB01 - OOSTROZEBEK","SPO-BELOB01_00005_100","PM10","Particulate matter < 10 µm (aerosol)","P1Y-day-per50","1 year 50 %ile of daily values in a year","2016","25.933","ug/m3","99.73","1","Industrial","Rural","3.3074","50.9172","44.0","","","","E1a/validated data AQ e-Reporting","18/03/2023 22:08:05","http://fme.discomap.eea.europa.eu/fmedatastreaming/AirQualityDownload/AQData_Extract.fmw?CountryCode=BE&CityName=&Pollutant=5&Year_from=2016&Year_to=2016&Station=STA-BELOB01&Samplingpoint=&Source=E1a&Output=HTML&UpdateDate="
"Belgium","NET-Flanders","Flanders","BESN035","59N035 - AARSCHOT","SPO-BESN035_00431_100","C6H5-C2H5","Ethyl benzene (air)","P1Y","Annual mean / 1 calendar year","2016","0.000","ug/m3","84.16","1","Background","Suburban","4.8376","50.9776","0.0","","","","E1a/validated data AQ e-Reporting","18/03/2023 21:08:58","http://fme.discomap.eea.europa.eu/fmedatastreaming/AirQualityDownload/AQData_Extract.fmw?CountryCode=BE&CityName=&Pollutant=431&Year_from=2016&Year_to=2016&Station=STA-BESN035&Samplingpoint=&Source=E1a&Output=HTML&UpdateDate="
"Belgium","NET-Brussels","Brussels","BETWOL1","41WOL1 - WOL.ST.L.","SPO-BETWOL1_00001_100","SO2","Sulphur dioxide (air)","winter-avg","Winter mean","2016","3.194","ug/m3","96.68","1","Traffic","Suburban","4.4258","50.8567","78.0","Bruxelles / Brussel                                                             ","BE001C1                                           ","1223364","E1a/validated data AQ e-Reporting","18/03/2023 22:50:43","http://fme.discomap.eea.europa.eu/fmedatastreaming/AirQualityDownload/AQData_Extract.fmw?CountryCode=BE&CityName=&Pollutant=1&Year_from=2016&Year_to=2016&Station=STA-BETWOL1&Samplingpoint=&Source=E1a&Output=HTML&UpdateDate="
"Belgium","NET-Brussels","Brussels","BETWOL1","41WOL1 - WOL.ST.L.","SPO-BETWOL1_00008_100","NO2","Nitrogen dioxide (air)","P1Y-day-min","1 year day min","2016","8.771","ug/m3","98.09","1","Traffic","Suburban","4.4258","50.8567","78.0","Bruxelles / Brussel                                                             ","BE001C1                                           ","1223364","E1a/validated data AQ e-Reporting","18/03/2023 21:56:03","http://fme.discomap.eea.europa.eu/fmedatastreaming/AirQualityDownload/AQData_Extract.fmw?CountryCode=BE&CityName=&Pollutant=8&Year_from=2016&Year_to=2016&Station=STA-BETWOL1&Samplingpoint=&Source=E1a&Output=HTML&UpdateDate="
"Belgium","NET-Flanders","Flanders","BETE704","47E704 - WACHTEBEKE","SPO-BETE704_00008_100","NO2","Nitrogen dioxide (air)","P1Y-day-per50","1 year 50 %ile of daily values in a year","2016","18.304","ug/m3","99.45","1","Industrial","Rural","3.8699","51.1761","0.0","","","","E1a/validated data AQ e-Reporting","18/03/2023 22:14:21","http://fme.discomap.eea.europa.eu/fmedatastreaming/AirQualityDownload/AQData_Extract.fmw?CountryCode=BE&CityName=&Pollutant=8&Year_from=2016&Year_to=2016&Station=STA-BETE704&Samplingpoint=&Source=E1a&Output=HTML&UpdateDate="
"Belgium","NET-Flanders","Flanders","BETN035","42N035 - AARSCHOT","SPO-BETN035_00005_100","PM10","Particulate matter < 10 µm (aerosol)","P1Y","Annual mean / 1 calendar year","2016","19.660","ug/m3","99.69","1","Background","Rural","4.8376","50.9775","55.0","","","","E1a/validated data AQ e-Reporting","18/03/2023 21:08:58","http://fme.discomap.eea.europa.eu/fmedatastreaming/AirQualityDownload/AQData_Extract.fmw?CountryCode=BE&CityName=&Pollutant=5&Year_from=2016&Year_to=2016&Station=STA-BETN035&Samplingpoint=&Source=E1a&Output=HTML&UpdateDate="
"Belgium","NET-Flanders","Flanders","BETN012","44N012 - MOERKERKE","SPO-BETN012_06001_100","PM2.5","Particulate matter < 2.5 µm (aerosol)","P1Y-hr-per50","1 year 50 percentile","2016","8.500","ug/m3","99.57","1","Background","Rural","3.3625","51.2546","3.0","","","","E1a/validated data AQ e-Reporting","18/03/2023 22:05:49","http://fme.discomap.eea.europa.eu/fmedatastreaming/AirQualityDownload/AQData_Extract.fmw?CountryCode=BE&CityName=&Pollutant=6001&Year_from=2016&Year_to=2016&Station=STA-BETN012&Samplingpoint=&Source=E1a&Output=HTML&UpdateDate="
"Belgium","NET-Flanders","Flanders","BETR710","44R710 - DESTELBERGE","SPO-BETR710_00008_100","NO2","Nitrogen dioxide (air)","P1Y-hr-max-per99.79","1 year 99.79 %ile of hourly values in a given year","2016","74.500","ug/m3","95.39","1","Background","Suburban","3.7753","51.0613","6.0","","","","E1a/validated data AQ e-Reporting","18/03/2023 22:07:35","http://fme.discomap.eea.europa.eu/fmedatastreaming/AirQualityDownload/AQData_Extract.fmw?CountryCode=BE&CityName=&Pollutant=8&Year_from=2016&Year_to=2016&Station=STA-BETR710&Samplingpoint=&Source=E1a&Output=HTML&UpdateDate="
"Belgium","NET-Flanders","Flanders","BETR721","44R721 - WONDELGEM","SPO-BETR721_00001_100","SO2","Sulphur dioxide (air)","P1Y","Annual mean / 1 calendar year","2016","3.326","ug/m3","96.05","1","Industrial","Suburban","3.7161","51.0890","6.0","Gent                                                                            ","BE003C1                                           ","263687","E1a/validated data AQ e-Reporting","18/03/2023 21:08:58","http://fme.discomap.eea.europa.eu/fmedatastreaming/AirQualityDownload/AQData_Extract.fmw?CountryCode=BE&CityName=&Pollutant=1&Year_from=2016&Year_to=2016&Station=STA-BETR721&Samplingpoint=&Source=E1a&Output=HTML&UpdateDate="
"Belgium","NET-Flanders","Flanders","BETR721","44R721 - WONDELGEM","SPO-BETR721_00001_100","SO2","Sulphur dioxide (air)","P1Y-hr-min","1 year hour min","2016","1.000","ug/m3","96.05","1","Industrial","Suburban","3.7161","51.0890","6.0","Gent                                                                            ","BE003C1                                           ","263687","E1a/validated data AQ e-Reporting","18/03/2023 22:31:20","http://fme.discomap.eea.europa.eu/fmedatastreaming/AirQualityDownload/AQData_Extract.fmw?CountryCode=BE&CityName=&Pollutant=1&Year_from=2016&Year_to=2016&Station=STA-BETR721&Samplingpoint=&Source=E1a&Output=HTML&UpdateDate="
"Belgium","NET-Flanders","Flanders","BEMGN05","00GN05 - GENT","SPO-BEMGN05_05012_100","Pb in PM10","Lead in PM10 (aerosol)","P1Y","Annual mean / 1 calendar year","2016","0.012","ug/m3","99.18","1","Background","Urban","3.7159","51.0265","10.0","Gent                                                                            ","BE003C1                                           ","263687","E1a/validated data AQ e-Reporting","18/03/2023 21:08:58","http://fme.discomap.eea.europa.eu/fmedatastreaming/AirQualityDownload/AQData_Extract.fmw?CountryCode=BE&CityName=&Pollutant=5012&Year_from=2016&Year_to=2016&Station=STA-BEMGN05&Samplingpoint=&Source=E1a&Output=HTML&UpdateDate="
"Belgium","NET-Flanders","Flanders","BEDGN78","65GN78 - GENT
","SPO-BEDGN78_07406_100","Chrysene","Chrysene (precip+dry_dep)","P1Y","Annual mean / 1 calendar year","2016","536.553","ng/m2/day","22.95","1","Background","Urban","3.7264","51.0857","0.0","Gent                                                                            ","BE003C1                                           ","263687","E1a/validated data AQ e-Reporting","18/03/2023 21:08:58","http://fme.discomap.eea.europa.eu/fmedatastreaming/AirQualityDownload/AQData_Extract.fmw?CountryCode=BE&CityName=&Pollutant=7406&Year_from=2016&Year_to=2016&Station=STA-BEDGN78&Samplingpoint=&Source=E1a&Output=HTML&UpdateDate="
"Belgium","NET-Flanders","Flanders","BELHB23","40HB23 - HOBOKEN","SPO-BELHB23_00001_100","SO2","Sulphur dioxide (air)","P1Y-day-min","1 year day min","2016","1.000","ug/m3","96.45","1","Industrial","Suburban","4.3410","51.1703","13.0","Antwerpen                                                                       ","BE002C1                                           ","530014","E1a/validated data AQ e-Reporting","18/03/2023 21:54:56","http://fme.discomap.eea.europa.eu/fmedatastreaming/AirQualityDownload/AQData_Extract.fmw?CountryCode=BE&CityName=&Pollutant=1&Year_from=2016&Year_to=2016&Station=STA-BELHB23&Samplingpoint=&Source=E1a&Output=HTML&UpdateDate="
"Belgium","NET-Flanders","Flanders","BEDNE02","65NE02 - NIEL
","SPO-BEDNE02_07351_100","Acenaphthene","Acenaphthene (precip+dry_dep)","P1Y","Annual mean / 1 calendar year","2016","7.823","ng/m2/day","22.95","1","Background","Rural","4.3353","51.0990","0.0","","","","E1a/validated data AQ e-Reporting","18/03/2023 21:08:58","http://fme.discomap.eea.europa.eu/fmedatastreaming/AirQualityDownload/AQData_Extract.fmw?CountryCode=BE&CityName=&Pollutant=7351&Year_from=2016&Year_to=2016&Station=STA-BEDNE02&Samplingpoint=&Source=E1a&Output=HTML&UpdateDate="
"Belgium","NET-Flanders","Flanders","BELRB01","40RB01 - RUISBROEK","SPO-BELRB01_00005_100","PM10","Particulate matter < 10 µm (aerosol)","P1Y","Annual mean / 1 calendar year","2016","29.852","ug/m3","8.66","1","Industrial","Suburban","4.3312","51.0894","0.0","","","","E1a/validated data AQ e-Reporting","18/03/2023 21:08:58","http://fme.discomap.eea.europa.eu/fmedatastreaming/AirQualityDownload/AQData_Extract.fmw?CountryCode=BE&CityName=&Pollutant=5&Year_from=2016&Year_to=2016&Station=STA-BELRB01&Samplingpoint=&Source=E1a&Output=HTML&UpdateDate="
"Belgium","NET-Flanders","Flanders","BELRB01","40RB01 - RUISBROEK","SPO-BELRB01_06001_100","PM2.5","Particulate matter < 2.5 µm (aerosol)","P1Y","Annual mean / 1 calendar year","2016","22.212","ug/m3","8.66","1","Industrial","Suburban","4.3312","51.0894","0.0","","","","E1a/validated data AQ e-Reporting","18/03/2023 21:08:58","http://fme.discomap.eea.europa.eu/fmedatastreaming/AirQualityDownload/AQData_Extract.fmw?CountryCode=BE&CityName=&Pollutant=6001&Year_from=2016&Year_to=2016&Station=STA-BELRB01&Samplingpoint=&Source=E1a&Output=HTML&UpdateDate="
"Belgium","NET-Flanders","Flanders","BELRL01","40RL01 - ROESELARE","SPO-BELRL01_06001_100","PM2.5","Particulate matter < 2.5 µm (aerosol)","P1Y-hr-min","1 year hour min","2016","1.000","ug/m3","99.92","1","Background","Urban","3.1212","50.9532","20.0","","","","E1a/validated data AQ e-Reporting","18/03/2023 22:31:20","http://fme.discomap.eea.europa.eu/fmedatastreaming/AirQualityDownload/AQData_Extract.fmw?CountryCode=BE&CityName=&Pollutant=6001&Year_from=2016&Year_to=2016&Station=STA-BELRL01&Samplingpoint=&Source=E1a&Output=HTML&UpdateDate="
"Belgium","NET-Flanders","Flanders","BETN035","42N035 - AARSCHOT","SPO-BETN035_00005_100","PM10","Particulate matter < 10 µm (aerosol)","P1Y-day-per50","1 year 50 %ile of daily values in a year","2016","17.267","ug/m3","99.73","1","Background","Rural","4.8376","50.9775","55.0","","","","E1a/validated data AQ e-Reporting","18/03/2023 22:08:05","http://fme.discomap.eea.europa.eu/fmedatastreaming/AirQualityDownload/AQData_Extract.fmw?CountryCode=BE&CityName=&Pollutant=5&Year_from=2016&Year_to=2016&Station=STA-BETN035&Samplingpoint=&Source=E1a&Output=HTML&UpdateDate="
"Belgium","NET-Flanders","Flanders","BETR701","44R701 - GENT","SPO-BETR701_00010_100","CO","Carbon monoxide (air)","P1Y-dx-max","1 year day max max","2016","1.345","mg/m3","99.45","1","Background","Urban","3.7293","51.0583","5.0","Gent                                                                            ","BE003C1                                           ","263687","E1a/validated data AQ e-Reporting","18/03/2023 21:44:39","http://fme.discomap.eea.europa.eu/fmedatastreaming/AirQualityDownload/AQData_Extract.fmw?CountryCode=BE&CityName=&Pollutant=10&Year_from=2016&Year_to=2016&Station=STA-BETR701&Samplingpoint=&Source=E1a&Output=HTML&UpdateDate="
"Belgium","NET-Flanders","Flanders","BESR893","59N893 - ANTWERPEN","SPO-BESR893_00020_100","C6H6","Benzene (air)","P1Y-day-max","1 year day max","2016","3.100","ug/m3","91.80","1","Background","Suburban","3.8084","51.2032","0.0","","","","E1a/validated data AQ e-Reporting","18/03/2023 21:43:39","http://fme.discomap.eea.europa.eu/fmedatastreaming/AirQualityDownload/AQData_Extract.fmw?CountryCode=BE&CityName=&Pollutant=20&Year_from=2016&Year_to=2016&Station=STA-BESR893&Samplingpoint=&Source=E1a&Output=HTML&UpdateDate="
"Belgium","NET-Brussels","Brussels","BETWOL2","41WOL2 - WOL.ST.L.","SPO-BETWOL2_00020_100","C6H6","Benzene (air)","P1Y-day-per50","1 year 50 %ile of daily values in a year","2016","0.417","ug/m3","34.15","1","Background","Suburban","4.4257","50.8566","20.0","Bruxelles / Brussel                                                             ","BE001C1                                           ","1223364","E1a/validated data AQ e-Reporting","18/03/2023 22:13:51","http://fme.discomap.eea.europa.eu/fmedatastreaming/AirQualityDownload/AQData_Extract.fmw?CountryCode=BE&CityName=&Pollutant=20&Year_from=2016&Year_to=2016&Station=STA-BETWOL2&Samplingpoint=&Source=E1a&Output=HTML&UpdateDate="
"Belgium","NET-Flanders","Flanders","BETN029","44N029 - HOUTEM","SPO-BETN029_00007_100","O3","Ozone (air)","P3Y-dmaxAbove120","Daymax exceed 120 averaged over 3 consecutive years","2016","3.667","count","100.00","1","Background","Rural","2.5823","51.0163","2.0","","","","E1a/validated data AQ e-Reporting","18/03/2023 22:34:54","http://fme.discomap.eea.europa.eu/fmedatastreaming/AirQualityDownload/AQData_Extract.fmw?CountryCode=BE&CityName=&Pollutant=7&Year_from=2016&Year_to=2016&Station=STA-BETN029&Samplingpoint=&Source=E1a&Output=HTML&UpdateDate="
"Belgium","NET-Brussels","Brussels","BETR002","41R002 - IXELLES","SPO-BETR002_00391_100","Black Carbon","black_carbon (aerosol)","P1Y-hr-per50","1 year 50 percentile","2016","1.525","ug/m3","98.61","1","Traffic","Urban","4.3846","50.8251","76.0","Bruxelles / Brussel                                                             ","BE001C1                                           ","1223364","E1a/validated data AQ e-Reporting","18/03/2023 22:05:49","http://fme.discomap.eea.europa.eu/fmedatastreaming/AirQualityDownload/AQData_Extract.fmw?CountryCode=BE&CityName=&Pollutant=391&Year_from=2016&Year_to=2016&Station=STA-BETR002&Samplingpoint=&Source=E1a&Output=HTML&UpdateDate="
"Belgium","NET-Brussels","Brussels","BETR012","41R012 - UCCLE","SPO-BETR012_00007_100","O3","Ozone (air)","P1Y-hrsAbove240","1 year hour exceed 240","2016","0.000","count","96.99","1","Background","Suburban","4.3586","50.7966","101.0","Bruxelles / Brussel                                                             ","BE001C1                                           ","1223364","E1a/validated data AQ e-Reporting","18/03/2023 21:50:25","http://fme.discomap.eea.europa.eu/fmedatastreaming/AirQualityDownload/AQData_Extract.fmw?CountryCode=BE&CityName=&Pollutant=7&Year_from=2016&Year_to=2016&Station=STA-BETR012&Samplingpoint=&Source=E1a&Output=HTML&UpdateDate="
"Belgium","NET-Brussels","Brussels","BETWOL1","41WOL1 - WOL.ST.L.","SPO-BETWOL1_00005_100","PM10","Particulate matter < 10 µm (aerosol)","P3Y","3 subsequent calendar years mean","2016","20.385","ug/m3","90.39","1","Traffic","Suburban","4.4258","50.8567","78.0","Bruxelles / Brussel                                                             ","BE001C1                                           ","1223364","E1a/validated data AQ e-Reporting","18/03/2023 21:36:00","http://fme.discomap.eea.europa.eu/fmedatastreaming/AirQualityDownload/AQData_Extract.fmw?CountryCode=BE&CityName=&Pollutant=5&Year_from=2016&Year_to=2016&Station=STA-BETWOL1&Samplingpoint=&Source=E1a&Output=HTML&UpdateDate="
"Belgium","NET-Brussels","Brussels","BETWOL1","41WOL1 - WOL.ST.L.","SPO-BETWOL1_00010_100","CO","Carbon monoxide (air)","P1Y-P1D-per99","1 year 99 percentile of daily means (P1D) or .../aq/primaryObservation/day","2016","0.498","mg/m3","98.91","1","Traffic","Suburban","4.4258","50.8567","78.0","Bruxelles / Brussel                                                             ","BE001C1                                           ","1223364","E1a/validated data AQ e-Reporting","18/03/2023 22:11:26","http://fme.discomap.eea.europa.eu/fmedatastreaming/AirQualityDownload/AQData_Extract.fmw?CountryCode=BE&CityName=&Pollutant=10&Year_from=2016&Year_to=2016&Station=STA-BETWOL1&Samplingpoint=&Source=E1a&Output=HTML&UpdateDate="
"Belgium","NET-Flanders","Flanders","BEDZL06","65ZL06 - ZELZATE","SPO-BEDZL06_07352_100","Acenaphthylene","Acenaphthylene (precip+dry_dep)","P1Y","Annual mean / 1 calendar year","2016","15.650","ng/m2/day","22.95","1","Industrial","Suburban","3.8113","51.2087","0.0","","","","E1a/validated data AQ e-Reporting","18/03/2023 21:08:58","http://fme.discomap.eea.europa.eu/fmedatastreaming/AirQualityDownload/AQData_Extract.fmw?CountryCode=BE&CityName=&Pollutant=7352&Year_from=2016&Year_to=2016&Station=STA-BEDZL06&Samplingpoint=&Source=E1a&Output=HTML&UpdateDate="
"Belgium","NET-Flanders","Flanders","BEGBB15","26BB15 - BRUGGE","SPO-BEGBB15_06001_100","PM2.5","Particulate matter < 2.5 µm (aerosol)","P3Y","3 subsequent calendar years mean","2016","13.714","ug/m3","98.27","1","Background","Urban","3.2341","51.2135","5.0","Brugge                                                                          ","BE006C1                                           ","118916","E1a/validated data AQ e-Reporting","18/03/2023 21:36:00","http://fme.discomap.eea.europa.eu/fmedatastreaming/AirQualityDownload/AQData_Extract.fmw?CountryCode=BE&CityName=&Pollutant=6001&Year_from=2016&Year_to=2016&Station=STA-BEGBB15&Samplingpoint=&Source=E1a&Output=HTML&UpdateDate="
"Belgium","NET-Flanders","Flanders","BETE716","47E716 - MARIAKERKE","SPO-BETE716_00008_100","NO2","Nitrogen dioxide (air)","P1Y-day-max","1 year day max","2016","68.896","ug/m3","98.36","1","Industrial","Suburban","3.6828","51.0670","8.0","Gent                                                                            ","BE003C1                                           ","263687","E1a/validated data AQ e-Reporting","18/03/2023 21:43:56","http://fme.discomap.eea.europa.eu/fmedatastreaming/AirQualityDownload/AQData_Extract.fmw?CountryCode=BE&CityName=&Pollutant=8&Year_from=2016&Year_to=2016&Station=STA-BETE716&Samplingpoint=&Source=E1a&Output=HTML&UpdateDate="
"Belgium","NET-Flanders","Flanders","BETN052","44N052 - ZWEVEGEM","SPO-BETN052_06001_100","PM2.5","Particulate matter < 2.5 µm (aerosol)","P1Y","Annual mean / 1 calendar year","2016","14.558","ug/m3","99.27","1","Background","Suburban","3.3225","50.8149","27.0","","","","E1a/validated data AQ e-Reporting","18/03/2023 21:08:58","http://fme.discomap.eea.europa.eu/fmedatastreaming/AirQualityDownload/AQData_Extract.fmw?CountryCode=BE&CityName=&Pollutant=6001&Year_from=2016&Year_to=2016&Station=STA-BETN052&Samplingpoint=&Source=E1a&Output=HTML&UpdateDate="
"Belgium","NET-Flanders","Flanders","BETN052","44N052 - ZWEVEGEM","SPO-BETN052_06001_100","PM2.5","Particulate matter < 2.5 µm (aerosol)","P1Y-day-per50","1 year 50 %ile of daily values in a year","2016","10.667","ug/m3","99.18","1","Background","Suburban","3.3225","50.8149","27.0","","","","E1a/validated data AQ e-Reporting","18/03/2023 22:11:51","http://fme.discomap.eea.europa.eu/fmedatastreaming/AirQualityDownload/AQData_Extract.fmw?CountryCode=BE&CityName=&Pollutant=6001&Year_from=2016&Year_to=2016&Station=STA-BETN052&Samplingpoint=&Source=E1a&Output=HTML&UpdateDate="
"Belgium","NET-Flanders","Flanders","BETR020","42R020 - VILVOORDE","SPO-BETR020_00005_100","PM10","Particulate matter < 10 µm (aerosol)","P1Y-hr-max","1 year hour max","2016","743.100","ug/m3","99.91","1","Background","Suburban","4.4367","50.9414","12.0","","","","E1a/validated data AQ e-Reporting","18/03/2023 21:57:02","http://fme.discomap.eea.europa.eu/fmedatastreaming/AirQualityDownload/AQData_Extract.fmw?CountryCode=BE&CityName=&Pollutant=5&Year_from=2016&Year_to=2016&Station=STA-BETR020&Samplingpoint=&Source=E1a&Output=HTML&UpdateDate="
"Belgium","NET-Flanders","Flanders","BESN029","59N029 - VEURNE","SPO-BESN029_00020_100","C6H6","Benzene (air)","P1Y","Annual mean / 1 calendar year","2016","0.721","ug/m3","87.99","1","Background","Suburban","2.5823","51.0163","0.0","","","","E1a/validated data AQ e-Reporting","18/03/2023 21:08:58","http://fme.discomap.eea.europa.eu/fmedatastreaming/AirQualityDownload/AQData_Extract.fmw?CountryCode=BE&CityName=&Pollutant=20&Year_from=2016&Year_to=2016&Station=STA-BESN029&Samplingpoint=&Source=E1a&Output=HTML&UpdateDate="
"Belgium","NET-Flanders","Flanders","BESN029","59N029 - VEURNE","SPO-BESN029_00482_100","o-C6H4-(CH3)2","o-Xylene (air)","P1Y","Annual mean / 1 calendar year","2016","0.000","ug/m3","87.99","1","Background","Suburban","2.5823","51.0163","0.0","","","","E1a/validated data AQ e-Reporting","18/03/2023 21:08:58","http://fme.discomap.eea.europa.eu/fmedatastreaming/AirQualityDownload/AQData_Extract.fmw?CountryCode=BE&CityName=&Pollutant=482&Year_from=2016&Year_to=2016&Station=STA-BESN029&Samplingpoint=&Source=E1a&Output=HTML&UpdateDate="
"Belgium","NET-Flanders","Flanders","BETN029","44N029 - HOUTEM","SPO-BETN029_00008_100","NO2","Nitrogen dioxide (air)","P1Y-day-max","1 year day max","2016","39.604","ug/m3","98.63","1","Background","Rural","2.5823","51.0163","2.0","","","","E1a/validated data AQ e-Reporting","18/03/2023 21:43:56","http://fme.discomap.eea.europa.eu/fmedatastreaming/AirQualityDownload/AQData_Extract.fmw?CountryCode=BE&CityName=&Pollutant=8&Year_from=2016&Year_to=2016&Station=STA-BETN029&Samplingpoint=&Source=E1a&Output=HTML&UpdateDate="
"Belgium","NET-Flanders","Flanders","BELOB02","40OB02 - WIELSBEKE","SPO-BELOB02_06001_100","PM2.5","Particulate matter < 2.5 µm (aerosol)","P1Y-day-max","1 year day max","2016","55.438","ug/m3","100.00","1","Industrial","Rural","3.3762","50.9150","14.0","","","","E1a/validated data AQ e-Reporting","18/03/2023 21:43:22","http://fme.discomap.eea.europa.eu/fmedatastreaming/AirQualityDownload/AQData_Extract.fmw?CountryCode=BE&CityName=&Pollutant=6001&Year_from=2016&Year_to=2016&Station=STA-BELOB02&Samplingpoint=&Source=E1a&Output=HTML&UpdateDate="
"Belgium","NET-Flanders","Flanders","BELRL01","40RL01 - ROESELARE","SPO-BELRL01_00005_100","PM10","Particulate matter < 10 µm (aerosol)","P1Y","Annual mean / 1 calendar year","2016","22.114","ug/m3","99.90","1","Background","Urban","3.1212","50.9532","20.0","","","","E1a/validated data AQ e-Reporting","18/03/2023 21:08:58","http://fme.discomap.eea.europa.eu/fmedatastreaming/AirQualityDownload/AQData_Extract.fmw?CountryCode=BE&CityName=&Pollutant=5&Year_from=2016&Year_to=2016&Station=STA-BELRL01&Samplingpoint=&Source=E1a&Output=HTML&UpdateDate="
"Belgium","NET-Flanders","Flanders","BELGK06","40GK06 - GENK","SPO-BELGK06_06001_100","PM2.5","Particulate matter < 2.5 µm (aerosol)","P1Y-P1D-per99","1 year 99 percentile of daily means (P1D) or .../aq/primaryObservation/day","2016","40.396","ug/m3","100.00","1","Industrial","Suburban","5.4706","50.9279","44.0","","","","E1a/validated data AQ e-Reporting","18/03/2023 22:10:03","http://fme.discomap.eea.europa.eu/fmedatastreaming/AirQualityDownload/AQData_Extract.fmw?CountryCode=BE&CityName=&Pollutant=6001&Year_from=2016&Year_to=2016&Station=STA-BELGK06&Samplingpoint=&Source=E1a&Output=HTML&UpdateDate="
"Belgium","NET-Flanders","Flanders","BETN016","42N016 - DESSEL","SPO-BETN016_00001_100","SO2","Sulphur dioxide (air)","P1Y","Annual mean / 1 calendar year","2016","1.768","ug/m3","97.22","1","Background","Rural","5.1640","51.2337","30.0","","","","E1a/validated data AQ e-Reporting","18/03/2023 21:08:58","http://fme.discomap.eea.europa.eu/fmedatastreaming/AirQualityDownload/AQData_Extract.fmw?CountryCode=BE&CityName=&Pollutant=1&Year_from=2016&Year_to=2016&Station=STA-BETN016&Samplingpoint=&Source=E1a&Output=HTML&UpdateDate="
"Belgium","NET-Flanders","Flanders","BELHB23","40HB23 - HOBOKEN","SPO-BELHB23_00001_100","SO2","Sulphur dioxide (air)","P1Y-day-max4","1 year day max 4","2016","39.333","ug/m3","96.45","1","Industrial","Suburban","4.3410","51.1703","13.0","Antwerpen                                                                       ","BE002C1                                           ","530014","E1a/validated data AQ e-Reporting","18/03/2023 22:31:46","http://fme.discomap.eea.europa.eu/fmedatastreaming/AirQualityDownload/AQData_Extract.fmw?CountryCode=BE&CityName=&Pollutant=1&Year_from=2016&Year_to=2016&Station=STA-BELHB23&Samplingpoint=&Source=E1a&Output=HTML&UpdateDate="
"Belgium","NET-Flanders","Flanders","BELOB02","40OB02 - WIELSBEKE","SPO-BELOB02_00005_100","PM10","Particulate matter < 10 µm (aerosol)","P1Y-hr-min","1 year hour min","2016","3.600","ug/m3","99.85","1","Industrial","Rural","3.3762","50.9150","14.0","","","","E1a/validated data AQ e-Reporting","18/03/2023 22:31:20","http://fme.discomap.eea.europa.eu/fmedatastreaming/AirQualityDownload/AQData_Extract.fmw?CountryCode=BE&CityName=&Pollutant=5&Year_from=2016&Year_to=2016&Station=STA-BELOB02&Samplingpoint=&Source=E1a&Output=HTML&UpdateDate="
"Belgium","NET-Brussels","Brussels","BETB006","41B006 - PARL.EUROPE","SPO-BETB006_00007_100","O3","Ozone (air)","P1Y-dmax-per93.15","1 year 93.15 percentile daily 8h maximum","2016","99.875","ug/m3","37.43","1","Background","Urban","4.3744","50.8386","67.0","Bruxelles / Brussel                                                             ","BE001C1                                           ","1223364","E1a/validated data AQ e-Reporting","18/03/2023 22:12:55","http://fme.discomap.eea.europa.eu/fmedatastreaming/AirQualityDownload/AQData_Extract.fmw?CountryCode=BE&CityName=&Pollutant=7&Year_from=2016&Year_to=2016&Station=STA-BETB006&Samplingpoint=&Source=E1a&Output=HTML&UpdateDate="
"Belgium","NET-Flanders","Flanders","BELAL01","40AL01 - LINKEROEVER","SPO-BELAL01_06001_100","PM2.5","Particulate matter < 2.5 µm (aerosol)","P1Y-day-max","1 year day max","2016","52.875","ug/m3","97.27","1","Industrial","Suburban","4.3852","51.2362","10.0","Antwerpen                                                                       ","BE002C1                                           ","530014","E1a/validated data AQ e-Reporting","18/03/2023 21:43:22","http://fme.discomap.eea.europa.eu/fmedatastreaming/AirQualityDownload/AQData_Extract.fmw?CountryCode=BE&CityName=&Pollutant=6001&Year_from=2016&Year_to=2016&Station=STA-BELAL01&Samplingpoint=&Source=E1a&Output=HTML&UpdateDate="
"Belgium","NET-Brussels","Brussels","BETR012","41R012 - UCCLE","SPO-BETR012_00007_100","O3","Ozone (air)","P1Y-hr-per50","1 year 50 percentile","2016","42.000","ug/m3","96.99","1","Background","Suburban","4.3586","50.7966","101.0","Bruxelles / Brussel                                                             ","BE001C1                                           ","1223364","E1a/validated data AQ e-Reporting","18/03/2023 22:05:49","http://fme.discomap.eea.europa.eu/fmedatastreaming/AirQualityDownload/AQData_Extract.fmw?CountryCode=BE&CityName=&Pollutant=7&Year_from=2016&Year_to=2016&Station=STA-BETR012&Samplingpoint=&Source=E1a&Output=HTML&UpdateDate="
"Belgium","NET-Brussels","Brussels","BETR012","41R012 - UCCLE","SPO-BETR012_00008_100","NO2","Nitrogen dioxide (air)","P3Y","3 subsequent calendar years mean","2016","21.722","ug/m3","95.42","1","Background","Suburban","4.3586","50.7966","101.0","Bruxelles / Brussel                                                             ","BE001C1                                           ","1223364","E1a/validated data AQ e-Reporting","18/03/2023 21:36:00","http://fme.discomap.eea.europa.eu/fmedatastreaming/AirQualityDownload/AQData_Extract.fmw?CountryCode=BE&CityName=&Pollutant=8&Year_from=2016&Year_to=2016&Station=STA-BETR012&Samplingpoint=&Source=E1a&Output=HTML&UpdateDate="
"Belgium","NET-Flanders","Flanders","BELHB23","40HB23 - HOBOKEN","SPO-BELHB23_00005_100","PM10","Particulate matter < 10 µm (aerosol)","P1Y-hr-min","1 year hour min","2016","3.600","ug/m3","97.93","1","Industrial","Suburban","4.3410","51.1703","13.0","Antwerpen                                                                       ","BE002C1                                           ","530014","E1a/validated data AQ e-Reporting","18/03/2023 22:31:20","http://fme.discomap.eea.europa.eu/fmedatastreaming/AirQualityDownload/AQData_Extract.fmw?CountryCode=BE&CityName=&Pollutant=5&Year_from=2016&Year_to=2016&Station=STA-BELHB23&Samplingpoint=&Source=E1a&Output=HTML&UpdateDate="
"Belgium","NET-Flanders","Flanders","BETN016","42N016 - DESSEL","SPO-BETN016_00007_100","O3","Ozone (air)","P1Y-maxP6M-P8H-dmax","Yearly highest six monthly average of daily maximum 8-hour mean concentration","2016","79.132","ug/m3","100.00","1","Background","Rural","5.1640","51.2337","30.0","","","","E1a/validated data AQ e-Reporting","18/03/2023 22:58:54","http://fme.discomap.eea.europa.eu/fmedatastreaming/AirQualityDownload/AQData_Extract.fmw?CountryCode=BE&CityName=&Pollutant=7&Year_from=2016&Year_to=2016&Station=STA-BETN016&Samplingpoint=&Source=E1a&Output=HTML&UpdateDate="
"Belgium","NET-Flanders","Flanders","BESN029","59N029 - VEURNE","SPO-BESN029_06013_100","1,3,5-C6H3(CH3)3","1,3,5-Trimethylbenzene (air)","P1Y","Annual mean / 1 calendar year","2016","0.000","ug/m3","87.99","1","Background","Suburban","2.5823","51.0163","0.0","","","","E1a/validated data AQ e-Reporting","18/03/2023 21:08:58","http://fme.discomap.eea.europa.eu/fmedatastreaming/AirQualityDownload/AQData_Extract.fmw?CountryCode=BE&CityName=&Pollutant=6013&Year_from=2016&Year_to=2016&Station=STA-BESN029&Samplingpoint=&Source=E1a&Output=HTML&UpdateDate="
"Belgium","NET-Flanders","Flanders","BEMR750","0ZEL02 - ZELZATE","SPO-BEMR750_05012_100","Pb in PM10","Lead in PM10 (aerosol)","P1Y","Annual mean / 1 calendar year","2016","0.017","ug/m3","99.45","1","Industrial","Suburban","3.8229","51.1961","6.0","","","","E1a/validated data AQ e-Reporting","18/03/2023 21:08:58","http://fme.discomap.eea.europa.eu/fmedatastreaming/AirQualityDownload/AQData_Extract.fmw?CountryCode=BE&CityName=&Pollutant=5012&Year_from=2016&Year_to=2016&Station=STA-BEMR750&Samplingpoint=&Source=E1a&Output=HTML&UpdateDate="
"Belgium","NET-Flanders","Flanders","BETM705","44M705 - ROESELARE","SPO-BETM705_06001_100","PM2.5","Particulate matter < 2.5 µm (aerosol)","P1Y-hr-per50","1 year 50 percentile","2016","10.500","ug/m3","97.21","1","Industrial","Suburban","3.1524","50.9454","19.0","","","","E1a/validated data AQ e-Reporting","18/03/2023 22:05:49","http://fme.discomap.eea.europa.eu/fmedatastreaming/AirQualityDownload/AQData_Extract.fmw?CountryCode=BE&CityName=&Pollutant=6001&Year_from=2016&Year_to=2016&Station=STA-BETM705&Samplingpoint=&Source=E1a&Output=HTML&UpdateDate="
"Belgium","NET-Flanders","Flanders","BEMHB17","00HB17 - HOBOKEN","SPO-BEMHB17_05012_100","Pb in PM10","Lead in PM10 (aerosol)","P1Y","Annual mean / 1 calendar year","2016","0.288","ug/m3","97.81","1","Industrial","Suburban","4.3379","51.1703","10.0","Antwerpen                                                                       ","BE002C1                                           ","530014","E1a/validated data AQ e-Reporting","18/03/2023 21:08:58","http://fme.discomap.eea.europa.eu/fmedatastreaming/AirQualityDownload/AQData_Extract.fmw?CountryCode=BE&CityName=&Pollutant=5012&Year_from=2016&Year_to=2016&Station=STA-BEMHB17&Samplingpoint=&Source=E1a&Output=HTML&UpdateDate="
"Belgium","NET-Flanders","Flanders","BETR701","44R701 - GENT","SPO-BETR701_00010_100","CO","Carbon monoxide (air)","P1Y-hr-max","1 year hour max","2016","1.515","mg/m3","97.43","1","Background","Urban","3.7293","51.0583","5.0","Gent                                                                            ","BE003C1                                           ","263687","E1a/validated data AQ e-Reporting","18/03/2023 21:57:02","http://fme.discomap.eea.europa.eu/fmedatastreaming/AirQualityDownload/AQData_Extract.fmw?CountryCode=BE&CityName=&Pollutant=10&Year_from=2016&Year_to=2016&Station=STA-BETR701&Samplingpoint=&Source=E1a&Output=HTML&UpdateDate="
"Belgium","NET-Flanders","Flanders","BETN051","44N051 - IDEGEM","SPO-BETN051_00007_100","O3","Ozone (air)","P1Y-hr-min","1 year hour min","2016","1.000","ug/m3","91.29","1","Background","Rural","3.9303","50.7989","15.0","","","","E1a/validated data AQ e-Reporting","18/03/2023 22:31:20","http://fme.discomap.eea.europa.eu/fmedatastreaming/AirQualityDownload/AQData_Extract.fmw?CountryCode=BE&CityName=&Pollutant=7&Year_from=2016&Year_to=2016&Station=STA-BETN051&Samplingpoint=&Source=E1a&Output=HTML&UpdateDate="
"Belgium","NET-Flanders","Flanders","BETN040","42N040 - ST.P.LEEUWG","SPO-BETN040_00007_100","O3","Ozone (air)","P1Y","Annual mean / 1 calendar year","2016","46.167","ug/m3","91.03","1","Background","Rural","4.2252","50.7681","20.0","","","","E1a/validated data AQ e-Reporting","18/03/2023 21:08:58","http://fme.discomap.eea.europa.eu/fmedatastreaming/AirQualityDownload/AQData_Extract.fmw?CountryCode=BE&CityName=&Pollutant=7&Year_from=2016&Year_to=2016&Station=STA-BETN040&Samplingpoint=&Source=E1a&Output=HTML&UpdateDate="
"Belgium","NET-Flanders","Flanders","BETR710","44R710 - DESTELBERGE","SPO-BETR710_00007_100","O3","Ozone (air)","P1Y-day-max","1 year day max","2016","105.167","ug/m3","90.16","1","Background","Suburban","3.7753","51.0613","6.0","","","","E1a/validated data AQ e-Reporting","18/03/2023 21:44:13","http://fme.discomap.eea.europa.eu/fmedatastreaming/AirQualityDownload/AQData_Extract.fmw?CountryCode=BE&CityName=&Pollutant=7&Year_from=2016&Year_to=2016&Station=STA-BETR710&Samplingpoint=&Source=E1a&Output=HTML&UpdateDate="
"Belgium","NET-Flanders","Flanders","BETN016","42N016 - DESSEL","SPO-BETN016_00007_100","O3","Ozone (air)","P3Y-dmaxAbove120","Daymax exceed 120 averaged over 3 consecutive years","2016","17.000","count","100.00","1","Background","Rural","5.1640","51.2337","30.0","","","","E1a/validated data AQ e-Reporting","18/03/2023 22:34:54","http://fme.discomap.eea.europa.eu/fmedatastreaming/AirQualityDownload/AQData_Extract.fmw?CountryCode=BE&CityName=&Pollutant=7&Year_from=2016&Year_to=2016&Station=STA-BETN016&Samplingpoint=&Source=E1a&Output=HTML&UpdateDate="
"Belgium","NET-Flanders","Flanders","BELWZ02","40WZ02 - MOL","SPO-BELWZ02_00001_100","SO2","Sulphur dioxide (air)","P1Y-hrsAbove350","1 year hour exceed 350","2016","6.000","count","97.42","1","Industrial","Rural","5.2215","51.1928","40.0","","","","E1a/validated data AQ e-Reporting","18/03/2023 21:52:12","http://fme.discomap.eea.europa.eu/fmedatastreaming/AirQualityDownload/AQData_Extract.fmw?CountryCode=BE&CityName=&Pollutant=1&Year_from=2016&Year_to=2016&Station=STA-BELWZ02&Samplingpoint=&Source=E1a&Output=HTML&UpdateDate="
"Belgium","NET-Flanders","Flanders","BELHB23","40HB23 - HOBOKEN","SPO-BELHB23_00005_100","PM10","Particulate matter < 10 µm (aerosol)","P3Y","3 subsequent calendar years mean","2016","24.997","ug/m3","98.60","1","Industrial","Suburban","4.3410","51.1703","13.0","Antwerpen                                                                       ","BE002C1                                           ","530014","E1a/validated data AQ e-Reporting","18/03/2023 21:36:00","http://fme.discomap.eea.europa.eu/fmedatastreaming/AirQualityDownload/AQData_Extract.fmw?CountryCode=BE&CityName=&Pollutant=5&Year_from=2016&Year_to=2016&Station=STA-BELHB23&Samplingpoint=&Source=E1a&Output=HTML&UpdateDate="
"Belgium","NET-Flanders","Flanders","BELHB23","40HB23 - HOBOKEN","SPO-BELHB23_00008_100","NO2","Nitrogen dioxide (air)","P1Y-hrsAbove400","1 year hour exceed 400","2016","0.000","count","95.33","1","Industrial","Suburban","4.3410","51.1703","13.0","Antwerpen                                                                       ","BE002C1                                           ","530014","E1a/validated data AQ e-Reporting","18/03/2023 21:54:38","http://fme.discomap.eea.europa.eu/fmedatastreaming/AirQualityDownload/AQData_Extract.fmw?CountryCode=BE&CityName=&Pollutant=8&Year_from=2016&Year_to=2016&Station=STA-BELHB23&Samplingpoint=&Source=E1a&Output=HTML&UpdateDate="
"Belgium","NET-Flanders","Flanders","BELHB23","40HB23 - HOBOKEN","SPO-BELHB23_00005_100","PM10","Particulate matter < 10 µm (aerosol)","P1Y-day-min","1 year day min","2016","10.038","ug/m3","96.99","1","Industrial","Suburban","4.3410","51.1703","13.0","Antwerpen                                                                       ","BE002C1                                           ","530014","E1a/validated data AQ e-Reporting","18/03/2023 21:55:13","http://fme.discomap.eea.europa.eu/fmedatastreaming/AirQualityDownload/AQData_Extract.fmw?CountryCode=BE&CityName=&Pollutant=5&Year_from=2016&Year_to=2016&Station=STA-BELHB23&Samplingpoint=&Source=E1a&Output=HTML&UpdateDate="
"Belgium","NET-Flanders","Flanders","BELLD01","40LD01 - LAAKDAL","SPO-BELLD01_00008_100","NO2","Nitrogen dioxide (air)","P1Y-day-per50","1 year 50 %ile of daily values in a year","2016","20.354","ug/m3","97.27","1","Industrial","Rural","5.0049","51.1100","20.0","","","","E1a/validated data AQ e-Reporting","18/03/2023 22:14:21","http://fme.discomap.eea.europa.eu/fmedatastreaming/AirQualityDownload/AQData_Extract.fmw?CountryCode=BE&CityName=&Pollutant=8&Year_from=2016&Year_to=2016&Station=STA-BELLD01&Samplingpoint=&Source=E1a&Output=HTML&UpdateDate="
"Belgium","NET-Flanders","Flanders","BETE811","47E811 - DIEPENBEEK","SPO-BETE811_00001_100","SO2","Sulphur dioxide (air)","winter-avg","Winter mean","2016","1.430","ug/m3","97.50","1","Industrial","Rural","5.4182","50.8969","59.0","","","","E1a/validated data AQ e-Reporting","18/03/2023 22:50:43","http://fme.discomap.eea.europa.eu/fmedatastreaming/AirQualityDownload/AQData_Extract.fmw?CountryCode=BE&CityName=&Pollutant=1&Year_from=2016&Year_to=2016&Station=STA-BETE811&Samplingpoint=&Source=E1a&Output=HTML&UpdateDate="
"Belgium","NET-Flanders","Flanders","BEMBE07","00BE07 - BEERSE","SPO-BEMBE07_05015_100","Ni in PM10","Nickel in PM10 (aerosol)","P1Y","Annual mean / 1 calendar year","2016","3.676","ng/m3","99.73","1","Industrial","Suburban","4.8217","51.3251","35.0","","","","E1a/validated data AQ e-Reporting","18/03/2023 21:08:58","http://fme.discomap.eea.europa.eu/fmedatastreaming/AirQualityDownload/AQData_Extract.fmw?CountryCode=BE&CityName=&Pollutant=5015&Year_from=2016&Year_to=2016&Station=STA-BEMBE07&Samplingpoint=&Source=E1a&Output=HTML&UpdateDate="
"Belgium","NET-Flanders","Flanders","BEDHB17","65HB17 - HOBOKEN
","SPO-BEDHB17_07406_100","Chrysene","Chrysene (precip+dry_dep)","P1Y","Annual mean / 1 calendar year","2016","37.447","ng/m2/day","22.95","1","Background","Urban","4.3379","51.1703","0.0","Antwerpen                                                                       ","BE002C1                                           ","530014","E1a/validated data AQ e-Reporting","18/03/2023 21:08:58","http://fme.discomap.eea.europa.eu/fmedatastreaming/AirQualityDownload/AQData_Extract.fmw?CountryCode=BE&CityName=&Pollutant=7406&Year_from=2016&Year_to=2016&Station=STA-BEDHB17&Samplingpoint=&Source=E1a&Output=HTML&UpdateDate="
"Belgium","NET-Flanders","Flanders","BEDR750","65R750 - ZELZATE
","SPO-BEDR750_07435_100","Fluorene","Fluorene (precip+dry_dep)","P1Y","Annual mean / 1 calendar year","2016","21.643","ng/m2/day","92.62","1","Industrial","Suburban","3.8229","51.1961","0.0","","","","E1a/validated data AQ e-Reporting","18/03/2023 21:08:58","http://fme.discomap.eea.europa.eu/fmedatastreaming/AirQualityDownload/AQData_Extract.fmw?CountryCode=BE&CityName=&Pollutant=7435&Year_from=2016&Year_to=2016&Station=STA-BEDR750&Samplingpoint=&Source=E1a&Output=HTML&UpdateDate="
"Belgium","NET-Flanders","Flanders","BETE703","47E703 - OOSTEEKLO","SPO-BETE703_00008_100","NO2","Nitrogen dioxide (air)","P1Y-day-per50","1 year 50 %ile of daily values in a year","2016","15.636","ug/m3","97.27","1","Industrial","Rural","3.6873","51.1903","0.0","","","","E1a/validated data AQ e-Reporting","18/03/2023 22:14:21","http://fme.discomap.eea.europa.eu/fmedatastreaming/AirQualityDownload/AQData_Extract.fmw?CountryCode=BE&CityName=&Pollutant=8&Year_from=2016&Year_to=2016&Station=STA-BETE703&Samplingpoint=&Source=E1a&Output=HTML&UpdateDate="
"Belgium","NET-Flanders","Flanders","BEPN029","60N029 - HOUTEM","SPO-BEPN029_05029_100","BaP in PM10","Benzo(a)pyrene in PM10 (aerosol)","P1Y","Annual mean / 1 calendar year","2016","0.083","ng/m3","33.06","1","Background","Rural","2.5823","51.0163","2.0","","","","E1a/validated data AQ e-Reporting","18/03/2023 21:08:58","http://fme.discomap.eea.europa.eu/fmedatastreaming/AirQualityDownload/AQData_Extract.fmw?CountryCode=BE&CityName=&Pollutant=5029&Year_from=2016&Year_to=2016&Station=STA-BEPN029&Samplingpoint=&Source=E1a&Output=HTML&UpdateDate="
"Belgium","NET-Flanders","Flanders","BESN029","59N029 - VEURNE","SPO-BESN029_00431_100","C6H5-C2H5","Ethyl benzene (air)","P1Y","Annual mean / 1 calendar year","2016","0.000","ug/m3","87.99","1","Background","Suburban","2.5823","51.0163","0.0","","","","E1a/validated data AQ e-Reporting","18/03/2023 21:08:58","http://fme.discomap.eea.europa.eu/fmedatastreaming/AirQualityDownload/AQData_Extract.fmw?CountryCode=BE&CityName=&Pollutant=431&Year_from=2016&Year_to=2016&Station=STA-BESN029&Samplingpoint=&Source=E1a&Output=HTML&UpdateDate="
"Belgium","NET-Flanders","Flanders","BEDHZ02","65HZ02 - HEUZDEN-ZOLDER
","SPO-BEDHZ02_00624_100","Benzo(ghi)perylene","Benzo(ghi)perylene (precip+dry_dep)","P1Y","Annual mean / 1 calendar year","2016","29.067","ng/m2/day","22.95","1","Industrial","Suburban","5.2477","50.9943","0.0","","","","E1a/validated data AQ e-Reporting","18/03/2023 21:08:58","http://fme.discomap.eea.europa.eu/fmedatastreaming/AirQualityDownload/AQData_Extract.fmw?CountryCode=BE&CityName=&Pollutant=624&Year_from=2016&Year_to=2016&Station=STA-BEDHZ02&Samplingpoint=&Source=E1a&Output=HTML&UpdateDate="
"Belgium","NET-Brussels","Brussels","BETN043","41N043 - HAREN","SPO-BETN043_00001_100","SO2","Sulphur dioxide (air)","P1Y-day-max4","1 year day max 4","2016","8.313","ug/m3","98.91","1","Industrial","Suburban","4.3830","50.8837","17.0","Bruxelles / Brussel                                                             ","BE001C1                                           ","1223364","E1a/validated data AQ e-Reporting","18/03/2023 22:31:46","http://fme.discomap.eea.europa.eu/fmedatastreaming/AirQualityDownload/AQData_Extract.fmw?CountryCode=BE&CityName=&Pollutant=1&Year_from=2016&Year_to=2016&Station=STA-BETN043&Samplingpoint=&Source=E1a&Output=HTML&UpdateDate="
"Belgium","NET-Flanders","Flanders","BELAB02","40AB02 - BERENDRECHT","SPO-BELAB02_00005_100","PM10","Particulate matter < 10 µm (aerosol)","P1Y-hr-per50","1 year 50 percentile","2016","18.600","ug/m3","99.85","1","Background","Suburban","4.3218","51.3407","10.0","Antwerpen                                                                       ","BE002C1                                           ","530014","E1a/validated data AQ e-Reporting","18/03/2023 22:05:49","http://fme.discomap.eea.europa.eu/fmedatastreaming/AirQualityDownload/AQData_Extract.fmw?CountryCode=BE&CityName=&Pollutant=5&Year_from=2016&Year_to=2016&Station=STA-BELAB02&Samplingpoint=&Source=E1a&Output=HTML&UpdateDate="
"Belgium","NET-Flanders","Flanders","BELAL01","40AL01 - LINKEROEVER","SPO-BELAL01_00008_100","NO2","Nitrogen dioxide (air)","P1Y-hr-min","1 year hour min","2016","1.000","ug/m3","94.18","1","Industrial","Suburban","4.3852","51.2362","10.0","Antwerpen                                                                       ","BE002C1                                           ","530014","E1a/validated data AQ e-Reporting","18/03/2023 22:31:20","http://fme.discomap.eea.europa.eu/fmedatastreaming/AirQualityDownload/AQData_Extract.fmw?CountryCode=BE&CityName=&Pollutant=8&Year_from=2016&Year_to=2016&Station=STA-BELAL01&Samplingpoint=&Source=E1a&Output=HTML&UpdateDate="
"Belgium","NET-Brussels","Brussels","BETB004","41B004 - STE.CATHERI","SPO-BETB004_00007_100","O3","Ozone (air)","AOT40c","AOT40 vegetation protection","2016","4131.146","ug/m3","98.82","1","Background","Urban","4.3478","50.8521","17.0","Bruxelles / Brussel                                                             ","BE001C1                                           ","1223364","E1a/validated data AQ e-Reporting","18/03/2023 23:06:29","http://fme.discomap.eea.europa.eu/fmedatastreaming/AirQualityDownload/AQData_Extract.fmw?CountryCode=BE&CityName=&Pollutant=7&Year_from=2016&Year_to=2016&Station=STA-BETB004&Samplingpoint=&Source=E1a&Output=HTML&UpdateDate="
"Belgium","NET-Brussels","Brussels","BETB004","41B004 - STE.CATHERI","SPO-BETB004_00007_100","O3","Ozone (air)","P3Y-dmaxAbove120","Daymax exceed 120 averaged over 3 consecutive years","2016","4.667","count","100.00","1","Background","Urban","4.3478","50.8521","17.0","Bruxelles / Brussel                                                             ","BE001C1                                           ","1223364","E1a/validated data AQ e-Reporting","18/03/2023 22:34:54","http://fme.discomap.eea.europa.eu/fmedatastreaming/AirQualityDownload/AQData_Extract.fmw?CountryCode=BE&CityName=&Pollutant=7&Year_from=2016&Year_to=2016&Station=STA-BETB004&Samplingpoint=&Source=E1a&Output=HTML&UpdateDate="
"Belgium","NET-Brussels","Brussels","BETB011","41B011 - BERCHEM S.A","SPO-BETB011_00008_100","NO2","Nitrogen dioxide (air)","P1Y-hr-max-per99.79","1 year 99.79 %ile of hourly values in a given year","2016","100.500","ug/m3","97.48","1","Background","Suburban","4.2887","50.8578","66.0","Bruxelles / Brussel                                                             ","BE001C1                                           ","1223364","E1a/validated data AQ e-Reporting","18/03/2023 22:07:35","http://fme.discomap.eea.europa.eu/fmedatastreaming/AirQualityDownload/AQData_Extract.fmw?CountryCode=BE&CityName=&Pollutant=8&Year_from=2016&Year_to=2016&Station=STA-BETB011&Samplingpoint=&Source=E1a&Output=HTML&UpdateDate="
"Belgium","NET-Brussels","Brussels","BETB011","41B011 - BERCHEM S.A","SPO-BETB011_00007_100","O3","Ozone (air)","P1Y-hr-min","1 year hour min","2016","2.000","ug/m3","98.01","1","Background","Suburban","4.2887","50.8578","66.0","Bruxelles / Brussel                                                             ","BE001C1                                           ","1223364","E1a/validated data AQ e-Reporting","18/03/2023 22:31:20","http://fme.discomap.eea.europa.eu/fmedatastreaming/AirQualityDownload/AQData_Extract.fmw?CountryCode=BE&CityName=&Pollutant=7&Year_from=2016&Year_to=2016&Station=STA-BETB011&Samplingpoint=&Source=E1a&Output=HTML&UpdateDate="
"Belgium","NET-Brussels","Brussels","BETB011","41B011 - BERCHEM S.A","SPO-BETB011_00007_100","O3","Ozone (air)","P3Y-dmaxAbove120","Daymax exceed 120 averaged over 3 consecutive years","2016","9.333","count","100.00","1","Background","Suburban","4.2887","50.8578","66.0","Bruxelles / Brussel                                                             ","BE001C1                                           ","1223364","E1a/validated data AQ e-Reporting","18/03/2023 22:34:54","http://fme.discomap.eea.europa.eu/fmedatastreaming/AirQualityDownload/AQData_Extract.fmw?CountryCode=BE&CityName=&Pollutant=7&Year_from=2016&Year_to=2016&Station=STA-BETB011&Samplingpoint=&Source=E1a&Output=HTML&UpdateDate="
"Belgium","NET-Brussels","Brussels","BEMMEU1","01MEU1 - MEUDON","SPO-BEMMEU1_03014_100","Cd in TSP","Cadmium in TSP (aerosol)","P1Y","Annual mean / 1 calendar year","2016","2.287","ng/m3","96.98","1","Background","Suburban","4.3927","50.8951","50.0","Bruxelles / Brussel                                                             ","BE001C1                                           ","1223364","E1a/validated data AQ e-Reporting","18/03/2023 21:08:58","http://fme.discomap.eea.europa.eu/fmedatastreaming/AirQualityDownload/AQData_Extract.fmw?CountryCode=BE&CityName=&Pollutant=3014&Year_from=2016&Year_to=2016&Station=STA-BEMMEU1&Samplingpoint=&Source=E1a&Output=HTML&UpdateDate="
"Belgium","NET-Brussels","Brussels","BETR001","41R001 - MOLENBEEK","SPO-BETR001_00010_100","CO","Carbon monoxide (air)","P1Y-hr-per50","1 year 50 percentile","2016","0.250","mg/m3","87.24","1","Background","Urban","4.3341","50.8497","20.0","Bruxelles / Brussel                                                             ","BE001C1                                           ","1223364","E1a/validated data AQ e-Reporting","18/03/2023 22:05:49","http://fme.discomap.eea.europa.eu/fmedatastreaming/AirQualityDownload/AQData_Extract.fmw?CountryCode=BE&CityName=&Pollutant=10&Year_from=2016&Year_to=2016&Station=STA-BETR001&Samplingpoint=&Source=E1a&Output=HTML&UpdateDate="
"Belgium","NET-Flanders","Flanders","BESN035","59N035 - AARSCHOT","SPO-BESN035_00434_100","C9H12","Propylbenzene (air)","P1Y","Annual mean / 1 calendar year","2016","0.000","ug/m3","80.33","1","Background","Suburban","4.8376","50.9776","0.0","","","","E1a/validated data AQ e-Reporting","18/03/2023 21:08:58","http://fme.discomap.eea.europa.eu/fmedatastreaming/AirQualityDownload/AQData_Extract.fmw?CountryCode=BE&CityName=&Pollutant=434&Year_from=2016&Year_to=2016&Station=STA-BESN035&Samplingpoint=&Source=E1a&Output=HTML&UpdateDate="
"Belgium","NET-Flanders","Flanders","BESN045","59N045 - HASSELT","SPO-BESN045_06011_100","1,2,4-C6H3(CH3)3","1,2,4-Trimethylbenzene (air)","P1Y","Annual mean / 1 calendar year","2016","0.000","ug/m3","87.99","1","Background","Suburban","5.3684","50.9397","0.0","","","","E1a/validated data AQ e-Reporting","18/03/2023 21:08:58","http://fme.discomap.eea.europa.eu/fmedatastreaming/AirQualityDownload/AQData_Extract.fmw?CountryCode=BE&CityName=&Pollutant=6011&Year_from=2016&Year_to=2016&Station=STA-BESN045&Samplingpoint=&Source=E1a&Output=HTML&UpdateDate="
"Belgium","NET-Flanders","Flanders","BETR801","42R801 - BORGERHOUT","SPO-BETR801_00001_100","SO2","Sulphur dioxide (air)","P1Y-day-min","1 year day min","2016","1.000","ug/m3","99.45","1","Background","Urban","4.4318","51.2097","6.0","Antwerpen                                                                       ","BE002C1                                           ","530014","E1a/validated data AQ e-Reporting","18/03/2023 21:54:56","http://fme.discomap.eea.europa.eu/fmedatastreaming/AirQualityDownload/AQData_Extract.fmw?CountryCode=BE&CityName=&Pollutant=1&Year_from=2016&Year_to=2016&Station=STA-BETR801&Samplingpoint=&Source=E1a&Output=HTML&UpdateDate="
"Belgium","NET-Flanders","Flanders","BETN016","42N016 - DESSEL","SPO-BETN016_00001_100","SO2","Sulphur dioxide (air)","P1Y-hr-per50","1 year 50 percentile","2016","1.000","ug/m3","97.22","1","Background","Rural","5.1640","51.2337","30.0","","","","E1a/validated data AQ e-Reporting","18/03/2023 22:05:49","http://fme.discomap.eea.europa.eu/fmedatastreaming/AirQualityDownload/AQData_Extract.fmw?CountryCode=BE&CityName=&Pollutant=1&Year_from=2016&Year_to=2016&Station=STA-BETN016&Samplingpoint=&Source=E1a&Output=HTML&UpdateDate="
"Belgium","NET-Flanders","Flanders","BETN046","42N046 - GELLIK","SPO-BETN046_00008_100","NO2","Nitrogen dioxide (air)","P1Y-day-min","1 year day min","2016","2.587","ug/m3","95.63","1","Background","Rural","5.6189","50.8823","70.0","","","","E1a/validated data AQ e-Reporting","18/03/2023 21:56:03","http://fme.discomap.eea.europa.eu/fmedatastreaming/AirQualityDownload/AQData_Extract.fmw?CountryCode=BE&CityName=&Pollutant=8&Year_from=2016&Year_to=2016&Station=STA-BETN046&Samplingpoint=&Source=E1a&Output=HTML&UpdateDate="
"Belgium","NET-Flanders","Flanders","BETE007","47E007 - Sint-Pieters-Leeuw","SPO-BETE007_00008_100","NO2","Nitrogen dioxide (air)","P1Y-hr-max","1 year hour max","2016","96.000","ug/m3","96.97","1","Industrial","Rural","4.2526","50.7953","54.0","","","","E1a/validated data AQ e-Reporting","18/03/2023 21:57:02","http://fme.discomap.eea.europa.eu/fmedatastreaming/AirQualityDownload/AQData_Extract.fmw?CountryCode=BE&CityName=&Pollutant=8&Year_from=2016&Year_to=2016&Station=STA-BETE007&Samplingpoint=&Source=E1a&Output=HTML&UpdateDate="
"Belgium","NET-Flanders","Flanders","BETN029","44N029 - HOUTEM","SPO-BETN029_00005_100","PM10","Particulate matter < 10 µm (aerosol)","P1Y-P1D-per90.41","1 year 90.41 percentile","2016","32.475","ug/m3","99.18","1","Background","Rural","2.5823","51.0163","2.0","","","","E1a/validated data AQ e-Reporting","18/03/2023 22:09:05","http://fme.discomap.eea.europa.eu/fmedatastreaming/AirQualityDownload/AQData_Extract.fmw?CountryCode=BE&CityName=&Pollutant=5&Year_from=2016&Year_to=2016&Station=STA-BETN029&Samplingpoint=&Source=E1a&Output=HTML&UpdateDate="
"Belgium","NET-Flanders","Flanders","BEDR750","65R750 - ZELZATE
","SPO-BEDR750_00645_100","Fluoranthene","fluoranthene (precip+dry_dep)","P1Y","Annual mean / 1 calendar year","2016","103.154","ng/m2/day","92.62","1","Industrial","Suburban","3.8229","51.1961","0.0","","","","E1a/validated data AQ e-Reporting","18/03/2023 21:08:58","http://fme.discomap.eea.europa.eu/fmedatastreaming/AirQualityDownload/AQData_Extract.fmw?CountryCode=BE&CityName=&Pollutant=645&Year_from=2016&Year_to=2016&Station=STA-BEDR750&Samplingpoint=&Source=E1a&Output=HTML&UpdateDate="
"Belgium","NET-Flanders","Flanders","BEDR750","65R750 - ZELZATE
","SPO-BEDR750_07419_100","Dibenzo(ah)anthracene","Dibenzo(ah)anthracene (precip+dry_dep)","P1Y","Annual mean / 1 calendar year","2016","17.815","ng/m2/day","92.62","1","Industrial","Suburban","3.8229","51.1961","0.0","","","","E1a/validated data AQ e-Reporting","18/03/2023 21:08:58","http://fme.discomap.eea.europa.eu/fmedatastreaming/AirQualityDownload/AQData_Extract.fmw?CountryCode=BE&CityName=&Pollutant=7419&Year_from=2016&Year_to=2016&Station=STA-BEDR750&Samplingpoint=&Source=E1a&Output=HTML&UpdateDate="
"Belgium","NET-Flanders","Flanders","BETN045","42N045 - HASSELT","SPO-BETN045_00001_100","SO2","Sulphur dioxide (air)","P1Y-hr-per50","1 year 50 percentile","2016","1.000","ug/m3","96.54","1","Background","Suburban","5.3684","50.9397","41.0","","","","E1a/validated data AQ e-Reporting","18/03/2023 22:05:49","http://fme.discomap.eea.europa.eu/fmedatastreaming/AirQualityDownload/AQData_Extract.fmw?CountryCode=BE&CityName=&Pollutant=1&Year_from=2016&Year_to=2016&Station=STA-BETN045&Samplingpoint=&Source=E1a&Output=HTML&UpdateDate="
"Belgium","NET-Flanders","Flanders","BEDZL06","65ZL06 - ZELZATE","SPO-BEDZL06_07465_100","Naphthalene","Naphthalene (precip+dry_dep)","P1Y","Annual mean / 1 calendar year","2016","54.777","ng/m2/day","22.95","1","Industrial","Suburban","3.8113","51.2087","0.0","","","","E1a/validated data AQ e-Reporting","18/03/2023 21:08:58","http://fme.discomap.eea.europa.eu/fmedatastreaming/AirQualityDownload/AQData_Extract.fmw?CountryCode=BE&CityName=&Pollutant=7465&Year_from=2016&Year_to=2016&Station=STA-BEDZL06&Samplingpoint=&Source=E1a&Output=HTML&UpdateDate="
"Belgium","NET-Flanders","Flanders","BETN051","44N051 - IDEGEM","SPO-BETN051_00007_100","O3","Ozone (air)","P1Y-dx-avg","1 year daymax average","2016","64.771","ug/m3","92.35","1","Background","Rural","3.9303","50.7989","15.0","","","","E1a/validated data AQ e-Reporting","18/03/2023 22:27:48","http://fme.discomap.eea.europa.eu/fmedatastreaming/AirQualityDownload/AQData_Extract.fmw?CountryCode=BE&CityName=&Pollutant=7&Year_from=2016&Year_to=2016&Station=STA-BETN051&Samplingpoint=&Source=E1a&Output=HTML&UpdateDate="
"Belgium","NET-Flanders","Flanders","BELWZ02","40WZ02 - MOL","SPO-BELWZ02_00001_100","SO2","Sulphur dioxide (air)","P1Y-hr-max-per99.73","1 year 99.73 %ile of hourly values in a given year","2016","209.000","ug/m3","97.42","1","Industrial","Rural","5.2215","51.1928","40.0","","","","E1a/validated data AQ e-Reporting","18/03/2023 22:06:23","http://fme.discomap.eea.europa.eu/fmedatastreaming/AirQualityDownload/AQData_Extract.fmw?CountryCode=BE&CityName=&Pollutant=1&Year_from=2016&Year_to=2016&Station=STA-BELWZ02&Samplingpoint=&Source=E1a&Output=HTML&UpdateDate="
"Belgium","NET-Flanders","Flanders","BEDHB17","65HB17 - HOBOKEN
","SPO-BEDHB17_07029_100","BaP","Benzo(a)pyrene (precip+dry_dep)","P1Y","Annual mean / 1 calendar year","2016","23.473","ng/m2/day","22.95","1","Background","Urban","4.3379","51.1703","0.0","Antwerpen                                                                       ","BE002C1                                           ","530014","E1a/validated data AQ e-Reporting","18/03/2023 21:08:58","http://fme.discomap.eea.europa.eu/fmedatastreaming/AirQualityDownload/AQData_Extract.fmw?CountryCode=BE&CityName=&Pollutant=7029&Year_from=2016&Year_to=2016&Station=STA-BEDHB17&Samplingpoint=&Source=E1a&Output=HTML&UpdateDate="
"Belgium","NET-Flanders","Flanders","BESMA01","59MA01 - MAASMECHELEN","SPO-BESMA01_00454_100","C9H20","n-Nonane (air)","P1Y","Annual mean / 1 calendar year","2016","0.000","ug/m3","86.61","1","Background","Suburban","5.7256","50.9816","0.0","","","","E1a/validated data AQ e-Reporting","18/03/2023 21:08:58","http://fme.discomap.eea.europa.eu/fmedatastreaming/AirQualityDownload/AQData_Extract.fmw?CountryCode=BE&CityName=&Pollutant=454&Year_from=2016&Year_to=2016&Station=STA-BESMA01&Samplingpoint=&Source=E1a&Output=HTML&UpdateDate="
"Belgium","NET-Flanders","Flanders","BETN052","44N052 - ZWEVEGEM","SPO-BETN052_06001_100","PM2.5","Particulate matter < 2.5 µm (aerosol)","P1Y-hr-min","1 year hour min","2016","1.000","ug/m3","99.27","1","Background","Suburban","3.3225","50.8149","27.0","","","","E1a/validated data AQ e-Reporting","18/03/2023 22:31:20","http://fme.discomap.eea.europa.eu/fmedatastreaming/AirQualityDownload/AQData_Extract.fmw?CountryCode=BE&CityName=&Pollutant=6001&Year_from=2016&Year_to=2016&Station=STA-BETN052&Samplingpoint=&Source=E1a&Output=HTML&UpdateDate="
"Belgium","NET-Flanders","Flanders","BETN029","44N029 - HOUTEM","SPO-BETN029_00020_100","C6H6","Benzene (air)","P1Y","Annual mean / 1 calendar year","2016","0.689","ug/m3","6.40","1","Background","Rural","2.5823","51.0163","2.0","","","","E1a/validated data AQ e-Reporting","18/03/2023 21:08:58","http://fme.discomap.eea.europa.eu/fmedatastreaming/AirQualityDownload/AQData_Extract.fmw?CountryCode=BE&CityName=&Pollutant=20&Year_from=2016&Year_to=2016&Station=STA-BETN029&Samplingpoint=&Source=E1a&Output=HTML&UpdateDate="
"Belgium","NET-Flanders","Flanders","BETN054","42N054 - WALSHOUTEM","SPO-BETN054_00008_100","NO2","Nitrogen dioxide (air)","P1Y-day-min","1 year day min","2016","3.250","ug/m3","95.63","1","Background","Rural","5.1032","50.7117","135.0","","","","E1a/validated data AQ e-Reporting","18/03/2023 21:56:03","http://fme.discomap.eea.europa.eu/fmedatastreaming/AirQualityDownload/AQData_Extract.fmw?CountryCode=BE&CityName=&Pollutant=8&Year_from=2016&Year_to=2016&Station=STA-BETN054&Samplingpoint=&Source=E1a&Output=HTML&UpdateDate="
"Belgium","NET-Brussels","Brussels","BETB011","41B011 - BERCHEM S.A","SPO-BETB011_00007_100","O3","Ozone (air)","AOT40c","AOT40 vegetation protection","2016","6769.077","ug/m3","98.91","1","Background","Suburban","4.2887","50.8578","66.0","Bruxelles / Brussel                                                             ","BE001C1                                           ","1223364","E1a/validated data AQ e-Reporting","18/03/2023 23:06:29","http://fme.discomap.eea.europa.eu/fmedatastreaming/AirQualityDownload/AQData_Extract.fmw?CountryCode=BE&CityName=&Pollutant=7&Year_from=2016&Year_to=2016&Station=STA-BETB011&Samplingpoint=&Source=E1a&Output=HTML&UpdateDate="
"Belgium","NET-Brussels","Brussels","BETB011","41B011 - BERCHEM S.A","SPO-BETB011_00007_100","O3","Ozone (air)","P1Y-dmax-per99","1 year 99 percentile daily 8h maximum","2016","129.188","ug/m3","99.18","1","Background","Suburban","4.2887","50.8578","66.0","Bruxelles / Brussel                                                             ","BE001C1                                           ","1223364","E1a/validated data AQ e-Reporting","18/03/2023 22:13:26","http://fme.discomap.eea.europa.eu/fmedatastreaming/AirQualityDownload/AQData_Extract.fmw?CountryCode=BE&CityName=&Pollutant=7&Year_from=2016&Year_to=2016&Station=STA-BETB011&Samplingpoint=&Source=E1a&Output=HTML&UpdateDate="
"Belgium","NET-Flanders","Flanders","BEDDD02","65DDD02 - DUDZELE","SPO-BEDDD02_00714_100","Phenanthrene","phenanthrene (precip+dry_dep)","P1Y","Annual mean / 1 calendar year","2016","47.507","ng/m2/day","22.95","1","Background","Rural","3.2216","51.2664","0.0","Brugge                                                                          ","BE006C1                                           ","118916","E1a/validated data AQ e-Reporting","18/03/2023 21:08:58","http://fme.discomap.eea.europa.eu/fmedatastreaming/AirQualityDownload/AQData_Extract.fmw?CountryCode=BE&CityName=&Pollutant=714&Year_from=2016&Year_to=2016&Station=STA-BEDDD02&Samplingpoint=&Source=E1a&Output=HTML&UpdateDate="
"Belgium","NET-Flanders","Flanders","BEDGI05","65GI05 - GRIMBERGEN
","SPO-BEDGI05_00656_100","Indeno-(1,2,3-cd)pyrene","indeno_123cd_pyrene (precip+dry_dep)","P1Y","Annual mean / 1 calendar year","2016","34.093","ng/m2/day","22.95","1","Background","Suburban","4.4189","50.9482","0.0","","","","E1a/validated data AQ e-Reporting","18/03/2023 21:08:58","http://fme.discomap.eea.europa.eu/fmedatastreaming/AirQualityDownload/AQData_Extract.fmw?CountryCode=BE&CityName=&Pollutant=656&Year_from=2016&Year_to=2016&Station=STA-BEDGI05&Samplingpoint=&Source=E1a&Output=HTML&UpdateDate="
"Belgium","NET-Flanders","Flanders","BEDHB17","65HB17 - HOBOKEN
","SPO-BEDHB17_00624_100","Benzo(ghi)perylene","Benzo(ghi)perylene (precip+dry_dep)","P1Y","Annual mean / 1 calendar year","2016","7.267","ng/m2/day","22.95","1","Background","Urban","4.3379","51.1703","0.0","Antwerpen                                                                       ","BE002C1                                           ","530014","E1a/validated data AQ e-Reporting","18/03/2023 21:08:58","http://fme.discomap.eea.europa.eu/fmedatastreaming/AirQualityDownload/AQData_Extract.fmw?CountryCode=BE&CityName=&Pollutant=624&Year_from=2016&Year_to=2016&Station=STA-BEDHB17&Samplingpoint=&Source=E1a&Output=HTML&UpdateDate="
"Belgium","NET-Flanders","Flanders","BEDZL06","65ZL06 - ZELZATE","SPO-BEDZL06_07029_100","BaP","Benzo(a)pyrene (precip+dry_dep)","P1Y","Annual mean / 1 calendar year","2016","56.450","ng/m2/day","22.95","1","Industrial","Suburban","3.8113","51.2087","0.0","","","","E1a/validated data AQ e-Reporting","18/03/2023 21:08:58","http://fme.discomap.eea.europa.eu/fmedatastreaming/AirQualityDownload/AQData_Extract.fmw?CountryCode=BE&CityName=&Pollutant=7029&Year_from=2016&Year_to=2016&Station=STA-BEDZL06&Samplingpoint=&Source=E1a&Output=HTML&UpdateDate="
"Belgium","NET-Flanders","Flanders","BEGR701","26R701 - GENT","SPO-BEGR701_01772_100","OC in PM2.5","Organic carbon in PM2.5 (aerosol)","P1Y","Annual mean / 1 calendar year","2016","4.880","ug/m3","0.01","1","Background","Urban","3.7293","51.0583","5.0","Gent                                                                            ","BE003C1                                           ","263687","E1a/validated data AQ e-Reporting","18/03/2023 21:08:58","http://fme.discomap.eea.europa.eu/fmedatastreaming/AirQualityDownload/AQData_Extract.fmw?CountryCode=BE&CityName=&Pollutant=1772&Year_from=2016&Year_to=2016&Station=STA-BEGR701&Samplingpoint=&Source=E1a&Output=HTML&UpdateDate="
"Belgium","NET-Flanders","Flanders","BETE704","47E704 - WACHTEBEKE","SPO-BETE704_00008_100","NO2","Nitrogen dioxide (air)","P1Y-hr-min","1 year hour min","2016","1.000","ug/m3","97.23","1","Industrial","Rural","3.8699","51.1761","0.0","","","","E1a/validated data AQ e-Reporting","18/03/2023 22:31:20","http://fme.discomap.eea.europa.eu/fmedatastreaming/AirQualityDownload/AQData_Extract.fmw?CountryCode=BE&CityName=&Pollutant=8&Year_from=2016&Year_to=2016&Station=STA-BETE704&Samplingpoint=&Source=E1a&Output=HTML&UpdateDate="
"Belgium","NET-Flanders","Flanders","BETN052","44N052 - ZWEVEGEM","SPO-BETN052_00007_100","O3","Ozone (air)","AOT40c","AOT40 vegetation protection","2016","4210.091","ug/m3","97.37","1","Background","Suburban","3.3225","50.8149","27.0","","","","E1a/validated data AQ e-Reporting","18/03/2023 23:06:29","http://fme.discomap.eea.europa.eu/fmedatastreaming/AirQualityDownload/AQData_Extract.fmw?CountryCode=BE&CityName=&Pollutant=7&Year_from=2016&Year_to=2016&Station=STA-BETN052&Samplingpoint=&Source=E1a&Output=HTML&UpdateDate="
"Belgium","NET-Flanders","Flanders","BELHB23","40HB23 - HOBOKEN","SPO-BELHB23_00001_100","SO2","Sulphur dioxide (air)","P1Y-hr-max25","1 year hour max 25","2016","140.500","ug/m3","95.32","1","Industrial","Suburban","4.3410","51.1703","13.0","Antwerpen                                                                       ","BE002C1                                           ","530014","E1a/validated data AQ e-Reporting","18/03/2023 22:33:20","http://fme.discomap.eea.europa.eu/fmedatastreaming/AirQualityDownload/AQData_Extract.fmw?CountryCode=BE&CityName=&Pollutant=1&Year_from=2016&Year_to=2016&Station=STA-BELHB23&Samplingpoint=&Source=E1a&Output=HTML&UpdateDate="
"Belgium","NET-Flanders","Flanders","BELHB23","40HB23 - HOBOKEN","SPO-BELHB23_06001_100","PM2.5","Particulate matter < 2.5 µm (aerosol)","P1Y-day-min","1 year day min","2016","4.000","ug/m3","96.99","1","Industrial","Suburban","4.3410","51.1703","13.0","Antwerpen                                                                       ","BE002C1                                           ","530014","E1a/validated data AQ e-Reporting","18/03/2023 21:55:29","http://fme.discomap.eea.europa.eu/fmedatastreaming/AirQualityDownload/AQData_Extract.fmw?CountryCode=BE&CityName=&Pollutant=6001&Year_from=2016&Year_to=2016&Station=STA-BELHB23&Samplingpoint=&Source=E1a&Output=HTML&UpdateDate="
"Belgium","NET-Flanders","Flanders","BETN052","44N052 - ZWEVEGEM","SPO-BETN052_00007_100","O3","Ozone (air)","P1Y-dx-max26","1 year daymax max 26","2016","91.714","ug/m3","90.71","1","Background","Suburban","3.3225","50.8149","27.0","","","","E1a/validated data AQ e-Reporting","18/03/2023 22:32:17","http://fme.discomap.eea.europa.eu/fmedatastreaming/AirQualityDownload/AQData_Extract.fmw?CountryCode=BE&CityName=&Pollutant=7&Year_from=2016&Year_to=2016&Station=STA-BETN052&Samplingpoint=&Source=E1a&Output=HTML&UpdateDate="
"Belgium","NET-Flanders","Flanders","BETR702","44R702 - Gent (G.Carlierlaan)","SPO-BETR702_00008_100","NO2","Nitrogen dioxide (air)","P1Y-day-max","1 year day max","2016","90.854","ug/m3","99.18","1","Traffic","Urban","3.7350","51.0407","8.0","Gent                                                                            ","BE003C1                                           ","263687","E1a/validated data AQ e-Reporting","18/03/2023 21:43:56","http://fme.discomap.eea.europa.eu/fmedatastreaming/AirQualityDownload/AQData_Extract.fmw?CountryCode=BE&CityName=&Pollutant=8&Year_from=2016&Year_to=2016&Station=STA-BETR702&Samplingpoint=&Source=E1a&Output=HTML&UpdateDate="
"Belgium","NET-Brussels","Brussels","BETR012","41R012 - UCCLE","SPO-BETR012_06001_100","PM2.5","Particulate matter < 2.5 µm (aerosol)","P1Y-day-max","1 year day max","2016","42.067","ug/m3","92.90","1","Background","Suburban","4.3586","50.7966","101.0","Bruxelles / Brussel                                                             ","BE001C1                                           ","1223364","E1a/validated data AQ e-Reporting","18/03/2023 21:43:22","http://fme.discomap.eea.europa.eu/fmedatastreaming/AirQualityDownload/AQData_Extract.fmw?CountryCode=BE&CityName=&Pollutant=6001&Year_from=2016&Year_to=2016&Station=STA-BETR012&Samplingpoint=&Source=E1a&Output=HTML&UpdateDate="
"Belgium","NET-Flanders","Flanders","BETN052","44N052 - ZWEVEGEM","SPO-BETN052_00005_100","PM10","Particulate matter < 10 µm (aerosol)","P1Y-P1D-per99","1 year 99 percentile of daily means (P1D) or .../aq/primaryObservation/day","2016","59.725","ug/m3","99.18","1","Background","Suburban","3.3225","50.8149","27.0","","","","E1a/validated data AQ e-Reporting","18/03/2023 22:09:38","http://fme.discomap.eea.europa.eu/fmedatastreaming/AirQualityDownload/AQData_Extract.fmw?CountryCode=BE&CityName=&Pollutant=5&Year_from=2016&Year_to=2016&Station=STA-BETN052&Samplingpoint=&Source=E1a&Output=HTML&UpdateDate="
"Belgium","NET-Flanders","Flanders","BETN027","42N027 - BREE","SPO-BETN027_00007_100","O3","Ozone (air)","P1Y-hrsAbove240","1 year hour exceed 240","2016","0.000","count","93.66","1","Background","Rural","5.6067","51.1337","48.0","","","","E1a/validated data AQ e-Reporting","18/03/2023 21:50:25","http://fme.discomap.eea.europa.eu/fmedatastreaming/AirQualityDownload/AQData_Extract.fmw?CountryCode=BE&CityName=&Pollutant=7&Year_from=2016&Year_to=2016&Station=STA-BETN027&Samplingpoint=&Source=E1a&Output=HTML&UpdateDate="
"Belgium","NET-Flanders","Flanders","BETN051","44N051 - IDEGEM","SPO-BETN051_00007_100","O3","Ozone (air)","summer-avg","Summer mean","2016","52.056","ug/m3","97.75","1","Background","Rural","3.9303","50.7989","15.0","","","","E1a/validated data AQ e-Reporting","18/03/2023 22:50:22","http://fme.discomap.eea.europa.eu/fmedatastreaming/AirQualityDownload/AQData_Extract.fmw?CountryCode=BE&CityName=&Pollutant=7&Year_from=2016&Year_to=2016&Station=STA-BETN051&Samplingpoint=&Source=E1a&Output=HTML&UpdateDate="
"Belgium","NET-Flanders","Flanders","BELLD01","40LD01 - LAAKDAL","SPO-BELLD01_00020_100","C6H6","Benzene (air)","P1Y","Annual mean / 1 calendar year","2016","0.685","ug/m3","96.05","1","Industrial","Rural","5.0049","51.1100","20.0","","","","E1a/validated data AQ e-Reporting","18/03/2023 21:08:58","http://fme.discomap.eea.europa.eu/fmedatastreaming/AirQualityDownload/AQData_Extract.fmw?CountryCode=BE&CityName=&Pollutant=20&Year_from=2016&Year_to=2016&Station=STA-BELLD01&Samplingpoint=&Source=E1a&Output=HTML&UpdateDate="
"Belgium","NET-Flanders","Flanders","BELLD01","40LD01 - LAAKDAL","SPO-BELLD01_00020_100","C6H6","Benzene (air)","P1Y-hr-per50","1 year 50 percentile","2016","0.465","ug/m3","96.05","1","Industrial","Rural","5.0049","51.1100","20.0","","","","E1a/validated data AQ e-Reporting","18/03/2023 22:05:49","http://fme.discomap.eea.europa.eu/fmedatastreaming/AirQualityDownload/AQData_Extract.fmw?CountryCode=BE&CityName=&Pollutant=20&Year_from=2016&Year_to=2016&Station=STA-BELLD01&Samplingpoint=&Source=E1a&Output=HTML&UpdateDate="
"Belgium","NET-Flanders","Flanders","BELSA04","40SA04 - Hoevenen","SPO-BELSA04_00391_100","Black Carbon","black_carbon (aerosol)","P1Y-hr-per50","1 year 50 percentile","2016","0.805","ug/m3","99.57","1","Industrial","Rural","4.4039","51.3139","6.0","","","","E1a/validated data AQ e-Reporting","18/03/2023 22:05:49","http://fme.discomap.eea.europa.eu/fmedatastreaming/AirQualityDownload/AQData_Extract.fmw?CountryCode=BE&CityName=&Pollutant=391&Year_from=2016&Year_to=2016&Station=STA-BELSA04&Samplingpoint=&Source=E1a&Output=HTML&UpdateDate="
"Belgium","NET-Flanders","Flanders","BETN045","42N045 - HASSELT","SPO-BETN045_00001_100","SO2","Sulphur dioxide (air)","P1Y","Annual mean / 1 calendar year","2016","1.263","ug/m3","96.54","1","Background","Suburban","5.3684","50.9397","41.0","","","","E1a/validated data AQ e-Reporting","18/03/2023 21:08:58","http://fme.discomap.eea.europa.eu/fmedatastreaming/AirQualityDownload/AQData_Extract.fmw?CountryCode=BE&CityName=&Pollutant=1&Year_from=2016&Year_to=2016&Station=STA-BETN045&Samplingpoint=&Source=E1a&Output=HTML&UpdateDate="
"Belgium","NET-Flanders","Flanders","BELRL01","40RL01 - ROESELARE","SPO-BELRL01_00005_100","PM10","Particulate matter < 10 µm (aerosol)","P1Y-hr-min","1 year hour min","2016","3.600","ug/m3","99.90","1","Background","Urban","3.1212","50.9532","20.0","","","","E1a/validated data AQ e-Reporting","18/03/2023 22:31:20","http://fme.discomap.eea.europa.eu/fmedatastreaming/AirQualityDownload/AQData_Extract.fmw?CountryCode=BE&CityName=&Pollutant=5&Year_from=2016&Year_to=2016&Station=STA-BELRL01&Samplingpoint=&Source=E1a&Output=HTML&UpdateDate="
"Belgium","NET-Flanders","Flanders","BETN052","44N052 - ZWEVEGEM","SPO-BETN052_00007_100","O3","Ozone (air)","P1Y-dmax-per99","1 year 99 percentile daily 8h maximum","2016","116.875","ug/m3","90.71","1","Background","Suburban","3.3225","50.8149","27.0","","","","E1a/validated data AQ e-Reporting","18/03/2023 22:13:26","http://fme.discomap.eea.europa.eu/fmedatastreaming/AirQualityDownload/AQData_Extract.fmw?CountryCode=BE&CityName=&Pollutant=7&Year_from=2016&Year_to=2016&Station=STA-BETN052&Samplingpoint=&Source=E1a&Output=HTML&UpdateDate="
"Belgium","NET-Flanders","Flanders","BEGRT01","26RT01 - RETIE","SPO-BEGRT01_01629_100","Ca2+ in PM2.5","calcium in PM2.5 (aerosol)","P1Y","Annual mean / 1 calendar year","2016","0.000","ug/m3","0.01","1","Background","Rural","5.0533","51.2309","23.0","","","","E1a/validated data AQ e-Reporting","18/03/2023 21:08:58","http://fme.discomap.eea.europa.eu/fmedatastreaming/AirQualityDownload/AQData_Extract.fmw?CountryCode=BE&CityName=&Pollutant=1629&Year_from=2016&Year_to=2016&Station=STA-BEGRT01&Samplingpoint=&Source=E1a&Output=HTML&UpdateDate="
"Belgium","NET-Flanders","Flanders","BETN052","44N052 - ZWEVEGEM","SPO-BETN052_00005_100","PM10","Particulate matter < 10 µm (aerosol)","P1Y-hr-max","1 year hour max","2016","204.100","ug/m3","99.27","1","Background","Suburban","3.3225","50.8149","27.0","","","","E1a/validated data AQ e-Reporting","18/03/2023 21:57:02","http://fme.discomap.eea.europa.eu/fmedatastreaming/AirQualityDownload/AQData_Extract.fmw?CountryCode=BE&CityName=&Pollutant=5&Year_from=2016&Year_to=2016&Station=STA-BETN052&Samplingpoint=&Source=E1a&Output=HTML&UpdateDate="
"Belgium","NET-Flanders","Flanders","BELSA04","40SA04 - Hoevenen","SPO-BELSA04_00008_100","NO2","Nitrogen dioxide (air)","P1Y-hr-max19","1 year hour max19","2016","85.000","ug/m3","93.76","1","Industrial","Rural","4.4039","51.3139","6.0","","","","E1a/validated data AQ e-Reporting","18/03/2023 22:34:35","http://fme.discomap.eea.europa.eu/fmedatastreaming/AirQualityDownload/AQData_Extract.fmw?CountryCode=BE&CityName=&Pollutant=8&Year_from=2016&Year_to=2016&Station=STA-BELSA04&Samplingpoint=&Source=E1a&Output=HTML&UpdateDate="
"Belgium","NET-Flanders","Flanders","BELSA04","40SA04 - Hoevenen","SPO-BELSA04_06001_100","PM2.5","Particulate matter < 2.5 µm (aerosol)","P1Y-day-max","1 year day max","2016","57.864","ug/m3","94.81","1","Industrial","Rural","4.4039","51.3139","6.0","","","","E1a/validated data AQ e-Reporting","18/03/2023 21:43:22","http://fme.discomap.eea.europa.eu/fmedatastreaming/AirQualityDownload/AQData_Extract.fmw?CountryCode=BE&CityName=&Pollutant=6001&Year_from=2016&Year_to=2016&Station=STA-BELSA04&Samplingpoint=&Source=E1a&Output=HTML&UpdateDate="
"Belgium","NET-Flanders","Flanders","BETN029","44N029 - HOUTEM","SPO-BETN029_00020_100","C6H6","Benzene (air)","P1Y-hr-min","1 year hour min","2016","0.270","ug/m3","6.40","1","Background","Rural","2.5823","51.0163","2.0","","","","E1a/validated data AQ e-Reporting","18/03/2023 22:31:20","http://fme.discomap.eea.europa.eu/fmedatastreaming/AirQualityDownload/AQData_Extract.fmw?CountryCode=BE&CityName=&Pollutant=20&Year_from=2016&Year_to=2016&Station=STA-BETN029&Samplingpoint=&Source=E1a&Output=HTML&UpdateDate="
"Belgium","NET-Flanders","Flanders","BETN027","42N027 - BREE","SPO-BETN027_00007_100","O3","Ozone (air)","P1Y-day-min","1 year day min","2016","1.022","ug/m3","94.81","1","Background","Rural","5.6067","51.1337","48.0","","","","E1a/validated data AQ e-Reporting","18/03/2023 21:56:21","http://fme.discomap.eea.europa.eu/fmedatastreaming/AirQualityDownload/AQData_Extract.fmw?CountryCode=BE&CityName=&Pollutant=7&Year_from=2016&Year_to=2016&Station=STA-BETN027&Samplingpoint=&Source=E1a&Output=HTML&UpdateDate="
"Belgium","NET-Flanders","Flanders","BETR710","44R710 - DESTELBERGE","SPO-BETR710_06001_100","PM2.5","Particulate matter < 2.5 µm (aerosol)","P1Y-hr-max","1 year hour max","2016","99.500","ug/m3","99.42","1","Background","Suburban","3.7753","51.0613","6.0","","","","E1a/validated data AQ e-Reporting","18/03/2023 21:57:02","http://fme.discomap.eea.europa.eu/fmedatastreaming/AirQualityDownload/AQData_Extract.fmw?CountryCode=BE&CityName=&Pollutant=6001&Year_from=2016&Year_to=2016&Station=STA-BETR710&Samplingpoint=&Source=E1a&Output=HTML&UpdateDate="
"Belgium","NET-Flanders","Flanders","BETE714","47E714 - DUDZELE","SPO-BETE714_00008_100","NO2","Nitrogen dioxide (air)","P1Y-hr-min","1 year hour min","2016","1.000","ug/m3","97.27","1","Industrial","Rural","3.2486","51.2790","11.0","Brugge                                                                          ","BE006C1                                           ","118916","E1a/validated data AQ e-Reporting","18/03/2023 22:31:20","http://fme.discomap.eea.europa.eu/fmedatastreaming/AirQualityDownload/AQData_Extract.fmw?CountryCode=BE&CityName=&Pollutant=8&Year_from=2016&Year_to=2016&Station=STA-BETE714&Samplingpoint=&Source=E1a&Output=HTML&UpdateDate="
"Belgium","NET-Flanders","Flanders","BETM802","42M802 - ANTWERPEN","SPO-BETM802_00001_100","SO2","Sulphur dioxide (air)","P1Y","Annual mean / 1 calendar year","2016","2.361","ug/m3","96.02","1","Industrial","Suburban","4.4244","51.2610","3.0","Antwerpen                                                                       ","BE002C1                                           ","530014","E1a/validated data AQ e-Reporting","18/03/2023 21:08:58","http://fme.discomap.eea.europa.eu/fmedatastreaming/AirQualityDownload/AQData_Extract.fmw?CountryCode=BE&CityName=&Pollutant=1&Year_from=2016&Year_to=2016&Station=STA-BETM802&Samplingpoint=&Source=E1a&Output=HTML&UpdateDate="
"Belgium","NET-Flanders","Flanders","BETE811","47E811 - DIEPENBEEK","SPO-BETE811_00001_100","SO2","Sulphur dioxide (air)","P1Y-day-per50","1 year 50 %ile of daily values in a year","2016","1.000","ug/m3","46.99","1","Industrial","Rural","5.4182","50.8969","59.0","","","","E1a/validated data AQ e-Reporting","18/03/2023 22:14:46","http://fme.discomap.eea.europa.eu/fmedatastreaming/AirQualityDownload/AQData_Extract.fmw?CountryCode=BE&CityName=&Pollutant=1&Year_from=2016&Year_to=2016&Station=STA-BETE811&Samplingpoint=&Source=E1a&Output=HTML&UpdateDate="
"Belgium","NET-Flanders","Flanders","BETE811","47E811 - DIEPENBEEK","SPO-BETE811_00001_100","SO2","Sulphur dioxide (air)","P1Y-daysAbove125","1 year day exceed 125","2016","0.000","count","46.99","1","Industrial","Rural","5.4182","50.8969","59.0","","","","E1a/validated data AQ e-Reporting","18/03/2023 22:23:37","http://fme.discomap.eea.europa.eu/fmedatastreaming/AirQualityDownload/AQData_Extract.fmw?CountryCode=BE&CityName=&Pollutant=1&Year_from=2016&Year_to=2016&Station=STA-BETE811&Samplingpoint=&Source=E1a&Output=HTML&UpdateDate="
"Belgium","NET-Flanders","Flanders","BETN052","44N052 - ZWEVEGEM","SPO-BETN052_00008_100","NO2","Nitrogen dioxide (air)","P1Y-hr-max","1 year hour max","2016","106.000","ug/m3","94.73","1","Background","Suburban","3.3225","50.8149","27.0","","","","E1a/validated data AQ e-Reporting","18/03/2023 21:57:02","http://fme.discomap.eea.europa.eu/fmedatastreaming/AirQualityDownload/AQData_Extract.fmw?CountryCode=BE&CityName=&Pollutant=8&Year_from=2016&Year_to=2016&Station=STA-BETN052&Samplingpoint=&Source=E1a&Output=HTML&UpdateDate="
"Belgium","NET-Flanders","Flanders","BETE703","47E703 - OOSTEEKLO","SPO-BETE703_00008_100","NO2","Nitrogen dioxide (air)","P3Y","3 subsequent calendar years mean","2016","17.746","ug/m3","93.57","1","Industrial","Rural","3.6873","51.1903","0.0","","","","E1a/validated data AQ e-Reporting","18/03/2023 21:36:00","http://fme.discomap.eea.europa.eu/fmedatastreaming/AirQualityDownload/AQData_Extract.fmw?CountryCode=BE&CityName=&Pollutant=8&Year_from=2016&Year_to=2016&Station=STA-BETE703&Samplingpoint=&Source=E1a&Output=HTML&UpdateDate="
"Belgium","NET-Flanders","Flanders","BETE812","47E812 - GENK","SPO-BETE812_00008_100","NO2","Nitrogen dioxide (air)","P1Y-day-max","1 year day max","2016","58.674","ug/m3","56.83","1","Industrial","Suburban","5.5377","50.9680","82.0","","","","E1a/validated data AQ e-Reporting","18/03/2023 21:43:56","http://fme.discomap.eea.europa.eu/fmedatastreaming/AirQualityDownload/AQData_Extract.fmw?CountryCode=BE&CityName=&Pollutant=8&Year_from=2016&Year_to=2016&Station=STA-BETE812&Samplingpoint=&Source=E1a&Output=HTML&UpdateDate="
"Belgium","NET-Flanders","Flanders","BETN029","44N029 - HOUTEM","SPO-BETN029_00008_100","NO2","Nitrogen dioxide (air)","P1Y-hr-max-per99.79","1 year 99.79 %ile of hourly values in a given year","2016","52.500","ug/m3","96.62","1","Background","Rural","2.5823","51.0163","2.0","","","","E1a/validated data AQ e-Reporting","18/03/2023 22:07:35","http://fme.discomap.eea.europa.eu/fmedatastreaming/AirQualityDownload/AQData_Extract.fmw?CountryCode=BE&CityName=&Pollutant=8&Year_from=2016&Year_to=2016&Station=STA-BETN029&Samplingpoint=&Source=E1a&Output=HTML&UpdateDate="
"Belgium","NET-Flanders","Flanders","BETN016","42N016 - DESSEL","SPO-BETN016_00007_100","O3","Ozone (air)","P1Y-dx-max","1 year day max max","2016","153.938","ug/m3","95.63","1","Background","Rural","5.1640","51.2337","30.0","","","","E1a/validated data AQ e-Reporting","18/03/2023 21:44:39","http://fme.discomap.eea.europa.eu/fmedatastreaming/AirQualityDownload/AQData_Extract.fmw?CountryCode=BE&CityName=&Pollutant=7&Year_from=2016&Year_to=2016&Station=STA-BETN016&Samplingpoint=&Source=E1a&Output=HTML&UpdateDate="
"Belgium","NET-Flanders","Flanders","BETN035","42N035 - AARSCHOT","SPO-BETN035_00001_100","SO2","Sulphur dioxide (air)","P1Y-hr-min","1 year hour min","2016","1.000","ug/m3","96.78","1","Background","Rural","4.8376","50.9775","55.0","","","","E1a/validated data AQ e-Reporting","18/03/2023 22:31:20","http://fme.discomap.eea.europa.eu/fmedatastreaming/AirQualityDownload/AQData_Extract.fmw?CountryCode=BE&CityName=&Pollutant=1&Year_from=2016&Year_to=2016&Station=STA-BETN035&Samplingpoint=&Source=E1a&Output=HTML&UpdateDate="
"Belgium","NET-Flanders","Flanders","BETN051","44N051 - IDEGEM","SPO-BETN051_00007_100","O3","Ozone (air)","AOT40c","AOT40 vegetation protection","2016","7541.956","ug/m3","97.83","1","Background","Rural","3.9303","50.7989","15.0","","","","E1a/validated data AQ e-Reporting","18/03/2023 23:06:29","http://fme.discomap.eea.europa.eu/fmedatastreaming/AirQualityDownload/AQData_Extract.fmw?CountryCode=BE&CityName=&Pollutant=7&Year_from=2016&Year_to=2016&Station=STA-BETN051&Samplingpoint=&Source=E1a&Output=HTML&UpdateDate="
"Belgium","NET-Flanders","Flanders","BETN029","44N029 - HOUTEM","SPO-BETN029_00007_100","O3","Ozone (air)","AOT40cmeasured","AOT40c UNCORRECTED for data capture","2016","3544.000","ug/m3","94.93","1","Background","Rural","2.5823","51.0163","2.0","","","","E1a/validated data AQ e-Reporting","18/03/2023 23:01:40","http://fme.discomap.eea.europa.eu/fmedatastreaming/AirQualityDownload/AQData_Extract.fmw?CountryCode=BE&CityName=&Pollutant=7&Year_from=2016&Year_to=2016&Station=STA-BETN029&Samplingpoint=&Source=E1a&Output=HTML&UpdateDate="
"Belgium","NET-Flanders","Flanders","BETN054","42N054 - WALSHOUTEM","SPO-BETN054_00008_100","NO2","Nitrogen dioxide (air)","P1Y-hrsAbove200","1 year hour exceed 200","2016","0.000","count","94.35","1","Background","Rural","5.1032","50.7117","135.0","","","","E1a/validated data AQ e-Reporting","18/03/2023 21:48:42","http://fme.discomap.eea.europa.eu/fmedatastreaming/AirQualityDownload/AQData_Extract.fmw?CountryCode=BE&CityName=&Pollutant=8&Year_from=2016&Year_to=2016&Station=STA-BETN054&Samplingpoint=&Source=E1a&Output=HTML&UpdateDate="
"Belgium","NET-Flanders","Flanders","BETN051","44N051 - IDEGEM","SPO-BETN051_00008_100","NO2","Nitrogen dioxide (air)","P1Y-day-max","1 year day max","2016","44.167","ug/m3","98.36","1","Background","Rural","3.9303","50.7989","15.0","","","","E1a/validated data AQ e-Reporting","18/03/2023 21:43:56","http://fme.discomap.eea.europa.eu/fmedatastreaming/AirQualityDownload/AQData_Extract.fmw?CountryCode=BE&CityName=&Pollutant=8&Year_from=2016&Year_to=2016&Station=STA-BETN051&Samplingpoint=&Source=E1a&Output=HTML&UpdateDate="
"Belgium","NET-Flanders","Flanders","BETN029","44N029 - HOUTEM","SPO-BETN029_00391_100","Black Carbon","black_carbon (aerosol)","P1Y","Annual mean / 1 calendar year","2016","0.704","ug/m3","99.37","1","Background","Rural","2.5823","51.0163","2.0","","","","E1a/validated data AQ e-Reporting","18/03/2023 21:08:58","http://fme.discomap.eea.europa.eu/fmedatastreaming/AirQualityDownload/AQData_Extract.fmw?CountryCode=BE&CityName=&Pollutant=391&Year_from=2016&Year_to=2016&Station=STA-BETN029&Samplingpoint=&Source=E1a&Output=HTML&UpdateDate="
"Belgium","NET-Flanders","Flanders","BETN035","42N035 - AARSCHOT","SPO-BETN035_00001_100","SO2","Sulphur dioxide (air)","P1Y-day-max","1 year day max","2016","5.478","ug/m3","98.91","1","Background","Rural","4.8376","50.9775","55.0","","","","E1a/validated data AQ e-Reporting","18/03/2023 21:42:48","http://fme.discomap.eea.europa.eu/fmedatastreaming/AirQualityDownload/AQData_Extract.fmw?CountryCode=BE&CityName=&Pollutant=1&Year_from=2016&Year_to=2016&Station=STA-BETN035&Samplingpoint=&Source=E1a&Output=HTML&UpdateDate="
"Belgium","NET-Flanders","Flanders","BETN029","44N029 - HOUTEM","SPO-BETN029_00007_100","O3","Ozone (air)","P1Y-dx-avg","1 year daymax average","2016","64.390","ug/m3","92.62","1","Background","Rural","2.5823","51.0163","2.0","","","","E1a/validated data AQ e-Reporting","18/03/2023 22:27:48","http://fme.discomap.eea.europa.eu/fmedatastreaming/AirQualityDownload/AQData_Extract.fmw?CountryCode=BE&CityName=&Pollutant=7&Year_from=2016&Year_to=2016&Station=STA-BETN029&Samplingpoint=&Source=E1a&Output=HTML&UpdateDate="
"Belgium","NET-Flanders","Flanders","BETR020","42R020 - VILVOORDE","SPO-BETR020_00008_100","NO2","Nitrogen dioxide (air)","P1Y-hr-min","1 year hour min","2016","1.000","ug/m3","94.13","1","Background","Suburban","4.4367","50.9414","12.0","","","","E1a/validated data AQ e-Reporting","18/03/2023 22:31:20","http://fme.discomap.eea.europa.eu/fmedatastreaming/AirQualityDownload/AQData_Extract.fmw?CountryCode=BE&CityName=&Pollutant=8&Year_from=2016&Year_to=2016&Station=STA-BETR020&Samplingpoint=&Source=E1a&Output=HTML&UpdateDate="
"Belgium","NET-Brussels","Brussels","BETWOL1","41WOL1 - WOL.ST.L.","SPO-BETWOL1_00007_100","O3","Ozone (air)","AOT40f","AOT40 for forest protection","2016","2959.826","ug/m3","96.36","1","Traffic","Suburban","4.4258","50.8567","78.0","Bruxelles / Brussel                                                             ","BE001C1                                           ","1223364","E1a/validated data AQ e-Reporting","18/03/2023 23:06:40","http://fme.discomap.eea.europa.eu/fmedatastreaming/AirQualityDownload/AQData_Extract.fmw?CountryCode=BE&CityName=&Pollutant=7&Year_from=2016&Year_to=2016&Station=STA-BETWOL1&Samplingpoint=&Source=E1a&Output=HTML&UpdateDate="
"Belgium","NET-Flanders","Flanders","BETN029","44N029 - HOUTEM","SPO-BETN029_00005_100","PM10","Particulate matter < 10 µm (aerosol)","P1Y-daysAbove50","1 year day exceed 50","2016","3.000","count","99.18","1","Background","Rural","2.5823","51.0163","2.0","","","","E1a/validated data AQ e-Reporting","18/03/2023 22:27:00","http://fme.discomap.eea.europa.eu/fmedatastreaming/AirQualityDownload/AQData_Extract.fmw?CountryCode=BE&CityName=&Pollutant=5&Year_from=2016&Year_to=2016&Station=STA-BETN029&Samplingpoint=&Source=E1a&Output=HTML&UpdateDate="
"Belgium","NET-Flanders","Flanders","BETN029","44N029 - HOUTEM","SPO-BETN029_00007_100","O3","Ozone (air)","P1Y-hr-max","1 year hour max","2016","165.500","ug/m3","90.30","1","Background","Rural","2.5823","51.0163","2.0","","","","E1a/validated data AQ e-Reporting","18/03/2023 21:57:02","http://fme.discomap.eea.europa.eu/fmedatastreaming/AirQualityDownload/AQData_Extract.fmw?CountryCode=BE&CityName=&Pollutant=7&Year_from=2016&Year_to=2016&Station=STA-BETN029&Samplingpoint=&Source=E1a&Output=HTML&UpdateDate="
"Belgium","NET-Flanders","Flanders","BETN012","44N012 - MOERKERKE","SPO-BETN012_00007_100","O3","Ozone (air)","P1Y-dmax-per93.15","1 year 93.15 percentile daily 8h maximum","2016","97.000","ug/m3","90.71","1","Background","Rural","3.3625","51.2546","3.0","","","","E1a/validated data AQ e-Reporting","18/03/2023 22:12:55","http://fme.discomap.eea.europa.eu/fmedatastreaming/AirQualityDownload/AQData_Extract.fmw?CountryCode=BE&CityName=&Pollutant=7&Year_from=2016&Year_to=2016&Station=STA-BETN012&Samplingpoint=&Source=E1a&Output=HTML&UpdateDate="
"Belgium","NET-Flanders","Flanders","BESN029","59N029 - VEURNE","SPO-BESN029_00020_100","C6H6","Benzene (air)","P1Y-day-max","1 year day max","2016","1.440","ug/m3","87.98","1","Background","Suburban","2.5823","51.0163","0.0","","","","E1a/validated data AQ e-Reporting","18/03/2023 21:43:39","http://fme.discomap.eea.europa.eu/fmedatastreaming/AirQualityDownload/AQData_Extract.fmw?CountryCode=BE&CityName=&Pollutant=20&Year_from=2016&Year_to=2016&Station=STA-BESN029&Samplingpoint=&Source=E1a&Output=HTML&UpdateDate="
"Belgium","NET-Flanders","Flanders","BETN029","44N029 - HOUTEM","SPO-BETN029_00008_100","NO2","Nitrogen dioxide (air)","P1Y-day-per50","1 year 50 %ile of daily values in a year","2016","8.870","ug/m3","98.63","1","Background","Rural","2.5823","51.0163","2.0","","","","E1a/validated data AQ e-Reporting","18/03/2023 22:14:21","http://fme.discomap.eea.europa.eu/fmedatastreaming/AirQualityDownload/AQData_Extract.fmw?CountryCode=BE&CityName=&Pollutant=8&Year_from=2016&Year_to=2016&Station=STA-BETN029&Samplingpoint=&Source=E1a&Output=HTML&UpdateDate="
"Belgium","NET-Flanders","Flanders","BETN029","44N029 - HOUTEM","SPO-BETN029_06001_100","PM2.5","Particulate matter < 2.5 µm (aerosol)","P1Y-day-min","1 year day min","2016","2.208","ug/m3","99.18","1","Background","Rural","2.5823","51.0163","2.0","","","","E1a/validated data AQ e-Reporting","18/03/2023 21:55:29","http://fme.discomap.eea.europa.eu/fmedatastreaming/AirQualityDownload/AQData_Extract.fmw?CountryCode=BE&CityName=&Pollutant=6001&Year_from=2016&Year_to=2016&Station=STA-BETN029&Samplingpoint=&Source=E1a&Output=HTML&UpdateDate="
"Belgium","NET-Flanders","Flanders","BESR893","59N893 - ANTWERPEN","SPO-BESR893_00464_100","m,p-C6H4(CH3)2","m,p-Xylene (air)","P1Y","Annual mean / 1 calendar year","2016","0.001","ug/m3","91.80","1","Background","Suburban","3.8084","51.2032","0.0","","","","E1a/validated data AQ e-Reporting","18/03/2023 21:08:58","http://fme.discomap.eea.europa.eu/fmedatastreaming/AirQualityDownload/AQData_Extract.fmw?CountryCode=BE&CityName=&Pollutant=464&Year_from=2016&Year_to=2016&Station=STA-BESR893&Samplingpoint=&Source=E1a&Output=HTML&UpdateDate="
"Belgium","NET-Flanders","Flanders","BETN029","44N029 - HOUTEM","SPO-BETN029_00001_100","SO2","Sulphur dioxide (air)","P1Y-hrsAbove350","1 year hour exceed 350","2016","0.000","count","96.66","1","Background","Rural","2.5823","51.0163","2.0","","","","E1a/validated data AQ e-Reporting","18/03/2023 21:52:12","http://fme.discomap.eea.europa.eu/fmedatastreaming/AirQualityDownload/AQData_Extract.fmw?CountryCode=BE&CityName=&Pollutant=1&Year_from=2016&Year_to=2016&Station=STA-BETN029&Samplingpoint=&Source=E1a&Output=HTML&UpdateDate="
"Belgium","NET-Flanders","Flanders","BETR740","44R740 - ST.KRUIS-WI","SPO-BETR740_00008_100","NO2","Nitrogen dioxide (air)","P1Y-day-min","1 year day min","2016","4.313","ug/m3","98.36","1","Industrial","Rural","3.8087","51.1501","5.0","Gent                                                                            ","BE003C1                                           ","263687","E1a/validated data AQ e-Reporting","18/03/2023 21:56:03","http://fme.discomap.eea.europa.eu/fmedatastreaming/AirQualityDownload/AQData_Extract.fmw?CountryCode=BE&CityName=&Pollutant=8&Year_from=2016&Year_to=2016&Station=STA-BETR740&Samplingpoint=&Source=E1a&Output=HTML&UpdateDate="
"Belgium","NET-Flanders","Flanders","BETN052","44N052 - ZWEVEGEM","SPO-BETN052_00007_100","O3","Ozone (air)","P1Y-dmaxAbove120","1 year daymax exceed 120","2016","2.000","count","90.71","1","Background","Suburban","3.3225","50.8149","27.0","","","","E1a/validated data AQ e-Reporting","18/03/2023 22:25:06","http://fme.discomap.eea.europa.eu/fmedatastreaming/AirQualityDownload/AQData_Extract.fmw?CountryCode=BE&CityName=&Pollutant=7&Year_from=2016&Year_to=2016&Station=STA-BETN052&Samplingpoint=&Source=E1a&Output=HTML&UpdateDate="
"Belgium","NET-Flanders","Flanders","BETR750","44R750 - ZELZATE","SPO-BETR750_00005_100","PM10","Particulate matter < 10 µm (aerosol)","P1Y-hr-min","1 year hour min","2016","4.600","ug/m3","98.74","1","Industrial","Rural","3.8229","51.1961","6.0","","","","E1a/validated data AQ e-Reporting","18/03/2023 22:31:20","http://fme.discomap.eea.europa.eu/fmedatastreaming/AirQualityDownload/AQData_Extract.fmw?CountryCode=BE&CityName=&Pollutant=5&Year_from=2016&Year_to=2016&Station=STA-BETR750&Samplingpoint=&Source=E1a&Output=HTML&UpdateDate="
"Belgium","NET-Flanders","Flanders","BETR020","42R020 - VILVOORDE","SPO-BETR020_00008_100","NO2","Nitrogen dioxide (air)","P1Y-hr-max","1 year hour max","2016","122.500","ug/m3","94.13","1","Background","Suburban","4.4367","50.9414","12.0","","","","E1a/validated data AQ e-Reporting","18/03/2023 21:57:02","http://fme.discomap.eea.europa.eu/fmedatastreaming/AirQualityDownload/AQData_Extract.fmw?CountryCode=BE&CityName=&Pollutant=8&Year_from=2016&Year_to=2016&Station=STA-BETR020&Samplingpoint=&Source=E1a&Output=HTML&UpdateDate="
"Belgium","NET-Flanders","Flanders","BETM802","42M802 - ANTWERPEN","SPO-BETM802_00001_100","SO2","Sulphur dioxide (air)","P1Y-day-max-per99.18","1 year 99.18 percentile of daily maximum","2016","9.152","ug/m3","97.54","1","Industrial","Suburban","4.4244","51.2610","3.0","Antwerpen                                                                       ","BE002C1                                           ","530014","E1a/validated data AQ e-Reporting","18/03/2023 22:12:16","http://fme.discomap.eea.europa.eu/fmedatastreaming/AirQualityDownload/AQData_Extract.fmw?CountryCode=BE&CityName=&Pollutant=1&Year_from=2016&Year_to=2016&Station=STA-BETM802&Samplingpoint=&Source=E1a&Output=HTML&UpdateDate="
"Belgium","NET-Flanders","Flanders","BETE714","47E714 - DUDZELE","SPO-BETE714_00008_100","NO2","Nitrogen dioxide (air)","P3Y","3 subsequent calendar years mean","2016","17.064","ug/m3","97.12","1","Industrial","Rural","3.2486","51.2790","11.0","Brugge                                                                          ","BE006C1                                           ","118916","E1a/validated data AQ e-Reporting","18/03/2023 21:36:00","http://fme.discomap.eea.europa.eu/fmedatastreaming/AirQualityDownload/AQData_Extract.fmw?CountryCode=BE&CityName=&Pollutant=8&Year_from=2016&Year_to=2016&Station=STA-BETE714&Samplingpoint=&Source=E1a&Output=HTML&UpdateDate="
"Belgium","NET-Flanders","Flanders","BETR811","42R811 - SCHOTEN","SPO-BETR811_06001_100","PM2.5","Particulate matter < 2.5 µm (aerosol)","P1Y-day-per50","1 year 50 %ile of daily values in a year","2016","10.625","ug/m3","99.73","1","Background","Suburban","4.4914","51.2521","8.0","","","","E1a/validated data AQ e-Reporting","18/03/2023 22:11:51","http://fme.discomap.eea.europa.eu/fmedatastreaming/AirQualityDownload/AQData_Extract.fmw?CountryCode=BE&CityName=&Pollutant=6001&Year_from=2016&Year_to=2016&Station=STA-BETR811&Samplingpoint=&Source=E1a&Output=HTML&UpdateDate="
"Belgium","NET-Flanders","Flanders","BESMA01","59MA01 - MAASMECHELEN","SPO-BESMA01_00431_100","C6H5-C2H5","Ethyl benzene (air)","P1Y","Annual mean / 1 calendar year","2016","0.000","ug/m3","86.62","1","Background","Suburban","5.7256","50.9816","0.0","","","","E1a/validated data AQ e-Reporting","18/03/2023 21:08:58","http://fme.discomap.eea.europa.eu/fmedatastreaming/AirQualityDownload/AQData_Extract.fmw?CountryCode=BE&CityName=&Pollutant=431&Year_from=2016&Year_to=2016&Station=STA-BESMA01&Samplingpoint=&Source=E1a&Output=HTML&UpdateDate="
"Belgium","NET-Flanders","Flanders","BETR750","44R750 - ZELZATE","SPO-BETR750_00010_100","CO","Carbon monoxide (air)","P1Y","Annual mean / 1 calendar year","2016","0.296","mg/m3","96.40","1","Industrial","Rural","3.8229","51.1961","6.0","","","","E1a/validated data AQ e-Reporting","18/03/2023 21:08:58","http://fme.discomap.eea.europa.eu/fmedatastreaming/AirQualityDownload/AQData_Extract.fmw?CountryCode=BE&CityName=&Pollutant=10&Year_from=2016&Year_to=2016&Station=STA-BETR750&Samplingpoint=&Source=E1a&Output=HTML&UpdateDate="
"Belgium","NET-Flanders","Flanders","BETN016","42N016 - DESSEL","SPO-BETN016_00005_100","PM10","Particulate matter < 10 µm (aerosol)","P1Y-hr-min","1 year hour min","2016","4.100","ug/m3","99.86","1","Background","Rural","5.1640","51.2337","30.0","","","","E1a/validated data AQ e-Reporting","18/03/2023 22:31:20","http://fme.discomap.eea.europa.eu/fmedatastreaming/AirQualityDownload/AQData_Extract.fmw?CountryCode=BE&CityName=&Pollutant=5&Year_from=2016&Year_to=2016&Station=STA-BETN016&Samplingpoint=&Source=E1a&Output=HTML&UpdateDate="
"Belgium","NET-Flanders","Flanders","BETR721","44R721 - WONDELGEM","SPO-BETR721_00001_100","SO2","Sulphur dioxide (air)","P1Y-hr-max-per99.73","1 year 99.73 %ile of hourly values in a given year","2016","78.500","ug/m3","96.05","1","Industrial","Suburban","3.7161","51.0890","6.0","Gent                                                                            ","BE003C1                                           ","263687","E1a/validated data AQ e-Reporting","18/03/2023 22:06:23","http://fme.discomap.eea.europa.eu/fmedatastreaming/AirQualityDownload/AQData_Extract.fmw?CountryCode=BE&CityName=&Pollutant=1&Year_from=2016&Year_to=2016&Station=STA-BETR721&Samplingpoint=&Source=E1a&Output=HTML&UpdateDate="
"Belgium","NET-Flanders","Flanders","BETE715","47E715 - ZUIENKERKE","SPO-BETE715_00008_100","NO2","Nitrogen dioxide (air)","P1Y-3hAbove400","3 consecutive hours in exceedance of 400","2016","0.000","count","96.56","1","Industrial","Rural","3.1750","51.2459","4.0","","","","E1a/validated data AQ e-Reporting","18/03/2023 22:22:30","http://fme.discomap.eea.europa.eu/fmedatastreaming/AirQualityDownload/AQData_Extract.fmw?CountryCode=BE&CityName=&Pollutant=8&Year_from=2016&Year_to=2016&Station=STA-BETE715&Samplingpoint=&Source=E1a&Output=HTML&UpdateDate="
"Belgium","NET-Flanders","Flanders","BETE812","47E812 - GENK","SPO-BETE812_00001_100","SO2","Sulphur dioxide (air)","P1Y-day-max","1 year day max","2016","4.292","ug/m3","47.27","1","Industrial","Suburban","5.5377","50.9680","82.0","","","","E1a/validated data AQ e-Reporting","18/03/2023 21:42:48","http://fme.discomap.eea.europa.eu/fmedatastreaming/AirQualityDownload/AQData_Extract.fmw?CountryCode=BE&CityName=&Pollutant=1&Year_from=2016&Year_to=2016&Station=STA-BETE812&Samplingpoint=&Source=E1a&Output=HTML&UpdateDate="
"Belgium","NET-Flanders","Flanders","BETE812","47E812 - GENK","SPO-BETE812_00001_100","SO2","Sulphur dioxide (air)","P1Y-hrsAbove350","1 year hour exceed 350","2016","0.000","count","46.22","1","Industrial","Suburban","5.5377","50.9680","82.0","","","","E1a/validated data AQ e-Reporting","18/03/2023 21:52:12","http://fme.discomap.eea.europa.eu/fmedatastreaming/AirQualityDownload/AQData_Extract.fmw?CountryCode=BE&CityName=&Pollutant=1&Year_from=2016&Year_to=2016&Station=STA-BETE812&Samplingpoint=&Source=E1a&Output=HTML&UpdateDate="
"Belgium","NET-Flanders","Flanders","BELHB23","40HB23 - HOBOKEN","SPO-BELHB23_00008_100","NO2","Nitrogen dioxide (air)","P1Y","Annual mean / 1 calendar year","2016","26.880","ug/m3","95.33","1","Industrial","Suburban","4.3410","51.1703","13.0","Antwerpen                                                                       ","BE002C1                                           ","530014","E1a/validated data AQ e-Reporting","18/03/2023 21:08:58","http://fme.discomap.eea.europa.eu/fmedatastreaming/AirQualityDownload/AQData_Extract.fmw?CountryCode=BE&CityName=&Pollutant=8&Year_from=2016&Year_to=2016&Station=STA-BELHB23&Samplingpoint=&Source=E1a&Output=HTML&UpdateDate="
"Belgium","NET-Flanders","Flanders","BELHB23","40HB23 - HOBOKEN","SPO-BELHB23_00008_100","NO2","Nitrogen dioxide (air)","P1Y-hr-max-per99.79","1 year 99.79 %ile of hourly values in a given year","2016","86.000","ug/m3","95.33","1","Industrial","Suburban","4.3410","51.1703","13.0","Antwerpen                                                                       ","BE002C1                                           ","530014","E1a/validated data AQ e-Reporting","18/03/2023 22:07:35","http://fme.discomap.eea.europa.eu/fmedatastreaming/AirQualityDownload/AQData_Extract.fmw?CountryCode=BE&CityName=&Pollutant=8&Year_from=2016&Year_to=2016&Station=STA-BELHB23&Samplingpoint=&Source=E1a&Output=HTML&UpdateDate="
"Belgium","NET-Flanders","Flanders","BELGK06","40GK06 - GENK","SPO-BELGK06_00005_100","PM10","Particulate matter < 10 µm (aerosol)","P1Y-daysAbove50","1 year day exceed 50","2016","2.000","count","100.00","1","Industrial","Suburban","5.4706","50.9279","44.0","","","","E1a/validated data AQ e-Reporting","18/03/2023 22:27:00","http://fme.discomap.eea.europa.eu/fmedatastreaming/AirQualityDownload/AQData_Extract.fmw?CountryCode=BE&CityName=&Pollutant=5&Year_from=2016&Year_to=2016&Station=STA-BELGK06&Samplingpoint=&Source=E1a&Output=HTML&UpdateDate="
"Belgium","NET-Flanders","Flanders","BELLM05","40LM05 - LOMMEL","SPO-BELLM05_00001_100","SO2","Sulphur dioxide (air)","P1Y-hr-max","1 year hour max","2016","237.500","ug/m3","84.77","1","Industrial","Rural","5.2581","51.2151","2.0","","","","E1a/validated data AQ e-Reporting","18/03/2023 21:57:02","http://fme.discomap.eea.europa.eu/fmedatastreaming/AirQualityDownload/AQData_Extract.fmw?CountryCode=BE&CityName=&Pollutant=1&Year_from=2016&Year_to=2016&Station=STA-BELLM05&Samplingpoint=&Source=E1a&Output=HTML&UpdateDate="
"Belgium","NET-Brussels","Brussels","BETR012","41R012 - UCCLE","SPO-BETR012_00001_100","SO2","Sulphur dioxide (air)","winter-avg","Winter mean","2016","2.245","ug/m3","81.06","1","Background","Suburban","4.3586","50.7966","101.0","Bruxelles / Brussel                                                             ","BE001C1                                           ","1223364","E1a/validated data AQ e-Reporting","18/03/2023 22:50:43","http://fme.discomap.eea.europa.eu/fmedatastreaming/AirQualityDownload/AQData_Extract.fmw?CountryCode=BE&CityName=&Pollutant=1&Year_from=2016&Year_to=2016&Station=STA-BETR012&Samplingpoint=&Source=E1a&Output=HTML&UpdateDate="
"Belgium","NET-Brussels","Brussels","BETB011","41B011 - BERCHEM S.A","SPO-BETB011_00005_100","PM10","Particulate matter < 10 µm (aerosol)","P1Y-day-min","1 year day min","2016","5.146","ug/m3","82.79","1","Background","Suburban","4.2887","50.8578","66.0","Bruxelles / Brussel                                                             ","BE001C1                                           ","1223364","E1a/validated data AQ e-Reporting","18/03/2023 21:55:13","http://fme.discomap.eea.europa.eu/fmedatastreaming/AirQualityDownload/AQData_Extract.fmw?CountryCode=BE&CityName=&Pollutant=5&Year_from=2016&Year_to=2016&Station=STA-BETB011&Samplingpoint=&Source=E1a&Output=HTML&UpdateDate="
"Belgium","NET-Brussels","Brussels","BETR001","41R001 - MOLENBEEK","SPO-BETR001_00001_100","SO2","Sulphur dioxide (air)","P1Y-hrsAbove350","1 year hour exceed 350","2016","0.000","count","96.85","1","Background","Urban","4.3341","50.8497","20.0","Bruxelles / Brussel                                                             ","BE001C1                                           ","1223364","E1a/validated data AQ e-Reporting","18/03/2023 21:52:12","http://fme.discomap.eea.europa.eu/fmedatastreaming/AirQualityDownload/AQData_Extract.fmw?CountryCode=BE&CityName=&Pollutant=1&Year_from=2016&Year_to=2016&Station=STA-BETR001&Samplingpoint=&Source=E1a&Output=HTML&UpdateDate="
"Belgium","NET-Flanders","Flanders","BELAL01","40AL01 - LINKEROEVER","SPO-BELAL01_06001_100","PM2.5","Particulate matter < 2.5 µm (aerosol)","P1Y-hr-per50","1 year 50 percentile","2016","9.500","ug/m3","97.61","1","Industrial","Suburban","4.3852","51.2362","10.0","Antwerpen                                                                       ","BE002C1                                           ","530014","E1a/validated data AQ e-Reporting","18/03/2023 22:05:49","http://fme.discomap.eea.europa.eu/fmedatastreaming/AirQualityDownload/AQData_Extract.fmw?CountryCode=BE&CityName=&Pollutant=6001&Year_from=2016&Year_to=2016&Station=STA-BELAL01&Samplingpoint=&Source=E1a&Output=HTML&UpdateDate="
"Belgium","NET-Flanders","Flanders","BESN035","59N035 - AARSCHOT","SPO-BESN035_06013_100","1,3,5-C6H3(CH3)3","1,3,5-Trimethylbenzene (air)","P1Y","Annual mean / 1 calendar year","2016","0.000","ug/m3","84.16","1","Background","Suburban","4.8376","50.9776","0.0","","","","E1a/validated data AQ e-Reporting","18/03/2023 21:08:58","http://fme.discomap.eea.europa.eu/fmedatastreaming/AirQualityDownload/AQData_Extract.fmw?CountryCode=BE&CityName=&Pollutant=6013&Year_from=2016&Year_to=2016&Station=STA-BESN035&Samplingpoint=&Source=E1a&Output=HTML&UpdateDate="
"Belgium","NET-Flanders","Flanders","BETN035","42N035 - AARSCHOT","SPO-BETN035_00005_100","PM10","Particulate matter < 10 µm (aerosol)","P1Y-day-min","1 year day min","2016","4.871","ug/m3","99.73","1","Background","Rural","4.8376","50.9775","55.0","","","","E1a/validated data AQ e-Reporting","18/03/2023 21:55:13","http://fme.discomap.eea.europa.eu/fmedatastreaming/AirQualityDownload/AQData_Extract.fmw?CountryCode=BE&CityName=&Pollutant=5&Year_from=2016&Year_to=2016&Station=STA-BETN035&Samplingpoint=&Source=E1a&Output=HTML&UpdateDate="
"Belgium","NET-Brussels","Brussels","BETR001","41R001 - MOLENBEEK","SPO-BETR001_00007_100","O3","Ozone (air)","P1Y-day-per50","1 year 50 %ile of daily values in a year","2016","38.188","ug/m3","91.26","1","Background","Urban","4.3341","50.8497","20.0","Bruxelles / Brussel                                                             ","BE001C1                                           ","1223364","E1a/validated data AQ e-Reporting","18/03/2023 22:15:13","http://fme.discomap.eea.europa.eu/fmedatastreaming/AirQualityDownload/AQData_Extract.fmw?CountryCode=BE&CityName=&Pollutant=7&Year_from=2016&Year_to=2016&Station=STA-BETR001&Samplingpoint=&Source=E1a&Output=HTML&UpdateDate="
"Belgium","NET-Flanders","Flanders","BEMHB23","0HOB23 - HOBOKEN","SPO-BEMHB23_05012_100","Pb in PM10","Lead in PM10 (aerosol)","P1Y","Annual mean / 1 calendar year","2016","0.490","ug/m3","99.45","1","Background","Urban","4.3410","51.1703","10.0","Antwerpen                                                                       ","BE002C1                                           ","530014","E1a/validated data AQ e-Reporting","18/03/2023 21:08:58","http://fme.discomap.eea.europa.eu/fmedatastreaming/AirQualityDownload/AQData_Extract.fmw?CountryCode=BE&CityName=&Pollutant=5012&Year_from=2016&Year_to=2016&Station=STA-BEMHB23&Samplingpoint=&Source=E1a&Output=HTML&UpdateDate="
"Belgium","NET-Flanders","Flanders","BEMR802","00R802 - BORGERHOUT","SPO-BEMR802_05012_100","Pb in PM10","Lead in PM10 (aerosol)","P1Y","Annual mean / 1 calendar year","2016","0.017","ug/m3","97.27","1","Traffic","Urban","4.4318","51.2097","5.0","Antwerpen                                                                       ","BE002C1                                           ","530014","E1a/validated data AQ e-Reporting","18/03/2023 21:08:58","http://fme.discomap.eea.europa.eu/fmedatastreaming/AirQualityDownload/AQData_Extract.fmw?CountryCode=BE&CityName=&Pollutant=5012&Year_from=2016&Year_to=2016&Station=STA-BEMR802&Samplingpoint=&Source=E1a&Output=HTML&UpdateDate="
"Belgium","NET-Brussels","Brussels","BETMEU1","41MEU1 - MEUDON","SPO-BETMEU1_06001_100","PM2.5","Particulate matter < 2.5 µm (aerosol)","P1Y-day-per50","1 year 50 %ile of daily values in a year","2016","11.689","ug/m3","96.99","1","Background","Suburban","4.3957","50.8950","34.0","Bruxelles / Brussel                                                             ","BE001C1                                           ","1223364","E1a/validated data AQ e-Reporting","18/03/2023 22:11:51","http://fme.discomap.eea.europa.eu/fmedatastreaming/AirQualityDownload/AQData_Extract.fmw?CountryCode=BE&CityName=&Pollutant=6001&Year_from=2016&Year_to=2016&Station=STA-BETMEU1&Samplingpoint=&Source=E1a&Output=HTML&UpdateDate="
"Belgium","NET-Brussels","Brussels","BETN043","41N043 - HAREN","SPO-BETN043_00005_100","PM10","Particulate matter < 10 µm (aerosol)","P1Y-P1D-per99","1 year 99 percentile of daily means (P1D) or .../aq/primaryObservation/day","2016","58.854","ug/m3","96.72","1","Industrial","Suburban","4.3830","50.8837","17.0","Bruxelles / Brussel                                                             ","BE001C1                                           ","1223364","E1a/validated data AQ e-Reporting","18/03/2023 22:09:38","http://fme.discomap.eea.europa.eu/fmedatastreaming/AirQualityDownload/AQData_Extract.fmw?CountryCode=BE&CityName=&Pollutant=5&Year_from=2016&Year_to=2016&Station=STA-BETN043&Samplingpoint=&Source=E1a&Output=HTML&UpdateDate="
"Belgium","NET-Brussels","Brussels","BETN043","41N043 - HAREN","SPO-BETN043_00007_100","O3","Ozone (air)","P1Y-dmax-per93.15","1 year 93.15 percentile daily 8h maximum","2016","84.313","ug/m3","98.63","1","Industrial","Suburban","4.3830","50.8837","17.0","Bruxelles / Brussel                                                             ","BE001C1                                           ","1223364","E1a/validated data AQ e-Reporting","18/03/2023 22:12:55","http://fme.discomap.eea.europa.eu/fmedatastreaming/AirQualityDownload/AQData_Extract.fmw?CountryCode=BE&CityName=&Pollutant=7&Year_from=2016&Year_to=2016&Station=STA-BETN043&Samplingpoint=&Source=E1a&Output=HTML&UpdateDate="
"Belgium","NET-Brussels","Brussels","BETB011","41B011 - BERCHEM S.A","SPO-BETB011_00008_100","NO2","Nitrogen dioxide (air)","P1Y-hr-max","1 year hour max","2016","183.000","ug/m3","97.48","1","Background","Suburban","4.2887","50.8578","66.0","Bruxelles / Brussel                                                             ","BE001C1                                           ","1223364","E1a/validated data AQ e-Reporting","18/03/2023 21:57:02","http://fme.discomap.eea.europa.eu/fmedatastreaming/AirQualityDownload/AQData_Extract.fmw?CountryCode=BE&CityName=&Pollutant=8&Year_from=2016&Year_to=2016&Station=STA-BETB011&Samplingpoint=&Source=E1a&Output=HTML&UpdateDate="
"Belgium","NET-Brussels","Brussels","BETR012","41R012 - UCCLE","SPO-BETR012_00001_100","SO2","Sulphur dioxide (air)","P1Y-hr-min","1 year hour min","2016","0.200","ug/m3","88.72","1","Background","Suburban","4.3586","50.7966","101.0","Bruxelles / Brussel                                                             ","BE001C1                                           ","1223364","E1a/validated data AQ e-Reporting","18/03/2023 22:31:20","http://fme.discomap.eea.europa.eu/fmedatastreaming/AirQualityDownload/AQData_Extract.fmw?CountryCode=BE&CityName=&Pollutant=1&Year_from=2016&Year_to=2016&Station=STA-BETR012&Samplingpoint=&Source=E1a&Output=HTML&UpdateDate="
"Belgium","NET-Flanders","Flanders","BETE009","47E009 - Zemst","SPO-BETE009_00008_100","NO2","Nitrogen dioxide (air)","P1Y-hrsAbove200","1 year hour exceed 200","2016","0.000","count","96.73","1","Industrial","Rural","4.4354","50.9549","43.0","","","","E1a/validated data AQ e-Reporting","18/03/2023 21:48:42","http://fme.discomap.eea.europa.eu/fmedatastreaming/AirQualityDownload/AQData_Extract.fmw?CountryCode=BE&CityName=&Pollutant=8&Year_from=2016&Year_to=2016&Station=STA-BETE009&Samplingpoint=&Source=E1a&Output=HTML&UpdateDate="
"Belgium","NET-Flanders","Flanders","BETE704","47E704 - WACHTEBEKE","SPO-BETE704_00008_100","NO2","Nitrogen dioxide (air)","P1Y-day-min","1 year day min","2016","3.696","ug/m3","99.45","1","Industrial","Rural","3.8699","51.1761","0.0","","","","E1a/validated data AQ e-Reporting","18/03/2023 21:56:03","http://fme.discomap.eea.europa.eu/fmedatastreaming/AirQualityDownload/AQData_Extract.fmw?CountryCode=BE&CityName=&Pollutant=8&Year_from=2016&Year_to=2016&Station=STA-BETE704&Samplingpoint=&Source=E1a&Output=HTML&UpdateDate="
"Belgium","NET-Flanders","Flanders","BESMA01","59MA01 - MAASMECHELEN","SPO-BESMA01_06016_100","C6H12","1-Hexene (air)","P1Y","Annual mean / 1 calendar year","2016","0.000","ug/m3","86.61","1","Background","Suburban","5.7256","50.9816","0.0","","","","E1a/validated data AQ e-Reporting","18/03/2023 21:08:58","http://fme.discomap.eea.europa.eu/fmedatastreaming/AirQualityDownload/AQData_Extract.fmw?CountryCode=BE&CityName=&Pollutant=6016&Year_from=2016&Year_to=2016&Station=STA-BESMA01&Samplingpoint=&Source=E1a&Output=HTML&UpdateDate="
"Belgium","NET-Flanders","Flanders","BEDGI05","65GI05 - GRIMBERGEN
","SPO-BEDGI05_07435_100","Fluorene","Fluorene (precip+dry_dep)","P1Y","Annual mean / 1 calendar year","2016","18.443","ng/m2/day","22.95","1","Background","Suburban","4.4189","50.9482","0.0","","","","E1a/validated data AQ e-Reporting","18/03/2023 21:08:58","http://fme.discomap.eea.europa.eu/fmedatastreaming/AirQualityDownload/AQData_Extract.fmw?CountryCode=BE&CityName=&Pollutant=7435&Year_from=2016&Year_to=2016&Station=STA-BEDGI05&Samplingpoint=&Source=E1a&Output=HTML&UpdateDate="
"Belgium","NET-Flanders","Flanders","BETR010","42R010 - ST.STEVENSW","SPO-BETR010_00008_100","NO2","Nitrogen dioxide (air)","P1Y-hrsAbove200","1 year hour exceed 200","2016","0.000","count","97.14","1","Background","Suburban","4.4284","50.8651","68.0","","","","E1a/validated data AQ e-Reporting","18/03/2023 21:48:42","http://fme.discomap.eea.europa.eu/fmedatastreaming/AirQualityDownload/AQData_Extract.fmw?CountryCode=BE&CityName=&Pollutant=8&Year_from=2016&Year_to=2016&Station=STA-BETR010&Samplingpoint=&Source=E1a&Output=HTML&UpdateDate="
"Belgium","NET-Flanders","Flanders","BETN029","44N029 - HOUTEM","SPO-BETN029_00008_100","NO2","Nitrogen dioxide (air)","P1Y","Annual mean / 1 calendar year","2016","11.240","ug/m3","96.62","1","Background","Rural","2.5823","51.0163","2.0","","","","E1a/validated data AQ e-Reporting","18/03/2023 21:08:58","http://fme.discomap.eea.europa.eu/fmedatastreaming/AirQualityDownload/AQData_Extract.fmw?CountryCode=BE&CityName=&Pollutant=8&Year_from=2016&Year_to=2016&Station=STA-BETN029&Samplingpoint=&Source=E1a&Output=HTML&UpdateDate="
"Belgium","NET-Flanders","Flanders","BETR020","42R020 - VILVOORDE","SPO-BETR020_00008_100","NO2","Nitrogen dioxide (air)","P1Y-3hAbove400","3 consecutive hours in exceedance of 400","2016","0.000","count","94.13","1","Background","Suburban","4.4367","50.9414","12.0","","","","E1a/validated data AQ e-Reporting","18/03/2023 22:22:30","http://fme.discomap.eea.europa.eu/fmedatastreaming/AirQualityDownload/AQData_Extract.fmw?CountryCode=BE&CityName=&Pollutant=8&Year_from=2016&Year_to=2016&Station=STA-BETR020&Samplingpoint=&Source=E1a&Output=HTML&UpdateDate="
"Belgium","NET-Flanders","Flanders","BETN052","44N052 - ZWEVEGEM","SPO-BETN052_00008_100","NO2","Nitrogen dioxide (air)","P1Y-hr-min","1 year hour min","2016","4.000","ug/m3","94.73","1","Background","Suburban","3.3225","50.8149","27.0","","","","E1a/validated data AQ e-Reporting","18/03/2023 22:31:20","http://fme.discomap.eea.europa.eu/fmedatastreaming/AirQualityDownload/AQData_Extract.fmw?CountryCode=BE&CityName=&Pollutant=8&Year_from=2016&Year_to=2016&Station=STA-BETN052&Samplingpoint=&Source=E1a&Output=HTML&UpdateDate="
"Belgium","NET-Flanders","Flanders","BETR831","42R831 - BERENDRECHT","SPO-BETR831_00001_100","SO2","Sulphur dioxide (air)","P1Y-day-per50","1 year 50 %ile of daily values in a year","2016","1.667","ug/m3","99.45","1","Industrial","Rural","4.3397","51.3488","3.0","Antwerpen                                                                       ","BE002C1                                           ","530014","E1a/validated data AQ e-Reporting","18/03/2023 22:14:46","http://fme.discomap.eea.europa.eu/fmedatastreaming/AirQualityDownload/AQData_Extract.fmw?CountryCode=BE&CityName=&Pollutant=1&Year_from=2016&Year_to=2016&Station=STA-BETR831&Samplingpoint=&Source=E1a&Output=HTML&UpdateDate="
"Belgium","NET-Flanders","Flanders","BETR831","42R831 - BERENDRECHT","SPO-BETR831_00007_100","O3","Ozone (air)","AOT40f","AOT40 for forest protection","2016","11542.719","ug/m3","96.58","1","Industrial","Rural","4.3397","51.3488","3.0","Antwerpen                                                                       ","BE002C1                                           ","530014","E1a/validated data AQ e-Reporting","18/03/2023 23:06:40","http://fme.discomap.eea.europa.eu/fmedatastreaming/AirQualityDownload/AQData_Extract.fmw?CountryCode=BE&CityName=&Pollutant=7&Year_from=2016&Year_to=2016&Station=STA-BETR831&Samplingpoint=&Source=E1a&Output=HTML&UpdateDate="
"Belgium","NET-Flanders","Flanders","BETR010","42R010 - ST.STEVENSW","SPO-BETR010_00008_100","NO2","Nitrogen dioxide (air)","P1Y-hr-min","1 year hour min","2016","2.000","ug/m3","97.14","1","Background","Suburban","4.4284","50.8651","68.0","","","","E1a/validated data AQ e-Reporting","18/03/2023 22:31:20","http://fme.discomap.eea.europa.eu/fmedatastreaming/AirQualityDownload/AQData_Extract.fmw?CountryCode=BE&CityName=&Pollutant=8&Year_from=2016&Year_to=2016&Station=STA-BETR010&Samplingpoint=&Source=E1a&Output=HTML&UpdateDate="
"Belgium","NET-Flanders","Flanders","BETN012","44N012 - MOERKERKE","SPO-BETN012_00008_100","NO2","Nitrogen dioxide (air)","P1Y-hr-max19","1 year hour max19","2016","59.500","ug/m3","94.24","1","Background","Rural","3.3625","51.2546","3.0","","","","E1a/validated data AQ e-Reporting","18/03/2023 22:34:35","http://fme.discomap.eea.europa.eu/fmedatastreaming/AirQualityDownload/AQData_Extract.fmw?CountryCode=BE&CityName=&Pollutant=8&Year_from=2016&Year_to=2016&Station=STA-BETN012&Samplingpoint=&Source=E1a&Output=HTML&UpdateDate="
"Belgium","NET-Flanders","Flanders","BETN012","44N012 - MOERKERKE","SPO-BETN012_06001_100","PM2.5","Particulate matter < 2.5 µm (aerosol)","P1Y","Annual mean / 1 calendar year","2016","11.992","ug/m3","99.57","1","Background","Rural","3.3625","51.2546","3.0","","","","E1a/validated data AQ e-Reporting","18/03/2023 21:08:58","http://fme.discomap.eea.europa.eu/fmedatastreaming/AirQualityDownload/AQData_Extract.fmw?CountryCode=BE&CityName=&Pollutant=6001&Year_from=2016&Year_to=2016&Station=STA-BETN012&Samplingpoint=&Source=E1a&Output=HTML&UpdateDate="
"Belgium","NET-Flanders","Flanders","BETN016","42N016 - DESSEL","SPO-BETN016_00001_100","SO2","Sulphur dioxide (air)","P1Y-day-max","1 year day max","2016","12.196","ug/m3","99.45","1","Background","Rural","5.1640","51.2337","30.0","","","","E1a/validated data AQ e-Reporting","18/03/2023 21:42:48","http://fme.discomap.eea.europa.eu/fmedatastreaming/AirQualityDownload/AQData_Extract.fmw?CountryCode=BE&CityName=&Pollutant=1&Year_from=2016&Year_to=2016&Station=STA-BETN016&Samplingpoint=&Source=E1a&Output=HTML&UpdateDate="
"Belgium","NET-Flanders","Flanders","BESMA01","59MA01 - MAASMECHELEN","SPO-BESMA01_00457_100","Chlorobenzene (air)","Chlorobenzene (air)","P1Y","Annual mean / 1 calendar year","2016","0.000","ug/m3","86.61","1","Background","Suburban","5.7256","50.9816","0.0","","","","E1a/validated data AQ e-Reporting","18/03/2023 21:08:58","http://fme.discomap.eea.europa.eu/fmedatastreaming/AirQualityDownload/AQData_Extract.fmw?CountryCode=BE&CityName=&Pollutant=457&Year_from=2016&Year_to=2016&Station=STA-BESMA01&Samplingpoint=&Source=E1a&Output=HTML&UpdateDate="
"Belgium","NET-Flanders","Flanders","BETN029","44N029 - HOUTEM","SPO-BETN029_00005_100","PM10","Particulate matter < 10 µm (aerosol)","P1Y-hr-min","1 year hour min","2016","3.600","ug/m3","99.29","1","Background","Rural","2.5823","51.0163","2.0","","","","E1a/validated data AQ e-Reporting","18/03/2023 22:31:20","http://fme.discomap.eea.europa.eu/fmedatastreaming/AirQualityDownload/AQData_Extract.fmw?CountryCode=BE&CityName=&Pollutant=5&Year_from=2016&Year_to=2016&Station=STA-BETN029&Samplingpoint=&Source=E1a&Output=HTML&UpdateDate="
"Belgium","NET-Flanders","Flanders","BEDR802","65R802 - BORGERHOUT","SPO-BEDR802_00717_100","Pyrene","pyrene (precip+dry_dep)","P1Y","Annual mean / 1 calendar year","2016","94.679","ng/m2/day","92.62","1","Background","Urban","4.4317","51.2094","0.0","Antwerpen                                                                       ","BE002C1                                           ","530014","E1a/validated data AQ e-Reporting","18/03/2023 21:08:58","http://fme.discomap.eea.europa.eu/fmedatastreaming/AirQualityDownload/AQData_Extract.fmw?CountryCode=BE&CityName=&Pollutant=717&Year_from=2016&Year_to=2016&Station=STA-BEDR802&Samplingpoint=&Source=E1a&Output=HTML&UpdateDate="
"Belgium","NET-Brussels","Brussels","BETWOL1","41WOL1 - WOL.ST.L.","SPO-BETWOL1_00008_100","NO2","Nitrogen dioxide (air)","P1Y-hrsAbove400","1 year hour exceed 400","2016","0.000","count","96.81","1","Traffic","Suburban","4.4258","50.8567","78.0","Bruxelles / Brussel                                                             ","BE001C1                                           ","1223364","E1a/validated data AQ e-Reporting","18/03/2023 21:54:38","http://fme.discomap.eea.europa.eu/fmedatastreaming/AirQualityDownload/AQData_Extract.fmw?CountryCode=BE&CityName=&Pollutant=8&Year_from=2016&Year_to=2016&Station=STA-BETWOL1&Samplingpoint=&Source=E1a&Output=HTML&UpdateDate="
"Belgium","NET-Brussels","Brussels","BEVR001","51R001 - MOLENBEEK","SPO-BEVR001_00486_100","H3C-(CH2)3-CH3","n-Pentane (air)","P1Y","Annual mean / 1 calendar year","2016","0.001","ug/m3","88.52","1","Background","Urban","4.3338","50.8497","15.0","Bruxelles / Brussel                                                             ","BE001C1                                           ","1223364","E1a/validated data AQ e-Reporting","18/03/2023 21:08:58","http://fme.discomap.eea.europa.eu/fmedatastreaming/AirQualityDownload/AQData_Extract.fmw?CountryCode=BE&CityName=&Pollutant=486&Year_from=2016&Year_to=2016&Station=STA-BEVR001&Samplingpoint=&Source=E1a&Output=HTML&UpdateDate="
"Belgium","NET-Flanders","Flanders","BETM705","44M705 - ROESELARE","SPO-BETM705_00005_100","PM10","Particulate matter < 10 µm (aerosol)","P1Y-day-max36","1 year day max 36","2016","47.079","ug/m3","96.99","1","Industrial","Suburban","3.1524","50.9454","19.0","","","","E1a/validated data AQ e-Reporting","18/03/2023 22:32:47","http://fme.discomap.eea.europa.eu/fmedatastreaming/AirQualityDownload/AQData_Extract.fmw?CountryCode=BE&CityName=&Pollutant=5&Year_from=2016&Year_to=2016&Station=STA-BETM705&Samplingpoint=&Source=E1a&Output=HTML&UpdateDate="
"Belgium","NET-Flanders","Flanders","BETM705","44M705 - ROESELARE","SPO-BETM705_00007_100","O3","Ozone (air)","P1Y-hr-min","1 year hour min","2016","1.000","ug/m3","92.11","1","Industrial","Suburban","3.1524","50.9454","19.0","","","","E1a/validated data AQ e-Reporting","18/03/2023 22:31:20","http://fme.discomap.eea.europa.eu/fmedatastreaming/AirQualityDownload/AQData_Extract.fmw?CountryCode=BE&CityName=&Pollutant=7&Year_from=2016&Year_to=2016&Station=STA-BETM705&Samplingpoint=&Source=E1a&Output=HTML&UpdateDate="
"Belgium","NET-Flanders","Flanders","BELAB02","40AB02 - BERENDRECHT","SPO-BELAB02_00005_100","PM10","Particulate matter < 10 µm (aerosol)","P1Y-hr-min","1 year hour min","2016","3.600","ug/m3","99.85","1","Background","Suburban","4.3218","51.3407","10.0","Antwerpen                                                                       ","BE002C1                                           ","530014","E1a/validated data AQ e-Reporting","18/03/2023 22:31:20","http://fme.discomap.eea.europa.eu/fmedatastreaming/AirQualityDownload/AQData_Extract.fmw?CountryCode=BE&CityName=&Pollutant=5&Year_from=2016&Year_to=2016&Station=STA-BELAB02&Samplingpoint=&Source=E1a&Output=HTML&UpdateDate="
"Belgium","NET-Flanders","Flanders","BETE811","47E811 - DIEPENBEEK","SPO-BETE811_00008_100","NO2","Nitrogen dioxide (air)","P1Y-day-min","1 year day min","2016","2.891","ug/m3","55.46","1","Industrial","Rural","5.4182","50.8969","59.0","","","","E1a/validated data AQ e-Reporting","18/03/2023 21:56:03","http://fme.discomap.eea.europa.eu/fmedatastreaming/AirQualityDownload/AQData_Extract.fmw?CountryCode=BE&CityName=&Pollutant=8&Year_from=2016&Year_to=2016&Station=STA-BETE811&Samplingpoint=&Source=E1a&Output=HTML&UpdateDate="
"Belgium","NET-Flanders","Flanders","BETE812","47E812 - GENK","SPO-BETE812_00001_100","SO2","Sulphur dioxide (air)","P1Y-hr-max25","1 year hour max 25","2016","6.500","ug/m3","46.22","1","Industrial","Suburban","5.5377","50.9680","82.0","","","","E1a/validated data AQ e-Reporting","18/03/2023 22:33:20","http://fme.discomap.eea.europa.eu/fmedatastreaming/AirQualityDownload/AQData_Extract.fmw?CountryCode=BE&CityName=&Pollutant=1&Year_from=2016&Year_to=2016&Station=STA-BETE812&Samplingpoint=&Source=E1a&Output=HTML&UpdateDate="
"Belgium","NET-Flanders","Flanders","BETN045","42N045 - HASSELT","SPO-BETN045_00001_100","SO2","Sulphur dioxide (air)","P1Y-day-max4","1 year day max 4","2016","3.522","ug/m3","98.36","1","Background","Suburban","5.3684","50.9397","41.0","","","","E1a/validated data AQ e-Reporting","18/03/2023 22:31:46","http://fme.discomap.eea.europa.eu/fmedatastreaming/AirQualityDownload/AQData_Extract.fmw?CountryCode=BE&CityName=&Pollutant=1&Year_from=2016&Year_to=2016&Station=STA-BETN045&Samplingpoint=&Source=E1a&Output=HTML&UpdateDate="
"Belgium","NET-Flanders","Flanders","BELAL01","40AL01 - LINKEROEVER","SPO-BELAL01_00008_100","NO2","Nitrogen dioxide (air)","P1Y-day-per50","1 year 50 %ile of daily values in a year","2016","25.370","ug/m3","95.63","1","Industrial","Suburban","4.3852","51.2362","10.0","Antwerpen                                                                       ","BE002C1                                           ","530014","E1a/validated data AQ e-Reporting","18/03/2023 22:14:21","http://fme.discomap.eea.europa.eu/fmedatastreaming/AirQualityDownload/AQData_Extract.fmw?CountryCode=BE&CityName=&Pollutant=8&Year_from=2016&Year_to=2016&Station=STA-BELAL01&Samplingpoint=&Source=E1a&Output=HTML&UpdateDate="
"Belgium","NET-Flanders","Flanders","BESN029","59N029 - VEURNE","SPO-BESN029_00021_100","C6H5-CH3","Toluene (air)","P1Y","Annual mean / 1 calendar year","2016","0.001","ug/m3","87.99","1","Background","Suburban","2.5823","51.0163","0.0","","","","E1a/validated data AQ e-Reporting","18/03/2023 21:08:58","http://fme.discomap.eea.europa.eu/fmedatastreaming/AirQualityDownload/AQData_Extract.fmw?CountryCode=BE&CityName=&Pollutant=21&Year_from=2016&Year_to=2016&Station=STA-BESN029&Samplingpoint=&Source=E1a&Output=HTML&UpdateDate="
"Belgium","NET-Flanders","Flanders","BETN054","42N054 - WALSHOUTEM","SPO-BETN054_00007_100","O3","Ozone (air)","P1Y","Annual mean / 1 calendar year","2016","46.454","ug/m3","91.99","1","Background","Rural","5.1032","50.7117","135.0","","","","E1a/validated data AQ e-Reporting","18/03/2023 21:08:58","http://fme.discomap.eea.europa.eu/fmedatastreaming/AirQualityDownload/AQData_Extract.fmw?CountryCode=BE&CityName=&Pollutant=7&Year_from=2016&Year_to=2016&Station=STA-BETN054&Samplingpoint=&Source=E1a&Output=HTML&UpdateDate="
"Belgium","NET-Brussels","Brussels","BETR001","41R001 - MOLENBEEK","SPO-BETR001_00007_100","O3","Ozone (air)","SOMO10","Sum of Ozone Means Over 10 ppb","2016","11609.640","ug/m3","90.98","1","Background","Urban","4.3341","50.8497","20.0","Bruxelles / Brussel                                                             ","BE001C1                                           ","1223364","E1a/validated data AQ e-Reporting","18/03/2023 22:59:50","http://fme.discomap.eea.europa.eu/fmedatastreaming/AirQualityDownload/AQData_Extract.fmw?CountryCode=BE&CityName=&Pollutant=7&Year_from=2016&Year_to=2016&Station=STA-BETR001&Samplingpoint=&Source=E1a&Output=HTML&UpdateDate="
"Belgium","NET-Flanders","Flanders","BETM802","42M802 - ANTWERPEN","SPO-BETM802_00008_100","NO2","Nitrogen dioxide (air)","P1Y-hr-max19","1 year hour max19","2016","118.500","ug/m3","94.92","1","Industrial","Suburban","4.4244","51.2610","3.0","Antwerpen                                                                       ","BE002C1                                           ","530014","E1a/validated data AQ e-Reporting","18/03/2023 22:34:35","http://fme.discomap.eea.europa.eu/fmedatastreaming/AirQualityDownload/AQData_Extract.fmw?CountryCode=BE&CityName=&Pollutant=8&Year_from=2016&Year_to=2016&Station=STA-BETM802&Samplingpoint=&Source=E1a&Output=HTML&UpdateDate="
"Belgium","NET-Flanders","Flanders","BETE814","47E814 - Ham","SPO-BETE814_00008_100","NO2","Nitrogen dioxide (air)","P1Y-hr-min","1 year hour min","2016","1.000","ug/m3","96.31","1","Industrial","Rural","5.1297","51.0822","0.0","","","","E1a/validated data AQ e-Reporting","18/03/2023 22:31:20","http://fme.discomap.eea.europa.eu/fmedatastreaming/AirQualityDownload/AQData_Extract.fmw?CountryCode=BE&CityName=&Pollutant=8&Year_from=2016&Year_to=2016&Station=STA-BETE814&Samplingpoint=&Source=E1a&Output=HTML&UpdateDate="
"Belgium","NET-Flanders","Flanders","BETR701","44R701 - GENT","SPO-BETR701_00005_100","PM10","Particulate matter < 10 µm (aerosol)","P1Y-hr-per50","1 year 50 percentile","2016","21.100","ug/m3","99.86","1","Background","Urban","3.7293","51.0583","5.0","Gent                                                                            ","BE003C1                                           ","263687","E1a/validated data AQ e-Reporting","18/03/2023 22:05:49","http://fme.discomap.eea.europa.eu/fmedatastreaming/AirQualityDownload/AQData_Extract.fmw?CountryCode=BE&CityName=&Pollutant=5&Year_from=2016&Year_to=2016&Station=STA-BETR701&Samplingpoint=&Source=E1a&Output=HTML&UpdateDate="
"Belgium","NET-Flanders","Flanders","BETN054","42N054 - WALSHOUTEM","SPO-BETN054_00007_100","O3","Ozone (air)","P1Y-hrsAbove180","1 year hour exceed 180","2016","4.000","count","91.99","1","Background","Rural","5.1032","50.7117","135.0","","","","E1a/validated data AQ e-Reporting","18/03/2023 21:46:37","http://fme.discomap.eea.europa.eu/fmedatastreaming/AirQualityDownload/AQData_Extract.fmw?CountryCode=BE&CityName=&Pollutant=7&Year_from=2016&Year_to=2016&Station=STA-BETN054&Samplingpoint=&Source=E1a&Output=HTML&UpdateDate="
"Belgium","NET-Flanders","Flanders","BETN054","42N054 - WALSHOUTEM","SPO-BETN054_00008_100","NO2","Nitrogen dioxide (air)","P1Y-3hAbove400","3 consecutive hours in exceedance of 400","2016","0.000","count","94.35","1","Background","Rural","5.1032","50.7117","135.0","","","","E1a/validated data AQ e-Reporting","18/03/2023 22:22:30","http://fme.discomap.eea.europa.eu/fmedatastreaming/AirQualityDownload/AQData_Extract.fmw?CountryCode=BE&CityName=&Pollutant=8&Year_from=2016&Year_to=2016&Station=STA-BETN054&Samplingpoint=&Source=E1a&Output=HTML&UpdateDate="
"Belgium","NET-Flanders","Flanders","BETN012","44N012 - MOERKERKE","SPO-BETN012_00005_100","PM10","Particulate matter < 10 µm (aerosol)","P3Y","3 subsequent calendar years mean","2016","18.993","ug/m3","94.43","1","Background","Rural","3.3625","51.2546","3.0","","","","E1a/validated data AQ e-Reporting","18/03/2023 21:36:00","http://fme.discomap.eea.europa.eu/fmedatastreaming/AirQualityDownload/AQData_Extract.fmw?CountryCode=BE&CityName=&Pollutant=5&Year_from=2016&Year_to=2016&Station=STA-BETN012&Samplingpoint=&Source=E1a&Output=HTML&UpdateDate="
"Belgium","NET-Flanders","Flanders","BETM802","42M802 - ANTWERPEN","SPO-BETM802_00391_100","Black Carbon","black_carbon (aerosol)","P1Y-hr-per50","1 year 50 percentile","2016","1.210","ug/m3","98.13","1","Industrial","Suburban","4.4244","51.2610","3.0","Antwerpen                                                                       ","BE002C1                                           ","530014","E1a/validated data AQ e-Reporting","18/03/2023 22:05:49","http://fme.discomap.eea.europa.eu/fmedatastreaming/AirQualityDownload/AQData_Extract.fmw?CountryCode=BE&CityName=&Pollutant=391&Year_from=2016&Year_to=2016&Station=STA-BETM802&Samplingpoint=&Source=E1a&Output=HTML&UpdateDate="
"Belgium","NET-Flanders","Flanders","BETR701","44R701 - GENT","SPO-BETR701_00007_100","O3","Ozone (air)","P1Y-dx-max26","1 year daymax max 26","2016","93.125","ug/m3","89.34","1","Background","Urban","3.7293","51.0583","5.0","Gent                                                                            ","BE003C1                                           ","263687","E1a/validated data AQ e-Reporting","18/03/2023 22:32:17","http://fme.discomap.eea.europa.eu/fmedatastreaming/AirQualityDownload/AQData_Extract.fmw?CountryCode=BE&CityName=&Pollutant=7&Year_from=2016&Year_to=2016&Station=STA-BETR701&Samplingpoint=&Source=E1a&Output=HTML&UpdateDate="
"Belgium","NET-Flanders","Flanders","BEMBE07","00BE07 - BEERSE","SPO-BEMBE07_05012_100","Pb in PM10","Lead in PM10 (aerosol)","P1Y","Annual mean / 1 calendar year","2016","0.270","ug/m3","99.73","1","Industrial","Suburban","4.8217","51.3251","35.0","","","","E1a/validated data AQ e-Reporting","18/03/2023 21:08:58","http://fme.discomap.eea.europa.eu/fmedatastreaming/AirQualityDownload/AQData_Extract.fmw?CountryCode=BE&CityName=&Pollutant=5012&Year_from=2016&Year_to=2016&Station=STA-BEMBE07&Samplingpoint=&Source=E1a&Output=HTML&UpdateDate="
"Belgium","NET-Flanders","Flanders","BETN054","42N054 - WALSHOUTEM","SPO-BETN054_00007_100","O3","Ozone (air)","P1Y-dx-avg","1 year daymax average","2016","64.316","ug/m3","92.62","1","Background","Rural","5.1032","50.7117","135.0","","","","E1a/validated data AQ e-Reporting","18/03/2023 22:27:48","http://fme.discomap.eea.europa.eu/fmedatastreaming/AirQualityDownload/AQData_Extract.fmw?CountryCode=BE&CityName=&Pollutant=7&Year_from=2016&Year_to=2016&Station=STA-BETN054&Samplingpoint=&Source=E1a&Output=HTML&UpdateDate="
"Belgium","NET-Flanders","Flanders","BETN027","42N027 - BREE","SPO-BETN027_00007_100","O3","Ozone (air)","P1Y-hrsAbove180","1 year hour exceed 180","2016","6.000","count","93.66","1","Background","Rural","5.6067","51.1337","48.0","","","","E1a/validated data AQ e-Reporting","18/03/2023 21:46:37","http://fme.discomap.eea.europa.eu/fmedatastreaming/AirQualityDownload/AQData_Extract.fmw?CountryCode=BE&CityName=&Pollutant=7&Year_from=2016&Year_to=2016&Station=STA-BETN027&Samplingpoint=&Source=E1a&Output=HTML&UpdateDate="
"Belgium","NET-Flanders","Flanders","BESN035","59N035 - AARSCHOT","SPO-BESN035_06011_100","1,2,4-C6H3(CH3)3","1,2,4-Trimethylbenzene (air)","P1Y","Annual mean / 1 calendar year","2016","0.000","ug/m3","84.16","1","Background","Suburban","4.8376","50.9776","0.0","","","","E1a/validated data AQ e-Reporting","18/03/2023 21:08:58","http://fme.discomap.eea.europa.eu/fmedatastreaming/AirQualityDownload/AQData_Extract.fmw?CountryCode=BE&CityName=&Pollutant=6011&Year_from=2016&Year_to=2016&Station=STA-BESN035&Samplingpoint=&Source=E1a&Output=HTML&UpdateDate="
"Belgium","NET-Flanders","Flanders","BETN012","44N012 - MOERKERKE","SPO-BETN012_00007_100","O3","Ozone (air)","P1Y-hr-min","1 year hour min","2016","1.000","ug/m3","89.63","1","Background","Rural","3.3625","51.2546","3.0","","","","E1a/validated data AQ e-Reporting","18/03/2023 22:31:20","http://fme.discomap.eea.europa.eu/fmedatastreaming/AirQualityDownload/AQData_Extract.fmw?CountryCode=BE&CityName=&Pollutant=7&Year_from=2016&Year_to=2016&Station=STA-BETN012&Samplingpoint=&Source=E1a&Output=HTML&UpdateDate="
"Belgium","NET-Flanders","Flanders","BETN046","42N046 - GELLIK","SPO-BETN046_00007_100","O3","Ozone (air)","P1Y-hrsAbove180","1 year hour exceed 180","2016","8.000","count","91.78","1","Background","Rural","5.6189","50.8823","70.0","","","","E1a/validated data AQ e-Reporting","18/03/2023 21:46:37","http://fme.discomap.eea.europa.eu/fmedatastreaming/AirQualityDownload/AQData_Extract.fmw?CountryCode=BE&CityName=&Pollutant=7&Year_from=2016&Year_to=2016&Station=STA-BETN046&Samplingpoint=&Source=E1a&Output=HTML&UpdateDate="
"Belgium","NET-Flanders","Flanders","BETN016","42N016 - DESSEL","SPO-BETN016_00001_100","SO2","Sulphur dioxide (air)","winter-avg","Winter mean","2016","1.890","ug/m3","96.88","1","Background","Rural","5.1640","51.2337","30.0","","","","E1a/validated data AQ e-Reporting","18/03/2023 22:50:43","http://fme.discomap.eea.europa.eu/fmedatastreaming/AirQualityDownload/AQData_Extract.fmw?CountryCode=BE&CityName=&Pollutant=1&Year_from=2016&Year_to=2016&Station=STA-BETN016&Samplingpoint=&Source=E1a&Output=HTML&UpdateDate="
"Belgium","NET-Flanders","Flanders","BETR710","44R710 - DESTELBERGE","SPO-BETR710_00007_100","O3","Ozone (air)","P1Y-day-min","1 year day min","2016","1.000","ug/m3","90.16","1","Background","Suburban","3.7753","51.0613","6.0","","","","E1a/validated data AQ e-Reporting","18/03/2023 21:56:21","http://fme.discomap.eea.europa.eu/fmedatastreaming/AirQualityDownload/AQData_Extract.fmw?CountryCode=BE&CityName=&Pollutant=7&Year_from=2016&Year_to=2016&Station=STA-BETR710&Samplingpoint=&Source=E1a&Output=HTML&UpdateDate="
"Belgium","NET-Flanders","Flanders","BETN016","42N016 - DESSEL","SPO-BETN016_00007_100","O3","Ozone (air)","P1Y-hrsAbove180","1 year hour exceed 180","2016","1.000","count","93.83","1","Background","Rural","5.1640","51.2337","30.0","","","","E1a/validated data AQ e-Reporting","18/03/2023 21:46:37","http://fme.discomap.eea.europa.eu/fmedatastreaming/AirQualityDownload/AQData_Extract.fmw?CountryCode=BE&CityName=&Pollutant=7&Year_from=2016&Year_to=2016&Station=STA-BETN016&Samplingpoint=&Source=E1a&Output=HTML&UpdateDate="
"Belgium","NET-Flanders","Flanders","BELGK06","40GK06 - GENK","SPO-BELGK06_00005_100","PM10","Particulate matter < 10 µm (aerosol)","P1Y-day-max","1 year day max","2016","54.288","ug/m3","100.00","1","Industrial","Suburban","5.4706","50.9279","44.0","","","","E1a/validated data AQ e-Reporting","18/03/2023 21:43:06","http://fme.discomap.eea.europa.eu/fmedatastreaming/AirQualityDownload/AQData_Extract.fmw?CountryCode=BE&CityName=&Pollutant=5&Year_from=2016&Year_to=2016&Station=STA-BELGK06&Samplingpoint=&Source=E1a&Output=HTML&UpdateDate="
"Belgium","NET-Flanders","Flanders","BEMKK01","00KK01 - KOKSIJDE","SPO-BEMKK01_05014_100","Cd in PM10","Cadmium in PM10 (aerosol)","P1Y","Annual mean / 1 calendar year","2016","0.155","ng/m3","96.19","1","Background","Rural","2.6585","51.1209","6.0","","","","E1a/validated data AQ e-Reporting","18/03/2023 21:08:58","http://fme.discomap.eea.europa.eu/fmedatastreaming/AirQualityDownload/AQData_Extract.fmw?CountryCode=BE&CityName=&Pollutant=5014&Year_from=2016&Year_to=2016&Station=STA-BEMKK01&Samplingpoint=&Source=E1a&Output=HTML&UpdateDate="
"Belgium","NET-Flanders","Flanders","BEGR701","26R701 - GENT","SPO-BEGR701_01771_100","EC in PM2.5","Elemental carbon in PM2.5 (aerosol)","P1Y","Annual mean / 1 calendar year","2016","0.370","ug/m3","0.01","1","Background","Urban","3.7293","51.0583","5.0","Gent                                                                            ","BE003C1                                           ","263687","E1a/validated data AQ e-Reporting","18/03/2023 21:08:58","http://fme.discomap.eea.europa.eu/fmedatastreaming/AirQualityDownload/AQData_Extract.fmw?CountryCode=BE&CityName=&Pollutant=1771&Year_from=2016&Year_to=2016&Station=STA-BEGR701&Samplingpoint=&Source=E1a&Output=HTML&UpdateDate="
"Belgium","NET-Flanders","Flanders","BELAB02","40AB02 - BERENDRECHT","SPO-BELAB02_00005_100","PM10","Particulate matter < 10 µm (aerosol)","P1Y-P1D-per90.41","1 year 90.41 percentile","2016","35.975","ug/m3","100.00","1","Background","Suburban","4.3218","51.3407","10.0","Antwerpen                                                                       ","BE002C1                                           ","530014","E1a/validated data AQ e-Reporting","18/03/2023 22:09:05","http://fme.discomap.eea.europa.eu/fmedatastreaming/AirQualityDownload/AQData_Extract.fmw?CountryCode=BE&CityName=&Pollutant=5&Year_from=2016&Year_to=2016&Station=STA-BELAB02&Samplingpoint=&Source=E1a&Output=HTML&UpdateDate="
"Belgium","NET-Flanders","Flanders","BESR893","59N893 - ANTWERPEN","SPO-BESR893_00482_100","o-C6H4-(CH3)2","o-Xylene (air)","P1Y","Annual mean / 1 calendar year","2016","0.000","ug/m3","91.80","1","Background","Suburban","3.8084","51.2032","0.0","","","","E1a/validated data AQ e-Reporting","18/03/2023 21:08:58","http://fme.discomap.eea.europa.eu/fmedatastreaming/AirQualityDownload/AQData_Extract.fmw?CountryCode=BE&CityName=&Pollutant=482&Year_from=2016&Year_to=2016&Station=STA-BESR893&Samplingpoint=&Source=E1a&Output=HTML&UpdateDate="
"Belgium","NET-Flanders","Flanders","BETE812","47E812 - GENK","SPO-BETE812_00001_100","SO2","Sulphur dioxide (air)","P1Y-day-max-per99.18","1 year 99.18 percentile of daily maximum","2016","3.761","ug/m3","47.27","1","Industrial","Suburban","5.5377","50.9680","82.0","","","","E1a/validated data AQ e-Reporting","18/03/2023 22:12:16","http://fme.discomap.eea.europa.eu/fmedatastreaming/AirQualityDownload/AQData_Extract.fmw?CountryCode=BE&CityName=&Pollutant=1&Year_from=2016&Year_to=2016&Station=STA-BETE812&Samplingpoint=&Source=E1a&Output=HTML&UpdateDate="
"Belgium","NET-Flanders","Flanders","BETR731","44R731 - EVERGEM","SPO-BETR731_06001_100","PM2.5","Particulate matter < 2.5 µm (aerosol)","P1Y-day-max","1 year day max","2016","52.208","ug/m3","98.36","1","Industrial","Rural","3.7395","51.1247","6.0","","","","E1a/validated data AQ e-Reporting","18/03/2023 21:43:22","http://fme.discomap.eea.europa.eu/fmedatastreaming/AirQualityDownload/AQData_Extract.fmw?CountryCode=BE&CityName=&Pollutant=6001&Year_from=2016&Year_to=2016&Station=STA-BETR731&Samplingpoint=&Source=E1a&Output=HTML&UpdateDate="
"Belgium","NET-Flanders","Flanders","BETR805","42R805 - ANTWERPEN","SPO-BETR805_00391_100","Black Carbon","black_carbon (aerosol)","P1Y","Annual mean / 1 calendar year","2016","2.278","ug/m3","98.86","1","Traffic","Urban","4.4216","51.2082","6.0","Antwerpen                                                                       ","BE002C1                                           ","530014","E1a/validated data AQ e-Reporting","18/03/2023 21:08:58","http://fme.discomap.eea.europa.eu/fmedatastreaming/AirQualityDownload/AQData_Extract.fmw?CountryCode=BE&CityName=&Pollutant=391&Year_from=2016&Year_to=2016&Station=STA-BETR805&Samplingpoint=&Source=E1a&Output=HTML&UpdateDate="
"Belgium","NET-Flanders","Flanders","BETN051","44N051 - IDEGEM","SPO-BETN051_00007_100","O3","Ozone (air)","P1Y","Annual mean / 1 calendar year","2016","44.203","ug/m3","91.29","1","Background","Rural","3.9303","50.7989","15.0","","","","E1a/validated data AQ e-Reporting","18/03/2023 21:08:58","http://fme.discomap.eea.europa.eu/fmedatastreaming/AirQualityDownload/AQData_Extract.fmw?CountryCode=BE&CityName=&Pollutant=7&Year_from=2016&Year_to=2016&Station=STA-BETN051&Samplingpoint=&Source=E1a&Output=HTML&UpdateDate="
"Belgium","NET-Flanders","Flanders","BETR740","44R740 - ST.KRUIS-WI","SPO-BETR740_00001_100","SO2","Sulphur dioxide (air)","P1Y","Annual mean / 1 calendar year","2016","1.552","ug/m3","97.11","1","Industrial","Rural","3.8087","51.1501","5.0","Gent                                                                            ","BE003C1                                           ","263687","E1a/validated data AQ e-Reporting","18/03/2023 21:08:58","http://fme.discomap.eea.europa.eu/fmedatastreaming/AirQualityDownload/AQData_Extract.fmw?CountryCode=BE&CityName=&Pollutant=1&Year_from=2016&Year_to=2016&Station=STA-BETR740&Samplingpoint=&Source=E1a&Output=HTML&UpdateDate="
"Belgium","NET-Flanders","Flanders","BETN054","42N054 - WALSHOUTEM","SPO-BETN054_06001_100","PM2.5","Particulate matter < 2.5 µm (aerosol)","P1Y-day-per50","1 year 50 %ile of daily values in a year","2016","10.417","ug/m3","97.81","1","Background","Rural","5.1032","50.7117","135.0","","","","E1a/validated data AQ e-Reporting","18/03/2023 22:11:51","http://fme.discomap.eea.europa.eu/fmedatastreaming/AirQualityDownload/AQData_Extract.fmw?CountryCode=BE&CityName=&Pollutant=6001&Year_from=2016&Year_to=2016&Station=STA-BETN054&Samplingpoint=&Source=E1a&Output=HTML&UpdateDate="
"Belgium","NET-Flanders","Flanders","BETN029","44N029 - HOUTEM","SPO-BETN029_00007_100","O3","Ozone (air)","P1Y-maxP6M-P8H-dmax","Yearly highest six monthly average of daily maximum 8-hour mean concentration","2016","75.340","ug/m3","100.00","1","Background","Rural","2.5823","51.0163","2.0","","","","E1a/validated data AQ e-Reporting","18/03/2023 22:58:54","http://fme.discomap.eea.europa.eu/fmedatastreaming/AirQualityDownload/AQData_Extract.fmw?CountryCode=BE&CityName=&Pollutant=7&Year_from=2016&Year_to=2016&Station=STA-BETN029&Samplingpoint=&Source=E1a&Output=HTML&UpdateDate="
"Belgium","NET-Flanders","Flanders","BETE704","47E704 - WACHTEBEKE","SPO-BETE704_00008_100","NO2","Nitrogen dioxide (air)","P1Y-hr-max-per99.79","1 year 99.79 %ile of hourly values in a given year","2016","67.500","ug/m3","97.23","1","Industrial","Rural","3.8699","51.1761","0.0","","","","E1a/validated data AQ e-Reporting","18/03/2023 22:07:35","http://fme.discomap.eea.europa.eu/fmedatastreaming/AirQualityDownload/AQData_Extract.fmw?CountryCode=BE&CityName=&Pollutant=8&Year_from=2016&Year_to=2016&Station=STA-BETE704&Samplingpoint=&Source=E1a&Output=HTML&UpdateDate="
"Belgium","NET-Flanders","Flanders","BETE715","47E715 - ZUIENKERKE","SPO-BETE715_00008_100","NO2","Nitrogen dioxide (air)","P1Y","Annual mean / 1 calendar year","2016","16.343","ug/m3","96.56","1","Industrial","Rural","3.1750","51.2459","4.0","","","","E1a/validated data AQ e-Reporting","18/03/2023 21:08:58","http://fme.discomap.eea.europa.eu/fmedatastreaming/AirQualityDownload/AQData_Extract.fmw?CountryCode=BE&CityName=&Pollutant=8&Year_from=2016&Year_to=2016&Station=STA-BETE715&Samplingpoint=&Source=E1a&Output=HTML&UpdateDate="
"Belgium","NET-Flanders","Flanders","BETN045","42N045 - HASSELT","SPO-BETN045_00005_100","PM10","Particulate matter < 10 µm (aerosol)","P1Y-hr-per50","1 year 50 percentile","2016","17.600","ug/m3","99.54","1","Background","Suburban","5.3684","50.9397","41.0","","","","E1a/validated data AQ e-Reporting","18/03/2023 22:05:49","http://fme.discomap.eea.europa.eu/fmedatastreaming/AirQualityDownload/AQData_Extract.fmw?CountryCode=BE&CityName=&Pollutant=5&Year_from=2016&Year_to=2016&Station=STA-BETN045&Samplingpoint=&Source=E1a&Output=HTML&UpdateDate="
"Belgium","NET-Flanders","Flanders","BELAB02","40AB02 - BERENDRECHT","SPO-BELAB02_06001_100","PM2.5","Particulate matter < 2.5 µm (aerosol)","P3Y","3 subsequent calendar years mean","2016","13.466","ug/m3","71.60","1","Background","Suburban","4.3218","51.3407","10.0","Antwerpen                                                                       ","BE002C1                                           ","530014","E1a/validated data AQ e-Reporting","18/03/2023 21:36:00","http://fme.discomap.eea.europa.eu/fmedatastreaming/AirQualityDownload/AQData_Extract.fmw?CountryCode=BE&CityName=&Pollutant=6001&Year_from=2016&Year_to=2016&Station=STA-BELAB02&Samplingpoint=&Source=E1a&Output=HTML&UpdateDate="
"Belgium","NET-Flanders","Flanders","BETR702","44R702 - Gent (G.Carlierlaan)","SPO-BETR702_00008_100","NO2","Nitrogen dioxide (air)","P1Y-day-per50","1 year 50 %ile of daily values in a year","2016","37.563","ug/m3","99.18","1","Traffic","Urban","3.7350","51.0407","8.0","Gent                                                                            ","BE003C1                                           ","263687","E1a/validated data AQ e-Reporting","18/03/2023 22:14:21","http://fme.discomap.eea.europa.eu/fmedatastreaming/AirQualityDownload/AQData_Extract.fmw?CountryCode=BE&CityName=&Pollutant=8&Year_from=2016&Year_to=2016&Station=STA-BETR702&Samplingpoint=&Source=E1a&Output=HTML&UpdateDate="
"Belgium","NET-Flanders","Flanders","BETN045","42N045 - HASSELT","SPO-BETN045_00007_100","O3","Ozone (air)","P3Y-dmaxAbove120","Daymax exceed 120 averaged over 3 consecutive years","2016","16.667","count","100.00","1","Background","Suburban","5.3684","50.9397","41.0","","","","E1a/validated data AQ e-Reporting","18/03/2023 22:34:54","http://fme.discomap.eea.europa.eu/fmedatastreaming/AirQualityDownload/AQData_Extract.fmw?CountryCode=BE&CityName=&Pollutant=7&Year_from=2016&Year_to=2016&Station=STA-BETN045&Samplingpoint=&Source=E1a&Output=HTML&UpdateDate="
"Belgium","NET-Flanders","Flanders","BETR701","44R701 - GENT","SPO-BETR701_06001_100","PM2.5","Particulate matter < 2.5 µm (aerosol)","P1Y-P1D-per99","1 year 99 percentile of daily means (P1D) or .../aq/primaryObservation/day","2016","46.479","ug/m3","100.00","1","Background","Urban","3.7293","51.0583","5.0","Gent                                                                            ","BE003C1                                           ","263687","E1a/validated data AQ e-Reporting","18/03/2023 22:10:03","http://fme.discomap.eea.europa.eu/fmedatastreaming/AirQualityDownload/AQData_Extract.fmw?CountryCode=BE&CityName=&Pollutant=6001&Year_from=2016&Year_to=2016&Station=STA-BETR701&Samplingpoint=&Source=E1a&Output=HTML&UpdateDate="
"Belgium","NET-Flanders","Flanders","BETM802","42M802 - ANTWERPEN","SPO-BETM802_00001_100","SO2","Sulphur dioxide (air)","P1Y-hr-max-per99.73","1 year 99.73 %ile of hourly values in a given year","2016","24.500","ug/m3","96.02","1","Industrial","Suburban","4.4244","51.2610","3.0","Antwerpen                                                                       ","BE002C1                                           ","530014","E1a/validated data AQ e-Reporting","18/03/2023 22:06:23","http://fme.discomap.eea.europa.eu/fmedatastreaming/AirQualityDownload/AQData_Extract.fmw?CountryCode=BE&CityName=&Pollutant=1&Year_from=2016&Year_to=2016&Station=STA-BETM802&Samplingpoint=&Source=E1a&Output=HTML&UpdateDate="
"Belgium","NET-Flanders","Flanders","BELSZ02","40SZ02 - STEENOKKERZ","SPO-BELSZ02_06001_100","PM2.5","Particulate matter < 2.5 µm (aerosol)","P1Y-day-max","1 year day max","2016","67.208","ug/m3","98.63","1","Industrial","Rural","4.5122","50.9130","15.0","","","","E1a/validated data AQ e-Reporting","18/03/2023 21:43:22","http://fme.discomap.eea.europa.eu/fmedatastreaming/AirQualityDownload/AQData_Extract.fmw?CountryCode=BE&CityName=&Pollutant=6001&Year_from=2016&Year_to=2016&Station=STA-BELSZ02&Samplingpoint=&Source=E1a&Output=HTML&UpdateDate="
"Belgium","NET-Flanders","Flanders","BETE811","47E811 - DIEPENBEEK","SPO-BETE811_00001_100","SO2","Sulphur dioxide (air)","P1Y-day-max4","1 year day max 4","2016","4.304","ug/m3","46.99","1","Industrial","Rural","5.4182","50.8969","59.0","","","","E1a/validated data AQ e-Reporting","18/03/2023 22:31:46","http://fme.discomap.eea.europa.eu/fmedatastreaming/AirQualityDownload/AQData_Extract.fmw?CountryCode=BE&CityName=&Pollutant=1&Year_from=2016&Year_to=2016&Station=STA-BETE811&Samplingpoint=&Source=E1a&Output=HTML&UpdateDate="
"Belgium","NET-Flanders","Flanders","BELWZ02","40WZ02 - MOL","SPO-BELWZ02_00001_100","SO2","Sulphur dioxide (air)","P1Y-day-max4","1 year day max 4","2016","92.813","ug/m3","99.45","1","Industrial","Rural","5.2215","51.1928","40.0","","","","E1a/validated data AQ e-Reporting","18/03/2023 22:31:46","http://fme.discomap.eea.europa.eu/fmedatastreaming/AirQualityDownload/AQData_Extract.fmw?CountryCode=BE&CityName=&Pollutant=1&Year_from=2016&Year_to=2016&Station=STA-BELWZ02&Samplingpoint=&Source=E1a&Output=HTML&UpdateDate="
"Belgium","NET-Flanders","Flanders","BETN054","42N054 - WALSHOUTEM","SPO-BETN054_00008_100","NO2","Nitrogen dioxide (air)","P1Y-day-per50","1 year 50 %ile of daily values in a year","2016","14.417","ug/m3","95.63","1","Background","Rural","5.1032","50.7117","135.0","","","","E1a/validated data AQ e-Reporting","18/03/2023 22:14:21","http://fme.discomap.eea.europa.eu/fmedatastreaming/AirQualityDownload/AQData_Extract.fmw?CountryCode=BE&CityName=&Pollutant=8&Year_from=2016&Year_to=2016&Station=STA-BETN054&Samplingpoint=&Source=E1a&Output=HTML&UpdateDate="
"Belgium","NET-Flanders","Flanders","BETE814","47E814 - Ham","SPO-BETE814_00008_100","NO2","Nitrogen dioxide (air)","P1Y","Annual mean / 1 calendar year","2016","23.001","ug/m3","96.31","1","Industrial","Rural","5.1297","51.0822","0.0","","","","E1a/validated data AQ e-Reporting","18/03/2023 21:08:58","http://fme.discomap.eea.europa.eu/fmedatastreaming/AirQualityDownload/AQData_Extract.fmw?CountryCode=BE&CityName=&Pollutant=8&Year_from=2016&Year_to=2016&Station=STA-BETE814&Samplingpoint=&Source=E1a&Output=HTML&UpdateDate="
"Belgium","NET-Flanders","Flanders","BELAL01","40AL01 - LINKEROEVER","SPO-BELAL01_00008_100","NO2","Nitrogen dioxide (air)","P1Y-day-min","1 year day min","2016","3.957","ug/m3","95.63","1","Industrial","Suburban","4.3852","51.2362","10.0","Antwerpen                                                                       ","BE002C1                                           ","530014","E1a/validated data AQ e-Reporting","18/03/2023 21:56:03","http://fme.discomap.eea.europa.eu/fmedatastreaming/AirQualityDownload/AQData_Extract.fmw?CountryCode=BE&CityName=&Pollutant=8&Year_from=2016&Year_to=2016&Station=STA-BELAL01&Samplingpoint=&Source=E1a&Output=HTML&UpdateDate="
"Belgium","NET-Flanders","Flanders","BESN035","59N035 - AARSCHOT","SPO-BESN035_00443_100","C6H14","n-Hexane (air)","P1Y","Annual mean / 1 calendar year","2016","0.000","ug/m3","84.16","1","Background","Suburban","4.8376","50.9776","0.0","","","","E1a/validated data AQ e-Reporting","18/03/2023 21:08:58","http://fme.discomap.eea.europa.eu/fmedatastreaming/AirQualityDownload/AQData_Extract.fmw?CountryCode=BE&CityName=&Pollutant=443&Year_from=2016&Year_to=2016&Station=STA-BESN035&Samplingpoint=&Source=E1a&Output=HTML&UpdateDate="
"Belgium","NET-Flanders","Flanders","BETE008","47E008 - Grimbergen","SPO-BETE008_00008_100","NO2","Nitrogen dioxide (air)","P1Y-day-per50","1 year 50 %ile of daily values in a year","2016","22.217","ug/m3","97.81","1","Industrial","Rural","4.3959","50.9261","14.0","","","","E1a/validated data AQ e-Reporting","18/03/2023 22:14:21","http://fme.discomap.eea.europa.eu/fmedatastreaming/AirQualityDownload/AQData_Extract.fmw?CountryCode=BE&CityName=&Pollutant=8&Year_from=2016&Year_to=2016&Station=STA-BETE008&Samplingpoint=&Source=E1a&Output=HTML&UpdateDate="
"Belgium","NET-Flanders","Flanders","BELAL01","40AL01 - LINKEROEVER","SPO-BELAL01_00008_100","NO2","Nitrogen dioxide (air)","P1Y-hrsAbove400","1 year hour exceed 400","2016","0.000","count","94.18","1","Industrial","Suburban","4.3852","51.2362","10.0","Antwerpen                                                                       ","BE002C1                                           ","530014","E1a/validated data AQ e-Reporting","18/03/2023 21:54:38","http://fme.discomap.eea.europa.eu/fmedatastreaming/AirQualityDownload/AQData_Extract.fmw?CountryCode=BE&CityName=&Pollutant=8&Year_from=2016&Year_to=2016&Station=STA-BELAL01&Samplingpoint=&Source=E1a&Output=HTML&UpdateDate="
"Belgium","NET-Flanders","Flanders","BETE009","47E009 - Zemst","SPO-BETE009_00008_100","NO2","Nitrogen dioxide (air)","P1Y-hr-max-per99.79","1 year 99.79 %ile of hourly values in a given year","2016","76.000","ug/m3","96.73","1","Industrial","Rural","4.4354","50.9549","43.0","","","","E1a/validated data AQ e-Reporting","18/03/2023 22:07:35","http://fme.discomap.eea.europa.eu/fmedatastreaming/AirQualityDownload/AQData_Extract.fmw?CountryCode=BE&CityName=&Pollutant=8&Year_from=2016&Year_to=2016&Station=STA-BETE009&Samplingpoint=&Source=E1a&Output=HTML&UpdateDate="
"Belgium","NET-Flanders","Flanders","BETE007","47E007 - Sint-Pieters-Leeuw","SPO-BETE007_00008_100","NO2","Nitrogen dioxide (air)","P1Y-hrsAbove200","1 year hour exceed 200","2016","0.000","count","96.97","1","Industrial","Rural","4.2526","50.7953","54.0","","","","E1a/validated data AQ e-Reporting","18/03/2023 21:48:42","http://fme.discomap.eea.europa.eu/fmedatastreaming/AirQualityDownload/AQData_Extract.fmw?CountryCode=BE&CityName=&Pollutant=8&Year_from=2016&Year_to=2016&Station=STA-BETE007&Samplingpoint=&Source=E1a&Output=HTML&UpdateDate="
"Belgium","NET-Flanders","Flanders","BETE008","47E008 - Grimbergen","SPO-BETE008_00008_100","NO2","Nitrogen dioxide (air)","P1Y-3hAbove400","3 consecutive hours in exceedance of 400","2016","0.000","count","95.26","1","Industrial","Rural","4.3959","50.9261","14.0","","","","E1a/validated data AQ e-Reporting","18/03/2023 22:22:30","http://fme.discomap.eea.europa.eu/fmedatastreaming/AirQualityDownload/AQData_Extract.fmw?CountryCode=BE&CityName=&Pollutant=8&Year_from=2016&Year_to=2016&Station=STA-BETE008&Samplingpoint=&Source=E1a&Output=HTML&UpdateDate="
"Belgium","NET-Flanders","Flanders","BETE008","47E008 - Grimbergen","SPO-BETE008_00008_100","NO2","Nitrogen dioxide (air)","P1Y-P1D-per99","1 year 99 percentile of daily means (P1D) or .../aq/primaryObservation/day","2016","58.521","ug/m3","97.81","1","Industrial","Rural","4.3959","50.9261","14.0","","","","E1a/validated data AQ e-Reporting","18/03/2023 22:10:34","http://fme.discomap.eea.europa.eu/fmedatastreaming/AirQualityDownload/AQData_Extract.fmw?CountryCode=BE&CityName=&Pollutant=8&Year_from=2016&Year_to=2016&Station=STA-BETE008&Samplingpoint=&Source=E1a&Output=HTML&UpdateDate="
"Belgium","NET-Flanders","Flanders","BELAL01","40AL01 - LINKEROEVER","SPO-BELAL01_00008_100","NO2","Nitrogen dioxide (air)","P1Y-hr-max19","1 year hour max19","2016","91.500","ug/m3","94.18","1","Industrial","Suburban","4.3852","51.2362","10.0","Antwerpen                                                                       ","BE002C1                                           ","530014","E1a/validated data AQ e-Reporting","18/03/2023 22:34:35","http://fme.discomap.eea.europa.eu/fmedatastreaming/AirQualityDownload/AQData_Extract.fmw?CountryCode=BE&CityName=&Pollutant=8&Year_from=2016&Year_to=2016&Station=STA-BELAL01&Samplingpoint=&Source=E1a&Output=HTML&UpdateDate="
"Belgium","NET-Flanders","Flanders","BELLM05","40LM05 - LOMMEL","SPO-BELLM05_00001_100","SO2","Sulphur dioxide (air)","P1Y-hrsAbove350","1 year hour exceed 350","2016","0.000","count","84.77","1","Industrial","Rural","5.2581","51.2151","2.0","","","","E1a/validated data AQ e-Reporting","18/03/2023 21:52:12","http://fme.discomap.eea.europa.eu/fmedatastreaming/AirQualityDownload/AQData_Extract.fmw?CountryCode=BE&CityName=&Pollutant=1&Year_from=2016&Year_to=2016&Station=STA-BELLM05&Samplingpoint=&Source=E1a&Output=HTML&UpdateDate="
"Belgium","NET-Flanders","Flanders","BELLM05","40LM05 - LOMMEL","SPO-BELLM05_00001_100","SO2","Sulphur dioxide (air)","P1Y-P1D-per99","1 year 99 percentile of daily means (P1D) or .../aq/primaryObservation/day","2016","29.854","ug/m3","85.79","1","Industrial","Rural","5.2581","51.2151","2.0","","","","E1a/validated data AQ e-Reporting","18/03/2023 22:11:00","http://fme.discomap.eea.europa.eu/fmedatastreaming/AirQualityDownload/AQData_Extract.fmw?CountryCode=BE&CityName=&Pollutant=1&Year_from=2016&Year_to=2016&Station=STA-BELLM05&Samplingpoint=&Source=E1a&Output=HTML&UpdateDate="
"Belgium","NET-Flanders","Flanders","BETN054","42N054 - WALSHOUTEM","SPO-BETN054_00008_100","NO2","Nitrogen dioxide (air)","P3Y","3 subsequent calendar years mean","2016","17.013","ug/m3","91.83","1","Background","Rural","5.1032","50.7117","135.0","","","","E1a/validated data AQ e-Reporting","18/03/2023 21:36:00","http://fme.discomap.eea.europa.eu/fmedatastreaming/AirQualityDownload/AQData_Extract.fmw?CountryCode=BE&CityName=&Pollutant=8&Year_from=2016&Year_to=2016&Station=STA-BETN054&Samplingpoint=&Source=E1a&Output=HTML&UpdateDate="
"Belgium","NET-Flanders","Flanders","BETN027","42N027 - BREE","SPO-BETN027_00007_100","O3","Ozone (air)","P1Y-hr-max","1 year hour max","2016","199.000","ug/m3","93.66","1","Background","Rural","5.6067","51.1337","48.0","","","","E1a/validated data AQ e-Reporting","18/03/2023 21:57:02","http://fme.discomap.eea.europa.eu/fmedatastreaming/AirQualityDownload/AQData_Extract.fmw?CountryCode=BE&CityName=&Pollutant=7&Year_from=2016&Year_to=2016&Station=STA-BETN027&Samplingpoint=&Source=E1a&Output=HTML&UpdateDate="
"Belgium","NET-Flanders","Flanders","BEPGK32","60GK32 - GENK","SPO-BEPGK32_05029_100","BaP in PM10","Benzo(a)pyrene in PM10 (aerosol)","P1Y","Annual mean / 1 calendar year","2016","0.152","ng/m3","33.06","1","Background","Rural","5.5117","50.9415","2.0","","","","E1a/validated data AQ e-Reporting","18/03/2023 21:08:58","http://fme.discomap.eea.europa.eu/fmedatastreaming/AirQualityDownload/AQData_Extract.fmw?CountryCode=BE&CityName=&Pollutant=5029&Year_from=2016&Year_to=2016&Station=STA-BEPGK32&Samplingpoint=&Source=E1a&Output=HTML&UpdateDate="
"Belgium","NET-Flanders","Flanders","BETM802","42M802 - ANTWERPEN","SPO-BETM802_06001_100","PM2.5","Particulate matter < 2.5 µm (aerosol)","P3Y","3 subsequent calendar years mean","2016","14.297","ug/m3","73.75","1","Industrial","Suburban","4.4244","51.2610","3.0","Antwerpen                                                                       ","BE002C1                                           ","530014","E1a/validated data AQ e-Reporting","18/03/2023 21:36:00","http://fme.discomap.eea.europa.eu/fmedatastreaming/AirQualityDownload/AQData_Extract.fmw?CountryCode=BE&CityName=&Pollutant=6001&Year_from=2016&Year_to=2016&Station=STA-BETM802&Samplingpoint=&Source=E1a&Output=HTML&UpdateDate="
"Belgium","NET-Flanders","Flanders","BETN016","42N016 - DESSEL","SPO-BETN016_00008_100","NO2","Nitrogen dioxide (air)","P1Y-3hAbove400","3 consecutive hours in exceedance of 400","2016","0.000","count","97.20","1","Background","Rural","5.1640","51.2337","30.0","","","","E1a/validated data AQ e-Reporting","18/03/2023 22:22:30","http://fme.discomap.eea.europa.eu/fmedatastreaming/AirQualityDownload/AQData_Extract.fmw?CountryCode=BE&CityName=&Pollutant=8&Year_from=2016&Year_to=2016&Station=STA-BETN016&Samplingpoint=&Source=E1a&Output=HTML&UpdateDate="
"Belgium","NET-Flanders","Flanders","BEMBE01","00BE01 - BEERSE","SPO-BEMBE01_05018_100","As in PM10","Arsenic in PM10 (aerosol)","P1Y","Annual mean / 1 calendar year","2016","8.813","ng/m3","99.73","1","Industrial","Suburban","4.8213","51.3240","29.0","","","","E1a/validated data AQ e-Reporting","18/03/2023 21:08:58","http://fme.discomap.eea.europa.eu/fmedatastreaming/AirQualityDownload/AQData_Extract.fmw?CountryCode=BE&CityName=&Pollutant=5018&Year_from=2016&Year_to=2016&Station=STA-BEMBE01&Samplingpoint=&Source=E1a&Output=HTML&UpdateDate="
"Belgium","NET-Flanders","Flanders","BETN052","44N052 - ZWEVEGEM","SPO-BETN052_00008_100","NO2","Nitrogen dioxide (air)","P1Y-day-max","1 year day max","2016","68.348","ug/m3","96.72","1","Background","Suburban","3.3225","50.8149","27.0","","","","E1a/validated data AQ e-Reporting","18/03/2023 21:43:56","http://fme.discomap.eea.europa.eu/fmedatastreaming/AirQualityDownload/AQData_Extract.fmw?CountryCode=BE&CityName=&Pollutant=8&Year_from=2016&Year_to=2016&Station=STA-BETN052&Samplingpoint=&Source=E1a&Output=HTML&UpdateDate="
"Belgium","NET-Flanders","Flanders","BETR701","44R701 - GENT","SPO-BETR701_00005_100","PM10","Particulate matter < 10 µm (aerosol)","P1Y-P1D-per90.4","1 year 90.4 percentile - COMPLIANCE","2016","45.038","ug/m3","100.00","1","Background","Urban","3.7293","51.0583","5.0","Gent                                                                            ","BE003C1                                           ","263687","E1a/validated data AQ e-Reporting","18/03/2023 22:08:35","http://fme.discomap.eea.europa.eu/fmedatastreaming/AirQualityDownload/AQData_Extract.fmw?CountryCode=BE&CityName=&Pollutant=5&Year_from=2016&Year_to=2016&Station=STA-BETR701&Samplingpoint=&Source=E1a&Output=HTML&UpdateDate="
"Belgium","NET-Flanders","Flanders","BETN016","42N016 - DESSEL","SPO-BETN016_00008_100","NO2","Nitrogen dioxide (air)","P1Y-hr-max","1 year hour max","2016","82.500","ug/m3","97.20","1","Background","Rural","5.1640","51.2337","30.0","","","","E1a/validated data AQ e-Reporting","18/03/2023 21:57:02","http://fme.discomap.eea.europa.eu/fmedatastreaming/AirQualityDownload/AQData_Extract.fmw?CountryCode=BE&CityName=&Pollutant=8&Year_from=2016&Year_to=2016&Station=STA-BETN016&Samplingpoint=&Source=E1a&Output=HTML&UpdateDate="
"Belgium","NET-Flanders","Flanders","BETN054","42N054 - WALSHOUTEM","SPO-BETN054_00005_100","PM10","Particulate matter < 10 µm (aerosol)","P3Y","3 subsequent calendar years mean","2016","20.689","ug/m3","93.88","1","Background","Rural","5.1032","50.7117","135.0","","","","E1a/validated data AQ e-Reporting","18/03/2023 21:36:00","http://fme.discomap.eea.europa.eu/fmedatastreaming/AirQualityDownload/AQData_Extract.fmw?CountryCode=BE&CityName=&Pollutant=5&Year_from=2016&Year_to=2016&Station=STA-BETN054&Samplingpoint=&Source=E1a&Output=HTML&UpdateDate="
"Belgium","NET-Flanders","Flanders","BEMGN05","00GN05 - GENT","SPO-BEMGN05_05014_100","Cd in PM10","Cadmium in PM10 (aerosol)","P1Y","Annual mean / 1 calendar year","2016","0.183","ng/m3","98.91","1","Background","Urban","3.7159","51.0265","10.0","Gent                                                                            ","BE003C1                                           ","263687","E1a/validated data AQ e-Reporting","18/03/2023 21:08:58","http://fme.discomap.eea.europa.eu/fmedatastreaming/AirQualityDownload/AQData_Extract.fmw?CountryCode=BE&CityName=&Pollutant=5014&Year_from=2016&Year_to=2016&Station=STA-BEMGN05&Samplingpoint=&Source=E1a&Output=HTML&UpdateDate="
"Belgium","NET-Flanders","Flanders","BEMHB17","00HB17 - HOBOKEN","SPO-BEMHB17_05018_100","As in PM10","Arsenic in PM10 (aerosol)","P1Y","Annual mean / 1 calendar year","2016","21.124","ng/m3","97.81","1","Industrial","Suburban","4.3379","51.1703","10.0","Antwerpen                                                                       ","BE002C1                                           ","530014","E1a/validated data AQ e-Reporting","18/03/2023 21:08:58","http://fme.discomap.eea.europa.eu/fmedatastreaming/AirQualityDownload/AQData_Extract.fmw?CountryCode=BE&CityName=&Pollutant=5018&Year_from=2016&Year_to=2016&Station=STA-BEMHB17&Samplingpoint=&Source=E1a&Output=HTML&UpdateDate="
"Belgium","NET-Flanders","Flanders","BETN012","44N012 - MOERKERKE","SPO-BETN012_00007_100","O3","Ozone (air)","P1Y-day-min","1 year day min","2016","1.435","ug/m3","91.26","1","Background","Rural","3.3625","51.2546","3.0","","","","E1a/validated data AQ e-Reporting","18/03/2023 21:56:21","http://fme.discomap.eea.europa.eu/fmedatastreaming/AirQualityDownload/AQData_Extract.fmw?CountryCode=BE&CityName=&Pollutant=7&Year_from=2016&Year_to=2016&Station=STA-BETN012&Samplingpoint=&Source=E1a&Output=HTML&UpdateDate="
"Belgium","NET-Flanders","Flanders","BETM705","44M705 - ROESELARE","SPO-BETM705_00007_100","O3","Ozone (air)","P1Y-day-max","1 year day max","2016","96.625","ug/m3","93.44","1","Industrial","Suburban","3.1524","50.9454","19.0","","","","E1a/validated data AQ e-Reporting","18/03/2023 21:44:13","http://fme.discomap.eea.europa.eu/fmedatastreaming/AirQualityDownload/AQData_Extract.fmw?CountryCode=BE&CityName=&Pollutant=7&Year_from=2016&Year_to=2016&Station=STA-BETM705&Samplingpoint=&Source=E1a&Output=HTML&UpdateDate="
"Belgium","NET-Flanders","Flanders","BELWZ02","40WZ02 - MOL","SPO-BELWZ02_00001_100","SO2","Sulphur dioxide (air)","P1Y-P1D-per99","1 year 99 percentile of daily means (P1D) or .../aq/primaryObservation/day","2016","88.239","ug/m3","99.45","1","Industrial","Rural","5.2215","51.1928","40.0","","","","E1a/validated data AQ e-Reporting","18/03/2023 22:11:00","http://fme.discomap.eea.europa.eu/fmedatastreaming/AirQualityDownload/AQData_Extract.fmw?CountryCode=BE&CityName=&Pollutant=1&Year_from=2016&Year_to=2016&Station=STA-BELWZ02&Samplingpoint=&Source=E1a&Output=HTML&UpdateDate="
"Belgium","NET-Flanders","Flanders","BEM5K01","05KK01 - KOKSIJDE","SPO-BEM5K01_07015_100","Ni","Nickel (precip+dry_dep)","P1Y","Annual mean / 1 calendar year","2016","2.520","ug/m2/day","100.00","1","Background","Suburban","2.6585","51.1209","6.0","","","","E1a/validated data AQ e-Reporting","18/03/2023 21:08:58","http://fme.discomap.eea.europa.eu/fmedatastreaming/AirQualityDownload/AQData_Extract.fmw?CountryCode=BE&CityName=&Pollutant=7015&Year_from=2016&Year_to=2016&Station=STA-BEM5K01&Samplingpoint=&Source=E1a&Output=HTML&UpdateDate="
"Belgium","NET-Flanders","Flanders","BETM705","44M705 - ROESELARE","SPO-BETM705_00005_100","PM10","Particulate matter < 10 µm (aerosol)","P1Y-hr-min","1 year hour min","2016","3.600","ug/m3","97.21","1","Industrial","Suburban","3.1524","50.9454","19.0","","","","E1a/validated data AQ e-Reporting","18/03/2023 22:31:20","http://fme.discomap.eea.europa.eu/fmedatastreaming/AirQualityDownload/AQData_Extract.fmw?CountryCode=BE&CityName=&Pollutant=5&Year_from=2016&Year_to=2016&Station=STA-BETM705&Samplingpoint=&Source=E1a&Output=HTML&UpdateDate="
"Belgium","NET-Flanders","Flanders","BETN046","42N046 - GELLIK","SPO-BETN046_00008_100","NO2","Nitrogen dioxide (air)","P1Y-hr-max","1 year hour max","2016","92.000","ug/m3","94.64","1","Background","Rural","5.6189","50.8823","70.0","","","","E1a/validated data AQ e-Reporting","18/03/2023 21:57:02","http://fme.discomap.eea.europa.eu/fmedatastreaming/AirQualityDownload/AQData_Extract.fmw?CountryCode=BE&CityName=&Pollutant=8&Year_from=2016&Year_to=2016&Station=STA-BETN046&Samplingpoint=&Source=E1a&Output=HTML&UpdateDate="
"Belgium","NET-Flanders","Flanders","BESR801","59R801 - ANTWERPEN","SPO-BESR801_00021_100","C6H5-CH3","Toluene (air)","P1Y","Annual mean / 1 calendar year","2016","0.002","ug/m3","84.16","1","Background","Suburban","4.4318","51.2097","0.0","Antwerpen                                                                       ","BE002C1                                           ","530014","E1a/validated data AQ e-Reporting","18/03/2023 21:08:58","http://fme.discomap.eea.europa.eu/fmedatastreaming/AirQualityDownload/AQData_Extract.fmw?CountryCode=BE&CityName=&Pollutant=21&Year_from=2016&Year_to=2016&Station=STA-BESR801&Samplingpoint=&Source=E1a&Output=HTML&UpdateDate="
"Belgium","NET-Flanders","Flanders","BELMN01","40MN01 - MENEN","SPO-BELMN01_00005_100","PM10","Particulate matter < 10 µm (aerosol)","P1Y","Annual mean / 1 calendar year","2016","25.729","ug/m3","98.36","1","Industrial","Rural","3.1096","50.7935","10.0","","","","E1a/validated data AQ e-Reporting","18/03/2023 21:08:58","http://fme.discomap.eea.europa.eu/fmedatastreaming/AirQualityDownload/AQData_Extract.fmw?CountryCode=BE&CityName=&Pollutant=5&Year_from=2016&Year_to=2016&Station=STA-BELMN01&Samplingpoint=&Source=E1a&Output=HTML&UpdateDate="
"Belgium","NET-Flanders","Flanders","BELOB01","40OB01 - OOSTROZEBEK","SPO-BELOB01_00005_100","PM10","Particulate matter < 10 µm (aerosol)","P1Y","Annual mean / 1 calendar year","2016","27.892","ug/m3","99.73","1","Industrial","Rural","3.3074","50.9172","44.0","","","","E1a/validated data AQ e-Reporting","18/03/2023 21:08:58","http://fme.discomap.eea.europa.eu/fmedatastreaming/AirQualityDownload/AQData_Extract.fmw?CountryCode=BE&CityName=&Pollutant=5&Year_from=2016&Year_to=2016&Station=STA-BELOB01&Samplingpoint=&Source=E1a&Output=HTML&UpdateDate="
"Belgium","NET-Flanders","Flanders","BELSA04","40SA04 - Hoevenen","SPO-BELSA04_06001_100","PM2.5","Particulate matter < 2.5 µm (aerosol)","P1Y-hr-per50","1 year 50 percentile","2016","11.500","ug/m3","94.96","1","Industrial","Rural","4.4039","51.3139","6.0","","","","E1a/validated data AQ e-Reporting","18/03/2023 22:05:49","http://fme.discomap.eea.europa.eu/fmedatastreaming/AirQualityDownload/AQData_Extract.fmw?CountryCode=BE&CityName=&Pollutant=6001&Year_from=2016&Year_to=2016&Station=STA-BELSA04&Samplingpoint=&Source=E1a&Output=HTML&UpdateDate="
"Belgium","NET-Flanders","Flanders","BELSZ02","40SZ02 - STEENOKKERZ","SPO-BELSZ02_00005_100","PM10","Particulate matter < 10 µm (aerosol)","P1Y-day-max","1 year day max","2016","378.371","ug/m3","98.63","1","Industrial","Rural","4.5122","50.9130","15.0","","","","E1a/validated data AQ e-Reporting","18/03/2023 21:43:06","http://fme.discomap.eea.europa.eu/fmedatastreaming/AirQualityDownload/AQData_Extract.fmw?CountryCode=BE&CityName=&Pollutant=5&Year_from=2016&Year_to=2016&Station=STA-BELSZ02&Samplingpoint=&Source=E1a&Output=HTML&UpdateDate="
"Belgium","NET-Flanders","Flanders","BETN012","44N012 - MOERKERKE","SPO-BETN012_00007_100","O3","Ozone (air)","P1Y-day-per50","1 year 50 %ile of daily values in a year","2016","50.250","ug/m3","91.26","1","Background","Rural","3.3625","51.2546","3.0","","","","E1a/validated data AQ e-Reporting","18/03/2023 22:15:13","http://fme.discomap.eea.europa.eu/fmedatastreaming/AirQualityDownload/AQData_Extract.fmw?CountryCode=BE&CityName=&Pollutant=7&Year_from=2016&Year_to=2016&Station=STA-BETN012&Samplingpoint=&Source=E1a&Output=HTML&UpdateDate="
"Belgium","NET-Flanders","Flanders","BETR020","42R020 - VILVOORDE","SPO-BETR020_00010_100","CO","Carbon monoxide (air)","P1Y-hr-min","1 year hour min","2016","0.030","mg/m3","96.60","1","Background","Suburban","4.4367","50.9414","12.0","","","","E1a/validated data AQ e-Reporting","18/03/2023 22:31:20","http://fme.discomap.eea.europa.eu/fmedatastreaming/AirQualityDownload/AQData_Extract.fmw?CountryCode=BE&CityName=&Pollutant=10&Year_from=2016&Year_to=2016&Station=STA-BETR020&Samplingpoint=&Source=E1a&Output=HTML&UpdateDate="
"Belgium","NET-Flanders","Flanders","BETR831","42R831 - BERENDRECHT","SPO-BETR831_00008_100","NO2","Nitrogen dioxide (air)","P1Y-P1D-per99","1 year 99 percentile of daily means (P1D) or .../aq/primaryObservation/day","2016","62.771","ug/m3","90.98","1","Industrial","Rural","4.3397","51.3488","3.0","Antwerpen                                                                       ","BE002C1                                           ","530014","E1a/validated data AQ e-Reporting","18/03/2023 22:10:34","http://fme.discomap.eea.europa.eu/fmedatastreaming/AirQualityDownload/AQData_Extract.fmw?CountryCode=BE&CityName=&Pollutant=8&Year_from=2016&Year_to=2016&Station=STA-BETR831&Samplingpoint=&Source=E1a&Output=HTML&UpdateDate="
"Belgium","NET-Flanders","Flanders","BETN045","42N045 - HASSELT","SPO-BETN045_00007_100","O3","Ozone (air)","P1Y-day-per50","1 year 50 %ile of daily values in a year","2016","45.913","ug/m3","95.90","1","Background","Suburban","5.3684","50.9397","41.0","","","","E1a/validated data AQ e-Reporting","18/03/2023 22:15:13","http://fme.discomap.eea.europa.eu/fmedatastreaming/AirQualityDownload/AQData_Extract.fmw?CountryCode=BE&CityName=&Pollutant=7&Year_from=2016&Year_to=2016&Station=STA-BETN045&Samplingpoint=&Source=E1a&Output=HTML&UpdateDate="
"Belgium","NET-Flanders","Flanders","BETN045","42N045 - HASSELT","SPO-BETN045_00008_100","NO2","Nitrogen dioxide (air)","P1Y-hrsAbove400","1 year hour exceed 400","2016","0.000","count","96.78","1","Background","Suburban","5.3684","50.9397","41.0","","","","E1a/validated data AQ e-Reporting","18/03/2023 21:54:38","http://fme.discomap.eea.europa.eu/fmedatastreaming/AirQualityDownload/AQData_Extract.fmw?CountryCode=BE&CityName=&Pollutant=8&Year_from=2016&Year_to=2016&Station=STA-BETN045&Samplingpoint=&Source=E1a&Output=HTML&UpdateDate="
"Belgium","NET-Brussels","Brussels","BEVR012","51R012 - UCCLE","SPO-BEVR012_00021_100","C6H5-CH3","Toluene (air)","P1Y","Annual mean / 1 calendar year","2016","0.002","ug/m3","92.62","1","Background","Suburban","4.3585","50.7966","100.0","Bruxelles / Brussel                                                             ","BE001C1                                           ","1223364","E1a/validated data AQ e-Reporting","18/03/2023 21:08:58","http://fme.discomap.eea.europa.eu/fmedatastreaming/AirQualityDownload/AQData_Extract.fmw?CountryCode=BE&CityName=&Pollutant=21&Year_from=2016&Year_to=2016&Station=STA-BEVR012&Samplingpoint=&Source=E1a&Output=HTML&UpdateDate="
"Belgium","NET-Flanders","Flanders","BETN054","42N054 - WALSHOUTEM","SPO-BETN054_00007_100","O3","Ozone (air)","P1Y-dmaxAbove120","1 year daymax exceed 120","2016","9.000","count","92.62","1","Background","Rural","5.1032","50.7117","135.0","","","","E1a/validated data AQ e-Reporting","18/03/2023 22:25:06","http://fme.discomap.eea.europa.eu/fmedatastreaming/AirQualityDownload/AQData_Extract.fmw?CountryCode=BE&CityName=&Pollutant=7&Year_from=2016&Year_to=2016&Station=STA-BETN054&Samplingpoint=&Source=E1a&Output=HTML&UpdateDate="
"Belgium","NET-Flanders","Flanders","BELWZ02","40WZ02 - MOL","SPO-BELWZ02_00001_100","SO2","Sulphur dioxide (air)","winter-avg","Winter mean","2016","5.514","ug/m3","97.24","1","Industrial","Rural","5.2215","51.1928","40.0","","","","E1a/validated data AQ e-Reporting","18/03/2023 22:50:43","http://fme.discomap.eea.europa.eu/fmedatastreaming/AirQualityDownload/AQData_Extract.fmw?CountryCode=BE&CityName=&Pollutant=1&Year_from=2016&Year_to=2016&Station=STA-BELWZ02&Samplingpoint=&Source=E1a&Output=HTML&UpdateDate="
"Belgium","NET-Flanders","Flanders","BEDGI04","65GI04 - GRIMBERGEN
","SPO-BEDGI04_07351_100","Acenaphthene","Acenaphthene (precip+dry_dep)","P1Y","Annual mean / 1 calendar year","2016","7.263","ng/m2/day","22.95","1","Background","Suburban","4.4022","50.9352","0.0","","","","E1a/validated data AQ e-Reporting","18/03/2023 21:08:58","http://fme.discomap.eea.europa.eu/fmedatastreaming/AirQualityDownload/AQData_Extract.fmw?CountryCode=BE&CityName=&Pollutant=7351&Year_from=2016&Year_to=2016&Station=STA-BEDGI04&Samplingpoint=&Source=E1a&Output=HTML&UpdateDate="
"Belgium","NET-Flanders","Flanders","BELHB23","40HB23 - HOBOKEN","SPO-BELHB23_00008_100","NO2","Nitrogen dioxide (air)","P1Y-hr-min","1 year hour min","2016","2.000","ug/m3","95.33","1","Industrial","Suburban","4.3410","51.1703","13.0","Antwerpen                                                                       ","BE002C1                                           ","530014","E1a/validated data AQ e-Reporting","18/03/2023 22:31:20","http://fme.discomap.eea.europa.eu/fmedatastreaming/AirQualityDownload/AQData_Extract.fmw?CountryCode=BE&CityName=&Pollutant=8&Year_from=2016&Year_to=2016&Station=STA-BELHB23&Samplingpoint=&Source=E1a&Output=HTML&UpdateDate="
"Belgium","NET-Flanders","Flanders","BELLD01","40LD01 - LAAKDAL","SPO-BELLD01_00020_100","C6H6","Benzene (air)","P1Y-hr-max","1 year hour max","2016","8.905","ug/m3","96.05","1","Industrial","Rural","5.0049","51.1100","20.0","","","","E1a/validated data AQ e-Reporting","18/03/2023 21:57:02","http://fme.discomap.eea.europa.eu/fmedatastreaming/AirQualityDownload/AQData_Extract.fmw?CountryCode=BE&CityName=&Pollutant=20&Year_from=2016&Year_to=2016&Station=STA-BELLD01&Samplingpoint=&Source=E1a&Output=HTML&UpdateDate="
"Belgium","NET-Flanders","Flanders","BELAB02","40AB02 - BERENDRECHT","SPO-BELAB02_00005_100","PM10","Particulate matter < 10 µm (aerosol)","P1Y-day-max36","1 year day max 36","2016","35.975","ug/m3","100.00","1","Background","Suburban","4.3218","51.3407","10.0","Antwerpen                                                                       ","BE002C1                                           ","530014","E1a/validated data AQ e-Reporting","18/03/2023 22:32:47","http://fme.discomap.eea.europa.eu/fmedatastreaming/AirQualityDownload/AQData_Extract.fmw?CountryCode=BE&CityName=&Pollutant=5&Year_from=2016&Year_to=2016&Station=STA-BELAB02&Samplingpoint=&Source=E1a&Output=HTML&UpdateDate="
"Belgium","NET-Flanders","Flanders","BETN016","42N016 - DESSEL","SPO-BETN016_00001_100","SO2","Sulphur dioxide (air)","P1Y-day-min","1 year day min","2016","1.000","ug/m3","99.45","1","Background","Rural","5.1640","51.2337","30.0","","","","E1a/validated data AQ e-Reporting","18/03/2023 21:54:56","http://fme.discomap.eea.europa.eu/fmedatastreaming/AirQualityDownload/AQData_Extract.fmw?CountryCode=BE&CityName=&Pollutant=1&Year_from=2016&Year_to=2016&Station=STA-BETN016&Samplingpoint=&Source=E1a&Output=HTML&UpdateDate="
"Belgium","NET-Brussels","Brussels","BETR001","41R001 - MOLENBEEK","SPO-BETR001_00007_100","O3","Ozone (air)","P3Y","3 subsequent calendar years mean","2016","35.217","ug/m3","95.32","1","Background","Urban","4.3341","50.8497","20.0","Bruxelles / Brussel                                                             ","BE001C1                                           ","1223364","E1a/validated data AQ e-Reporting","18/03/2023 21:36:00","http://fme.discomap.eea.europa.eu/fmedatastreaming/AirQualityDownload/AQData_Extract.fmw?CountryCode=BE&CityName=&Pollutant=7&Year_from=2016&Year_to=2016&Station=STA-BETR001&Samplingpoint=&Source=E1a&Output=HTML&UpdateDate="
"Belgium","NET-Flanders","Flanders","BELSA04","40SA04 - Hoevenen","SPO-BELSA04_06001_100","PM2.5","Particulate matter < 2.5 µm (aerosol)","P1Y-hr-max","1 year hour max","2016","81.000","ug/m3","94.96","1","Industrial","Rural","4.4039","51.3139","6.0","","","","E1a/validated data AQ e-Reporting","18/03/2023 21:57:02","http://fme.discomap.eea.europa.eu/fmedatastreaming/AirQualityDownload/AQData_Extract.fmw?CountryCode=BE&CityName=&Pollutant=6001&Year_from=2016&Year_to=2016&Station=STA-BELSA04&Samplingpoint=&Source=E1a&Output=HTML&UpdateDate="
"Belgium","NET-Flanders","Flanders","BEDDD02","65DDD02 - DUDZELE","SPO-BEDDD02_00611_100","Benzo(a)anthracene","Benzo(a)anthracene (precip+dry_dep)","P1Y","Annual mean / 1 calendar year","2016","5.590","ng/m2/day","22.95","1","Background","Rural","3.2216","51.2664","0.0","Brugge                                                                          ","BE006C1                                           ","118916","E1a/validated data AQ e-Reporting","18/03/2023 21:08:58","http://fme.discomap.eea.europa.eu/fmedatastreaming/AirQualityDownload/AQData_Extract.fmw?CountryCode=BE&CityName=&Pollutant=611&Year_from=2016&Year_to=2016&Station=STA-BEDDD02&Samplingpoint=&Source=E1a&Output=HTML&UpdateDate="
"Belgium","NET-Flanders","Flanders","BEDDD02","65DDD02 - DUDZELE","SPO-BEDDD02_07352_100","Acenaphthylene","Acenaphthylene (precip+dry_dep)","P1Y","Annual mean / 1 calendar year","2016","12.853","ng/m2/day","22.95","1","Background","Rural","3.2216","51.2664","0.0","Brugge                                                                          ","BE006C1                                           ","118916","E1a/validated data AQ e-Reporting","18/03/2023 21:08:58","http://fme.discomap.eea.europa.eu/fmedatastreaming/AirQualityDownload/AQData_Extract.fmw?CountryCode=BE&CityName=&Pollutant=7352&Year_from=2016&Year_to=2016&Station=STA-BEDDD02&Samplingpoint=&Source=E1a&Output=HTML&UpdateDate="
"Belgium","NET-Flanders","Flanders","BEDGN78","65GN78 - GENT
","SPO-BEDGN78_00624_100","Benzo(ghi)perylene","Benzo(ghi)perylene (precip+dry_dep)","P1Y","Annual mean / 1 calendar year","2016","29.067","ng/m2/day","22.95","1","Background","Urban","3.7264","51.0857","0.0","Gent                                                                            ","BE003C1                                           ","263687","E1a/validated data AQ e-Reporting","18/03/2023 21:08:58","http://fme.discomap.eea.europa.eu/fmedatastreaming/AirQualityDownload/AQData_Extract.fmw?CountryCode=BE&CityName=&Pollutant=624&Year_from=2016&Year_to=2016&Station=STA-BEDGN78&Samplingpoint=&Source=E1a&Output=HTML&UpdateDate="
"Belgium","NET-Flanders","Flanders","BELAL01","40AL01 - LINKEROEVER","SPO-BELAL01_00005_100","PM10","Particulate matter < 10 µm (aerosol)","P1Y-P1D-per90.4","1 year 90.4 percentile - COMPLIANCE","2016","36.371","ug/m3","97.27","1","Industrial","Suburban","4.3852","51.2362","10.0","Antwerpen                                                                       ","BE002C1                                           ","530014","E1a/validated data AQ e-Reporting","18/03/2023 22:08:35","http://fme.discomap.eea.europa.eu/fmedatastreaming/AirQualityDownload/AQData_Extract.fmw?CountryCode=BE&CityName=&Pollutant=5&Year_from=2016&Year_to=2016&Station=STA-BELAL01&Samplingpoint=&Source=E1a&Output=HTML&UpdateDate="
"Belgium","NET-Flanders","Flanders","BETN016","42N016 - DESSEL","SPO-BETN016_00005_100","PM10","Particulate matter < 10 µm (aerosol)","P1Y-day-max","1 year day max","2016","61.288","ug/m3","100.00","1","Background","Rural","5.1640","51.2337","30.0","","","","E1a/validated data AQ e-Reporting","18/03/2023 21:43:06","http://fme.discomap.eea.europa.eu/fmedatastreaming/AirQualityDownload/AQData_Extract.fmw?CountryCode=BE&CityName=&Pollutant=5&Year_from=2016&Year_to=2016&Station=STA-BETN016&Samplingpoint=&Source=E1a&Output=HTML&UpdateDate="
"Belgium","NET-Flanders","Flanders","BELOB02","40OB02 - WIELSBEKE","SPO-BELOB02_00005_100","PM10","Particulate matter < 10 µm (aerosol)","P1Y-day-min","1 year day min","2016","6.017","ug/m3","100.00","1","Industrial","Rural","3.3762","50.9150","14.0","","","","E1a/validated data AQ e-Reporting","18/03/2023 21:55:13","http://fme.discomap.eea.europa.eu/fmedatastreaming/AirQualityDownload/AQData_Extract.fmw?CountryCode=BE&CityName=&Pollutant=5&Year_from=2016&Year_to=2016&Station=STA-BELOB02&Samplingpoint=&Source=E1a&Output=HTML&UpdateDate="
"Belgium","NET-Flanders","Flanders","BEMBE07","00BE07 - BEERSE","SPO-BEMBE07_05018_100","As in PM10","Arsenic in PM10 (aerosol)","P1Y","Annual mean / 1 calendar year","2016","7.625","ng/m3","99.73","1","Industrial","Suburban","4.8217","51.3251","35.0","","","","E1a/validated data AQ e-Reporting","18/03/2023 21:08:58","http://fme.discomap.eea.europa.eu/fmedatastreaming/AirQualityDownload/AQData_Extract.fmw?CountryCode=BE&CityName=&Pollutant=5018&Year_from=2016&Year_to=2016&Station=STA-BEMBE07&Samplingpoint=&Source=E1a&Output=HTML&UpdateDate="
"Belgium","NET-Flanders","Flanders","BETM705","44M705 - ROESELARE","SPO-BETM705_00005_100","PM10","Particulate matter < 10 µm (aerosol)","P1Y-day-min","1 year day min","2016","6.517","ug/m3","96.99","1","Industrial","Suburban","3.1524","50.9454","19.0","","","","E1a/validated data AQ e-Reporting","18/03/2023 21:55:13","http://fme.discomap.eea.europa.eu/fmedatastreaming/AirQualityDownload/AQData_Extract.fmw?CountryCode=BE&CityName=&Pollutant=5&Year_from=2016&Year_to=2016&Station=STA-BETM705&Samplingpoint=&Source=E1a&Output=HTML&UpdateDate="
"Belgium","NET-Flanders","Flanders","BELSZ02","40SZ02 - STEENOKKERZ","SPO-BELSZ02_00005_100","PM10","Particulate matter < 10 µm (aerosol)","P3Y","3 subsequent calendar years mean","2016","20.744","ug/m3","98.67","1","Industrial","Rural","4.5122","50.9130","15.0","","","","E1a/validated data AQ e-Reporting","18/03/2023 21:36:00","http://fme.discomap.eea.europa.eu/fmedatastreaming/AirQualityDownload/AQData_Extract.fmw?CountryCode=BE&CityName=&Pollutant=5&Year_from=2016&Year_to=2016&Station=STA-BELSZ02&Samplingpoint=&Source=E1a&Output=HTML&UpdateDate="
"Belgium","NET-Flanders","Flanders","BETR805","42R805 - ANTWERPEN","SPO-BETR805_00008_100","NO2","Nitrogen dioxide (air)","P1Y-P1D-per99","1 year 99 percentile of daily means (P1D) or .../aq/primaryObservation/day","2016","77.167","ug/m3","97.81","1","Traffic","Urban","4.4216","51.2082","6.0","Antwerpen                                                                       ","BE002C1                                           ","530014","E1a/validated data AQ e-Reporting","18/03/2023 22:10:34","http://fme.discomap.eea.europa.eu/fmedatastreaming/AirQualityDownload/AQData_Extract.fmw?CountryCode=BE&CityName=&Pollutant=8&Year_from=2016&Year_to=2016&Station=STA-BETR805&Samplingpoint=&Source=E1a&Output=HTML&UpdateDate="
"Belgium","NET-Flanders","Flanders","BELOB01","40OB01 - OOSTROZEBEK","SPO-BELOB01_06001_100","PM2.5","Particulate matter < 2.5 µm (aerosol)","P1Y-day-max","1 year day max","2016","58.063","ug/m3","99.73","1","Industrial","Rural","3.3074","50.9172","44.0","","","","E1a/validated data AQ e-Reporting","18/03/2023 21:43:22","http://fme.discomap.eea.europa.eu/fmedatastreaming/AirQualityDownload/AQData_Extract.fmw?CountryCode=BE&CityName=&Pollutant=6001&Year_from=2016&Year_to=2016&Station=STA-BELOB01&Samplingpoint=&Source=E1a&Output=HTML&UpdateDate="
"Belgium","NET-Flanders","Flanders","BETR710","44R710 - DESTELBERGE","SPO-BETR710_00007_100","O3","Ozone (air)","P1Y-hr-per50","1 year 50 percentile","2016","40.500","ug/m3","87.15","1","Background","Suburban","3.7753","51.0613","6.0","","","","E1a/validated data AQ e-Reporting","18/03/2023 22:05:49","http://fme.discomap.eea.europa.eu/fmedatastreaming/AirQualityDownload/AQData_Extract.fmw?CountryCode=BE&CityName=&Pollutant=7&Year_from=2016&Year_to=2016&Station=STA-BETR710&Samplingpoint=&Source=E1a&Output=HTML&UpdateDate="
"Belgium","NET-Flanders","Flanders","BETR710","44R710 - DESTELBERGE","SPO-BETR710_00007_100","O3","Ozone (air)","P1Y-maxP6M-P8H-dmax","Yearly highest six monthly average of daily maximum 8-hour mean concentration","2016","74.751","ug/m3","100.00","1","Background","Suburban","3.7753","51.0613","6.0","","","","E1a/validated data AQ e-Reporting","18/03/2023 22:58:54","http://fme.discomap.eea.europa.eu/fmedatastreaming/AirQualityDownload/AQData_Extract.fmw?CountryCode=BE&CityName=&Pollutant=7&Year_from=2016&Year_to=2016&Station=STA-BETR710&Samplingpoint=&Source=E1a&Output=HTML&UpdateDate="
"Belgium","NET-Flanders","Flanders","BETR020","42R020 - VILVOORDE","SPO-BETR020_00010_100","CO","Carbon monoxide (air)","P1Y","Annual mean / 1 calendar year","2016","0.252","mg/m3","96.60","1","Background","Suburban","4.4367","50.9414","12.0","","","","E1a/validated data AQ e-Reporting","18/03/2023 21:08:58","http://fme.discomap.eea.europa.eu/fmedatastreaming/AirQualityDownload/AQData_Extract.fmw?CountryCode=BE&CityName=&Pollutant=10&Year_from=2016&Year_to=2016&Station=STA-BETR020&Samplingpoint=&Source=E1a&Output=HTML&UpdateDate="
"Belgium","NET-Flanders","Flanders","BETR710","44R710 - DESTELBERGE","SPO-BETR710_00007_100","O3","Ozone (air)","P3Y","3 subsequent calendar years mean","2016","42.021","ug/m3","88.31","1","Background","Suburban","3.7753","51.0613","6.0","","","","E1a/validated data AQ e-Reporting","18/03/2023 21:36:00","http://fme.discomap.eea.europa.eu/fmedatastreaming/AirQualityDownload/AQData_Extract.fmw?CountryCode=BE&CityName=&Pollutant=7&Year_from=2016&Year_to=2016&Station=STA-BETR710&Samplingpoint=&Source=E1a&Output=HTML&UpdateDate="
"Belgium","NET-Flanders","Flanders","BEMBE02","00BE02 - BEERSE","SPO-BEMBE02_05015_100","Ni in PM10","Nickel in PM10 (aerosol)","P1Y","Annual mean / 1 calendar year","2016","0.813","ng/m3","99.45","1","Industrial","Suburban","4.8028","51.3321","29.0","","","","E1a/validated data AQ e-Reporting","18/03/2023 21:08:58","http://fme.discomap.eea.europa.eu/fmedatastreaming/AirQualityDownload/AQData_Extract.fmw?CountryCode=BE&CityName=&Pollutant=5015&Year_from=2016&Year_to=2016&Station=STA-BEMBE02&Samplingpoint=&Source=E1a&Output=HTML&UpdateDate="
"Belgium","NET-Flanders","Flanders","BESN035","59N035 - AARSCHOT","SPO-BESN035_00020_100","C6H6","Benzene (air)","P1Y","Annual mean / 1 calendar year","2016","0.803","ug/m3","87.99","1","Background","Suburban","4.8376","50.9776","0.0","","","","E1a/validated data AQ e-Reporting","18/03/2023 21:08:58","http://fme.discomap.eea.europa.eu/fmedatastreaming/AirQualityDownload/AQData_Extract.fmw?CountryCode=BE&CityName=&Pollutant=20&Year_from=2016&Year_to=2016&Station=STA-BESN035&Samplingpoint=&Source=E1a&Output=HTML&UpdateDate="
"Belgium","NET-Flanders","Flanders","BETM705","44M705 - ROESELARE","SPO-BETM705_00391_100","Black Carbon","black_carbon (aerosol)","P1Y","Annual mean / 1 calendar year","2016","1.480","ug/m3","96.95","1","Industrial","Suburban","3.1524","50.9454","19.0","","","","E1a/validated data AQ e-Reporting","18/03/2023 21:08:58","http://fme.discomap.eea.europa.eu/fmedatastreaming/AirQualityDownload/AQData_Extract.fmw?CountryCode=BE&CityName=&Pollutant=391&Year_from=2016&Year_to=2016&Station=STA-BETM705&Samplingpoint=&Source=E1a&Output=HTML&UpdateDate="
"Belgium","NET-Brussels","Brussels","BETWOL1","41WOL1 - WOL.ST.L.","SPO-BETWOL1_00001_100","SO2","Sulphur dioxide (air)","P1Y-hr-per50","1 year 50 percentile","2016","2.000","ug/m3","92.32","1","Traffic","Suburban","4.4258","50.8567","78.0","Bruxelles / Brussel                                                             ","BE001C1                                           ","1223364","E1a/validated data AQ e-Reporting","18/03/2023 22:05:49","http://fme.discomap.eea.europa.eu/fmedatastreaming/AirQualityDownload/AQData_Extract.fmw?CountryCode=BE&CityName=&Pollutant=1&Year_from=2016&Year_to=2016&Station=STA-BETWOL1&Samplingpoint=&Source=E1a&Output=HTML&UpdateDate="
"Belgium","NET-Flanders","Flanders","BELR833","40R833 - STABROEK","SPO-BELR833_00020_100","C6H6","Benzene (air)","P1Y","Annual mean / 1 calendar year","2016","0.750","ug/m3","94.39","1","Industrial","Rural","4.3623","51.3277","5.0","","","","E1a/validated data AQ e-Reporting","18/03/2023 21:08:58","http://fme.discomap.eea.europa.eu/fmedatastreaming/AirQualityDownload/AQData_Extract.fmw?CountryCode=BE&CityName=&Pollutant=20&Year_from=2016&Year_to=2016&Station=STA-BELR833&Samplingpoint=&Source=E1a&Output=HTML&UpdateDate="
"Belgium","NET-Flanders","Flanders","BELRB01","40RB01 - RUISBROEK","SPO-BELRB01_06001_100","PM2.5","Particulate matter < 2.5 µm (aerosol)","P1Y-day-min","1 year day min","2016","6.521","ug/m3","8.47","1","Industrial","Suburban","4.3312","51.0894","0.0","","","","E1a/validated data AQ e-Reporting","18/03/2023 21:55:29","http://fme.discomap.eea.europa.eu/fmedatastreaming/AirQualityDownload/AQData_Extract.fmw?CountryCode=BE&CityName=&Pollutant=6001&Year_from=2016&Year_to=2016&Station=STA-BELRB01&Samplingpoint=&Source=E1a&Output=HTML&UpdateDate="
"Belgium","NET-Flanders","Flanders","BETN051","44N051 - IDEGEM","SPO-BETN051_00007_100","O3","Ozone (air)","P1Y-dx-max","1 year day max max","2016","146.813","ug/m3","92.35","1","Background","Rural","3.9303","50.7989","15.0","","","","E1a/validated data AQ e-Reporting","18/03/2023 21:44:39","http://fme.discomap.eea.europa.eu/fmedatastreaming/AirQualityDownload/AQData_Extract.fmw?CountryCode=BE&CityName=&Pollutant=7&Year_from=2016&Year_to=2016&Station=STA-BETN051&Samplingpoint=&Source=E1a&Output=HTML&UpdateDate="
"Belgium","NET-Flanders","Flanders","BETN051","44N051 - IDEGEM","SPO-BETN051_00008_100","NO2","Nitrogen dioxide (air)","P1Y-hr-min","1 year hour min","2016","1.000","ug/m3","94.59","1","Background","Rural","3.9303","50.7989","15.0","","","","E1a/validated data AQ e-Reporting","18/03/2023 22:31:20","http://fme.discomap.eea.europa.eu/fmedatastreaming/AirQualityDownload/AQData_Extract.fmw?CountryCode=BE&CityName=&Pollutant=8&Year_from=2016&Year_to=2016&Station=STA-BETN051&Samplingpoint=&Source=E1a&Output=HTML&UpdateDate="
"Belgium","NET-Flanders","Flanders","BETR701","44R701 - GENT","SPO-BETR701_00008_100","NO2","Nitrogen dioxide (air)","P1Y-day-max","1 year day max","2016","73.458","ug/m3","98.91","1","Background","Urban","3.7293","51.0583","5.0","Gent                                                                            ","BE003C1                                           ","263687","E1a/validated data AQ e-Reporting","18/03/2023 21:43:56","http://fme.discomap.eea.europa.eu/fmedatastreaming/AirQualityDownload/AQData_Extract.fmw?CountryCode=BE&CityName=&Pollutant=8&Year_from=2016&Year_to=2016&Station=STA-BETR701&Samplingpoint=&Source=E1a&Output=HTML&UpdateDate="
"Belgium","NET-Flanders","Flanders","BETR701","44R701 - GENT","SPO-BETR701_00005_100","PM10","Particulate matter < 10 µm (aerosol)","P1Y-day-max36","1 year day max 36","2016","45.038","ug/m3","100.00","1","Background","Urban","3.7293","51.0583","5.0","Gent                                                                            ","BE003C1                                           ","263687","E1a/validated data AQ e-Reporting","18/03/2023 22:32:47","http://fme.discomap.eea.europa.eu/fmedatastreaming/AirQualityDownload/AQData_Extract.fmw?CountryCode=BE&CityName=&Pollutant=5&Year_from=2016&Year_to=2016&Station=STA-BETR701&Samplingpoint=&Source=E1a&Output=HTML&UpdateDate="
"Belgium","NET-Flanders","Flanders","BETR701","44R701 - GENT","SPO-BETR701_00008_100","NO2","Nitrogen dioxide (air)","P3Y","3 subsequent calendar years mean","2016","28.699","ug/m3","93.71","1","Background","Urban","3.7293","51.0583","5.0","Gent                                                                            ","BE003C1                                           ","263687","E1a/validated data AQ e-Reporting","18/03/2023 21:36:00","http://fme.discomap.eea.europa.eu/fmedatastreaming/AirQualityDownload/AQData_Extract.fmw?CountryCode=BE&CityName=&Pollutant=8&Year_from=2016&Year_to=2016&Station=STA-BETR701&Samplingpoint=&Source=E1a&Output=HTML&UpdateDate="
"Belgium","NET-Flanders","Flanders","BETR701","44R701 - GENT","SPO-BETR701_00010_100","CO","Carbon monoxide (air)","P1Y-P1D-per99","1 year 99 percentile of daily means (P1D) or .../aq/primaryObservation/day","2016","0.652","mg/m3","100.00","1","Background","Urban","3.7293","51.0583","5.0","Gent                                                                            ","BE003C1                                           ","263687","E1a/validated data AQ e-Reporting","18/03/2023 22:11:26","http://fme.discomap.eea.europa.eu/fmedatastreaming/AirQualityDownload/AQData_Extract.fmw?CountryCode=BE&CityName=&Pollutant=10&Year_from=2016&Year_to=2016&Station=STA-BETR701&Samplingpoint=&Source=E1a&Output=HTML&UpdateDate="
"Belgium","NET-Flanders","Flanders","BELOB02","40OB02 - WIELSBEKE","SPO-BELOB02_06001_100","PM2.5","Particulate matter < 2.5 µm (aerosol)","P1Y-hr-per50","1 year 50 percentile","2016","10.500","ug/m3","99.85","1","Industrial","Rural","3.3762","50.9150","14.0","","","","E1a/validated data AQ e-Reporting","18/03/2023 22:05:49","http://fme.discomap.eea.europa.eu/fmedatastreaming/AirQualityDownload/AQData_Extract.fmw?CountryCode=BE&CityName=&Pollutant=6001&Year_from=2016&Year_to=2016&Station=STA-BELOB02&Samplingpoint=&Source=E1a&Output=HTML&UpdateDate="
"Belgium","NET-Flanders","Flanders","BELOB02","40OB02 - WIELSBEKE","SPO-BELOB02_06001_100","PM2.5","Particulate matter < 2.5 µm (aerosol)","P1Y-hr-min","1 year hour min","2016","1.000","ug/m3","99.85","1","Industrial","Rural","3.3762","50.9150","14.0","","","","E1a/validated data AQ e-Reporting","18/03/2023 22:31:20","http://fme.discomap.eea.europa.eu/fmedatastreaming/AirQualityDownload/AQData_Extract.fmw?CountryCode=BE&CityName=&Pollutant=6001&Year_from=2016&Year_to=2016&Station=STA-BELOB02&Samplingpoint=&Source=E1a&Output=HTML&UpdateDate="
"Belgium","NET-Flanders","Flanders","BELRB01","40RB01 - RUISBROEK","SPO-BELRB01_00005_100","PM10","Particulate matter < 10 µm (aerosol)","P1Y-day-min","1 year day min","2016","12.850","ug/m3","8.47","1","Industrial","Suburban","4.3312","51.0894","0.0","","","","E1a/validated data AQ e-Reporting","18/03/2023 21:55:13","http://fme.discomap.eea.europa.eu/fmedatastreaming/AirQualityDownload/AQData_Extract.fmw?CountryCode=BE&CityName=&Pollutant=5&Year_from=2016&Year_to=2016&Station=STA-BELRB01&Samplingpoint=&Source=E1a&Output=HTML&UpdateDate="
"Belgium","NET-Flanders","Flanders","BELRL01","40RL01 - ROESELARE","SPO-BELRL01_00005_100","PM10","Particulate matter < 10 µm (aerosol)","P1Y-P1D-per99","1 year 99 percentile of daily means (P1D) or .../aq/primaryObservation/day","2016","58.225","ug/m3","100.00","1","Background","Urban","3.1212","50.9532","20.0","","","","E1a/validated data AQ e-Reporting","18/03/2023 22:09:38","http://fme.discomap.eea.europa.eu/fmedatastreaming/AirQualityDownload/AQData_Extract.fmw?CountryCode=BE&CityName=&Pollutant=5&Year_from=2016&Year_to=2016&Station=STA-BELRL01&Samplingpoint=&Source=E1a&Output=HTML&UpdateDate="
"Belgium","NET-Flanders","Flanders","BEPGI04","60GI04 - GRIMBERGEN","SPO-BEPGI04_05029_100","BaP in PM10","Benzo(a)pyrene in PM10 (aerosol)","P1Y","Annual mean / 1 calendar year","2016","0.153","ng/m3","26.78","1","Background","Rural","4.4022","50.9352","2.0","","","","E1a/validated data AQ e-Reporting","18/03/2023 21:08:58","http://fme.discomap.eea.europa.eu/fmedatastreaming/AirQualityDownload/AQData_Extract.fmw?CountryCode=BE&CityName=&Pollutant=5029&Year_from=2016&Year_to=2016&Station=STA-BEPGI04&Samplingpoint=&Source=E1a&Output=HTML&UpdateDate="
"Belgium","NET-Flanders","Flanders","BELWZ02","40WZ02 - MOL","SPO-BELWZ02_00001_100","SO2","Sulphur dioxide (air)","P1Y-3hAbove500","3 consecutive hours in exceedance of 500","2016","0.000","count","97.42","1","Industrial","Rural","5.2215","51.1928","40.0","","","","E1a/validated data AQ e-Reporting","18/03/2023 22:18:09","http://fme.discomap.eea.europa.eu/fmedatastreaming/AirQualityDownload/AQData_Extract.fmw?CountryCode=BE&CityName=&Pollutant=1&Year_from=2016&Year_to=2016&Station=STA-BELWZ02&Samplingpoint=&Source=E1a&Output=HTML&UpdateDate="
"Belgium","NET-Flanders","Flanders","BETN052","44N052 - ZWEVEGEM","SPO-BETN052_00007_100","O3","Ozone (air)","AOT40cmeasured","AOT40c UNCORRECTED for data capture","2016","4099.500","ug/m3","97.37","1","Background","Suburban","3.3225","50.8149","27.0","","","","E1a/validated data AQ e-Reporting","18/03/2023 23:01:40","http://fme.discomap.eea.europa.eu/fmedatastreaming/AirQualityDownload/AQData_Extract.fmw?CountryCode=BE&CityName=&Pollutant=7&Year_from=2016&Year_to=2016&Station=STA-BETN052&Samplingpoint=&Source=E1a&Output=HTML&UpdateDate="
"Belgium","NET-Flanders","Flanders","BETR710","44R710 - DESTELBERGE","SPO-BETR710_00008_100","NO2","Nitrogen dioxide (air)","P1Y-3hAbove400","3 consecutive hours in exceedance of 400","2016","0.000","count","95.39","1","Background","Suburban","3.7753","51.0613","6.0","","","","E1a/validated data AQ e-Reporting","18/03/2023 22:22:30","http://fme.discomap.eea.europa.eu/fmedatastreaming/AirQualityDownload/AQData_Extract.fmw?CountryCode=BE&CityName=&Pollutant=8&Year_from=2016&Year_to=2016&Station=STA-BETR710&Samplingpoint=&Source=E1a&Output=HTML&UpdateDate="
"Belgium","NET-Flanders","Flanders","BETR811","42R811 - SCHOTEN","SPO-BETR811_00007_100","O3","Ozone (air)","P1Y-dx-avg","1 year daymax average","2016","60.120","ug/m3","95.08","1","Background","Suburban","4.4914","51.2521","8.0","","","","E1a/validated data AQ e-Reporting","18/03/2023 22:27:48","http://fme.discomap.eea.europa.eu/fmedatastreaming/AirQualityDownload/AQData_Extract.fmw?CountryCode=BE&CityName=&Pollutant=7&Year_from=2016&Year_to=2016&Station=STA-BETR811&Samplingpoint=&Source=E1a&Output=HTML&UpdateDate="
"Belgium","NET-Flanders","Flanders","BETR811","42R811 - SCHOTEN","SPO-BETR811_00007_100","O3","Ozone (air)","SOMO35","Sum of Ozone Means Over 35 ppb","2016","2814.965","ug/m3","95.08","1","Background","Suburban","4.4914","51.2521","8.0","","","","E1a/validated data AQ e-Reporting","18/03/2023 22:59:23","http://fme.discomap.eea.europa.eu/fmedatastreaming/AirQualityDownload/AQData_Extract.fmw?CountryCode=BE&CityName=&Pollutant=7&Year_from=2016&Year_to=2016&Station=STA-BETR811&Samplingpoint=&Source=E1a&Output=HTML&UpdateDate="
"Belgium","NET-Flanders","Flanders","BETR811","42R811 - SCHOTEN","SPO-BETR811_00005_100","PM10","Particulate matter < 10 µm (aerosol)","P1Y-P1D-per99","1 year 99 percentile of daily means (P1D) or .../aq/primaryObservation/day","2016","54.308","ug/m3","99.73","1","Background","Suburban","4.4914","51.2521","8.0","","","","E1a/validated data AQ e-Reporting","18/03/2023 22:09:38","http://fme.discomap.eea.europa.eu/fmedatastreaming/AirQualityDownload/AQData_Extract.fmw?CountryCode=BE&CityName=&Pollutant=5&Year_from=2016&Year_to=2016&Station=STA-BETR811&Samplingpoint=&Source=E1a&Output=HTML&UpdateDate="
"Belgium","NET-Flanders","Flanders","BETN035","42N035 - AARSCHOT","SPO-BETN035_00007_100","O3","Ozone (air)","P1Y-day-max","1 year day max","2016","107.792","ug/m3","95.08","1","Background","Rural","4.8376","50.9775","55.0","","","","E1a/validated data AQ e-Reporting","18/03/2023 21:44:13","http://fme.discomap.eea.europa.eu/fmedatastreaming/AirQualityDownload/AQData_Extract.fmw?CountryCode=BE&CityName=&Pollutant=7&Year_from=2016&Year_to=2016&Station=STA-BETN035&Samplingpoint=&Source=E1a&Output=HTML&UpdateDate="
"Belgium","NET-Flanders","Flanders","BETN029","44N029 - HOUTEM","SPO-BETN029_06001_100","PM2.5","Particulate matter < 2.5 µm (aerosol)","P1Y-P1D-per99","1 year 99 percentile of daily means (P1D) or .../aq/primaryObservation/day","2016","37.063","ug/m3","99.18","1","Background","Rural","2.5823","51.0163","2.0","","","","E1a/validated data AQ e-Reporting","18/03/2023 22:10:03","http://fme.discomap.eea.europa.eu/fmedatastreaming/AirQualityDownload/AQData_Extract.fmw?CountryCode=BE&CityName=&Pollutant=6001&Year_from=2016&Year_to=2016&Station=STA-BETN029&Samplingpoint=&Source=E1a&Output=HTML&UpdateDate="
"Belgium","NET-Flanders","Flanders","BETR701","44R701 - GENT","SPO-BETR701_00007_100","O3","Ozone (air)","P1Y-hr-per50","1 year 50 percentile","2016","39.500","ug/m3","87.15","1","Background","Urban","3.7293","51.0583","5.0","Gent                                                                            ","BE003C1                                           ","263687","E1a/validated data AQ e-Reporting","18/03/2023 22:05:49","http://fme.discomap.eea.europa.eu/fmedatastreaming/AirQualityDownload/AQData_Extract.fmw?CountryCode=BE&CityName=&Pollutant=7&Year_from=2016&Year_to=2016&Station=STA-BETR701&Samplingpoint=&Source=E1a&Output=HTML&UpdateDate="
"Belgium","NET-Flanders","Flanders","BETR811","42R811 - SCHOTEN","SPO-BETR811_00007_100","O3","Ozone (air)","P1Y-maxP6M-P8H-dmax","Yearly highest six monthly average of daily maximum 8-hour mean concentration","2016","77.535","ug/m3","100.00","1","Background","Suburban","4.4914","51.2521","8.0","","","","E1a/validated data AQ e-Reporting","18/03/2023 22:58:54","http://fme.discomap.eea.europa.eu/fmedatastreaming/AirQualityDownload/AQData_Extract.fmw?CountryCode=BE&CityName=&Pollutant=7&Year_from=2016&Year_to=2016&Station=STA-BETR811&Samplingpoint=&Source=E1a&Output=HTML&UpdateDate="
"Belgium","NET-Flanders","Flanders","BETR811","42R811 - SCHOTEN","SPO-BETR811_00008_100","NO2","Nitrogen dioxide (air)","P1Y-day-min","1 year day min","2016","4.854","ug/m3","98.91","1","Background","Suburban","4.4914","51.2521","8.0","","","","E1a/validated data AQ e-Reporting","18/03/2023 21:56:03","http://fme.discomap.eea.europa.eu/fmedatastreaming/AirQualityDownload/AQData_Extract.fmw?CountryCode=BE&CityName=&Pollutant=8&Year_from=2016&Year_to=2016&Station=STA-BETR811&Samplingpoint=&Source=E1a&Output=HTML&UpdateDate="
"Belgium","NET-Flanders","Flanders","BETR710","44R710 - DESTELBERGE","SPO-BETR710_00008_100","NO2","Nitrogen dioxide (air)","P3Y","3 subsequent calendar years mean","2016","21.726","ug/m3","94.10","1","Background","Suburban","3.7753","51.0613","6.0","","","","E1a/validated data AQ e-Reporting","18/03/2023 21:36:00","http://fme.discomap.eea.europa.eu/fmedatastreaming/AirQualityDownload/AQData_Extract.fmw?CountryCode=BE&CityName=&Pollutant=8&Year_from=2016&Year_to=2016&Station=STA-BETR710&Samplingpoint=&Source=E1a&Output=HTML&UpdateDate="
"Belgium","NET-Flanders","Flanders","BETN054","42N054 - WALSHOUTEM","SPO-BETN054_00007_100","O3","Ozone (air)","P1Y-dmax-per93.15","1 year 93.15 percentile daily 8h maximum","2016","106.357","ug/m3","92.62","1","Background","Rural","5.1032","50.7117","135.0","","","","E1a/validated data AQ e-Reporting","18/03/2023 22:12:55","http://fme.discomap.eea.europa.eu/fmedatastreaming/AirQualityDownload/AQData_Extract.fmw?CountryCode=BE&CityName=&Pollutant=7&Year_from=2016&Year_to=2016&Station=STA-BETN054&Samplingpoint=&Source=E1a&Output=HTML&UpdateDate="
"Belgium","NET-Flanders","Flanders","BETR811","42R811 - SCHOTEN","SPO-BETR811_00007_100","O3","Ozone (air)","AOT40c","AOT40 vegetation protection","2016","9020.287","ug/m3","97.19","1","Background","Suburban","4.4914","51.2521","8.0","","","","E1a/validated data AQ e-Reporting","18/03/2023 23:06:29","http://fme.discomap.eea.europa.eu/fmedatastreaming/AirQualityDownload/AQData_Extract.fmw?CountryCode=BE&CityName=&Pollutant=7&Year_from=2016&Year_to=2016&Station=STA-BETR811&Samplingpoint=&Source=E1a&Output=HTML&UpdateDate="
"Belgium","NET-Flanders","Flanders","BETN035","42N035 - AARSCHOT","SPO-BETN035_00007_100","O3","Ozone (air)","P1Y-hr-per50","1 year 50 percentile","2016","44.000","ug/m3","93.53","1","Background","Rural","4.8376","50.9775","55.0","","","","E1a/validated data AQ e-Reporting","18/03/2023 22:05:49","http://fme.discomap.eea.europa.eu/fmedatastreaming/AirQualityDownload/AQData_Extract.fmw?CountryCode=BE&CityName=&Pollutant=7&Year_from=2016&Year_to=2016&Station=STA-BETN035&Samplingpoint=&Source=E1a&Output=HTML&UpdateDate="
"Belgium","NET-Flanders","Flanders","BETM702","44M702 - ERTVELDE","SPO-BETM702_00008_100","NO2","Nitrogen dioxide (air)","P1Y-hrsAbove400","1 year hour exceed 400","2016","0.000","count","93.52","1","Industrial","Rural","3.7621","51.1660","5.0","","","","E1a/validated data AQ e-Reporting","18/03/2023 21:54:38","http://fme.discomap.eea.europa.eu/fmedatastreaming/AirQualityDownload/AQData_Extract.fmw?CountryCode=BE&CityName=&Pollutant=8&Year_from=2016&Year_to=2016&Station=STA-BETM702&Samplingpoint=&Source=E1a&Output=HTML&UpdateDate="
"Belgium","NET-Flanders","Flanders","BETM705","44M705 - ROESELARE","SPO-BETM705_00007_100","O3","Ozone (air)","AOT40f","AOT40 for forest protection","2016","8284.579","ug/m3","96.31","1","Industrial","Suburban","3.1524","50.9454","19.0","","","","E1a/validated data AQ e-Reporting","18/03/2023 23:06:40","http://fme.discomap.eea.europa.eu/fmedatastreaming/AirQualityDownload/AQData_Extract.fmw?CountryCode=BE&CityName=&Pollutant=7&Year_from=2016&Year_to=2016&Station=STA-BETM705&Samplingpoint=&Source=E1a&Output=HTML&UpdateDate="
"Belgium","NET-Flanders","Flanders","BETN040","42N040 - ST.P.LEEUWG","SPO-BETN040_00007_100","O3","Ozone (air)","P1Y-dx-max26","1 year daymax max 26","2016","108.063","ug/m3","92.62","1","Background","Rural","4.2252","50.7681","20.0","","","","E1a/validated data AQ e-Reporting","18/03/2023 22:32:17","http://fme.discomap.eea.europa.eu/fmedatastreaming/AirQualityDownload/AQData_Extract.fmw?CountryCode=BE&CityName=&Pollutant=7&Year_from=2016&Year_to=2016&Station=STA-BETN040&Samplingpoint=&Source=E1a&Output=HTML&UpdateDate="
"Belgium","NET-Flanders","Flanders","BETR801","42R801 - BORGERHOUT","SPO-BETR801_00005_100","PM10","Particulate matter < 10 µm (aerosol)","P1Y-hr-per50","1 year 50 percentile","2016","19.600","ug/m3","99.80","1","Background","Urban","4.4318","51.2097","6.0","Antwerpen                                                                       ","BE002C1                                           ","530014","E1a/validated data AQ e-Reporting","18/03/2023 22:05:49","http://fme.discomap.eea.europa.eu/fmedatastreaming/AirQualityDownload/AQData_Extract.fmw?CountryCode=BE&CityName=&Pollutant=5&Year_from=2016&Year_to=2016&Station=STA-BETR801&Samplingpoint=&Source=E1a&Output=HTML&UpdateDate="
"Belgium","NET-Flanders","Flanders","BETR801","42R801 - BORGERHOUT","SPO-BETR801_00007_100","O3","Ozone (air)","AOT40f","AOT40 for forest protection","2016","3007.029","ug/m3","97.22","1","Background","Urban","4.4318","51.2097","6.0","Antwerpen                                                                       ","BE002C1                                           ","530014","E1a/validated data AQ e-Reporting","18/03/2023 23:06:40","http://fme.discomap.eea.europa.eu/fmedatastreaming/AirQualityDownload/AQData_Extract.fmw?CountryCode=BE&CityName=&Pollutant=7&Year_from=2016&Year_to=2016&Station=STA-BETR801&Samplingpoint=&Source=E1a&Output=HTML&UpdateDate="
"Belgium","NET-Flanders","Flanders","BETN045","42N045 - HASSELT","SPO-BETN045_00020_100","C6H6","Benzene (air)","P1Y-hr-max","1 year hour max","2016","3.320","ug/m3","8.36","1","Background","Suburban","5.3684","50.9397","41.0","","","","E1a/validated data AQ e-Reporting","18/03/2023 21:57:02","http://fme.discomap.eea.europa.eu/fmedatastreaming/AirQualityDownload/AQData_Extract.fmw?CountryCode=BE&CityName=&Pollutant=20&Year_from=2016&Year_to=2016&Station=STA-BETN045&Samplingpoint=&Source=E1a&Output=HTML&UpdateDate="
"Belgium","NET-Flanders","Flanders","BETR020","42R020 - VILVOORDE","SPO-BETR020_00001_100","SO2","Sulphur dioxide (air)","P1Y-hr-per50","1 year 50 percentile","2016","1.000","ug/m3","97.30","1","Background","Suburban","4.4367","50.9414","12.0","","","","E1a/validated data AQ e-Reporting","18/03/2023 22:05:49","http://fme.discomap.eea.europa.eu/fmedatastreaming/AirQualityDownload/AQData_Extract.fmw?CountryCode=BE&CityName=&Pollutant=1&Year_from=2016&Year_to=2016&Station=STA-BETR020&Samplingpoint=&Source=E1a&Output=HTML&UpdateDate="
"Belgium","NET-Flanders","Flanders","BETE007","47E007 - Sint-Pieters-Leeuw","SPO-BETE007_00008_100","NO2","Nitrogen dioxide (air)","P1Y-3hAbove400","3 consecutive hours in exceedance of 400","2016","0.000","count","96.97","1","Industrial","Rural","4.2526","50.7953","54.0","","","","E1a/validated data AQ e-Reporting","18/03/2023 22:22:30","http://fme.discomap.eea.europa.eu/fmedatastreaming/AirQualityDownload/AQData_Extract.fmw?CountryCode=BE&CityName=&Pollutant=8&Year_from=2016&Year_to=2016&Station=STA-BETE007&Samplingpoint=&Source=E1a&Output=HTML&UpdateDate="
"Belgium","NET-Flanders","Flanders","BETR830","42R830 - DOEL","SPO-BETR830_00001_100","SO2","Sulphur dioxide (air)","P1Y-3hAbove500","3 consecutive hours in exceedance of 500","2016","0.000","count","97.24","1","Industrial","Rural","4.2626","51.3182","5.0","","","","E1a/validated data AQ e-Reporting","18/03/2023 22:18:09","http://fme.discomap.eea.europa.eu/fmedatastreaming/AirQualityDownload/AQData_Extract.fmw?CountryCode=BE&CityName=&Pollutant=1&Year_from=2016&Year_to=2016&Station=STA-BETR830&Samplingpoint=&Source=E1a&Output=HTML&UpdateDate="
"Belgium","NET-Flanders","Flanders","BETR830","42R830 - DOEL","SPO-BETR830_00001_100","SO2","Sulphur dioxide (air)","P1Y-P1D-per99","1 year 99 percentile of daily means (P1D) or .../aq/primaryObservation/day","2016","11.167","ug/m3","99.45","1","Industrial","Rural","4.2626","51.3182","5.0","","","","E1a/validated data AQ e-Reporting","18/03/2023 22:11:00","http://fme.discomap.eea.europa.eu/fmedatastreaming/AirQualityDownload/AQData_Extract.fmw?CountryCode=BE&CityName=&Pollutant=1&Year_from=2016&Year_to=2016&Station=STA-BETR830&Samplingpoint=&Source=E1a&Output=HTML&UpdateDate="
"Belgium","NET-Flanders","Flanders","BETR010","42R010 - ST.STEVENSW","SPO-BETR010_00008_100","NO2","Nitrogen dioxide (air)","P1Y-day-per50","1 year 50 %ile of daily values in a year","2016","24.313","ug/m3","99.45","1","Background","Suburban","4.4284","50.8651","68.0","","","","E1a/validated data AQ e-Reporting","18/03/2023 22:14:21","http://fme.discomap.eea.europa.eu/fmedatastreaming/AirQualityDownload/AQData_Extract.fmw?CountryCode=BE&CityName=&Pollutant=8&Year_from=2016&Year_to=2016&Station=STA-BETR010&Samplingpoint=&Source=E1a&Output=HTML&UpdateDate="
"Belgium","NET-Flanders","Flanders","BETN016","42N016 - DESSEL","SPO-BETN016_00007_100","O3","Ozone (air)","summer-avg","Summer mean","2016","53.622","ug/m3","97.75","1","Background","Rural","5.1640","51.2337","30.0","","","","E1a/validated data AQ e-Reporting","18/03/2023 22:50:22","http://fme.discomap.eea.europa.eu/fmedatastreaming/AirQualityDownload/AQData_Extract.fmw?CountryCode=BE&CityName=&Pollutant=7&Year_from=2016&Year_to=2016&Station=STA-BETN016&Samplingpoint=&Source=E1a&Output=HTML&UpdateDate="
"Belgium","NET-Flanders","Flanders","BETN045","42N045 - HASSELT","SPO-BETN045_00005_100","PM10","Particulate matter < 10 µm (aerosol)","P1Y-day-max","1 year day max","2016","58.204","ug/m3","99.45","1","Background","Suburban","5.3684","50.9397","41.0","","","","E1a/validated data AQ e-Reporting","18/03/2023 21:43:06","http://fme.discomap.eea.europa.eu/fmedatastreaming/AirQualityDownload/AQData_Extract.fmw?CountryCode=BE&CityName=&Pollutant=5&Year_from=2016&Year_to=2016&Station=STA-BETN045&Samplingpoint=&Source=E1a&Output=HTML&UpdateDate="
"Belgium","NET-Flanders","Flanders","BETR803","42R803 - ANTWERPEN","SPO-BETR803_06001_100","PM2.5","Particulate matter < 2.5 µm (aerosol)","P1Y","Annual mean / 1 calendar year","2016","14.117","ug/m3","97.30","1","Background","Urban","4.4285","51.2286","0.0","Antwerpen                                                                       ","BE002C1                                           ","530014","E1a/validated data AQ e-Reporting","18/03/2023 21:08:58","http://fme.discomap.eea.europa.eu/fmedatastreaming/AirQualityDownload/AQData_Extract.fmw?CountryCode=BE&CityName=&Pollutant=6001&Year_from=2016&Year_to=2016&Station=STA-BETR803&Samplingpoint=&Source=E1a&Output=HTML&UpdateDate="
"Belgium","NET-Flanders","Flanders","BETR740","44R740 - ST.KRUIS-WI","SPO-BETR740_00001_100","SO2","Sulphur dioxide (air)","P1Y-day-per50","1 year 50 %ile of daily values in a year","2016","1.000","ug/m3","99.45","1","Industrial","Rural","3.8087","51.1501","5.0","Gent                                                                            ","BE003C1                                           ","263687","E1a/validated data AQ e-Reporting","18/03/2023 22:14:46","http://fme.discomap.eea.europa.eu/fmedatastreaming/AirQualityDownload/AQData_Extract.fmw?CountryCode=BE&CityName=&Pollutant=1&Year_from=2016&Year_to=2016&Station=STA-BETR740&Samplingpoint=&Source=E1a&Output=HTML&UpdateDate="
"Belgium","NET-Flanders","Flanders","BETR702","44R702 - Gent (G.Carlierlaan)","SPO-BETR702_06001_100","PM2.5","Particulate matter < 2.5 µm (aerosol)","P1Y-hr-min","1 year hour min","2016","1.000","ug/m3","99.77","1","Traffic","Urban","3.7350","51.0407","8.0","Gent                                                                            ","BE003C1                                           ","263687","E1a/validated data AQ e-Reporting","18/03/2023 22:31:20","http://fme.discomap.eea.europa.eu/fmedatastreaming/AirQualityDownload/AQData_Extract.fmw?CountryCode=BE&CityName=&Pollutant=6001&Year_from=2016&Year_to=2016&Station=STA-BETR702&Samplingpoint=&Source=E1a&Output=HTML&UpdateDate="
"Belgium","NET-Flanders","Flanders","BETR801","42R801 - BORGERHOUT","SPO-BETR801_00005_100","PM10","Particulate matter < 10 µm (aerosol)","P1Y","Annual mean / 1 calendar year","2016","22.810","ug/m3","99.80","1","Background","Urban","4.4318","51.2097","6.0","Antwerpen                                                                       ","BE002C1                                           ","530014","E1a/validated data AQ e-Reporting","18/03/2023 21:08:58","http://fme.discomap.eea.europa.eu/fmedatastreaming/AirQualityDownload/AQData_Extract.fmw?CountryCode=BE&CityName=&Pollutant=5&Year_from=2016&Year_to=2016&Station=STA-BETR801&Samplingpoint=&Source=E1a&Output=HTML&UpdateDate="
"Belgium","NET-Flanders","Flanders","BETR701","44R701 - GENT","SPO-BETR701_00007_100","O3","Ozone (air)","P1Y-hr-min","1 year hour min","2016","1.000","ug/m3","87.15","1","Background","Urban","3.7293","51.0583","5.0","Gent                                                                            ","BE003C1                                           ","263687","E1a/validated data AQ e-Reporting","18/03/2023 22:31:20","http://fme.discomap.eea.europa.eu/fmedatastreaming/AirQualityDownload/AQData_Extract.fmw?CountryCode=BE&CityName=&Pollutant=7&Year_from=2016&Year_to=2016&Station=STA-BETR701&Samplingpoint=&Source=E1a&Output=HTML&UpdateDate="
"Belgium","NET-Flanders","Flanders","BESMA01","59MA01 - MAASMECHELEN","SPO-BESMA01_00464_100","m,p-C6H4(CH3)2","m,p-Xylene (air)","P1Y","Annual mean / 1 calendar year","2016","0.001","ug/m3","86.62","1","Background","Suburban","5.7256","50.9816","0.0","","","","E1a/validated data AQ e-Reporting","18/03/2023 21:08:58","http://fme.discomap.eea.europa.eu/fmedatastreaming/AirQualityDownload/AQData_Extract.fmw?CountryCode=BE&CityName=&Pollutant=464&Year_from=2016&Year_to=2016&Station=STA-BESMA01&Samplingpoint=&Source=E1a&Output=HTML&UpdateDate="
"Belgium","NET-Flanders","Flanders","BESN029","59N029 - VEURNE","SPO-BESN029_00464_100","m,p-C6H4(CH3)2","m,p-Xylene (air)","P1Y","Annual mean / 1 calendar year","2016","0.000","ug/m3","87.99","1","Background","Suburban","2.5823","51.0163","0.0","","","","E1a/validated data AQ e-Reporting","18/03/2023 21:08:58","http://fme.discomap.eea.europa.eu/fmedatastreaming/AirQualityDownload/AQData_Extract.fmw?CountryCode=BE&CityName=&Pollutant=464&Year_from=2016&Year_to=2016&Station=STA-BESN029&Samplingpoint=&Source=E1a&Output=HTML&UpdateDate="
"Belgium","NET-Flanders","Flanders","BETR710","44R710 - DESTELBERGE","SPO-BETR710_00005_100","PM10","Particulate matter < 10 µm (aerosol)","P1Y-hr-per50","1 year 50 percentile","2016","18.600","ug/m3","99.42","1","Background","Suburban","3.7753","51.0613","6.0","","","","E1a/validated data AQ e-Reporting","18/03/2023 22:05:49","http://fme.discomap.eea.europa.eu/fmedatastreaming/AirQualityDownload/AQData_Extract.fmw?CountryCode=BE&CityName=&Pollutant=5&Year_from=2016&Year_to=2016&Station=STA-BETR710&Samplingpoint=&Source=E1a&Output=HTML&UpdateDate="
"Belgium","NET-Flanders","Flanders","BELOB01","40OB01 - OOSTROZEBEK","SPO-BELOB01_00005_100","PM10","Particulate matter < 10 µm (aerosol)","P1Y-hr-per50","1 year 50 percentile","2016","24.600","ug/m3","99.73","1","Industrial","Rural","3.3074","50.9172","44.0","","","","E1a/validated data AQ e-Reporting","18/03/2023 22:05:49","http://fme.discomap.eea.europa.eu/fmedatastreaming/AirQualityDownload/AQData_Extract.fmw?CountryCode=BE&CityName=&Pollutant=5&Year_from=2016&Year_to=2016&Station=STA-BELOB01&Samplingpoint=&Source=E1a&Output=HTML&UpdateDate="
"Belgium","NET-Flanders","Flanders","BELWZ02","40WZ02 - MOL","SPO-BELWZ02_00001_100","SO2","Sulphur dioxide (air)","P1Y-day-max","1 year day max","2016","180.667","ug/m3","99.45","1","Industrial","Rural","5.2215","51.1928","40.0","","","","E1a/validated data AQ e-Reporting","18/03/2023 21:42:48","http://fme.discomap.eea.europa.eu/fmedatastreaming/AirQualityDownload/AQData_Extract.fmw?CountryCode=BE&CityName=&Pollutant=1&Year_from=2016&Year_to=2016&Station=STA-BELWZ02&Samplingpoint=&Source=E1a&Output=HTML&UpdateDate="
"Belgium","NET-Flanders","Flanders","BELGK06","40GK06 - GENK","SPO-BELGK06_00005_100","PM10","Particulate matter < 10 µm (aerosol)","P1Y","Annual mean / 1 calendar year","2016","21.648","ug/m3","99.85","1","Industrial","Suburban","5.4706","50.9279","44.0","","","","E1a/validated data AQ e-Reporting","18/03/2023 21:08:58","http://fme.discomap.eea.europa.eu/fmedatastreaming/AirQualityDownload/AQData_Extract.fmw?CountryCode=BE&CityName=&Pollutant=5&Year_from=2016&Year_to=2016&Station=STA-BELGK06&Samplingpoint=&Source=E1a&Output=HTML&UpdateDate="
"Belgium","NET-Flanders","Flanders","BELMN01","40MN01 - MENEN","SPO-BELMN01_06001_100","PM2.5","Particulate matter < 2.5 µm (aerosol)","P1Y-hr-per50","1 year 50 percentile","2016","10.500","ug/m3","98.36","1","Industrial","Rural","3.1096","50.7935","10.0","","","","E1a/validated data AQ e-Reporting","18/03/2023 22:05:49","http://fme.discomap.eea.europa.eu/fmedatastreaming/AirQualityDownload/AQData_Extract.fmw?CountryCode=BE&CityName=&Pollutant=6001&Year_from=2016&Year_to=2016&Station=STA-BELMN01&Samplingpoint=&Source=E1a&Output=HTML&UpdateDate="
"Belgium","NET-Brussels","Brussels","BETWOL1","41WOL1 - WOL.ST.L.","SPO-BETWOL1_00005_100","PM10","Particulate matter < 10 µm (aerosol)","P1Y-P1D-per90.41","1 year 90.41 percentile","2016","32.021","ug/m3","96.72","1","Traffic","Suburban","4.4258","50.8567","78.0","Bruxelles / Brussel                                                             ","BE001C1                                           ","1223364","E1a/validated data AQ e-Reporting","18/03/2023 22:09:05","http://fme.discomap.eea.europa.eu/fmedatastreaming/AirQualityDownload/AQData_Extract.fmw?CountryCode=BE&CityName=&Pollutant=5&Year_from=2016&Year_to=2016&Station=STA-BETWOL1&Samplingpoint=&Source=E1a&Output=HTML&UpdateDate="
"Belgium","NET-Flanders","Flanders","BELOB02","40OB02 - WIELSBEKE","SPO-BELOB02_06001_100","PM2.5","Particulate matter < 2.5 µm (aerosol)","P1Y-day-per50","1 year 50 %ile of daily values in a year","2016","10.958","ug/m3","100.00","1","Industrial","Rural","3.3762","50.9150","14.0","","","","E1a/validated data AQ e-Reporting","18/03/2023 22:11:51","http://fme.discomap.eea.europa.eu/fmedatastreaming/AirQualityDownload/AQData_Extract.fmw?CountryCode=BE&CityName=&Pollutant=6001&Year_from=2016&Year_to=2016&Station=STA-BELOB02&Samplingpoint=&Source=E1a&Output=HTML&UpdateDate="
"Belgium","NET-Flanders","Flanders","BELR833","40R833 - STABROEK","SPO-BELR833_00008_100","NO2","Nitrogen dioxide (air)","P1Y-3hAbove400","3 consecutive hours in exceedance of 400","2016","0.000","count","94.67","1","Industrial","Rural","4.3623","51.3277","5.0","","","","E1a/validated data AQ e-Reporting","18/03/2023 22:22:30","http://fme.discomap.eea.europa.eu/fmedatastreaming/AirQualityDownload/AQData_Extract.fmw?CountryCode=BE&CityName=&Pollutant=8&Year_from=2016&Year_to=2016&Station=STA-BELR833&Samplingpoint=&Source=E1a&Output=HTML&UpdateDate="
"Belgium","NET-Flanders","Flanders","BETR740","44R740 - ST.KRUIS-WI","SPO-BETR740_00005_100","PM10","Particulate matter < 10 µm (aerosol)","P1Y-hr-min","1 year hour min","2016","4.100","ug/m3","99.80","1","Industrial","Rural","3.8087","51.1501","5.0","Gent                                                                            ","BE003C1                                           ","263687","E1a/validated data AQ e-Reporting","18/03/2023 22:31:20","http://fme.discomap.eea.europa.eu/fmedatastreaming/AirQualityDownload/AQData_Extract.fmw?CountryCode=BE&CityName=&Pollutant=5&Year_from=2016&Year_to=2016&Station=STA-BETR740&Samplingpoint=&Source=E1a&Output=HTML&UpdateDate="
"Belgium","NET-Flanders","Flanders","BETR701","44R701 - GENT","SPO-BETR701_00005_100","PM10","Particulate matter < 10 µm (aerosol)","P1Y-day-min","1 year day min","2016","6.767","ug/m3","100.00","1","Background","Urban","3.7293","51.0583","5.0","Gent                                                                            ","BE003C1                                           ","263687","E1a/validated data AQ e-Reporting","18/03/2023 21:55:13","http://fme.discomap.eea.europa.eu/fmedatastreaming/AirQualityDownload/AQData_Extract.fmw?CountryCode=BE&CityName=&Pollutant=5&Year_from=2016&Year_to=2016&Station=STA-BETR701&Samplingpoint=&Source=E1a&Output=HTML&UpdateDate="
"Belgium","NET-Flanders","Flanders","BETR802","42R802 - BORGERHOUT","SPO-BETR802_00005_100","PM10","Particulate matter < 10 µm (aerosol)","P1Y-day-per50","1 year 50 %ile of daily values in a year","2016","20.538","ug/m3","98.91","1","Traffic","Urban","4.4318","51.2095","6.0","Antwerpen                                                                       ","BE002C1                                           ","530014","E1a/validated data AQ e-Reporting","18/03/2023 22:08:05","http://fme.discomap.eea.europa.eu/fmedatastreaming/AirQualityDownload/AQData_Extract.fmw?CountryCode=BE&CityName=&Pollutant=5&Year_from=2016&Year_to=2016&Station=STA-BETR802&Samplingpoint=&Source=E1a&Output=HTML&UpdateDate="
"Belgium","NET-Flanders","Flanders","BETR802","42R802 - BORGERHOUT","SPO-BETR802_00005_100","PM10","Particulate matter < 10 µm (aerosol)","P3Y","3 subsequent calendar years mean","2016","25.797","ug/m3","94.77","1","Traffic","Urban","4.4318","51.2095","6.0","Antwerpen                                                                       ","BE002C1                                           ","530014","E1a/validated data AQ e-Reporting","18/03/2023 21:36:00","http://fme.discomap.eea.europa.eu/fmedatastreaming/AirQualityDownload/AQData_Extract.fmw?CountryCode=BE&CityName=&Pollutant=5&Year_from=2016&Year_to=2016&Station=STA-BETR802&Samplingpoint=&Source=E1a&Output=HTML&UpdateDate="
"Belgium","NET-Flanders","Flanders","BETR750","44R750 - ZELZATE","SPO-BETR750_00005_100","PM10","Particulate matter < 10 µm (aerosol)","P3Y","3 subsequent calendar years mean","2016","25.735","ug/m3","95.51","1","Industrial","Rural","3.8229","51.1961","6.0","","","","E1a/validated data AQ e-Reporting","18/03/2023 21:36:00","http://fme.discomap.eea.europa.eu/fmedatastreaming/AirQualityDownload/AQData_Extract.fmw?CountryCode=BE&CityName=&Pollutant=5&Year_from=2016&Year_to=2016&Station=STA-BETR750&Samplingpoint=&Source=E1a&Output=HTML&UpdateDate="
"Belgium","NET-Flanders","Flanders","BETR750","44R750 - ZELZATE","SPO-BETR750_06001_100","PM2.5","Particulate matter < 2.5 µm (aerosol)","P1Y-day-per50","1 year 50 %ile of daily values in a year","2016","11.208","ug/m3","98.36","1","Industrial","Rural","3.8229","51.1961","6.0","","","","E1a/validated data AQ e-Reporting","18/03/2023 22:11:51","http://fme.discomap.eea.europa.eu/fmedatastreaming/AirQualityDownload/AQData_Extract.fmw?CountryCode=BE&CityName=&Pollutant=6001&Year_from=2016&Year_to=2016&Station=STA-BETR750&Samplingpoint=&Source=E1a&Output=HTML&UpdateDate="
"Belgium","NET-Flanders","Flanders","BETR893","42R893 - ANTWERPEN","SPO-BETR893_00001_100","SO2","Sulphur dioxide (air)","winter-avg","Winter mean","2016","3.597","ug/m3","96.45","1","Industrial","Suburban","4.3858","51.2814","6.0","Antwerpen                                                                       ","BE002C1                                           ","530014","E1a/validated data AQ e-Reporting","18/03/2023 22:50:43","http://fme.discomap.eea.europa.eu/fmedatastreaming/AirQualityDownload/AQData_Extract.fmw?CountryCode=BE&CityName=&Pollutant=1&Year_from=2016&Year_to=2016&Station=STA-BETR893&Samplingpoint=&Source=E1a&Output=HTML&UpdateDate="
"Belgium","NET-Wallonia","Wallonia","BETH201","43H201 - LIEGE","SPO-BETH201_06001_100","PM2.5","Particulate matter < 2.5 µm (aerosol)","P1Y-day-max","1 year day max","2016","41.796","ug/m3","97.54","1","Background","Suburban","5.5475","50.6250","160.0","Liège                                                                           ","BE005C1                                           ","383700","E1a/validated data AQ e-Reporting","18/03/2023 21:43:22","http://fme.discomap.eea.europa.eu/fmedatastreaming/AirQualityDownload/AQData_Extract.fmw?CountryCode=BE&CityName=&Pollutant=6001&Year_from=2016&Year_to=2016&Station=STA-BETH201&Samplingpoint=&Source=E1a&Output=HTML&UpdateDate="
"Belgium","NET-Flanders","Flanders","BETR893","42R893 - ANTWERPEN","SPO-BETR893_00008_100","NO2","Nitrogen dioxide (air)","P1Y-hr-min","1 year hour min","2016","3.000","ug/m3","96.82","1","Industrial","Suburban","4.3858","51.2814","6.0","Antwerpen                                                                       ","BE002C1                                           ","530014","E1a/validated data AQ e-Reporting","18/03/2023 22:31:20","http://fme.discomap.eea.europa.eu/fmedatastreaming/AirQualityDownload/AQData_Extract.fmw?CountryCode=BE&CityName=&Pollutant=8&Year_from=2016&Year_to=2016&Station=STA-BETR893&Samplingpoint=&Source=E1a&Output=HTML&UpdateDate="
"Belgium","NET-Flanders","Flanders","BETR831","42R831 - BERENDRECHT","SPO-BETR831_00008_100","NO2","Nitrogen dioxide (air)","P1Y-hr-max-per99.79","1 year 99.79 %ile of hourly values in a given year","2016","86.000","ug/m3","88.85","1","Industrial","Rural","4.3397","51.3488","3.0","Antwerpen                                                                       ","BE002C1                                           ","530014","E1a/validated data AQ e-Reporting","18/03/2023 22:07:35","http://fme.discomap.eea.europa.eu/fmedatastreaming/AirQualityDownload/AQData_Extract.fmw?CountryCode=BE&CityName=&Pollutant=8&Year_from=2016&Year_to=2016&Station=STA-BETR831&Samplingpoint=&Source=E1a&Output=HTML&UpdateDate="
"Belgium","NET-Flanders","Flanders","BETR815","42R815 - ZWIJNDRECHT","SPO-BETR815_00008_100","NO2","Nitrogen dioxide (air)","P1Y-hr-max-per99.79","1 year 99.79 %ile of hourly values in a given year","2016","114.000","ug/m3","95.82","1","Industrial","Suburban","4.3322","51.2147","7.0","","","","E1a/validated data AQ e-Reporting","18/03/2023 22:07:35","http://fme.discomap.eea.europa.eu/fmedatastreaming/AirQualityDownload/AQData_Extract.fmw?CountryCode=BE&CityName=&Pollutant=8&Year_from=2016&Year_to=2016&Station=STA-BETR815&Samplingpoint=&Source=E1a&Output=HTML&UpdateDate="
"Belgium","NET-Flanders","Flanders","BETR731","44R731 - EVERGEM","SPO-BETR731_00001_100","SO2","Sulphur dioxide (air)","P1Y-day-max-per99.18","1 year 99.18 percentile of daily maximum","2016","11.833","ug/m3","98.36","1","Industrial","Rural","3.7395","51.1247","6.0","","","","E1a/validated data AQ e-Reporting","18/03/2023 22:12:16","http://fme.discomap.eea.europa.eu/fmedatastreaming/AirQualityDownload/AQData_Extract.fmw?CountryCode=BE&CityName=&Pollutant=1&Year_from=2016&Year_to=2016&Station=STA-BETR731&Samplingpoint=&Source=E1a&Output=HTML&UpdateDate="
"Belgium","NET-Wallonia","Wallonia","BETM204","43M204 - ANGLEUR","SPO-BETM204_00005_100","PM10","Particulate matter < 10 µm (aerosol)","P1Y-day-min","1 year day min","2016","0.043","ug/m3","98.09","1","Background","Suburban","5.6112","50.6119","70.0","Liège                                                                           ","BE005C1                                           ","383700","E1a/validated data AQ e-Reporting","18/03/2023 21:55:13","http://fme.discomap.eea.europa.eu/fmedatastreaming/AirQualityDownload/AQData_Extract.fmw?CountryCode=BE&CityName=&Pollutant=5&Year_from=2016&Year_to=2016&Station=STA-BETM204&Samplingpoint=&Source=E1a&Output=HTML&UpdateDate="
"Belgium","NET-Flanders","Flanders","BETR831","42R831 - BERENDRECHT","SPO-BETR831_00001_100","SO2","Sulphur dioxide (air)","P1Y-day-min","1 year day min","2016","1.000","ug/m3","99.45","1","Industrial","Rural","4.3397","51.3488","3.0","Antwerpen                                                                       ","BE002C1                                           ","530014","E1a/validated data AQ e-Reporting","18/03/2023 21:54:56","http://fme.discomap.eea.europa.eu/fmedatastreaming/AirQualityDownload/AQData_Extract.fmw?CountryCode=BE&CityName=&Pollutant=1&Year_from=2016&Year_to=2016&Station=STA-BETR831&Samplingpoint=&Source=E1a&Output=HTML&UpdateDate="
"Belgium","NET-Wallonia","Wallonia","BETM204","43M204 - ANGLEUR","SPO-BETM204_06001_100","PM2.5","Particulate matter < 2.5 µm (aerosol)","P1Y-day-max","1 year day max","2016","39.923","ug/m3","98.09","1","Background","Suburban","5.6112","50.6119","70.0","Liège                                                                           ","BE005C1                                           ","383700","E1a/validated data AQ e-Reporting","18/03/2023 21:43:22","http://fme.discomap.eea.europa.eu/fmedatastreaming/AirQualityDownload/AQData_Extract.fmw?CountryCode=BE&CityName=&Pollutant=6001&Year_from=2016&Year_to=2016&Station=STA-BETM204&Samplingpoint=&Source=E1a&Output=HTML&UpdateDate="
"Belgium","NET-Flanders","Flanders","BETN029","44N029 - HOUTEM","SPO-BETN029_06001_100","PM2.5","Particulate matter < 2.5 µm (aerosol)","P1Y-hr-max","1 year hour max","2016","81.000","ug/m3","99.29","1","Background","Rural","2.5823","51.0163","2.0","","","","E1a/validated data AQ e-Reporting","18/03/2023 21:57:02","http://fme.discomap.eea.europa.eu/fmedatastreaming/AirQualityDownload/AQData_Extract.fmw?CountryCode=BE&CityName=&Pollutant=6001&Year_from=2016&Year_to=2016&Station=STA-BETN029&Samplingpoint=&Source=E1a&Output=HTML&UpdateDate="
"Belgium","NET-Brussels","Brussels","BETR002","41R002 - IXELLES","SPO-BETR002_00010_100","CO","Carbon monoxide (air)","P1Y-8hdmxAbove10","1 year daymax exceed 10","2016","0.000","count","97.54","1","Traffic","Urban","4.3846","50.8251","76.0","Bruxelles / Brussel                                                             ","BE001C1                                           ","1223364","E1a/validated data AQ e-Reporting","18/03/2023 22:27:43","http://fme.discomap.eea.europa.eu/fmedatastreaming/AirQualityDownload/AQData_Extract.fmw?CountryCode=BE&CityName=&Pollutant=10&Year_from=2016&Year_to=2016&Station=STA-BETR002&Samplingpoint=&Source=E1a&Output=HTML&UpdateDate="
"Belgium","NET-Brussels","Brussels","BETWOL1","41WOL1 - WOL.ST.L.","SPO-BETWOL1_00391_100","Black Carbon","black_carbon (aerosol)","P1Y-hr-max","1 year hour max","2016","10.265","ug/m3","99.23","1","Traffic","Suburban","4.4258","50.8567","78.0","Bruxelles / Brussel                                                             ","BE001C1                                           ","1223364","E1a/validated data AQ e-Reporting","18/03/2023 21:57:02","http://fme.discomap.eea.europa.eu/fmedatastreaming/AirQualityDownload/AQData_Extract.fmw?CountryCode=BE&CityName=&Pollutant=391&Year_from=2016&Year_to=2016&Station=STA-BETWOL1&Samplingpoint=&Source=E1a&Output=HTML&UpdateDate="
"Belgium","NET-Flanders","Flanders","BEDDD02","65DDD02 - DUDZELE","SPO-BEDDD02_00717_100","Pyrene","pyrene (precip+dry_dep)","P1Y","Annual mean / 1 calendar year","2016","24.590","ng/m2/day","22.95","1","Background","Rural","3.2216","51.2664","0.0","Brugge                                                                          ","BE006C1                                           ","118916","E1a/validated data AQ e-Reporting","18/03/2023 21:08:58","http://fme.discomap.eea.europa.eu/fmedatastreaming/AirQualityDownload/AQData_Extract.fmw?CountryCode=BE&CityName=&Pollutant=717&Year_from=2016&Year_to=2016&Station=STA-BEDDD02&Samplingpoint=&Source=E1a&Output=HTML&UpdateDate="
"Belgium","NET-Flanders","Flanders","BEDNE02","65NE02 - NIEL
","SPO-BEDNE02_00714_100","Phenanthrene","phenanthrene (precip+dry_dep)","P1Y","Annual mean / 1 calendar year","2016","43.037","ng/m2/day","22.95","1","Background","Rural","4.3353","51.0990","0.0","","","","E1a/validated data AQ e-Reporting","18/03/2023 21:08:58","http://fme.discomap.eea.europa.eu/fmedatastreaming/AirQualityDownload/AQData_Extract.fmw?CountryCode=BE&CityName=&Pollutant=714&Year_from=2016&Year_to=2016&Station=STA-BEDNE02&Samplingpoint=&Source=E1a&Output=HTML&UpdateDate="
"Belgium","NET-Flanders","Flanders","BELLD02","40LD02 - LAAKDAL","SPO-BELLD02_00008_100","NO2","Nitrogen dioxide (air)","P1Y-hr-max-per99.79","1 year 99.79 %ile of hourly values in a given year","2016","68.000","ug/m3","96.46","1","Industrial","Rural","5.0216","51.1204","22.0","","","","E1a/validated data AQ e-Reporting","18/03/2023 22:07:35","http://fme.discomap.eea.europa.eu/fmedatastreaming/AirQualityDownload/AQData_Extract.fmw?CountryCode=BE&CityName=&Pollutant=8&Year_from=2016&Year_to=2016&Station=STA-BELLD02&Samplingpoint=&Source=E1a&Output=HTML&UpdateDate="
"Belgium","NET-Flanders","Flanders","BETN029","44N029 - HOUTEM","SPO-BETN029_06001_100","PM2.5","Particulate matter < 2.5 µm (aerosol)","P1Y-hr-per50","1 year 50 percentile","2016","8.000","ug/m3","99.29","1","Background","Rural","2.5823","51.0163","2.0","","","","E1a/validated data AQ e-Reporting","18/03/2023 22:05:49","http://fme.discomap.eea.europa.eu/fmedatastreaming/AirQualityDownload/AQData_Extract.fmw?CountryCode=BE&CityName=&Pollutant=6001&Year_from=2016&Year_to=2016&Station=STA-BETN029&Samplingpoint=&Source=E1a&Output=HTML&UpdateDate="
"Belgium","NET-Wallonia","Wallonia","BETN060","43N060 - HAVINNES","SPO-BETN060_00005_100","PM10","Particulate matter < 10 µm (aerosol)","P1Y-daysAbove50","1 year day exceed 50","2016","13.000","count","100.00","1","Background","Rural","3.4576","50.6167","0.0","","","","E1a/validated data AQ e-Reporting","18/03/2023 22:27:00","http://fme.discomap.eea.europa.eu/fmedatastreaming/AirQualityDownload/AQData_Extract.fmw?CountryCode=BE&CityName=&Pollutant=5&Year_from=2016&Year_to=2016&Station=STA-BETN060&Samplingpoint=&Source=E1a&Output=HTML&UpdateDate="
"Belgium","NET-Wallonia","Wallonia","BETN070","43N070 - MONS","SPO-BETN070_00008_100","NO2","Nitrogen dioxide (air)","P1Y-hr-max","1 year hour max","2016","122.500","ug/m3","97.34","1","Background","Suburban","3.9397","50.4652","30.0","Mons                                                                            ","BE009C1                                           ","95922","E1a/validated data AQ e-Reporting","18/03/2023 21:57:02","http://fme.discomap.eea.europa.eu/fmedatastreaming/AirQualityDownload/AQData_Extract.fmw?CountryCode=BE&CityName=&Pollutant=8&Year_from=2016&Year_to=2016&Station=STA-BETN070&Samplingpoint=&Source=E1a&Output=HTML&UpdateDate="
"Belgium","NET-Flanders","Flanders","BETR721","44R721 - WONDELGEM","SPO-BETR721_00001_100","SO2","Sulphur dioxide (air)","P1Y-3hAbove500","3 consecutive hours in exceedance of 500","2016","0.000","count","96.05","1","Industrial","Suburban","3.7161","51.0890","6.0","Gent                                                                            ","BE003C1                                           ","263687","E1a/validated data AQ e-Reporting","18/03/2023 22:18:09","http://fme.discomap.eea.europa.eu/fmedatastreaming/AirQualityDownload/AQData_Extract.fmw?CountryCode=BE&CityName=&Pollutant=1&Year_from=2016&Year_to=2016&Station=STA-BETR721&Samplingpoint=&Source=E1a&Output=HTML&UpdateDate="
"Belgium","NET-Flanders","Flanders","BETR834","42R834 - Boom","SPO-BETR834_00005_100","PM10","Particulate matter < 10 µm (aerosol)","P1Y","Annual mean / 1 calendar year","2016","20.602","ug/m3","99.56","1","Background","Suburban","4.3801","51.0920","0.0","","","","E1a/validated data AQ e-Reporting","18/03/2023 21:08:58","http://fme.discomap.eea.europa.eu/fmedatastreaming/AirQualityDownload/AQData_Extract.fmw?CountryCode=BE&CityName=&Pollutant=5&Year_from=2016&Year_to=2016&Station=STA-BETR834&Samplingpoint=&Source=E1a&Output=HTML&UpdateDate="
"Belgium","NET-Flanders","Flanders","BETR721","44R721 - WONDELGEM","SPO-BETR721_00001_100","SO2","Sulphur dioxide (air)","P1Y-hr-max25","1 year hour max 25","2016","78.000","ug/m3","96.05","1","Industrial","Suburban","3.7161","51.0890","6.0","Gent                                                                            ","BE003C1                                           ","263687","E1a/validated data AQ e-Reporting","18/03/2023 22:33:20","http://fme.discomap.eea.europa.eu/fmedatastreaming/AirQualityDownload/AQData_Extract.fmw?CountryCode=BE&CityName=&Pollutant=1&Year_from=2016&Year_to=2016&Station=STA-BETR721&Samplingpoint=&Source=E1a&Output=HTML&UpdateDate="
"Belgium","NET-Flanders","Flanders","BETN029","44N029 - HOUTEM","SPO-BETN029_06001_100","PM2.5","Particulate matter < 2.5 µm (aerosol)","P1Y-day-per50","1 year 50 %ile of daily values in a year","2016","8.125","ug/m3","99.18","1","Background","Rural","2.5823","51.0163","2.0","","","","E1a/validated data AQ e-Reporting","18/03/2023 22:11:51","http://fme.discomap.eea.europa.eu/fmedatastreaming/AirQualityDownload/AQData_Extract.fmw?CountryCode=BE&CityName=&Pollutant=6001&Year_from=2016&Year_to=2016&Station=STA-BETN029&Samplingpoint=&Source=E1a&Output=HTML&UpdateDate="
"Belgium","NET-Flanders","Flanders","BELRB01","40RB01 - RUISBROEK","SPO-BELRB01_00005_100","PM10","Particulate matter < 10 µm (aerosol)","P1Y-hr-min","1 year hour min","2016","5.600","ug/m3","8.66","1","Industrial","Suburban","4.3312","51.0894","0.0","","","","E1a/validated data AQ e-Reporting","18/03/2023 22:31:20","http://fme.discomap.eea.europa.eu/fmedatastreaming/AirQualityDownload/AQData_Extract.fmw?CountryCode=BE&CityName=&Pollutant=5&Year_from=2016&Year_to=2016&Station=STA-BELRB01&Samplingpoint=&Source=E1a&Output=HTML&UpdateDate="
"Belgium","NET-Flanders","Flanders","BETE704","47E704 - WACHTEBEKE","SPO-BETE704_00008_100","NO2","Nitrogen dioxide (air)","P1Y-hr-max19","1 year hour max19","2016","67.500","ug/m3","97.23","1","Industrial","Rural","3.8699","51.1761","0.0","","","","E1a/validated data AQ e-Reporting","18/03/2023 22:34:35","http://fme.discomap.eea.europa.eu/fmedatastreaming/AirQualityDownload/AQData_Extract.fmw?CountryCode=BE&CityName=&Pollutant=8&Year_from=2016&Year_to=2016&Station=STA-BETE704&Samplingpoint=&Source=E1a&Output=HTML&UpdateDate="
"Belgium","NET-Flanders","Flanders","BETE703","47E703 - OOSTEEKLO","SPO-BETE703_00008_100","NO2","Nitrogen dioxide (air)","P1Y-P1D-per99","1 year 99 percentile of daily means (P1D) or .../aq/primaryObservation/day","2016","49.583","ug/m3","97.27","1","Industrial","Rural","3.6873","51.1903","0.0","","","","E1a/validated data AQ e-Reporting","18/03/2023 22:10:34","http://fme.discomap.eea.europa.eu/fmedatastreaming/AirQualityDownload/AQData_Extract.fmw?CountryCode=BE&CityName=&Pollutant=8&Year_from=2016&Year_to=2016&Station=STA-BETE703&Samplingpoint=&Source=E1a&Output=HTML&UpdateDate="
"Belgium","NET-Flanders","Flanders","BETE704","47E704 - WACHTEBEKE","SPO-BETE704_00008_100","NO2","Nitrogen dioxide (air)","P3Y","3 subsequent calendar years mean","2016","19.849","ug/m3","93.94","1","Industrial","Rural","3.8699","51.1761","0.0","","","","E1a/validated data AQ e-Reporting","18/03/2023 21:36:00","http://fme.discomap.eea.europa.eu/fmedatastreaming/AirQualityDownload/AQData_Extract.fmw?CountryCode=BE&CityName=&Pollutant=8&Year_from=2016&Year_to=2016&Station=STA-BETE704&Samplingpoint=&Source=E1a&Output=HTML&UpdateDate="
"Belgium","NET-Brussels","Brussels","BETMEU1","41MEU1 - MEUDON","SPO-BETMEU1_00008_100","NO2","Nitrogen dioxide (air)","P1Y-hrsAbove400","1 year hour exceed 400","2016","0.000","count","97.05","1","Background","Suburban","4.3957","50.8950","34.0","Bruxelles / Brussel                                                             ","BE001C1                                           ","1223364","E1a/validated data AQ e-Reporting","18/03/2023 21:54:38","http://fme.discomap.eea.europa.eu/fmedatastreaming/AirQualityDownload/AQData_Extract.fmw?CountryCode=BE&CityName=&Pollutant=8&Year_from=2016&Year_to=2016&Station=STA-BETMEU1&Samplingpoint=&Source=E1a&Output=HTML&UpdateDate="
"Belgium","NET-Brussels","Brussels","BETMEU1","41MEU1 - MEUDON","SPO-BETMEU1_00005_100","PM10","Particulate matter < 10 µm (aerosol)","P1Y-P1D-per90.41","1 year 90.41 percentile","2016","34.886","ug/m3","92.35","1","Background","Suburban","4.3957","50.8950","34.0","Bruxelles / Brussel                                                             ","BE001C1                                           ","1223364","E1a/validated data AQ e-Reporting","18/03/2023 22:09:05","http://fme.discomap.eea.europa.eu/fmedatastreaming/AirQualityDownload/AQData_Extract.fmw?CountryCode=BE&CityName=&Pollutant=5&Year_from=2016&Year_to=2016&Station=STA-BETMEU1&Samplingpoint=&Source=E1a&Output=HTML&UpdateDate="
"Belgium","NET-Flanders","Flanders","BELOB01","40OB01 - OOSTROZEBEK","SPO-BELOB01_00005_100","PM10","Particulate matter < 10 µm (aerosol)","P1Y-hr-min","1 year hour min","2016","4.600","ug/m3","99.73","1","Industrial","Rural","3.3074","50.9172","44.0","","","","E1a/validated data AQ e-Reporting","18/03/2023 22:31:20","http://fme.discomap.eea.europa.eu/fmedatastreaming/AirQualityDownload/AQData_Extract.fmw?CountryCode=BE&CityName=&Pollutant=5&Year_from=2016&Year_to=2016&Station=STA-BELOB01&Samplingpoint=&Source=E1a&Output=HTML&UpdateDate="
"Belgium","NET-Flanders","Flanders","BELAL01","40AL01 - LINKEROEVER","SPO-BELAL01_00005_100","PM10","Particulate matter < 10 µm (aerosol)","P1Y-day-max36","1 year day max 36","2016","35.767","ug/m3","97.27","1","Industrial","Suburban","4.3852","51.2362","10.0","Antwerpen                                                                       ","BE002C1                                           ","530014","E1a/validated data AQ e-Reporting","18/03/2023 22:32:47","http://fme.discomap.eea.europa.eu/fmedatastreaming/AirQualityDownload/AQData_Extract.fmw?CountryCode=BE&CityName=&Pollutant=5&Year_from=2016&Year_to=2016&Station=STA-BELAL01&Samplingpoint=&Source=E1a&Output=HTML&UpdateDate="
"Belgium","NET-Flanders","Flanders","BELOB01","40OB01 - OOSTROZEBEK","SPO-BELOB01_06001_100","PM2.5","Particulate matter < 2.5 µm (aerosol)","P1Y-day-min","1 year day min","2016","4.688","ug/m3","99.73","1","Industrial","Rural","3.3074","50.9172","44.0","","","","E1a/validated data AQ e-Reporting","18/03/2023 21:55:29","http://fme.discomap.eea.europa.eu/fmedatastreaming/AirQualityDownload/AQData_Extract.fmw?CountryCode=BE&CityName=&Pollutant=6001&Year_from=2016&Year_to=2016&Station=STA-BELOB01&Samplingpoint=&Source=E1a&Output=HTML&UpdateDate="
"Belgium","NET-Flanders","Flanders","BESN045","59N045 - HASSELT","SPO-BESN045_00434_100","C9H12","Propylbenzene (air)","P1Y","Annual mean / 1 calendar year","2016","0.000","ug/m3","87.98","1","Background","Suburban","5.3684","50.9397","0.0","","","","E1a/validated data AQ e-Reporting","18/03/2023 21:08:58","http://fme.discomap.eea.europa.eu/fmedatastreaming/AirQualityDownload/AQData_Extract.fmw?CountryCode=BE&CityName=&Pollutant=434&Year_from=2016&Year_to=2016&Station=STA-BESN045&Samplingpoint=&Source=E1a&Output=HTML&UpdateDate="
"Belgium","NET-Flanders","Flanders","BESR893","59N893 - ANTWERPEN","SPO-BESR893_00441_100","C7H16","n-Heptane (air)","P1Y","Annual mean / 1 calendar year","2016","0.001","ug/m3","87.98","1","Background","Suburban","3.8084","51.2032","0.0","","","","E1a/validated data AQ e-Reporting","18/03/2023 21:08:58","http://fme.discomap.eea.europa.eu/fmedatastreaming/AirQualityDownload/AQData_Extract.fmw?CountryCode=BE&CityName=&Pollutant=441&Year_from=2016&Year_to=2016&Station=STA-BESR893&Samplingpoint=&Source=E1a&Output=HTML&UpdateDate="
"Belgium","NET-Flanders","Flanders","BETR841","42R841 - MECHELEN","SPO-BETR841_00008_100","NO2","Nitrogen dioxide (air)","P1Y-hr-max-per99.79","1 year 99.79 %ile of hourly values in a given year","2016","89.500","ug/m3","95.06","1","Background","Suburban","4.4693","51.0025","8.0","Mechelen                                                                        ","BE012C1                                           ","86911","E1a/validated data AQ e-Reporting","18/03/2023 22:07:35","http://fme.discomap.eea.europa.eu/fmedatastreaming/AirQualityDownload/AQData_Extract.fmw?CountryCode=BE&CityName=&Pollutant=8&Year_from=2016&Year_to=2016&Station=STA-BETR841&Samplingpoint=&Source=E1a&Output=HTML&UpdateDate="
"Belgium","NET-Flanders","Flanders","BETR701","44R701 - GENT","SPO-BETR701_00001_100","SO2","Sulphur dioxide (air)","P1Y-day-max-per99.18","1 year 99.18 percentile of daily maximum","2016","5.565","ug/m3","98.91","1","Background","Urban","3.7293","51.0583","5.0","Gent                                                                            ","BE003C1                                           ","263687","E1a/validated data AQ e-Reporting","18/03/2023 22:12:16","http://fme.discomap.eea.europa.eu/fmedatastreaming/AirQualityDownload/AQData_Extract.fmw?CountryCode=BE&CityName=&Pollutant=1&Year_from=2016&Year_to=2016&Station=STA-BETR701&Samplingpoint=&Source=E1a&Output=HTML&UpdateDate="
"Belgium","NET-Wallonia","Wallonia","BETN060","43N060 - HAVINNES","SPO-BETN060_00007_100","O3","Ozone (air)","P1Y-dx-avg","1 year daymax average","2016","57.383","ug/m3","97.27","1","Background","Rural","3.4576","50.6167","0.0","","","","E1a/validated data AQ e-Reporting","18/03/2023 22:27:48","http://fme.discomap.eea.europa.eu/fmedatastreaming/AirQualityDownload/AQData_Extract.fmw?CountryCode=BE&CityName=&Pollutant=7&Year_from=2016&Year_to=2016&Station=STA-BETN060&Samplingpoint=&Source=E1a&Output=HTML&UpdateDate="
"Belgium","NET-Flanders","Flanders","BETR892","42R892 - KALLO","SPO-BETR892_00008_100","NO2","Nitrogen dioxide (air)","P1Y","Annual mean / 1 calendar year","2016","33.910","ug/m3","96.80","1","Industrial","Rural","4.2789","51.2630","9.0","","","","E1a/validated data AQ e-Reporting","18/03/2023 21:08:58","http://fme.discomap.eea.europa.eu/fmedatastreaming/AirQualityDownload/AQData_Extract.fmw?CountryCode=BE&CityName=&Pollutant=8&Year_from=2016&Year_to=2016&Station=STA-BETR892&Samplingpoint=&Source=E1a&Output=HTML&UpdateDate="
"Belgium","NET-Wallonia","Wallonia","BETN073","43N073 - VEZIN","SPO-BETN073_00008_100","NO2","Nitrogen dioxide (air)","P1Y","Annual mean / 1 calendar year","2016","11.903","ug/m3","97.44","1","Background","Rural","4.9884","50.5027","160.0","","","","E1a/validated data AQ e-Reporting","18/03/2023 21:08:58","http://fme.discomap.eea.europa.eu/fmedatastreaming/AirQualityDownload/AQData_Extract.fmw?CountryCode=BE&CityName=&Pollutant=8&Year_from=2016&Year_to=2016&Station=STA-BETN073&Samplingpoint=&Source=E1a&Output=HTML&UpdateDate="
"Belgium","NET-Flanders","Flanders","BETR815","42R815 - ZWIJNDRECHT","SPO-BETR815_00001_100","SO2","Sulphur dioxide (air)","P1Y-P1D-per99","1 year 99 percentile of daily means (P1D) or .../aq/primaryObservation/day","2016","12.674","ug/m3","99.45","1","Industrial","Suburban","4.3322","51.2147","7.0","","","","E1a/validated data AQ e-Reporting","18/03/2023 22:11:00","http://fme.discomap.eea.europa.eu/fmedatastreaming/AirQualityDownload/AQData_Extract.fmw?CountryCode=BE&CityName=&Pollutant=1&Year_from=2016&Year_to=2016&Station=STA-BETR815&Samplingpoint=&Source=E1a&Output=HTML&UpdateDate="
"Belgium","NET-Flanders","Flanders","BETN046","42N046 - GELLIK","SPO-BETN046_00007_100","O3","Ozone (air)","SOMO10","Sum of Ozone Means Over 10 ppb","2016","16451.588","ug/m3","92.62","1","Background","Rural","5.6189","50.8823","70.0","","","","E1a/validated data AQ e-Reporting","18/03/2023 22:59:50","http://fme.discomap.eea.europa.eu/fmedatastreaming/AirQualityDownload/AQData_Extract.fmw?CountryCode=BE&CityName=&Pollutant=7&Year_from=2016&Year_to=2016&Station=STA-BETN046&Samplingpoint=&Source=E1a&Output=HTML&UpdateDate="
"Belgium","NET-Flanders","Flanders","BETR801","42R801 - BORGERHOUT","SPO-BETR801_06001_100","PM2.5","Particulate matter < 2.5 µm (aerosol)","P1Y","Annual mean / 1 calendar year","2016","14.174","ug/m3","99.80","1","Background","Urban","4.4318","51.2097","6.0","Antwerpen                                                                       ","BE002C1                                           ","530014","E1a/validated data AQ e-Reporting","18/03/2023 21:08:58","http://fme.discomap.eea.europa.eu/fmedatastreaming/AirQualityDownload/AQData_Extract.fmw?CountryCode=BE&CityName=&Pollutant=6001&Year_from=2016&Year_to=2016&Station=STA-BETR801&Samplingpoint=&Source=E1a&Output=HTML&UpdateDate="
"Belgium","NET-Flanders","Flanders","BETE714","47E714 - DUDZELE","SPO-BETE714_00008_100","NO2","Nitrogen dioxide (air)","P1Y-day-min","1 year day min","2016","3.688","ug/m3","99.45","1","Industrial","Rural","3.2486","51.2790","11.0","Brugge                                                                          ","BE006C1                                           ","118916","E1a/validated data AQ e-Reporting","18/03/2023 21:56:03","http://fme.discomap.eea.europa.eu/fmedatastreaming/AirQualityDownload/AQData_Extract.fmw?CountryCode=BE&CityName=&Pollutant=8&Year_from=2016&Year_to=2016&Station=STA-BETE714&Samplingpoint=&Source=E1a&Output=HTML&UpdateDate="
"Belgium","NET-Flanders","Flanders","BETR710","44R710 - DESTELBERGE","SPO-BETR710_00005_100","PM10","Particulate matter < 10 µm (aerosol)","P1Y-day-max36","1 year day max 36","2016","36.621","ug/m3","99.45","1","Background","Suburban","3.7753","51.0613","6.0","","","","E1a/validated data AQ e-Reporting","18/03/2023 22:32:47","http://fme.discomap.eea.europa.eu/fmedatastreaming/AirQualityDownload/AQData_Extract.fmw?CountryCode=BE&CityName=&Pollutant=5&Year_from=2016&Year_to=2016&Station=STA-BETR710&Samplingpoint=&Source=E1a&Output=HTML&UpdateDate="
"Belgium","NET-Flanders","Flanders","BETN046","42N046 - GELLIK","SPO-BETN046_00007_100","O3","Ozone (air)","AOT40f","AOT40 for forest protection","2016","16341.702","ug/m3","97.04","1","Background","Rural","5.6189","50.8823","70.0","","","","E1a/validated data AQ e-Reporting","18/03/2023 23:06:40","http://fme.discomap.eea.europa.eu/fmedatastreaming/AirQualityDownload/AQData_Extract.fmw?CountryCode=BE&CityName=&Pollutant=7&Year_from=2016&Year_to=2016&Station=STA-BETN046&Samplingpoint=&Source=E1a&Output=HTML&UpdateDate="
"Belgium","NET-Flanders","Flanders","BELGK06","40GK06 - GENK","SPO-BELGK06_00005_100","PM10","Particulate matter < 10 µm (aerosol)","P1Y-hr-per50","1 year 50 percentile","2016","19.100","ug/m3","99.85","1","Industrial","Suburban","5.4706","50.9279","44.0","","","","E1a/validated data AQ e-Reporting","18/03/2023 22:05:49","http://fme.discomap.eea.europa.eu/fmedatastreaming/AirQualityDownload/AQData_Extract.fmw?CountryCode=BE&CityName=&Pollutant=5&Year_from=2016&Year_to=2016&Station=STA-BELGK06&Samplingpoint=&Source=E1a&Output=HTML&UpdateDate="
"Belgium","NET-Wallonia","Wallonia","BETN073","43N073 - VEZIN","SPO-BETN073_00008_100","NO2","Nitrogen dioxide (air)","P1Y-hrsAbove200","1 year hour exceed 200","2016","0.000","count","97.44","1","Background","Rural","4.9884","50.5027","160.0","","","","E1a/validated data AQ e-Reporting","18/03/2023 21:48:42","http://fme.discomap.eea.europa.eu/fmedatastreaming/AirQualityDownload/AQData_Extract.fmw?CountryCode=BE&CityName=&Pollutant=8&Year_from=2016&Year_to=2016&Station=STA-BETN073&Samplingpoint=&Source=E1a&Output=HTML&UpdateDate="
"Belgium","NET-Flanders","Flanders","BETR897","42R897 - ANTWERPEN","SPO-BETR897_00008_100","NO2","Nitrogen dioxide (air)","P1Y-hr-max19","1 year hour max19","2016","107.000","ug/m3","96.27","1","Industrial","Suburban","4.3421","51.2501","5.0","Antwerpen                                                                       ","BE002C1                                           ","530014","E1a/validated data AQ e-Reporting","18/03/2023 22:34:35","http://fme.discomap.eea.europa.eu/fmedatastreaming/AirQualityDownload/AQData_Extract.fmw?CountryCode=BE&CityName=&Pollutant=8&Year_from=2016&Year_to=2016&Station=STA-BETR897&Samplingpoint=&Source=E1a&Output=HTML&UpdateDate="
"Belgium","NET-Flanders","Flanders","BETR820","42R820 - KAPELLEN","SPO-BETR820_00008_100","NO2","Nitrogen dioxide (air)","P1Y-hr-min","1 year hour min","2016","1.000","ug/m3","96.49","1","Background","Suburban","4.4448","51.3204","11.0","","","","E1a/validated data AQ e-Reporting","18/03/2023 22:31:20","http://fme.discomap.eea.europa.eu/fmedatastreaming/AirQualityDownload/AQData_Extract.fmw?CountryCode=BE&CityName=&Pollutant=8&Year_from=2016&Year_to=2016&Station=STA-BETR820&Samplingpoint=&Source=E1a&Output=HTML&UpdateDate="
"Belgium","NET-Wallonia","Wallonia","BEMATH1","0ATH01 - ATH","SPO-BEMATH1_05014_100","Cd in PM10","Cadmium in PM10 (aerosol)","P1Y","Annual mean / 1 calendar year","2016","2.282","ng/m3","75.13","1","Industrial","Urban","3.7752","50.6351","32.0","","","","E1a/validated data AQ e-Reporting","18/03/2023 21:08:58","http://fme.discomap.eea.europa.eu/fmedatastreaming/AirQualityDownload/AQData_Extract.fmw?CountryCode=BE&CityName=&Pollutant=5014&Year_from=2016&Year_to=2016&Station=STA-BEMATH1&Samplingpoint=&Source=E1a&Output=HTML&UpdateDate="
"Belgium","NET-Flanders","Flanders","BETR823","42R823 - BEVEREN","SPO-BETR823_00005_100","PM10","Particulate matter < 10 µm (aerosol)","P1Y-day-max36","1 year day max 36","2016","37.704","ug/m3","100.00","1","Background","Suburban","4.2399","51.2133","0.0","","","","E1a/validated data AQ e-Reporting","18/03/2023 22:32:47","http://fme.discomap.eea.europa.eu/fmedatastreaming/AirQualityDownload/AQData_Extract.fmw?CountryCode=BE&CityName=&Pollutant=5&Year_from=2016&Year_to=2016&Station=STA-BETR823&Samplingpoint=&Source=E1a&Output=HTML&UpdateDate="
"Belgium","NET-Flanders","Flanders","BETTS21","40TS21 - TESSENDERLO","SPO-BETTS21_00001_100","SO2","Sulphur dioxide (air)","P1Y-hrsAbove350","1 year hour exceed 350","2016","0.000","count","97.34","1","Industrial","Suburban","5.1075","51.0657","28.0","","","","E1a/validated data AQ e-Reporting","18/03/2023 21:52:12","http://fme.discomap.eea.europa.eu/fmedatastreaming/AirQualityDownload/AQData_Extract.fmw?CountryCode=BE&CityName=&Pollutant=1&Year_from=2016&Year_to=2016&Station=STA-BETTS21&Samplingpoint=&Source=E1a&Output=HTML&UpdateDate="
"Belgium","NET-Wallonia","Wallonia","BETN066","43N066 - EUPEN","SPO-BETN066_00007_100","O3","Ozone (air)","P3Y","3 subsequent calendar years mean","2016","49.655","ug/m3","95.34","1","Background","Rural","6.0023","50.6289","295.0","","","","E1a/validated data AQ e-Reporting","18/03/2023 21:36:00","http://fme.discomap.eea.europa.eu/fmedatastreaming/AirQualityDownload/AQData_Extract.fmw?CountryCode=BE&CityName=&Pollutant=7&Year_from=2016&Year_to=2016&Station=STA-BETN066&Samplingpoint=&Source=E1a&Output=HTML&UpdateDate="
"Belgium","NET-Wallonia","Wallonia","BETN066","43N066 - EUPEN","SPO-BETN066_00007_100","O3","Ozone (air)","SOMO10","Sum of Ozone Means Over 10 ppb","2016","16151.425","ug/m3","97.54","1","Background","Rural","6.0023","50.6289","295.0","","","","E1a/validated data AQ e-Reporting","18/03/2023 22:59:50","http://fme.discomap.eea.europa.eu/fmedatastreaming/AirQualityDownload/AQData_Extract.fmw?CountryCode=BE&CityName=&Pollutant=7&Year_from=2016&Year_to=2016&Station=STA-BETN066&Samplingpoint=&Source=E1a&Output=HTML&UpdateDate="
"Belgium","NET-Flanders","Flanders","BETR020","42R020 - VILVOORDE","SPO-BETR020_06001_100","PM2.5","Particulate matter < 2.5 µm (aerosol)","P1Y","Annual mean / 1 calendar year","2016","14.138","ug/m3","99.91","1","Background","Suburban","4.4367","50.9414","12.0","","","","E1a/validated data AQ e-Reporting","18/03/2023 21:08:58","http://fme.discomap.eea.europa.eu/fmedatastreaming/AirQualityDownload/AQData_Extract.fmw?CountryCode=BE&CityName=&Pollutant=6001&Year_from=2016&Year_to=2016&Station=STA-BETR020&Samplingpoint=&Source=E1a&Output=HTML&UpdateDate="
"Belgium","NET-Flanders","Flanders","BETN046","42N046 - GELLIK","SPO-BETN046_00007_100","O3","Ozone (air)","P1Y-dmax-per99","1 year 99 percentile daily 8h maximum","2016","136.688","ug/m3","92.62","1","Background","Rural","5.6189","50.8823","70.0","","","","E1a/validated data AQ e-Reporting","18/03/2023 22:13:26","http://fme.discomap.eea.europa.eu/fmedatastreaming/AirQualityDownload/AQData_Extract.fmw?CountryCode=BE&CityName=&Pollutant=7&Year_from=2016&Year_to=2016&Station=STA-BETN046&Samplingpoint=&Source=E1a&Output=HTML&UpdateDate="
"Belgium","NET-Flanders","Flanders","BETR817","42R817 - ANTWERPEN","SPO-BETR817_00008_100","NO2","Nitrogen dioxide (air)","P3Y","3 subsequent calendar years mean","2016","30.230","ug/m3","47.38","1","Background","Suburban","4.4180","51.1771","6.0","Antwerpen                                                                       ","BE002C1                                           ","530014","E1a/validated data AQ e-Reporting","18/03/2023 21:36:00","http://fme.discomap.eea.europa.eu/fmedatastreaming/AirQualityDownload/AQData_Extract.fmw?CountryCode=BE&CityName=&Pollutant=8&Year_from=2016&Year_to=2016&Station=STA-BETR817&Samplingpoint=&Source=E1a&Output=HTML&UpdateDate="
"Belgium","NET-Wallonia","Wallonia","BETN070","43N070 - MONS","SPO-BETN070_00007_100","O3","Ozone (air)","P1Y-hrsAbove180","1 year hour exceed 180","2016","0.000","count","96.33","1","Background","Suburban","3.9397","50.4652","30.0","Mons                                                                            ","BE009C1                                           ","95922","E1a/validated data AQ e-Reporting","18/03/2023 21:46:37","http://fme.discomap.eea.europa.eu/fmedatastreaming/AirQualityDownload/AQData_Extract.fmw?CountryCode=BE&CityName=&Pollutant=7&Year_from=2016&Year_to=2016&Station=STA-BETN070&Samplingpoint=&Source=E1a&Output=HTML&UpdateDate="
"Belgium","NET-Brussels","Brussels","BETB011","41B011 - BERCHEM S.A","SPO-BETB011_06001_100","PM2.5","Particulate matter < 2.5 µm (aerosol)","P1Y-hr-per50","1 year 50 percentile","2016","9.200","ug/m3","87.06","1","Background","Suburban","4.2887","50.8578","66.0","Bruxelles / Brussel                                                             ","BE001C1                                           ","1223364","E1a/validated data AQ e-Reporting","18/03/2023 22:05:49","http://fme.discomap.eea.europa.eu/fmedatastreaming/AirQualityDownload/AQData_Extract.fmw?CountryCode=BE&CityName=&Pollutant=6001&Year_from=2016&Year_to=2016&Station=STA-BETB011&Samplingpoint=&Source=E1a&Output=HTML&UpdateDate="
"Belgium","NET-Brussels","Brussels","BETMEU1","41MEU1 - MEUDON","SPO-BETMEU1_00001_100","SO2","Sulphur dioxide (air)","P1Y-daysAbove125","1 year day exceed 125","2016","0.000","count","13.93","1","Background","Suburban","4.3957","50.8950","34.0","Bruxelles / Brussel                                                             ","BE001C1                                           ","1223364","E1a/validated data AQ e-Reporting","18/03/2023 22:23:37","http://fme.discomap.eea.europa.eu/fmedatastreaming/AirQualityDownload/AQData_Extract.fmw?CountryCode=BE&CityName=&Pollutant=1&Year_from=2016&Year_to=2016&Station=STA-BETMEU1&Samplingpoint=&Source=E1a&Output=HTML&UpdateDate="
"Belgium","NET-Brussels","Brussels","BETB004","41B004 - STE.CATHERI","SPO-BETB004_00010_100","CO","Carbon monoxide (air)","P1Y-8hdmxAbove10","1 year daymax exceed 10","2016","0.000","count","99.18","1","Background","Urban","4.3478","50.8521","17.0","Bruxelles / Brussel                                                             ","BE001C1                                           ","1223364","E1a/validated data AQ e-Reporting","18/03/2023 22:27:43","http://fme.discomap.eea.europa.eu/fmedatastreaming/AirQualityDownload/AQData_Extract.fmw?CountryCode=BE&CityName=&Pollutant=10&Year_from=2016&Year_to=2016&Station=STA-BETB004&Samplingpoint=&Source=E1a&Output=HTML&UpdateDate="
"Belgium","NET-Brussels","Brussels","BETB004","41B004 - STE.CATHERI","SPO-BETB004_00010_100","CO","Carbon monoxide (air)","P1Y-dx-avg","1 year daymax average","2016","0.280","mg/m3","99.18","1","Background","Urban","4.3478","50.8521","17.0","Bruxelles / Brussel                                                             ","BE001C1                                           ","1223364","E1a/validated data AQ e-Reporting","18/03/2023 22:27:48","http://fme.discomap.eea.europa.eu/fmedatastreaming/AirQualityDownload/AQData_Extract.fmw?CountryCode=BE&CityName=&Pollutant=10&Year_from=2016&Year_to=2016&Station=STA-BETB004&Samplingpoint=&Source=E1a&Output=HTML&UpdateDate="
"Belgium","NET-Brussels","Brussels","BETR002","41R002 - IXELLES","SPO-BETR002_00008_100","NO2","Nitrogen dioxide (air)","P1Y-day-max","1 year day max","2016","96.696","ug/m3","98.36","1","Traffic","Urban","4.3846","50.8251","76.0","Bruxelles / Brussel                                                             ","BE001C1                                           ","1223364","E1a/validated data AQ e-Reporting","18/03/2023 21:43:56","http://fme.discomap.eea.europa.eu/fmedatastreaming/AirQualityDownload/AQData_Extract.fmw?CountryCode=BE&CityName=&Pollutant=8&Year_from=2016&Year_to=2016&Station=STA-BETR002&Samplingpoint=&Source=E1a&Output=HTML&UpdateDate="
"Belgium","NET-Flanders","Flanders","BETN052","44N052 - ZWEVEGEM","SPO-BETN052_00008_100","NO2","Nitrogen dioxide (air)","P1Y-day-per50","1 year 50 %ile of daily values in a year","2016","24.587","ug/m3","96.72","1","Background","Suburban","3.3225","50.8149","27.0","","","","E1a/validated data AQ e-Reporting","18/03/2023 22:14:21","http://fme.discomap.eea.europa.eu/fmedatastreaming/AirQualityDownload/AQData_Extract.fmw?CountryCode=BE&CityName=&Pollutant=8&Year_from=2016&Year_to=2016&Station=STA-BETN052&Samplingpoint=&Source=E1a&Output=HTML&UpdateDate="
"Belgium","NET-Flanders","Flanders","BETR811","42R811 - SCHOTEN","SPO-BETR811_00005_100","PM10","Particulate matter < 10 µm (aerosol)","P1Y-day-min","1 year day min","2016","6.621","ug/m3","99.73","1","Background","Suburban","4.4914","51.2521","8.0","","","","E1a/validated data AQ e-Reporting","18/03/2023 21:55:13","http://fme.discomap.eea.europa.eu/fmedatastreaming/AirQualityDownload/AQData_Extract.fmw?CountryCode=BE&CityName=&Pollutant=5&Year_from=2016&Year_to=2016&Station=STA-BETR811&Samplingpoint=&Source=E1a&Output=HTML&UpdateDate="
"Belgium","NET-Flanders","Flanders","BETE812","47E812 - GENK","SPO-BETE812_00008_100","NO2","Nitrogen dioxide (air)","P3Y","3 subsequent calendar years mean","2016","18.763","ug/m3","81.13","1","Industrial","Suburban","5.5377","50.9680","82.0","","","","E1a/validated data AQ e-Reporting","18/03/2023 21:36:00","http://fme.discomap.eea.europa.eu/fmedatastreaming/AirQualityDownload/AQData_Extract.fmw?CountryCode=BE&CityName=&Pollutant=8&Year_from=2016&Year_to=2016&Station=STA-BETE812&Samplingpoint=&Source=E1a&Output=HTML&UpdateDate="
"Belgium","NET-Flanders","Flanders","BETN054","42N054 - WALSHOUTEM","SPO-BETN054_00008_100","NO2","Nitrogen dioxide (air)","P1Y-P1D-per99","1 year 99 percentile of daily means (P1D) or .../aq/primaryObservation/day","2016","52.026","ug/m3","95.63","1","Background","Rural","5.1032","50.7117","135.0","","","","E1a/validated data AQ e-Reporting","18/03/2023 22:10:34","http://fme.discomap.eea.europa.eu/fmedatastreaming/AirQualityDownload/AQData_Extract.fmw?CountryCode=BE&CityName=&Pollutant=8&Year_from=2016&Year_to=2016&Station=STA-BETN054&Samplingpoint=&Source=E1a&Output=HTML&UpdateDate="
"Belgium","NET-Flanders","Flanders","BETR731","44R731 - EVERGEM","SPO-BETR731_00001_100","SO2","Sulphur dioxide (air)","P1Y-hr-max","1 year hour max","2016","91.500","ug/m3","96.58","1","Industrial","Rural","3.7395","51.1247","6.0","","","","E1a/validated data AQ e-Reporting","18/03/2023 21:57:02","http://fme.discomap.eea.europa.eu/fmedatastreaming/AirQualityDownload/AQData_Extract.fmw?CountryCode=BE&CityName=&Pollutant=1&Year_from=2016&Year_to=2016&Station=STA-BETR731&Samplingpoint=&Source=E1a&Output=HTML&UpdateDate="
"Belgium","NET-Flanders","Flanders","BETN046","42N046 - GELLIK","SPO-BETN046_00008_100","NO2","Nitrogen dioxide (air)","P1Y","Annual mean / 1 calendar year","2016","18.521","ug/m3","94.64","1","Background","Rural","5.6189","50.8823","70.0","","","","E1a/validated data AQ e-Reporting","18/03/2023 21:08:58","http://fme.discomap.eea.europa.eu/fmedatastreaming/AirQualityDownload/AQData_Extract.fmw?CountryCode=BE&CityName=&Pollutant=8&Year_from=2016&Year_to=2016&Station=STA-BETN046&Samplingpoint=&Source=E1a&Output=HTML&UpdateDate="
"Belgium","NET-Flanders","Flanders","BETR801","42R801 - BORGERHOUT","SPO-BETR801_00008_100","NO2","Nitrogen dioxide (air)","P1Y-hr-min","1 year hour min","2016","4.500","ug/m3","94.97","1","Background","Urban","4.4318","51.2097","6.0","Antwerpen                                                                       ","BE002C1                                           ","530014","E1a/validated data AQ e-Reporting","18/03/2023 22:31:20","http://fme.discomap.eea.europa.eu/fmedatastreaming/AirQualityDownload/AQData_Extract.fmw?CountryCode=BE&CityName=&Pollutant=8&Year_from=2016&Year_to=2016&Station=STA-BETR801&Samplingpoint=&Source=E1a&Output=HTML&UpdateDate="
"Belgium","NET-Flanders","Flanders","BETR801","42R801 - BORGERHOUT","SPO-BETR801_00008_100","NO2","Nitrogen dioxide (air)","P1Y-hr-per50","1 year 50 percentile","2016","35.000","ug/m3","94.97","1","Background","Urban","4.4318","51.2097","6.0","Antwerpen                                                                       ","BE002C1                                           ","530014","E1a/validated data AQ e-Reporting","18/03/2023 22:05:49","http://fme.discomap.eea.europa.eu/fmedatastreaming/AirQualityDownload/AQData_Extract.fmw?CountryCode=BE&CityName=&Pollutant=8&Year_from=2016&Year_to=2016&Station=STA-BETR801&Samplingpoint=&Source=E1a&Output=HTML&UpdateDate="
"Belgium","NET-Flanders","Flanders","BETR802","42R802 - BORGERHOUT","SPO-BETR802_00005_100","PM10","Particulate matter < 10 µm (aerosol)","P1Y","Annual mean / 1 calendar year","2016","23.476","ug/m3","99.06","1","Traffic","Urban","4.4318","51.2095","6.0","Antwerpen                                                                       ","BE002C1                                           ","530014","E1a/validated data AQ e-Reporting","18/03/2023 21:08:58","http://fme.discomap.eea.europa.eu/fmedatastreaming/AirQualityDownload/AQData_Extract.fmw?CountryCode=BE&CityName=&Pollutant=5&Year_from=2016&Year_to=2016&Station=STA-BETR802&Samplingpoint=&Source=E1a&Output=HTML&UpdateDate="
"Belgium","NET-Flanders","Flanders","BETN040","42N040 - ST.P.LEEUWG","SPO-BETN040_00007_100","O3","Ozone (air)","P1Y-maxP6M-P8H-dmax","Yearly highest six monthly average of daily maximum 8-hour mean concentration","2016","80.097","ug/m3","100.00","1","Background","Rural","4.2252","50.7681","20.0","","","","E1a/validated data AQ e-Reporting","18/03/2023 22:58:54","http://fme.discomap.eea.europa.eu/fmedatastreaming/AirQualityDownload/AQData_Extract.fmw?CountryCode=BE&CityName=&Pollutant=7&Year_from=2016&Year_to=2016&Station=STA-BETN040&Samplingpoint=&Source=E1a&Output=HTML&UpdateDate="
"Belgium","NET-Flanders","Flanders","BETR823","42R823 - BEVEREN","SPO-BETR823_00001_100","SO2","Sulphur dioxide (air)","P1Y-hr-max25","1 year hour max 25","2016","31.500","ug/m3","97.40","1","Background","Suburban","4.2399","51.2133","0.0","","","","E1a/validated data AQ e-Reporting","18/03/2023 22:33:20","http://fme.discomap.eea.europa.eu/fmedatastreaming/AirQualityDownload/AQData_Extract.fmw?CountryCode=BE&CityName=&Pollutant=1&Year_from=2016&Year_to=2016&Station=STA-BETR823&Samplingpoint=&Source=E1a&Output=HTML&UpdateDate="
"Belgium","NET-Flanders","Flanders","BELAB02","40AB02 - BERENDRECHT","SPO-BELAB02_06001_100","PM2.5","Particulate matter < 2.5 µm (aerosol)","P1Y-day-min","1 year day min","2016","2.646","ug/m3","100.00","1","Background","Suburban","4.3218","51.3407","10.0","Antwerpen                                                                       ","BE002C1                                           ","530014","E1a/validated data AQ e-Reporting","18/03/2023 21:55:29","http://fme.discomap.eea.europa.eu/fmedatastreaming/AirQualityDownload/AQData_Extract.fmw?CountryCode=BE&CityName=&Pollutant=6001&Year_from=2016&Year_to=2016&Station=STA-BELAB02&Samplingpoint=&Source=E1a&Output=HTML&UpdateDate="
"Belgium","NET-Flanders","Flanders","BELOB02","40OB02 - WIELSBEKE","SPO-BELOB02_00005_100","PM10","Particulate matter < 10 µm (aerosol)","P1Y-hr-per50","1 year 50 percentile","2016","19.100","ug/m3","99.85","1","Industrial","Rural","3.3762","50.9150","14.0","","","","E1a/validated data AQ e-Reporting","18/03/2023 22:05:49","http://fme.discomap.eea.europa.eu/fmedatastreaming/AirQualityDownload/AQData_Extract.fmw?CountryCode=BE&CityName=&Pollutant=5&Year_from=2016&Year_to=2016&Station=STA-BELOB02&Samplingpoint=&Source=E1a&Output=HTML&UpdateDate="
"Belgium","NET-Flanders","Flanders","BELSZ02","40SZ02 - STEENOKKERZ","SPO-BELSZ02_00001_100","SO2","Sulphur dioxide (air)","P1Y-hr-per50","1 year 50 percentile","2016","1.000","ug/m3","96.88","1","Industrial","Rural","4.5122","50.9130","15.0","","","","E1a/validated data AQ e-Reporting","18/03/2023 22:05:49","http://fme.discomap.eea.europa.eu/fmedatastreaming/AirQualityDownload/AQData_Extract.fmw?CountryCode=BE&CityName=&Pollutant=1&Year_from=2016&Year_to=2016&Station=STA-BELSZ02&Samplingpoint=&Source=E1a&Output=HTML&UpdateDate="
"Belgium","NET-Flanders","Flanders","BELR833","40R833 - STABROEK","SPO-BELR833_00008_100","NO2","Nitrogen dioxide (air)","P1Y-hr-max-per99.79","1 year 99.79 %ile of hourly values in a given year","2016","84.000","ug/m3","94.67","1","Industrial","Rural","4.3623","51.3277","5.0","","","","E1a/validated data AQ e-Reporting","18/03/2023 22:07:35","http://fme.discomap.eea.europa.eu/fmedatastreaming/AirQualityDownload/AQData_Extract.fmw?CountryCode=BE&CityName=&Pollutant=8&Year_from=2016&Year_to=2016&Station=STA-BELR833&Samplingpoint=&Source=E1a&Output=HTML&UpdateDate="
"Belgium","NET-Flanders","Flanders","BELSZ02","40SZ02 - STEENOKKERZ","SPO-BELSZ02_00005_100","PM10","Particulate matter < 10 µm (aerosol)","P1Y-P1D-per90.4","1 year 90.4 percentile - COMPLIANCE","2016","32.808","ug/m3","98.63","1","Industrial","Rural","4.5122","50.9130","15.0","","","","E1a/validated data AQ e-Reporting","18/03/2023 22:08:35","http://fme.discomap.eea.europa.eu/fmedatastreaming/AirQualityDownload/AQData_Extract.fmw?CountryCode=BE&CityName=&Pollutant=5&Year_from=2016&Year_to=2016&Station=STA-BELSZ02&Samplingpoint=&Source=E1a&Output=HTML&UpdateDate="
"Belgium","NET-Flanders","Flanders","BELR833","40R833 - STABROEK","SPO-BELR833_00008_100","NO2","Nitrogen dioxide (air)","P1Y-P1D-per99","1 year 99 percentile of daily means (P1D) or .../aq/primaryObservation/day","2016","60.977","ug/m3","98.09","1","Industrial","Rural","4.3623","51.3277","5.0","","","","E1a/validated data AQ e-Reporting","18/03/2023 22:10:34","http://fme.discomap.eea.europa.eu/fmedatastreaming/AirQualityDownload/AQData_Extract.fmw?CountryCode=BE&CityName=&Pollutant=8&Year_from=2016&Year_to=2016&Station=STA-BELR833&Samplingpoint=&Source=E1a&Output=HTML&UpdateDate="
"Belgium","NET-Flanders","Flanders","BETN054","42N054 - WALSHOUTEM","SPO-BETN054_00007_100","O3","Ozone (air)","P1Y-maxP6M-P8H-dmax","Yearly highest six monthly average of daily maximum 8-hour mean concentration","2016","79.674","ug/m3","100.00","1","Background","Rural","5.1032","50.7117","135.0","","","","E1a/validated data AQ e-Reporting","18/03/2023 22:58:54","http://fme.discomap.eea.europa.eu/fmedatastreaming/AirQualityDownload/AQData_Extract.fmw?CountryCode=BE&CityName=&Pollutant=7&Year_from=2016&Year_to=2016&Station=STA-BETN054&Samplingpoint=&Source=E1a&Output=HTML&UpdateDate="
"Belgium","NET-Flanders","Flanders","BETR740","44R740 - ST.KRUIS-WI","SPO-BETR740_00005_100","PM10","Particulate matter < 10 µm (aerosol)","P3Y","3 subsequent calendar years mean","2016","25.489","ug/m3","97.17","1","Industrial","Rural","3.8087","51.1501","5.0","Gent                                                                            ","BE003C1                                           ","263687","E1a/validated data AQ e-Reporting","18/03/2023 21:36:00","http://fme.discomap.eea.europa.eu/fmedatastreaming/AirQualityDownload/AQData_Extract.fmw?CountryCode=BE&CityName=&Pollutant=5&Year_from=2016&Year_to=2016&Station=STA-BETR740&Samplingpoint=&Source=E1a&Output=HTML&UpdateDate="
"Belgium","NET-Flanders","Flanders","BETR740","44R740 - ST.KRUIS-WI","SPO-BETR740_00007_100","O3","Ozone (air)","AOT40c","AOT40 vegetation protection","2016","5371.740","ug/m3","97.46","1","Industrial","Rural","3.8087","51.1501","5.0","Gent                                                                            ","BE003C1                                           ","263687","E1a/validated data AQ e-Reporting","18/03/2023 23:06:29","http://fme.discomap.eea.europa.eu/fmedatastreaming/AirQualityDownload/AQData_Extract.fmw?CountryCode=BE&CityName=&Pollutant=7&Year_from=2016&Year_to=2016&Station=STA-BETR740&Samplingpoint=&Source=E1a&Output=HTML&UpdateDate="
"Belgium","NET-Flanders","Flanders","BETN046","42N046 - GELLIK","SPO-BETN046_00007_100","O3","Ozone (air)","P1Y-hr-min","1 year hour min","2016","1.000","ug/m3","91.78","1","Background","Rural","5.6189","50.8823","70.0","","","","E1a/validated data AQ e-Reporting","18/03/2023 22:31:20","http://fme.discomap.eea.europa.eu/fmedatastreaming/AirQualityDownload/AQData_Extract.fmw?CountryCode=BE&CityName=&Pollutant=7&Year_from=2016&Year_to=2016&Station=STA-BETN046&Samplingpoint=&Source=E1a&Output=HTML&UpdateDate="
"Belgium","NET-Flanders","Flanders","BETR701","44R701 - GENT","SPO-BETR701_00007_100","O3","Ozone (air)","P1Y-day-per50","1 year 50 %ile of daily values in a year","2016","42.875","ug/m3","90.16","1","Background","Urban","3.7293","51.0583","5.0","Gent                                                                            ","BE003C1                                           ","263687","E1a/validated data AQ e-Reporting","18/03/2023 22:15:13","http://fme.discomap.eea.europa.eu/fmedatastreaming/AirQualityDownload/AQData_Extract.fmw?CountryCode=BE&CityName=&Pollutant=7&Year_from=2016&Year_to=2016&Station=STA-BETR701&Samplingpoint=&Source=E1a&Output=HTML&UpdateDate="
"Belgium","NET-Flanders","Flanders","BETE703","47E703 - OOSTEEKLO","SPO-BETE703_00008_100","NO2","Nitrogen dioxide (air)","P1Y-hr-max","1 year hour max","2016","80.500","ug/m3","93.21","1","Industrial","Rural","3.6873","51.1903","0.0","","","","E1a/validated data AQ e-Reporting","18/03/2023 21:57:02","http://fme.discomap.eea.europa.eu/fmedatastreaming/AirQualityDownload/AQData_Extract.fmw?CountryCode=BE&CityName=&Pollutant=8&Year_from=2016&Year_to=2016&Station=STA-BETE703&Samplingpoint=&Source=E1a&Output=HTML&UpdateDate="
"Belgium","NET-Flanders","Flanders","BETN035","42N035 - AARSCHOT","SPO-BETN035_00007_100","O3","Ozone (air)","P1Y","Annual mean / 1 calendar year","2016","45.506","ug/m3","93.53","1","Background","Rural","4.8376","50.9775","55.0","","","","E1a/validated data AQ e-Reporting","18/03/2023 21:08:58","http://fme.discomap.eea.europa.eu/fmedatastreaming/AirQualityDownload/AQData_Extract.fmw?CountryCode=BE&CityName=&Pollutant=7&Year_from=2016&Year_to=2016&Station=STA-BETN035&Samplingpoint=&Source=E1a&Output=HTML&UpdateDate="
"Belgium","NET-Flanders","Flanders","BETE704","47E704 - WACHTEBEKE","SPO-BETE704_00008_100","NO2","Nitrogen dioxide (air)","P1Y-day-max","1 year day max","2016","60.167","ug/m3","99.45","1","Industrial","Rural","3.8699","51.1761","0.0","","","","E1a/validated data AQ e-Reporting","18/03/2023 21:43:56","http://fme.discomap.eea.europa.eu/fmedatastreaming/AirQualityDownload/AQData_Extract.fmw?CountryCode=BE&CityName=&Pollutant=8&Year_from=2016&Year_to=2016&Station=STA-BETE704&Samplingpoint=&Source=E1a&Output=HTML&UpdateDate="
"Belgium","NET-Flanders","Flanders","BESN045","59N045 - HASSELT","SPO-BESN045_00443_100","C6H14","n-Hexane (air)","P1Y","Annual mean / 1 calendar year","2016","0.000","ug/m3","87.99","1","Background","Suburban","5.3684","50.9397","0.0","","","","E1a/validated data AQ e-Reporting","18/03/2023 21:08:58","http://fme.discomap.eea.europa.eu/fmedatastreaming/AirQualityDownload/AQData_Extract.fmw?CountryCode=BE&CityName=&Pollutant=443&Year_from=2016&Year_to=2016&Station=STA-BESN045&Samplingpoint=&Source=E1a&Output=HTML&UpdateDate="
"Belgium","NET-Flanders","Flanders","BESR893","59N893 - ANTWERPEN","SPO-BESR893_00450_100","H3C-CH2-CH(CH3)2","i-Pentane (2-methylbutane) (air)","P1Y","Annual mean / 1 calendar year","2016","0.001","ug/m3","87.98","1","Background","Suburban","3.8084","51.2032","0.0","","","","E1a/validated data AQ e-Reporting","18/03/2023 21:08:58","http://fme.discomap.eea.europa.eu/fmedatastreaming/AirQualityDownload/AQData_Extract.fmw?CountryCode=BE&CityName=&Pollutant=450&Year_from=2016&Year_to=2016&Station=STA-BESR893&Samplingpoint=&Source=E1a&Output=HTML&UpdateDate="
"Belgium","NET-Flanders","Flanders","BETE007","47E007 - Sint-Pieters-Leeuw","SPO-BETE007_00008_100","NO2","Nitrogen dioxide (air)","P1Y-hr-max19","1 year hour max19","2016","81.500","ug/m3","96.97","1","Industrial","Rural","4.2526","50.7953","54.0","","","","E1a/validated data AQ e-Reporting","18/03/2023 22:34:35","http://fme.discomap.eea.europa.eu/fmedatastreaming/AirQualityDownload/AQData_Extract.fmw?CountryCode=BE&CityName=&Pollutant=8&Year_from=2016&Year_to=2016&Station=STA-BETE007&Samplingpoint=&Source=E1a&Output=HTML&UpdateDate="
"Belgium","NET-Brussels","Brussels","BETWOL2","41WOL2 - WOL.ST.L.","SPO-BETWOL2_00020_100","C6H6","Benzene (air)","P1Y-hr-min","1 year hour min","2016","0.100","ug/m3","37.82","1","Background","Suburban","4.4257","50.8566","20.0","Bruxelles / Brussel                                                             ","BE001C1                                           ","1223364","E1a/validated data AQ e-Reporting","18/03/2023 22:31:20","http://fme.discomap.eea.europa.eu/fmedatastreaming/AirQualityDownload/AQData_Extract.fmw?CountryCode=BE&CityName=&Pollutant=20&Year_from=2016&Year_to=2016&Station=STA-BETWOL2&Samplingpoint=&Source=E1a&Output=HTML&UpdateDate="
"Belgium","NET-Flanders","Flanders","BETM802","42M802 - ANTWERPEN","SPO-BETM802_00005_100","PM10","Particulate matter < 10 µm (aerosol)","P1Y-P1D-per90.41","1 year 90.41 percentile","2016","38.829","ug/m3","98.09","1","Industrial","Suburban","4.4244","51.2610","3.0","Antwerpen                                                                       ","BE002C1                                           ","530014","E1a/validated data AQ e-Reporting","18/03/2023 22:09:05","http://fme.discomap.eea.europa.eu/fmedatastreaming/AirQualityDownload/AQData_Extract.fmw?CountryCode=BE&CityName=&Pollutant=5&Year_from=2016&Year_to=2016&Station=STA-BETM802&Samplingpoint=&Source=E1a&Output=HTML&UpdateDate="
"Belgium","NET-Flanders","Flanders","BETM802","42M802 - ANTWERPEN","SPO-BETM802_06001_100","PM2.5","Particulate matter < 2.5 µm (aerosol)","P1Y-hr-min","1 year hour min","2016","1.000","ug/m3","98.57","1","Industrial","Suburban","4.4244","51.2610","3.0","Antwerpen                                                                       ","BE002C1                                           ","530014","E1a/validated data AQ e-Reporting","18/03/2023 22:31:20","http://fme.discomap.eea.europa.eu/fmedatastreaming/AirQualityDownload/AQData_Extract.fmw?CountryCode=BE&CityName=&Pollutant=6001&Year_from=2016&Year_to=2016&Station=STA-BETM802&Samplingpoint=&Source=E1a&Output=HTML&UpdateDate="
"Belgium","NET-Flanders","Flanders","BELGK06","40GK06 - GENK","SPO-BELGK06_00005_100","PM10","Particulate matter < 10 µm (aerosol)","P1Y-day-max36","1 year day max 36","2016","34.871","ug/m3","100.00","1","Industrial","Suburban","5.4706","50.9279","44.0","","","","E1a/validated data AQ e-Reporting","18/03/2023 22:32:47","http://fme.discomap.eea.europa.eu/fmedatastreaming/AirQualityDownload/AQData_Extract.fmw?CountryCode=BE&CityName=&Pollutant=5&Year_from=2016&Year_to=2016&Station=STA-BELGK06&Samplingpoint=&Source=E1a&Output=HTML&UpdateDate="
"Belgium","NET-Flanders","Flanders","BETN016","42N016 - DESSEL","SPO-BETN016_00001_100","SO2","Sulphur dioxide (air)","P1Y-3hAbove500","3 consecutive hours in exceedance of 500","2016","0.000","count","97.22","1","Background","Rural","5.1640","51.2337","30.0","","","","E1a/validated data AQ e-Reporting","18/03/2023 22:18:09","http://fme.discomap.eea.europa.eu/fmedatastreaming/AirQualityDownload/AQData_Extract.fmw?CountryCode=BE&CityName=&Pollutant=1&Year_from=2016&Year_to=2016&Station=STA-BETN016&Samplingpoint=&Source=E1a&Output=HTML&UpdateDate="
"Belgium","NET-Flanders","Flanders","BETR701","44R701 - GENT","SPO-BETR701_00007_100","O3","Ozone (air)","AOT40f","AOT40 for forest protection","2016","9819.117","ug/m3","91.44","1","Background","Urban","3.7293","51.0583","5.0","Gent                                                                            ","BE003C1                                           ","263687","E1a/validated data AQ e-Reporting","18/03/2023 23:06:40","http://fme.discomap.eea.europa.eu/fmedatastreaming/AirQualityDownload/AQData_Extract.fmw?CountryCode=BE&CityName=&Pollutant=7&Year_from=2016&Year_to=2016&Station=STA-BETR701&Samplingpoint=&Source=E1a&Output=HTML&UpdateDate="
"Belgium","NET-Brussels","Brussels","BETB006","41B006 - PARL.EUROPE","SPO-BETB006_00007_100","O3","Ozone (air)","P1Y-hrsAbove240","1 year hour exceed 240","2016","0.000","count","37.43","1","Background","Urban","4.3744","50.8386","67.0","Bruxelles / Brussel                                                             ","BE001C1                                           ","1223364","E1a/validated data AQ e-Reporting","18/03/2023 21:50:25","http://fme.discomap.eea.europa.eu/fmedatastreaming/AirQualityDownload/AQData_Extract.fmw?CountryCode=BE&CityName=&Pollutant=7&Year_from=2016&Year_to=2016&Station=STA-BETB006&Samplingpoint=&Source=E1a&Output=HTML&UpdateDate="
"Belgium","NET-Flanders","Flanders","BETR701","44R701 - GENT","SPO-BETR701_00007_100","O3","Ozone (air)","P3Y-dmaxAbove120","Daymax exceed 120 averaged over 3 consecutive years","2016","6.333","count","100.00","1","Background","Urban","3.7293","51.0583","5.0","Gent                                                                            ","BE003C1                                           ","263687","E1a/validated data AQ e-Reporting","18/03/2023 22:34:54","http://fme.discomap.eea.europa.eu/fmedatastreaming/AirQualityDownload/AQData_Extract.fmw?CountryCode=BE&CityName=&Pollutant=7&Year_from=2016&Year_to=2016&Station=STA-BETR701&Samplingpoint=&Source=E1a&Output=HTML&UpdateDate="
"Belgium","NET-Flanders","Flanders","BESR893","59N893 - ANTWERPEN","SPO-BESR893_00431_100","C6H5-C2H5","Ethyl benzene (air)","P1Y","Annual mean / 1 calendar year","2016","0.000","ug/m3","87.98","1","Background","Suburban","3.8084","51.2032","0.0","","","","E1a/validated data AQ e-Reporting","18/03/2023 21:08:58","http://fme.discomap.eea.europa.eu/fmedatastreaming/AirQualityDownload/AQData_Extract.fmw?CountryCode=BE&CityName=&Pollutant=431&Year_from=2016&Year_to=2016&Station=STA-BESR893&Samplingpoint=&Source=E1a&Output=HTML&UpdateDate="
"Belgium","NET-Flanders","Flanders","BEPR701","60R701 - GENT","SPO-BEPR701_05029_100","BaP in PM10","Benzo(a)pyrene in PM10 (aerosol)","P3Y","3 subsequent calendar years mean","2016","0.164","ng/m3","32.76","1","Background","Urban","3.7293","51.0583","5.0","Gent                                                                            ","BE003C1                                           ","263687","E1a/validated data AQ e-Reporting","18/03/2023 21:36:00","http://fme.discomap.eea.europa.eu/fmedatastreaming/AirQualityDownload/AQData_Extract.fmw?CountryCode=BE&CityName=&Pollutant=5029&Year_from=2016&Year_to=2016&Station=STA-BEPR701&Samplingpoint=&Source=E1a&Output=HTML&UpdateDate="
"Belgium","NET-Flanders","Flanders","BETN016","42N016 - DESSEL","SPO-BETN016_00005_100","PM10","Particulate matter < 10 µm (aerosol)","P1Y-day-per50","1 year 50 %ile of daily values in a year","2016","17.850","ug/m3","100.00","1","Background","Rural","5.1640","51.2337","30.0","","","","E1a/validated data AQ e-Reporting","18/03/2023 22:08:05","http://fme.discomap.eea.europa.eu/fmedatastreaming/AirQualityDownload/AQData_Extract.fmw?CountryCode=BE&CityName=&Pollutant=5&Year_from=2016&Year_to=2016&Station=STA-BETN016&Samplingpoint=&Source=E1a&Output=HTML&UpdateDate="
"Belgium","NET-Flanders","Flanders","BETN016","42N016 - DESSEL","SPO-BETN016_00005_100","PM10","Particulate matter < 10 µm (aerosol)","P1Y-day-min","1 year day min","2016","6.017","ug/m3","100.00","1","Background","Rural","5.1640","51.2337","30.0","","","","E1a/validated data AQ e-Reporting","18/03/2023 21:55:13","http://fme.discomap.eea.europa.eu/fmedatastreaming/AirQualityDownload/AQData_Extract.fmw?CountryCode=BE&CityName=&Pollutant=5&Year_from=2016&Year_to=2016&Station=STA-BETN016&Samplingpoint=&Source=E1a&Output=HTML&UpdateDate="
"Belgium","NET-Flanders","Flanders","BELSA04","40SA04 - Hoevenen","SPO-BELSA04_00008_100","NO2","Nitrogen dioxide (air)","P1Y-hr-max","1 year hour max","2016","101.500","ug/m3","93.76","1","Industrial","Rural","4.4039","51.3139","6.0","","","","E1a/validated data AQ e-Reporting","18/03/2023 21:57:02","http://fme.discomap.eea.europa.eu/fmedatastreaming/AirQualityDownload/AQData_Extract.fmw?CountryCode=BE&CityName=&Pollutant=8&Year_from=2016&Year_to=2016&Station=STA-BELSA04&Samplingpoint=&Source=E1a&Output=HTML&UpdateDate="
"Belgium","NET-Flanders","Flanders","BELSZ02","40SZ02 - STEENOKKERZ","SPO-BELSZ02_00001_100","SO2","Sulphur dioxide (air)","winter-avg","Winter mean","2016","1.516","ug/m3","47.56","1","Industrial","Rural","4.5122","50.9130","15.0","","","","E1a/validated data AQ e-Reporting","18/03/2023 22:50:43","http://fme.discomap.eea.europa.eu/fmedatastreaming/AirQualityDownload/AQData_Extract.fmw?CountryCode=BE&CityName=&Pollutant=1&Year_from=2016&Year_to=2016&Station=STA-BELSZ02&Samplingpoint=&Source=E1a&Output=HTML&UpdateDate="
"Belgium","NET-Flanders","Flanders","BEDHB17","65HB17 - HOBOKEN
","SPO-BEDHB17_00656_100","Indeno-(1,2,3-cd)pyrene","indeno_123cd_pyrene (precip+dry_dep)","P1Y","Annual mean / 1 calendar year","2016","17.323","ng/m2/day","22.95","1","Background","Urban","4.3379","51.1703","0.0","Antwerpen                                                                       ","BE002C1                                           ","530014","E1a/validated data AQ e-Reporting","18/03/2023 21:08:58","http://fme.discomap.eea.europa.eu/fmedatastreaming/AirQualityDownload/AQData_Extract.fmw?CountryCode=BE&CityName=&Pollutant=656&Year_from=2016&Year_to=2016&Station=STA-BEDHB17&Samplingpoint=&Source=E1a&Output=HTML&UpdateDate="
"Belgium","NET-Flanders","Flanders","BESR801","59R801 - ANTWERPEN","SPO-BESR801_00431_100","C6H5-C2H5","Ethyl benzene (air)","P1Y","Annual mean / 1 calendar year","2016","0.000","ug/m3","84.16","1","Background","Suburban","4.4318","51.2097","0.0","Antwerpen                                                                       ","BE002C1                                           ","530014","E1a/validated data AQ e-Reporting","18/03/2023 21:08:58","http://fme.discomap.eea.europa.eu/fmedatastreaming/AirQualityDownload/AQData_Extract.fmw?CountryCode=BE&CityName=&Pollutant=431&Year_from=2016&Year_to=2016&Station=STA-BESR801&Samplingpoint=&Source=E1a&Output=HTML&UpdateDate="
"Belgium","NET-Flanders","Flanders","BESR801","59R801 - ANTWERPEN","SPO-BESR801_00486_100","H3C-(CH2)3-CH3","n-Pentane (air)","P1Y","Annual mean / 1 calendar year","2016","0.001","ug/m3","84.16","1","Background","Suburban","4.4318","51.2097","0.0","Antwerpen                                                                       ","BE002C1                                           ","530014","E1a/validated data AQ e-Reporting","18/03/2023 21:08:58","http://fme.discomap.eea.europa.eu/fmedatastreaming/AirQualityDownload/AQData_Extract.fmw?CountryCode=BE&CityName=&Pollutant=486&Year_from=2016&Year_to=2016&Station=STA-BESR801&Samplingpoint=&Source=E1a&Output=HTML&UpdateDate="
"Belgium","NET-Flanders","Flanders","BETN027","42N027 - BREE","SPO-BETN027_00008_100","NO2","Nitrogen dioxide (air)","P1Y-hr-max-per99.79","1 year 99.79 %ile of hourly values in a given year","2016","58.500","ug/m3","96.24","1","Background","Rural","5.6067","51.1337","48.0","","","","E1a/validated data AQ e-Reporting","18/03/2023 22:07:35","http://fme.discomap.eea.europa.eu/fmedatastreaming/AirQualityDownload/AQData_Extract.fmw?CountryCode=BE&CityName=&Pollutant=8&Year_from=2016&Year_to=2016&Station=STA-BETN027&Samplingpoint=&Source=E1a&Output=HTML&UpdateDate="
"Belgium","NET-Flanders","Flanders","BETM705","44M705 - ROESELARE","SPO-BETM705_06001_100","PM2.5","Particulate matter < 2.5 µm (aerosol)","P1Y-hr-max","1 year hour max","2016","113.000","ug/m3","97.21","1","Industrial","Suburban","3.1524","50.9454","19.0","","","","E1a/validated data AQ e-Reporting","18/03/2023 21:57:02","http://fme.discomap.eea.europa.eu/fmedatastreaming/AirQualityDownload/AQData_Extract.fmw?CountryCode=BE&CityName=&Pollutant=6001&Year_from=2016&Year_to=2016&Station=STA-BETM705&Samplingpoint=&Source=E1a&Output=HTML&UpdateDate="
"Belgium","NET-Flanders","Flanders","BELR833","40R833 - STABROEK","SPO-BELR833_00008_100","NO2","Nitrogen dioxide (air)","P1Y","Annual mean / 1 calendar year","2016","28.818","ug/m3","94.67","1","Industrial","Rural","4.3623","51.3277","5.0","","","","E1a/validated data AQ e-Reporting","18/03/2023 21:08:58","http://fme.discomap.eea.europa.eu/fmedatastreaming/AirQualityDownload/AQData_Extract.fmw?CountryCode=BE&CityName=&Pollutant=8&Year_from=2016&Year_to=2016&Station=STA-BELR833&Samplingpoint=&Source=E1a&Output=HTML&UpdateDate="
"Belgium","NET-Flanders","Flanders","BELHB23","40HB23 - HOBOKEN","SPO-BELHB23_06001_100","PM2.5","Particulate matter < 2.5 µm (aerosol)","P1Y-hr-max","1 year hour max","2016","135.000","ug/m3","97.93","1","Industrial","Suburban","4.3410","51.1703","13.0","Antwerpen                                                                       ","BE002C1                                           ","530014","E1a/validated data AQ e-Reporting","18/03/2023 21:57:02","http://fme.discomap.eea.europa.eu/fmedatastreaming/AirQualityDownload/AQData_Extract.fmw?CountryCode=BE&CityName=&Pollutant=6001&Year_from=2016&Year_to=2016&Station=STA-BELHB23&Samplingpoint=&Source=E1a&Output=HTML&UpdateDate="
"Belgium","NET-Flanders","Flanders","BESR801","59R801 - ANTWERPEN","SPO-BESR801_00020_100","C6H6","Benzene (air)","P1Y-day-min","1 year day min","2016","0.210","ug/m3","87.98","1","Background","Suburban","4.4318","51.2097","0.0","Antwerpen                                                                       ","BE002C1                                           ","530014","E1a/validated data AQ e-Reporting","18/03/2023 21:55:46","http://fme.discomap.eea.europa.eu/fmedatastreaming/AirQualityDownload/AQData_Extract.fmw?CountryCode=BE&CityName=&Pollutant=20&Year_from=2016&Year_to=2016&Station=STA-BESR801&Samplingpoint=&Source=E1a&Output=HTML&UpdateDate="
"Belgium","NET-Flanders","Flanders","BETE715","47E715 - ZUIENKERKE","SPO-BETE715_00008_100","NO2","Nitrogen dioxide (air)","P1Y-hr-max","1 year hour max","2016","88.000","ug/m3","96.56","1","Industrial","Rural","3.1750","51.2459","4.0","","","","E1a/validated data AQ e-Reporting","18/03/2023 21:57:02","http://fme.discomap.eea.europa.eu/fmedatastreaming/AirQualityDownload/AQData_Extract.fmw?CountryCode=BE&CityName=&Pollutant=8&Year_from=2016&Year_to=2016&Station=STA-BETE715&Samplingpoint=&Source=E1a&Output=HTML&UpdateDate="
"Belgium","NET-Flanders","Flanders","BETE009","47E009 - Zemst","SPO-BETE009_00008_100","NO2","Nitrogen dioxide (air)","P1Y","Annual mean / 1 calendar year","2016","21.125","ug/m3","96.73","1","Industrial","Rural","4.4354","50.9549","43.0","","","","E1a/validated data AQ e-Reporting","18/03/2023 21:08:58","http://fme.discomap.eea.europa.eu/fmedatastreaming/AirQualityDownload/AQData_Extract.fmw?CountryCode=BE&CityName=&Pollutant=8&Year_from=2016&Year_to=2016&Station=STA-BETE009&Samplingpoint=&Source=E1a&Output=HTML&UpdateDate="
"Belgium","NET-Flanders","Flanders","BETE811","47E811 - DIEPENBEEK","SPO-BETE811_00008_100","NO2","Nitrogen dioxide (air)","P1Y-hr-min","1 year hour min","2016","1.000","ug/m3","54.51","1","Industrial","Rural","5.4182","50.8969","59.0","","","","E1a/validated data AQ e-Reporting","18/03/2023 22:31:20","http://fme.discomap.eea.europa.eu/fmedatastreaming/AirQualityDownload/AQData_Extract.fmw?CountryCode=BE&CityName=&Pollutant=8&Year_from=2016&Year_to=2016&Station=STA-BETE811&Samplingpoint=&Source=E1a&Output=HTML&UpdateDate="
"Belgium","NET-Flanders","Flanders","BETE812","47E812 - GENK","SPO-BETE812_00001_100","SO2","Sulphur dioxide (air)","P1Y-P1D-per99","1 year 99 percentile of daily means (P1D) or .../aq/primaryObservation/day","2016","3.087","ug/m3","47.27","1","Industrial","Suburban","5.5377","50.9680","82.0","","","","E1a/validated data AQ e-Reporting","18/03/2023 22:11:00","http://fme.discomap.eea.europa.eu/fmedatastreaming/AirQualityDownload/AQData_Extract.fmw?CountryCode=BE&CityName=&Pollutant=1&Year_from=2016&Year_to=2016&Station=STA-BETE812&Samplingpoint=&Source=E1a&Output=HTML&UpdateDate="
"Belgium","NET-Flanders","Flanders","BETE009","47E009 - Zemst","SPO-BETE009_00008_100","NO2","Nitrogen dioxide (air)","P1Y-hrsAbove400","1 year hour exceed 400","2016","0.000","count","96.73","1","Industrial","Rural","4.4354","50.9549","43.0","","","","E1a/validated data AQ e-Reporting","18/03/2023 21:54:38","http://fme.discomap.eea.europa.eu/fmedatastreaming/AirQualityDownload/AQData_Extract.fmw?CountryCode=BE&CityName=&Pollutant=8&Year_from=2016&Year_to=2016&Station=STA-BETE009&Samplingpoint=&Source=E1a&Output=HTML&UpdateDate="
"Belgium","NET-Flanders","Flanders","BETE009","47E009 - Zemst","SPO-BETE009_00008_100","NO2","Nitrogen dioxide (air)","P3Y","3 subsequent calendar years mean","2016","21.302","ug/m3","96.22","1","Industrial","Rural","4.4354","50.9549","43.0","","","","E1a/validated data AQ e-Reporting","18/03/2023 21:36:00","http://fme.discomap.eea.europa.eu/fmedatastreaming/AirQualityDownload/AQData_Extract.fmw?CountryCode=BE&CityName=&Pollutant=8&Year_from=2016&Year_to=2016&Station=STA-BETE009&Samplingpoint=&Source=E1a&Output=HTML&UpdateDate="
"Belgium","NET-Flanders","Flanders","BETR701","44R701 - GENT","SPO-BETR701_00008_100","NO2","Nitrogen dioxide (air)","P1Y-day-min","1 year day min","2016","6.354","ug/m3","98.91","1","Background","Urban","3.7293","51.0583","5.0","Gent                                                                            ","BE003C1                                           ","263687","E1a/validated data AQ e-Reporting","18/03/2023 21:56:03","http://fme.discomap.eea.europa.eu/fmedatastreaming/AirQualityDownload/AQData_Extract.fmw?CountryCode=BE&CityName=&Pollutant=8&Year_from=2016&Year_to=2016&Station=STA-BETR701&Samplingpoint=&Source=E1a&Output=HTML&UpdateDate="
"Belgium","NET-Wallonia","Wallonia","BETN085","43N085 - VIELSALM","SPO-BETN085_00391_100","Black Carbon","black_carbon (aerosol)","P1Y-hr-per50","1 year 50 percentile","2016","0.310","ug/m3","85.70","1","Background","Rural","6.0017","50.3032","490.0","","","","E1a/validated data AQ e-Reporting","18/03/2023 22:05:49","http://fme.discomap.eea.europa.eu/fmedatastreaming/AirQualityDownload/AQData_Extract.fmw?CountryCode=BE&CityName=&Pollutant=391&Year_from=2016&Year_to=2016&Station=STA-BETN085&Samplingpoint=&Source=E1a&Output=HTML&UpdateDate="
"Belgium","NET-Flanders","Flanders","BETR841","42R841 - MECHELEN","SPO-BETR841_00005_100","PM10","Particulate matter < 10 µm (aerosol)","P1Y","Annual mean / 1 calendar year","2016","21.046","ug/m3","98.84","1","Background","Suburban","4.4693","51.0025","8.0","Mechelen                                                                        ","BE012C1                                           ","86911","E1a/validated data AQ e-Reporting","18/03/2023 21:08:58","http://fme.discomap.eea.europa.eu/fmedatastreaming/AirQualityDownload/AQData_Extract.fmw?CountryCode=BE&CityName=&Pollutant=5&Year_from=2016&Year_to=2016&Station=STA-BETR841&Samplingpoint=&Source=E1a&Output=HTML&UpdateDate="
"Belgium","NET-Wallonia","Wallonia","BETN093","43N093 - SINSIN","SPO-BETN093_00001_100","SO2","Sulphur dioxide (air)","P1Y-day-per50","1 year 50 %ile of daily values in a year","2016","0.271","ug/m3","96.17","1","Background","Rural","5.2352","50.2745","265.0","","","","E1a/validated data AQ e-Reporting","18/03/2023 22:14:46","http://fme.discomap.eea.europa.eu/fmedatastreaming/AirQualityDownload/AQData_Extract.fmw?CountryCode=BE&CityName=&Pollutant=1&Year_from=2016&Year_to=2016&Station=STA-BETN093&Samplingpoint=&Source=E1a&Output=HTML&UpdateDate="
"Belgium","NET-Flanders","Flanders","BESMA01","59MA01 - MAASMECHELEN","SPO-BESMA01_00020_100","C6H6","Benzene (air)","P1Y","Annual mean / 1 calendar year","2016","0.906","ug/m3","90.45","1","Background","Suburban","5.7256","50.9816","0.0","","","","E1a/validated data AQ e-Reporting","18/03/2023 21:08:58","http://fme.discomap.eea.europa.eu/fmedatastreaming/AirQualityDownload/AQData_Extract.fmw?CountryCode=BE&CityName=&Pollutant=20&Year_from=2016&Year_to=2016&Station=STA-BESMA01&Samplingpoint=&Source=E1a&Output=HTML&UpdateDate="
"Belgium","NET-Wallonia","Wallonia","BEMN100","00N100 - DOURBES","SPO-BEMN100_05012_100","Pb in PM10","Lead in PM10 (aerosol)","P1Y","Annual mean / 1 calendar year","2016","0.004","ug/m3","62.83","1","Background","Rural","4.5948","50.0957","225.0","","","","E1a/validated data AQ e-Reporting","18/03/2023 21:08:58","http://fme.discomap.eea.europa.eu/fmedatastreaming/AirQualityDownload/AQData_Extract.fmw?CountryCode=BE&CityName=&Pollutant=5012&Year_from=2016&Year_to=2016&Station=STA-BEMN100&Samplingpoint=&Source=E1a&Output=HTML&UpdateDate="
"Belgium","NET-Flanders","Flanders","BETN027","42N027 - BREE","SPO-BETN027_00008_100","NO2","Nitrogen dioxide (air)","P1Y-day-per50","1 year 50 %ile of daily values in a year","2016","14.104","ug/m3","98.09","1","Background","Rural","5.6067","51.1337","48.0","","","","E1a/validated data AQ e-Reporting","18/03/2023 22:14:21","http://fme.discomap.eea.europa.eu/fmedatastreaming/AirQualityDownload/AQData_Extract.fmw?CountryCode=BE&CityName=&Pollutant=8&Year_from=2016&Year_to=2016&Station=STA-BETN027&Samplingpoint=&Source=E1a&Output=HTML&UpdateDate="
"Belgium","NET-Flanders","Flanders","BESN029","59N029 - VEURNE","SPO-BESN029_00454_100","C9H20","n-Nonane (air)","P1Y","Annual mean / 1 calendar year","2016","0.000","ug/m3","87.98","1","Background","Suburban","2.5823","51.0163","0.0","","","","E1a/validated data AQ e-Reporting","18/03/2023 21:08:58","http://fme.discomap.eea.europa.eu/fmedatastreaming/AirQualityDownload/AQData_Extract.fmw?CountryCode=BE&CityName=&Pollutant=454&Year_from=2016&Year_to=2016&Station=STA-BESN029&Samplingpoint=&Source=E1a&Output=HTML&UpdateDate="
"Belgium","NET-Flanders","Flanders","BETR710","44R710 - DESTELBERGE","SPO-BETR710_00005_100","PM10","Particulate matter < 10 µm (aerosol)","P1Y-day-max","1 year day max","2016","65.663","ug/m3","99.45","1","Background","Suburban","3.7753","51.0613","6.0","","","","E1a/validated data AQ e-Reporting","18/03/2023 21:43:06","http://fme.discomap.eea.europa.eu/fmedatastreaming/AirQualityDownload/AQData_Extract.fmw?CountryCode=BE&CityName=&Pollutant=5&Year_from=2016&Year_to=2016&Station=STA-BETR710&Samplingpoint=&Source=E1a&Output=HTML&UpdateDate="
"Belgium","NET-Flanders","Flanders","BETR740","44R740 - ST.KRUIS-WI","SPO-BETR740_00001_100","SO2","Sulphur dioxide (air)","P1Y-day-max-per99.18","1 year 99.18 percentile of daily maximum","2016","7.771","ug/m3","99.45","1","Industrial","Rural","3.8087","51.1501","5.0","Gent                                                                            ","BE003C1                                           ","263687","E1a/validated data AQ e-Reporting","18/03/2023 22:12:16","http://fme.discomap.eea.europa.eu/fmedatastreaming/AirQualityDownload/AQData_Extract.fmw?CountryCode=BE&CityName=&Pollutant=1&Year_from=2016&Year_to=2016&Station=STA-BETR740&Samplingpoint=&Source=E1a&Output=HTML&UpdateDate="
"Belgium","NET-Flanders","Flanders","BESN045","59N045 - HASSELT","SPO-BESN045_00021_100","C6H5-CH3","Toluene (air)","P1Y","Annual mean / 1 calendar year","2016","0.001","ug/m3","91.81","1","Background","Suburban","5.3684","50.9397","0.0","","","","E1a/validated data AQ e-Reporting","18/03/2023 21:08:58","http://fme.discomap.eea.europa.eu/fmedatastreaming/AirQualityDownload/AQData_Extract.fmw?CountryCode=BE&CityName=&Pollutant=21&Year_from=2016&Year_to=2016&Station=STA-BESN045&Samplingpoint=&Source=E1a&Output=HTML&UpdateDate="
"Belgium","NET-Flanders","Flanders","BETR740","44R740 - ST.KRUIS-WI","SPO-BETR740_00007_100","O3","Ozone (air)","P1Y-dmaxAbove120","1 year daymax exceed 120","2016","7.000","count","90.44","1","Industrial","Rural","3.8087","51.1501","5.0","Gent                                                                            ","BE003C1                                           ","263687","E1a/validated data AQ e-Reporting","18/03/2023 22:25:06","http://fme.discomap.eea.europa.eu/fmedatastreaming/AirQualityDownload/AQData_Extract.fmw?CountryCode=BE&CityName=&Pollutant=7&Year_from=2016&Year_to=2016&Station=STA-BETR740&Samplingpoint=&Source=E1a&Output=HTML&UpdateDate="
"Belgium","NET-Flanders","Flanders","BETR740","44R740 - ST.KRUIS-WI","SPO-BETR740_00007_100","O3","Ozone (air)","P1Y-dmax-per99","1 year 99 percentile daily 8h maximum","2016","129.500","ug/m3","90.44","1","Industrial","Rural","3.8087","51.1501","5.0","Gent                                                                            ","BE003C1                                           ","263687","E1a/validated data AQ e-Reporting","18/03/2023 22:13:26","http://fme.discomap.eea.europa.eu/fmedatastreaming/AirQualityDownload/AQData_Extract.fmw?CountryCode=BE&CityName=&Pollutant=7&Year_from=2016&Year_to=2016&Station=STA-BETR740&Samplingpoint=&Source=E1a&Output=HTML&UpdateDate="
"Belgium","NET-Flanders","Flanders","BETN029","44N029 - HOUTEM","SPO-BETN029_00007_100","O3","Ozone (air)","AOT40c","AOT40 vegetation protection","2016","3733.374","ug/m3","94.93","1","Background","Rural","2.5823","51.0163","2.0","","","","E1a/validated data AQ e-Reporting","18/03/2023 23:06:29","http://fme.discomap.eea.europa.eu/fmedatastreaming/AirQualityDownload/AQData_Extract.fmw?CountryCode=BE&CityName=&Pollutant=7&Year_from=2016&Year_to=2016&Station=STA-BETN029&Samplingpoint=&Source=E1a&Output=HTML&UpdateDate="
"Belgium","NET-Flanders","Flanders","BETN029","44N029 - HOUTEM","SPO-BETN029_00007_100","O3","Ozone (air)","P1Y-day-max","1 year day max","2016","91.925","ug/m3","94.26","1","Background","Rural","2.5823","51.0163","2.0","","","","E1a/validated data AQ e-Reporting","18/03/2023 21:44:13","http://fme.discomap.eea.europa.eu/fmedatastreaming/AirQualityDownload/AQData_Extract.fmw?CountryCode=BE&CityName=&Pollutant=7&Year_from=2016&Year_to=2016&Station=STA-BETN029&Samplingpoint=&Source=E1a&Output=HTML&UpdateDate="
"Belgium","NET-Flanders","Flanders","BETR010","42R010 - ST.STEVENSW","SPO-BETR010_00008_100","NO2","Nitrogen dioxide (air)","P1Y-P1D-per99","1 year 99 percentile of daily means (P1D) or .../aq/primaryObservation/day","2016","65.521","ug/m3","99.45","1","Background","Suburban","4.4284","50.8651","68.0","","","","E1a/validated data AQ e-Reporting","18/03/2023 22:10:34","http://fme.discomap.eea.europa.eu/fmedatastreaming/AirQualityDownload/AQData_Extract.fmw?CountryCode=BE&CityName=&Pollutant=8&Year_from=2016&Year_to=2016&Station=STA-BETR010&Samplingpoint=&Source=E1a&Output=HTML&UpdateDate="
"Belgium","NET-Flanders","Flanders","BETR830","42R830 - DOEL","SPO-BETR830_00001_100","SO2","Sulphur dioxide (air)","P1Y-daysAbove125","1 year day exceed 125","2016","0.000","count","99.45","1","Industrial","Rural","4.2626","51.3182","5.0","","","","E1a/validated data AQ e-Reporting","18/03/2023 22:23:37","http://fme.discomap.eea.europa.eu/fmedatastreaming/AirQualityDownload/AQData_Extract.fmw?CountryCode=BE&CityName=&Pollutant=1&Year_from=2016&Year_to=2016&Station=STA-BETR830&Samplingpoint=&Source=E1a&Output=HTML&UpdateDate="
"Belgium","NET-Flanders","Flanders","BETR740","44R740 - ST.KRUIS-WI","SPO-BETR740_00007_100","O3","Ozone (air)","P1Y-hrsAbove180","1 year hour exceed 180","2016","0.000","count","89.96","1","Industrial","Rural","3.8087","51.1501","5.0","Gent                                                                            ","BE003C1                                           ","263687","E1a/validated data AQ e-Reporting","18/03/2023 21:46:37","http://fme.discomap.eea.europa.eu/fmedatastreaming/AirQualityDownload/AQData_Extract.fmw?CountryCode=BE&CityName=&Pollutant=7&Year_from=2016&Year_to=2016&Station=STA-BETR740&Samplingpoint=&Source=E1a&Output=HTML&UpdateDate="
"Belgium","NET-Brussels","Brussels","BETR001","41R001 - MOLENBEEK","SPO-BETR001_06001_100","PM2.5","Particulate matter < 2.5 µm (aerosol)","P1Y-hr-min","1 year hour min","2016","0.400","ug/m3","85.28","1","Background","Urban","4.3341","50.8497","20.0","Bruxelles / Brussel                                                             ","BE001C1                                           ","1223364","E1a/validated data AQ e-Reporting","18/03/2023 22:31:20","http://fme.discomap.eea.europa.eu/fmedatastreaming/AirQualityDownload/AQData_Extract.fmw?CountryCode=BE&CityName=&Pollutant=6001&Year_from=2016&Year_to=2016&Station=STA-BETR001&Samplingpoint=&Source=E1a&Output=HTML&UpdateDate="
"Belgium","NET-Flanders","Flanders","BESMA01","59MA01 - MAASMECHELEN","SPO-BESMA01_00486_100","H3C-(CH2)3-CH3","n-Pentane (air)","P1Y","Annual mean / 1 calendar year","2016","0.000","ug/m3","86.62","1","Background","Suburban","5.7256","50.9816","0.0","","","","E1a/validated data AQ e-Reporting","18/03/2023 21:08:58","http://fme.discomap.eea.europa.eu/fmedatastreaming/AirQualityDownload/AQData_Extract.fmw?CountryCode=BE&CityName=&Pollutant=486&Year_from=2016&Year_to=2016&Station=STA-BESMA01&Samplingpoint=&Source=E1a&Output=HTML&UpdateDate="
"Belgium","NET-Flanders","Flanders","BETE008","47E008 - Grimbergen","SPO-BETE008_00008_100","NO2","Nitrogen dioxide (air)","P1Y","Annual mean / 1 calendar year","2016","24.285","ug/m3","95.26","1","Industrial","Rural","4.3959","50.9261","14.0","","","","E1a/validated data AQ e-Reporting","18/03/2023 21:08:58","http://fme.discomap.eea.europa.eu/fmedatastreaming/AirQualityDownload/AQData_Extract.fmw?CountryCode=BE&CityName=&Pollutant=8&Year_from=2016&Year_to=2016&Station=STA-BETE008&Samplingpoint=&Source=E1a&Output=HTML&UpdateDate="
"Belgium","NET-Flanders","Flanders","BETE008","47E008 - Grimbergen","SPO-BETE008_00008_100","NO2","Nitrogen dioxide (air)","P1Y-hr-max-per99.79","1 year 99.79 %ile of hourly values in a given year","2016","99.000","ug/m3","95.26","1","Industrial","Rural","4.3959","50.9261","14.0","","","","E1a/validated data AQ e-Reporting","18/03/2023 22:07:35","http://fme.discomap.eea.europa.eu/fmedatastreaming/AirQualityDownload/AQData_Extract.fmw?CountryCode=BE&CityName=&Pollutant=8&Year_from=2016&Year_to=2016&Station=STA-BETE008&Samplingpoint=&Source=E1a&Output=HTML&UpdateDate="
"Belgium","NET-Flanders","Flanders","BELOB01","40OB01 - OOSTROZEBEK","SPO-BELOB01_00005_100","PM10","Particulate matter < 10 µm (aerosol)","P1Y-P1D-per90.41","1 year 90.41 percentile","2016","42.850","ug/m3","99.73","1","Industrial","Rural","3.3074","50.9172","44.0","","","","E1a/validated data AQ e-Reporting","18/03/2023 22:09:05","http://fme.discomap.eea.europa.eu/fmedatastreaming/AirQualityDownload/AQData_Extract.fmw?CountryCode=BE&CityName=&Pollutant=5&Year_from=2016&Year_to=2016&Station=STA-BELOB01&Samplingpoint=&Source=E1a&Output=HTML&UpdateDate="
"Belgium","NET-Flanders","Flanders","BEMKK01","00KK01 - KOKSIJDE","SPO-BEMKK01_05018_100","As in PM10","Arsenic in PM10 (aerosol)","P1Y","Annual mean / 1 calendar year","2016","0.539","ng/m3","96.46","1","Background","Rural","2.6585","51.1209","6.0","","","","E1a/validated data AQ e-Reporting","18/03/2023 21:08:58","http://fme.discomap.eea.europa.eu/fmedatastreaming/AirQualityDownload/AQData_Extract.fmw?CountryCode=BE&CityName=&Pollutant=5018&Year_from=2016&Year_to=2016&Station=STA-BEMKK01&Samplingpoint=&Source=E1a&Output=HTML&UpdateDate="
"Belgium","NET-Flanders","Flanders","BETN040","42N040 - ST.P.LEEUWG","SPO-BETN040_00007_100","O3","Ozone (air)","AOT40f","AOT40 for forest protection","2016","14491.636","ug/m3","96.72","1","Background","Rural","4.2252","50.7681","20.0","","","","E1a/validated data AQ e-Reporting","18/03/2023 23:06:40","http://fme.discomap.eea.europa.eu/fmedatastreaming/AirQualityDownload/AQData_Extract.fmw?CountryCode=BE&CityName=&Pollutant=7&Year_from=2016&Year_to=2016&Station=STA-BETN040&Samplingpoint=&Source=E1a&Output=HTML&UpdateDate="
"Belgium","NET-Flanders","Flanders","BETM705","44M705 - ROESELARE","SPO-BETM705_06001_100","PM2.5","Particulate matter < 2.5 µm (aerosol)","P1Y-day-per50","1 year 50 %ile of daily values in a year","2016","10.896","ug/m3","96.99","1","Industrial","Suburban","3.1524","50.9454","19.0","","","","E1a/validated data AQ e-Reporting","18/03/2023 22:11:51","http://fme.discomap.eea.europa.eu/fmedatastreaming/AirQualityDownload/AQData_Extract.fmw?CountryCode=BE&CityName=&Pollutant=6001&Year_from=2016&Year_to=2016&Station=STA-BETM705&Samplingpoint=&Source=E1a&Output=HTML&UpdateDate="
"Belgium","NET-Flanders","Flanders","BETN045","42N045 - HASSELT","SPO-BETN045_06001_100","PM2.5","Particulate matter < 2.5 µm (aerosol)","P1Y-hr-per50","1 year 50 percentile","2016","9.500","ug/m3","99.54","1","Background","Suburban","5.3684","50.9397","41.0","","","","E1a/validated data AQ e-Reporting","18/03/2023 22:05:49","http://fme.discomap.eea.europa.eu/fmedatastreaming/AirQualityDownload/AQData_Extract.fmw?CountryCode=BE&CityName=&Pollutant=6001&Year_from=2016&Year_to=2016&Station=STA-BETN045&Samplingpoint=&Source=E1a&Output=HTML&UpdateDate="
"Belgium","NET-Flanders","Flanders","BEDN029","65N029 - HOUTEM
","SPO-BEDN029_07419_100","Dibenzo(ah)anthracene","Dibenzo(ah)anthracene (precip+dry_dep)","P1Y","Annual mean / 1 calendar year","2016","4.467","ng/m2/day","92.62","1","Background","Rural","2.5823","51.0163","0.0","","","","E1a/validated data AQ e-Reporting","18/03/2023 21:08:58","http://fme.discomap.eea.europa.eu/fmedatastreaming/AirQualityDownload/AQData_Extract.fmw?CountryCode=BE&CityName=&Pollutant=7419&Year_from=2016&Year_to=2016&Station=STA-BEDN029&Samplingpoint=&Source=E1a&Output=HTML&UpdateDate="
"Belgium","NET-Flanders","Flanders","BEDNE02","65NE02 - NIEL
","SPO-BEDNE02_07465_100","Naphthalene","Naphthalene (precip+dry_dep)","P1Y","Annual mean / 1 calendar year","2016","39.680","ng/m2/day","22.95","1","Background","Rural","4.3353","51.0990","0.0","","","","E1a/validated data AQ e-Reporting","18/03/2023 21:08:58","http://fme.discomap.eea.europa.eu/fmedatastreaming/AirQualityDownload/AQData_Extract.fmw?CountryCode=BE&CityName=&Pollutant=7465&Year_from=2016&Year_to=2016&Station=STA-BEDNE02&Samplingpoint=&Source=E1a&Output=HTML&UpdateDate="
"Belgium","NET-Flanders","Flanders","BETN029","44N029 - HOUTEM","SPO-BETN029_00001_100","SO2","Sulphur dioxide (air)","P1Y-hr-max25","1 year hour max 25","2016","6.000","ug/m3","96.66","1","Background","Rural","2.5823","51.0163","2.0","","","","E1a/validated data AQ e-Reporting","18/03/2023 22:33:20","http://fme.discomap.eea.europa.eu/fmedatastreaming/AirQualityDownload/AQData_Extract.fmw?CountryCode=BE&CityName=&Pollutant=1&Year_from=2016&Year_to=2016&Station=STA-BETN029&Samplingpoint=&Source=E1a&Output=HTML&UpdateDate="
"Belgium","NET-Brussels","Brussels","BETB004","41B004 - STE.CATHERI","SPO-BETB004_00007_100","O3","Ozone (air)","SOMO10","Sum of Ozone Means Over 10 ppb","2016","11130.512","ug/m3","93.72","1","Background","Urban","4.3478","50.8521","17.0","Bruxelles / Brussel                                                             ","BE001C1                                           ","1223364","E1a/validated data AQ e-Reporting","18/03/2023 22:59:50","http://fme.discomap.eea.europa.eu/fmedatastreaming/AirQualityDownload/AQData_Extract.fmw?CountryCode=BE&CityName=&Pollutant=7&Year_from=2016&Year_to=2016&Station=STA-BETB004&Samplingpoint=&Source=E1a&Output=HTML&UpdateDate="
"Belgium","NET-Brussels","Brussels","BETB004","41B004 - STE.CATHERI","SPO-BETB004_00007_100","O3","Ozone (air)","P1Y-hr-max","1 year hour max","2016","151.500","ug/m3","92.74","1","Background","Urban","4.3478","50.8521","17.0","Bruxelles / Brussel                                                             ","BE001C1                                           ","1223364","E1a/validated data AQ e-Reporting","18/03/2023 21:57:02","http://fme.discomap.eea.europa.eu/fmedatastreaming/AirQualityDownload/AQData_Extract.fmw?CountryCode=BE&CityName=&Pollutant=7&Year_from=2016&Year_to=2016&Station=STA-BETB004&Samplingpoint=&Source=E1a&Output=HTML&UpdateDate="
"Belgium","NET-Brussels","Brussels","BETWOL1","41WOL1 - WOL.ST.L.","SPO-BETWOL1_00008_100","NO2","Nitrogen dioxide (air)","P1Y","Annual mean / 1 calendar year","2016","32.593","ug/m3","96.81","1","Traffic","Suburban","4.4258","50.8567","78.0","Bruxelles / Brussel                                                             ","BE001C1                                           ","1223364","E1a/validated data AQ e-Reporting","18/03/2023 21:08:58","http://fme.discomap.eea.europa.eu/fmedatastreaming/AirQualityDownload/AQData_Extract.fmw?CountryCode=BE&CityName=&Pollutant=8&Year_from=2016&Year_to=2016&Station=STA-BETWOL1&Samplingpoint=&Source=E1a&Output=HTML&UpdateDate="
"Belgium","NET-Flanders","Flanders","BELAL05","40AL05 - BEVEREN","SPO-BELAL05_00005_100","PM10","Particulate matter < 10 µm (aerosol)","P1Y-hr-per50","1 year 50 percentile","2016","20.000","ug/m3","94.73","1","Industrial","Rural","4.2789","51.2631","8.0","","","","E1a/validated data AQ e-Reporting","18/03/2023 22:05:49","http://fme.discomap.eea.europa.eu/fmedatastreaming/AirQualityDownload/AQData_Extract.fmw?CountryCode=BE&CityName=&Pollutant=5&Year_from=2016&Year_to=2016&Station=STA-BELAL05&Samplingpoint=&Source=E1a&Output=HTML&UpdateDate="
"Belgium","NET-Brussels","Brussels","BETB004","41B004 - STE.CATHERI","SPO-BETB004_00008_100","NO2","Nitrogen dioxide (air)","P1Y-hr-max","1 year hour max","2016","169.500","ug/m3","96.82","1","Background","Urban","4.3478","50.8521","17.0","Bruxelles / Brussel                                                             ","BE001C1                                           ","1223364","E1a/validated data AQ e-Reporting","18/03/2023 21:57:02","http://fme.discomap.eea.europa.eu/fmedatastreaming/AirQualityDownload/AQData_Extract.fmw?CountryCode=BE&CityName=&Pollutant=8&Year_from=2016&Year_to=2016&Station=STA-BETB004&Samplingpoint=&Source=E1a&Output=HTML&UpdateDate="
"Belgium","NET-Flanders","Flanders","BEGBB15","26BB15 - BRUGGE","SPO-BEGBB15_06001_100","PM2.5","Particulate matter < 2.5 µm (aerosol)","P1Y-day-max","1 year day max","2016","52.792","ug/m3","98.91","1","Background","Urban","3.2341","51.2135","5.0","Brugge                                                                          ","BE006C1                                           ","118916","E1a/validated data AQ e-Reporting","18/03/2023 21:43:22","http://fme.discomap.eea.europa.eu/fmedatastreaming/AirQualityDownload/AQData_Extract.fmw?CountryCode=BE&CityName=&Pollutant=6001&Year_from=2016&Year_to=2016&Station=STA-BEGBB15&Samplingpoint=&Source=E1a&Output=HTML&UpdateDate="
"Belgium","NET-Flanders","Flanders","BETN029","44N029 - HOUTEM","SPO-BETN029_00007_100","O3","Ozone (air)","SOMO35","Sum of Ozone Means Over 35 ppb","2016","2128.763","ug/m3","92.62","1","Background","Rural","2.5823","51.0163","2.0","","","","E1a/validated data AQ e-Reporting","18/03/2023 22:59:23","http://fme.discomap.eea.europa.eu/fmedatastreaming/AirQualityDownload/AQData_Extract.fmw?CountryCode=BE&CityName=&Pollutant=7&Year_from=2016&Year_to=2016&Station=STA-BETN029&Samplingpoint=&Source=E1a&Output=HTML&UpdateDate="
"Belgium","NET-Flanders","Flanders","BETE714","47E714 - DUDZELE","SPO-BETE714_00008_100","NO2","Nitrogen dioxide (air)","P1Y-day-max","1 year day max","2016","57.786","ug/m3","99.45","1","Industrial","Rural","3.2486","51.2790","11.0","Brugge                                                                          ","BE006C1                                           ","118916","E1a/validated data AQ e-Reporting","18/03/2023 21:43:56","http://fme.discomap.eea.europa.eu/fmedatastreaming/AirQualityDownload/AQData_Extract.fmw?CountryCode=BE&CityName=&Pollutant=8&Year_from=2016&Year_to=2016&Station=STA-BETE714&Samplingpoint=&Source=E1a&Output=HTML&UpdateDate="
"Belgium","NET-Flanders","Flanders","BETR701","44R701 - GENT","SPO-BETR701_00001_100","SO2","Sulphur dioxide (air)","P1Y-hr-max-per99.73","1 year 99.73 %ile of hourly values in a given year","2016","10.000","ug/m3","96.88","1","Background","Urban","3.7293","51.0583","5.0","Gent                                                                            ","BE003C1                                           ","263687","E1a/validated data AQ e-Reporting","18/03/2023 22:06:23","http://fme.discomap.eea.europa.eu/fmedatastreaming/AirQualityDownload/AQData_Extract.fmw?CountryCode=BE&CityName=&Pollutant=1&Year_from=2016&Year_to=2016&Station=STA-BETR701&Samplingpoint=&Source=E1a&Output=HTML&UpdateDate="
"Belgium","NET-Flanders","Flanders","BETN052","44N052 - ZWEVEGEM","SPO-BETN052_00007_100","O3","Ozone (air)","P3Y-dmaxAbove120","Daymax exceed 120 averaged over 3 consecutive years","2016","3.333","count","100.00","1","Background","Suburban","3.3225","50.8149","27.0","","","","E1a/validated data AQ e-Reporting","18/03/2023 22:34:54","http://fme.discomap.eea.europa.eu/fmedatastreaming/AirQualityDownload/AQData_Extract.fmw?CountryCode=BE&CityName=&Pollutant=7&Year_from=2016&Year_to=2016&Station=STA-BETN052&Samplingpoint=&Source=E1a&Output=HTML&UpdateDate="
"Belgium","NET-Flanders","Flanders","BETN045","42N045 - HASSELT","SPO-BETN045_00007_100","O3","Ozone (air)","AOT40cmeasured","AOT40c UNCORRECTED for data capture","2016","12083.500","ug/m3","97.28","1","Background","Suburban","5.3684","50.9397","41.0","","","","E1a/validated data AQ e-Reporting","18/03/2023 23:01:40","http://fme.discomap.eea.europa.eu/fmedatastreaming/AirQualityDownload/AQData_Extract.fmw?CountryCode=BE&CityName=&Pollutant=7&Year_from=2016&Year_to=2016&Station=STA-BETN045&Samplingpoint=&Source=E1a&Output=HTML&UpdateDate="
"Belgium","NET-Flanders","Flanders","BETR830","42R830 - DOEL","SPO-BETR830_00001_100","SO2","Sulphur dioxide (air)","P1Y-hr-max25","1 year hour max 25","2016","37.000","ug/m3","97.24","1","Industrial","Rural","4.2626","51.3182","5.0","","","","E1a/validated data AQ e-Reporting","18/03/2023 22:33:20","http://fme.discomap.eea.europa.eu/fmedatastreaming/AirQualityDownload/AQData_Extract.fmw?CountryCode=BE&CityName=&Pollutant=1&Year_from=2016&Year_to=2016&Station=STA-BETR830&Samplingpoint=&Source=E1a&Output=HTML&UpdateDate="
"Belgium","NET-Flanders","Flanders","BETN045","42N045 - HASSELT","SPO-BETN045_00008_100","NO2","Nitrogen dioxide (air)","P1Y-day-min","1 year day min","2016","5.146","ug/m3","98.91","1","Background","Suburban","5.3684","50.9397","41.0","","","","E1a/validated data AQ e-Reporting","18/03/2023 21:56:03","http://fme.discomap.eea.europa.eu/fmedatastreaming/AirQualityDownload/AQData_Extract.fmw?CountryCode=BE&CityName=&Pollutant=8&Year_from=2016&Year_to=2016&Station=STA-BETN045&Samplingpoint=&Source=E1a&Output=HTML&UpdateDate="
"Belgium","NET-Flanders","Flanders","BETR801","42R801 - BORGERHOUT","SPO-BETR801_00005_100","PM10","Particulate matter < 10 µm (aerosol)","P1Y-P1D-per99","1 year 99 percentile of daily means (P1D) or .../aq/primaryObservation/day","2016","56.392","ug/m3","100.00","1","Background","Urban","4.4318","51.2097","6.0","Antwerpen                                                                       ","BE002C1                                           ","530014","E1a/validated data AQ e-Reporting","18/03/2023 22:09:38","http://fme.discomap.eea.europa.eu/fmedatastreaming/AirQualityDownload/AQData_Extract.fmw?CountryCode=BE&CityName=&Pollutant=5&Year_from=2016&Year_to=2016&Station=STA-BETR801&Samplingpoint=&Source=E1a&Output=HTML&UpdateDate="
"Belgium","NET-Flanders","Flanders","BETN012","44N012 - MOERKERKE","SPO-BETN012_00007_100","O3","Ozone (air)","P1Y-hrsAbove240","1 year hour exceed 240","2016","0.000","count","89.63","1","Background","Rural","3.3625","51.2546","3.0","","","","E1a/validated data AQ e-Reporting","18/03/2023 21:50:25","http://fme.discomap.eea.europa.eu/fmedatastreaming/AirQualityDownload/AQData_Extract.fmw?CountryCode=BE&CityName=&Pollutant=7&Year_from=2016&Year_to=2016&Station=STA-BETN012&Samplingpoint=&Source=E1a&Output=HTML&UpdateDate="
"Belgium","NET-Flanders","Flanders","BETR801","42R801 - BORGERHOUT","SPO-BETR801_00007_100","O3","Ozone (air)","P1Y-day-min","1 year day min","2016","1.000","ug/m3","95.90","1","Background","Urban","4.4318","51.2097","6.0","Antwerpen                                                                       ","BE002C1                                           ","530014","E1a/validated data AQ e-Reporting","18/03/2023 21:56:21","http://fme.discomap.eea.europa.eu/fmedatastreaming/AirQualityDownload/AQData_Extract.fmw?CountryCode=BE&CityName=&Pollutant=7&Year_from=2016&Year_to=2016&Station=STA-BETR801&Samplingpoint=&Source=E1a&Output=HTML&UpdateDate="
"Belgium","NET-Flanders","Flanders","BETR815","42R815 - ZWIJNDRECHT","SPO-BETR815_06001_100","PM2.5","Particulate matter < 2.5 µm (aerosol)","P1Y-hr-max","1 year hour max","2016","130.000","ug/m3","99.80","1","Industrial","Suburban","4.3322","51.2147","7.0","","","","E1a/validated data AQ e-Reporting","18/03/2023 21:57:02","http://fme.discomap.eea.europa.eu/fmedatastreaming/AirQualityDownload/AQData_Extract.fmw?CountryCode=BE&CityName=&Pollutant=6001&Year_from=2016&Year_to=2016&Station=STA-BETR815&Samplingpoint=&Source=E1a&Output=HTML&UpdateDate="
"Belgium","NET-Flanders","Flanders","BETR740","44R740 - ST.KRUIS-WI","SPO-BETR740_00007_100","O3","Ozone (air)","SOMO35","Sum of Ozone Means Over 35 ppb","2016","2052.053","ug/m3","90.44","1","Industrial","Rural","3.8087","51.1501","5.0","Gent                                                                            ","BE003C1                                           ","263687","E1a/validated data AQ e-Reporting","18/03/2023 22:59:23","http://fme.discomap.eea.europa.eu/fmedatastreaming/AirQualityDownload/AQData_Extract.fmw?CountryCode=BE&CityName=&Pollutant=7&Year_from=2016&Year_to=2016&Station=STA-BETR740&Samplingpoint=&Source=E1a&Output=HTML&UpdateDate="
"Belgium","NET-Flanders","Flanders","BETR740","44R740 - ST.KRUIS-WI","SPO-BETR740_00008_100","NO2","Nitrogen dioxide (air)","P1Y-day-per50","1 year 50 %ile of daily values in a year","2016","21.848","ug/m3","98.36","1","Industrial","Rural","3.8087","51.1501","5.0","Gent                                                                            ","BE003C1                                           ","263687","E1a/validated data AQ e-Reporting","18/03/2023 22:14:21","http://fme.discomap.eea.europa.eu/fmedatastreaming/AirQualityDownload/AQData_Extract.fmw?CountryCode=BE&CityName=&Pollutant=8&Year_from=2016&Year_to=2016&Station=STA-BETR740&Samplingpoint=&Source=E1a&Output=HTML&UpdateDate="
"Belgium","NET-Flanders","Flanders","BETR740","44R740 - ST.KRUIS-WI","SPO-BETR740_00008_100","NO2","Nitrogen dioxide (air)","P3Y","3 subsequent calendar years mean","2016","23.145","ug/m3","96.33","1","Industrial","Rural","3.8087","51.1501","5.0","Gent                                                                            ","BE003C1                                           ","263687","E1a/validated data AQ e-Reporting","18/03/2023 21:36:00","http://fme.discomap.eea.europa.eu/fmedatastreaming/AirQualityDownload/AQData_Extract.fmw?CountryCode=BE&CityName=&Pollutant=8&Year_from=2016&Year_to=2016&Station=STA-BETR740&Samplingpoint=&Source=E1a&Output=HTML&UpdateDate="
"Belgium","NET-Flanders","Flanders","BETR815","42R815 - ZWIJNDRECHT","SPO-BETR815_06001_100","PM2.5","Particulate matter < 2.5 µm (aerosol)","P1Y-hr-per50","1 year 50 percentile","2016","10.000","ug/m3","99.80","1","Industrial","Suburban","4.3322","51.2147","7.0","","","","E1a/validated data AQ e-Reporting","18/03/2023 22:05:49","http://fme.discomap.eea.europa.eu/fmedatastreaming/AirQualityDownload/AQData_Extract.fmw?CountryCode=BE&CityName=&Pollutant=6001&Year_from=2016&Year_to=2016&Station=STA-BETR815&Samplingpoint=&Source=E1a&Output=HTML&UpdateDate="
"Belgium","NET-Wallonia","Wallonia","BEVN070","50N070 - MONS","SPO-BEVN070_00482_100","o-C6H4-(CH3)2","o-Xylene (air)","P1Y","Annual mean / 1 calendar year","2016","0.000","ug/m3","47.80","1","Background","Suburban","3.9397","50.4652","30.0","Mons                                                                            ","BE009C1                                           ","95922","E1a/validated data AQ e-Reporting","18/03/2023 21:08:58","http://fme.discomap.eea.europa.eu/fmedatastreaming/AirQualityDownload/AQData_Extract.fmw?CountryCode=BE&CityName=&Pollutant=482&Year_from=2016&Year_to=2016&Station=STA-BEVN070&Samplingpoint=&Source=E1a&Output=HTML&UpdateDate="
"Belgium","NET-Flanders","Flanders","BETN035","42N035 - AARSCHOT","SPO-BETN035_00001_100","SO2","Sulphur dioxide (air)","P1Y-3hAbove500","3 consecutive hours in exceedance of 500","2016","0.000","count","96.78","1","Background","Rural","4.8376","50.9775","55.0","","","","E1a/validated data AQ e-Reporting","18/03/2023 22:18:09","http://fme.discomap.eea.europa.eu/fmedatastreaming/AirQualityDownload/AQData_Extract.fmw?CountryCode=BE&CityName=&Pollutant=1&Year_from=2016&Year_to=2016&Station=STA-BETN035&Samplingpoint=&Source=E1a&Output=HTML&UpdateDate="
"Belgium","NET-Wallonia","Wallonia","BETR512","45R512 - MARCHIENNE","SPO-BETR512_00001_100","SO2","Sulphur dioxide (air)","P1Y-day-min","1 year day min","2016","0.000","ug/m3","91.26","1","Industrial","Suburban","4.3959","50.4078","107.0","Charleroi                                                                       ","BE004C1                                           ","203314","E1a/validated data AQ e-Reporting","18/03/2023 21:54:56","http://fme.discomap.eea.europa.eu/fmedatastreaming/AirQualityDownload/AQData_Extract.fmw?CountryCode=BE&CityName=&Pollutant=1&Year_from=2016&Year_to=2016&Station=STA-BETR512&Samplingpoint=&Source=E1a&Output=HTML&UpdateDate="
"Belgium","NET-Flanders","Flanders","BETR823","42R823 - BEVEREN","SPO-BETR823_06001_100","PM2.5","Particulate matter < 2.5 µm (aerosol)","P1Y-hr-min","1 year hour min","2016","1.000","ug/m3","99.83","1","Background","Suburban","4.2399","51.2133","0.0","","","","E1a/validated data AQ e-Reporting","18/03/2023 22:31:20","http://fme.discomap.eea.europa.eu/fmedatastreaming/AirQualityDownload/AQData_Extract.fmw?CountryCode=BE&CityName=&Pollutant=6001&Year_from=2016&Year_to=2016&Station=STA-BETR823&Samplingpoint=&Source=E1a&Output=HTML&UpdateDate="
"Belgium","NET-Flanders","Flanders","BETN052","44N052 - ZWEVEGEM","SPO-BETN052_06001_100","PM2.5","Particulate matter < 2.5 µm (aerosol)","P1Y-hr-max","1 year hour max","2016","116.000","ug/m3","99.27","1","Background","Suburban","3.3225","50.8149","27.0","","","","E1a/validated data AQ e-Reporting","18/03/2023 21:57:02","http://fme.discomap.eea.europa.eu/fmedatastreaming/AirQualityDownload/AQData_Extract.fmw?CountryCode=BE&CityName=&Pollutant=6001&Year_from=2016&Year_to=2016&Station=STA-BETN052&Samplingpoint=&Source=E1a&Output=HTML&UpdateDate="
"Belgium","NET-Wallonia","Wallonia","BETN085","43N085 - VIELSALM","SPO-BETN085_00001_100","SO2","Sulphur dioxide (air)","P1Y-day-min","1 year day min","2016","0.000","ug/m3","98.09","1","Background","Rural","6.0017","50.3032","490.0","","","","E1a/validated data AQ e-Reporting","18/03/2023 21:54:56","http://fme.discomap.eea.europa.eu/fmedatastreaming/AirQualityDownload/AQData_Extract.fmw?CountryCode=BE&CityName=&Pollutant=1&Year_from=2016&Year_to=2016&Station=STA-BETN085&Samplingpoint=&Source=E1a&Output=HTML&UpdateDate="
"Belgium","NET-Wallonia","Wallonia","BETN093","43N093 - SINSIN","SPO-BETN093_00007_100","O3","Ozone (air)","P1Y-hr-min","1 year hour min","2016","1.000","ug/m3","93.59","1","Background","Rural","5.2352","50.2745","265.0","","","","E1a/validated data AQ e-Reporting","18/03/2023 22:31:20","http://fme.discomap.eea.europa.eu/fmedatastreaming/AirQualityDownload/AQData_Extract.fmw?CountryCode=BE&CityName=&Pollutant=7&Year_from=2016&Year_to=2016&Station=STA-BETN093&Samplingpoint=&Source=E1a&Output=HTML&UpdateDate="
"Belgium","NET-Wallonia","Wallonia","BETN067","43N067 - MEMBACH","SPO-BETN067_00005_100","PM10","Particulate matter < 10 µm (aerosol)","P1Y-daysAbove50","1 year day exceed 50","2016","0.000","count","100.00","1","Background","Suburban","5.9928","50.6123","0.0","","","","E1a/validated data AQ e-Reporting","18/03/2023 22:27:00","http://fme.discomap.eea.europa.eu/fmedatastreaming/AirQualityDownload/AQData_Extract.fmw?CountryCode=BE&CityName=&Pollutant=5&Year_from=2016&Year_to=2016&Station=STA-BETN067&Samplingpoint=&Source=E1a&Output=HTML&UpdateDate="
"Belgium","NET-Wallonia","Wallonia","BETN093","43N093 - SINSIN","SPO-BETN093_06001_100","PM2.5","Particulate matter < 2.5 µm (aerosol)","P1Y","Annual mean / 1 calendar year","2016","8.393","ug/m3","97.67","1","Background","Rural","5.2352","50.2745","265.0","","","","E1a/validated data AQ e-Reporting","18/03/2023 21:08:58","http://fme.discomap.eea.europa.eu/fmedatastreaming/AirQualityDownload/AQData_Extract.fmw?CountryCode=BE&CityName=&Pollutant=6001&Year_from=2016&Year_to=2016&Station=STA-BETN093&Samplingpoint=&Source=E1a&Output=HTML&UpdateDate="
"Belgium","NET-Flanders","Flanders","BETR702","44R702 - Gent (G.Carlierlaan)","SPO-BETR702_00005_100","PM10","Particulate matter < 10 µm (aerosol)","P1Y-P1D-per90.41","1 year 90.41 percentile","2016","40.808","ug/m3","100.00","1","Traffic","Urban","3.7350","51.0407","8.0","Gent                                                                            ","BE003C1                                           ","263687","E1a/validated data AQ e-Reporting","18/03/2023 22:09:05","http://fme.discomap.eea.europa.eu/fmedatastreaming/AirQualityDownload/AQData_Extract.fmw?CountryCode=BE&CityName=&Pollutant=5&Year_from=2016&Year_to=2016&Station=STA-BETR702&Samplingpoint=&Source=E1a&Output=HTML&UpdateDate="
"Belgium","NET-Wallonia","Wallonia","BETN132","43N132 - HABAY-LA-N.","SPO-BETN132_00007_100","O3","Ozone (air)","P1Y-dmaxAbove120","1 year daymax exceed 120","2016","11.000","count","96.72","1","Background","Rural","5.6304","49.7193","375.0","","","","E1a/validated data AQ e-Reporting","18/03/2023 22:25:06","http://fme.discomap.eea.europa.eu/fmedatastreaming/AirQualityDownload/AQData_Extract.fmw?CountryCode=BE&CityName=&Pollutant=7&Year_from=2016&Year_to=2016&Station=STA-BETN132&Samplingpoint=&Source=E1a&Output=HTML&UpdateDate="
"Belgium","NET-Flanders","Flanders","BETR702","44R702 - Gent (G.Carlierlaan)","SPO-BETR702_06001_100","PM2.5","Particulate matter < 2.5 µm (aerosol)","P1Y-day-min","1 year day min","2016","2.792","ug/m3","100.00","1","Traffic","Urban","3.7350","51.0407","8.0","Gent                                                                            ","BE003C1                                           ","263687","E1a/validated data AQ e-Reporting","18/03/2023 21:55:29","http://fme.discomap.eea.europa.eu/fmedatastreaming/AirQualityDownload/AQData_Extract.fmw?CountryCode=BE&CityName=&Pollutant=6001&Year_from=2016&Year_to=2016&Station=STA-BETR702&Samplingpoint=&Source=E1a&Output=HTML&UpdateDate="
"Belgium","NET-Flanders","Flanders","BETN016","42N016 - DESSEL","SPO-BETN016_00007_100","O3","Ozone (air)","AOT40c","AOT40 vegetation protection","2016","10492.604","ug/m3","97.74","1","Background","Rural","5.1640","51.2337","30.0","","","","E1a/validated data AQ e-Reporting","18/03/2023 23:06:29","http://fme.discomap.eea.europa.eu/fmedatastreaming/AirQualityDownload/AQData_Extract.fmw?CountryCode=BE&CityName=&Pollutant=7&Year_from=2016&Year_to=2016&Station=STA-BETN016&Samplingpoint=&Source=E1a&Output=HTML&UpdateDate="
"Belgium","NET-Flanders","Flanders","BEDDD02","65DDD02 - DUDZELE","SPO-BEDDD02_00624_100","Benzo(ghi)perylene","Benzo(ghi)perylene (precip+dry_dep)","P1Y","Annual mean / 1 calendar year","2016","2.513","ng/m2/day","22.95","1","Background","Rural","3.2216","51.2664","0.0","Brugge                                                                          ","BE006C1                                           ","118916","E1a/validated data AQ e-Reporting","18/03/2023 21:08:58","http://fme.discomap.eea.europa.eu/fmedatastreaming/AirQualityDownload/AQData_Extract.fmw?CountryCode=BE&CityName=&Pollutant=624&Year_from=2016&Year_to=2016&Station=STA-BEDDD02&Samplingpoint=&Source=E1a&Output=HTML&UpdateDate="
"Belgium","NET-Flanders","Flanders","BESN035","59N035 - AARSCHOT","SPO-BESN035_00020_100","C6H6","Benzene (air)","P1Y-day-max","1 year day max","2016","1.430","ug/m3","87.98","1","Background","Suburban","4.8376","50.9776","0.0","","","","E1a/validated data AQ e-Reporting","18/03/2023 21:43:39","http://fme.discomap.eea.europa.eu/fmedatastreaming/AirQualityDownload/AQData_Extract.fmw?CountryCode=BE&CityName=&Pollutant=20&Year_from=2016&Year_to=2016&Station=STA-BESN035&Samplingpoint=&Source=E1a&Output=HTML&UpdateDate="
"Belgium","NET-Flanders","Flanders","BEDHB17","65HB17 - HOBOKEN
","SPO-BEDHB17_07419_100","Dibenzo(ah)anthracene","Dibenzo(ah)anthracene (precip+dry_dep)","P1Y","Annual mean / 1 calendar year","2016","12.857","ng/m2/day","22.95","1","Background","Urban","4.3379","51.1703","0.0","Antwerpen                                                                       ","BE002C1                                           ","530014","E1a/validated data AQ e-Reporting","18/03/2023 21:08:58","http://fme.discomap.eea.europa.eu/fmedatastreaming/AirQualityDownload/AQData_Extract.fmw?CountryCode=BE&CityName=&Pollutant=7419&Year_from=2016&Year_to=2016&Station=STA-BEDHB17&Samplingpoint=&Source=E1a&Output=HTML&UpdateDate="
"Belgium","NET-Flanders","Flanders","BEMGN05","00GN05 - GENT","SPO-BEMGN05_05015_100","Ni in PM10","Nickel in PM10 (aerosol)","P1Y","Annual mean / 1 calendar year","2016","0.371","ng/m3","99.18","1","Background","Urban","3.7159","51.0265","10.0","Gent                                                                            ","BE003C1                                           ","263687","E1a/validated data AQ e-Reporting","18/03/2023 21:08:58","http://fme.discomap.eea.europa.eu/fmedatastreaming/AirQualityDownload/AQData_Extract.fmw?CountryCode=BE&CityName=&Pollutant=5015&Year_from=2016&Year_to=2016&Station=STA-BEMGN05&Samplingpoint=&Source=E1a&Output=HTML&UpdateDate="
"Belgium","NET-Brussels","Brussels","BETB006","41B006 - PARL.EUROPE","SPO-BETB006_00007_100","O3","Ozone (air)","AOT40cmeasured","AOT40c UNCORRECTED for data capture","2016","3722.000","ug/m3","62.50","1","Background","Urban","4.3744","50.8386","67.0","Bruxelles / Brussel                                                             ","BE001C1                                           ","1223364","E1a/validated data AQ e-Reporting","18/03/2023 23:01:40","http://fme.discomap.eea.europa.eu/fmedatastreaming/AirQualityDownload/AQData_Extract.fmw?CountryCode=BE&CityName=&Pollutant=7&Year_from=2016&Year_to=2016&Station=STA-BETB006&Samplingpoint=&Source=E1a&Output=HTML&UpdateDate="
"Belgium","NET-Brussels","Brussels","BEVR002","51R002 - IXELLES","SPO-BEVR002_00486_100","H3C-(CH2)3-CH3","n-Pentane (air)","P1Y","Annual mean / 1 calendar year","2016","0.002","ug/m3","85.25","1","Traffic","Suburban","4.3847","50.8251","70.0","Bruxelles / Brussel                                                             ","BE001C1                                           ","1223364","E1a/validated data AQ e-Reporting","18/03/2023 21:08:58","http://fme.discomap.eea.europa.eu/fmedatastreaming/AirQualityDownload/AQData_Extract.fmw?CountryCode=BE&CityName=&Pollutant=486&Year_from=2016&Year_to=2016&Station=STA-BEVR002&Samplingpoint=&Source=E1a&Output=HTML&UpdateDate="
"Belgium","NET-Brussels","Brussels","BETR012","41R012 - UCCLE","SPO-BETR012_00005_100","PM10","Particulate matter < 10 µm (aerosol)","P1Y-P1D-per90.41","1 year 90.41 percentile","2016","30.875","ug/m3","91.53","1","Background","Suburban","4.3586","50.7966","101.0","Bruxelles / Brussel                                                             ","BE001C1                                           ","1223364","E1a/validated data AQ e-Reporting","18/03/2023 22:09:05","http://fme.discomap.eea.europa.eu/fmedatastreaming/AirQualityDownload/AQData_Extract.fmw?CountryCode=BE&CityName=&Pollutant=5&Year_from=2016&Year_to=2016&Station=STA-BETR012&Samplingpoint=&Source=E1a&Output=HTML&UpdateDate="
"Belgium","NET-Brussels","Brussels","BETR012","41R012 - UCCLE","SPO-BETR012_00008_100","NO2","Nitrogen dioxide (air)","P1Y-3hAbove400","3 consecutive hours in exceedance of 400","2016","0.000","count","96.13","1","Background","Suburban","4.3586","50.7966","101.0","Bruxelles / Brussel                                                             ","BE001C1                                           ","1223364","E1a/validated data AQ e-Reporting","18/03/2023 22:22:30","http://fme.discomap.eea.europa.eu/fmedatastreaming/AirQualityDownload/AQData_Extract.fmw?CountryCode=BE&CityName=&Pollutant=8&Year_from=2016&Year_to=2016&Station=STA-BETR012&Samplingpoint=&Source=E1a&Output=HTML&UpdateDate="
"Belgium","NET-Brussels","Brussels","BETR012","41R012 - UCCLE","SPO-BETR012_06001_100","PM2.5","Particulate matter < 2.5 µm (aerosol)","P1Y-day-min","1 year day min","2016","3.614","ug/m3","92.90","1","Background","Suburban","4.3586","50.7966","101.0","Bruxelles / Brussel                                                             ","BE001C1                                           ","1223364","E1a/validated data AQ e-Reporting","18/03/2023 21:55:29","http://fme.discomap.eea.europa.eu/fmedatastreaming/AirQualityDownload/AQData_Extract.fmw?CountryCode=BE&CityName=&Pollutant=6001&Year_from=2016&Year_to=2016&Station=STA-BETR012&Samplingpoint=&Source=E1a&Output=HTML&UpdateDate="
"Belgium","NET-Flanders","Flanders","BELWZ02","40WZ02 - MOL","SPO-BELWZ02_00001_100","SO2","Sulphur dioxide (air)","P1Y-day-min","1 year day min","2016","1.000","ug/m3","99.45","1","Industrial","Rural","5.2215","51.1928","40.0","","","","E1a/validated data AQ e-Reporting","18/03/2023 21:54:56","http://fme.discomap.eea.europa.eu/fmedatastreaming/AirQualityDownload/AQData_Extract.fmw?CountryCode=BE&CityName=&Pollutant=1&Year_from=2016&Year_to=2016&Station=STA-BELWZ02&Samplingpoint=&Source=E1a&Output=HTML&UpdateDate="
"Belgium","NET-Flanders","Flanders","BETR701","44R701 - GENT","SPO-BETR701_06001_100","PM2.5","Particulate matter < 2.5 µm (aerosol)","P1Y-hr-max","1 year hour max","2016","107.000","ug/m3","99.86","1","Background","Urban","3.7293","51.0583","5.0","Gent                                                                            ","BE003C1                                           ","263687","E1a/validated data AQ e-Reporting","18/03/2023 21:57:02","http://fme.discomap.eea.europa.eu/fmedatastreaming/AirQualityDownload/AQData_Extract.fmw?CountryCode=BE&CityName=&Pollutant=6001&Year_from=2016&Year_to=2016&Station=STA-BETR701&Samplingpoint=&Source=E1a&Output=HTML&UpdateDate="
"Belgium","NET-Flanders","Flanders","BETR702","44R702 - Gent (G.Carlierlaan)","SPO-BETR702_00005_100","PM10","Particulate matter < 10 µm (aerosol)","P3Y","3 subsequent calendar years mean","2016","25.509","ug/m3","98.08","1","Traffic","Urban","3.7350","51.0407","8.0","Gent                                                                            ","BE003C1                                           ","263687","E1a/validated data AQ e-Reporting","18/03/2023 21:36:00","http://fme.discomap.eea.europa.eu/fmedatastreaming/AirQualityDownload/AQData_Extract.fmw?CountryCode=BE&CityName=&Pollutant=5&Year_from=2016&Year_to=2016&Station=STA-BETR702&Samplingpoint=&Source=E1a&Output=HTML&UpdateDate="
"Belgium","NET-Flanders","Flanders","BELSZ02","40SZ02 - STEENOKKERZ","SPO-BELSZ02_06001_100","PM2.5","Particulate matter < 2.5 µm (aerosol)","P1Y-day-per50","1 year 50 %ile of daily values in a year","2016","9.375","ug/m3","98.63","1","Industrial","Rural","4.5122","50.9130","15.0","","","","E1a/validated data AQ e-Reporting","18/03/2023 22:11:51","http://fme.discomap.eea.europa.eu/fmedatastreaming/AirQualityDownload/AQData_Extract.fmw?CountryCode=BE&CityName=&Pollutant=6001&Year_from=2016&Year_to=2016&Station=STA-BELSZ02&Samplingpoint=&Source=E1a&Output=HTML&UpdateDate="
"Belgium","NET-Flanders","Flanders","BETN016","42N016 - DESSEL","SPO-BETN016_06001_100","PM2.5","Particulate matter < 2.5 µm (aerosol)","P1Y-day-min","1 year day min","2016","2.229","ug/m3","100.00","1","Background","Rural","5.1640","51.2337","30.0","","","","E1a/validated data AQ e-Reporting","18/03/2023 21:55:29","http://fme.discomap.eea.europa.eu/fmedatastreaming/AirQualityDownload/AQData_Extract.fmw?CountryCode=BE&CityName=&Pollutant=6001&Year_from=2016&Year_to=2016&Station=STA-BETN016&Samplingpoint=&Source=E1a&Output=HTML&UpdateDate="
"Belgium","NET-Flanders","Flanders","BELSA04","40SA04 - Hoevenen","SPO-BELSA04_00005_100","PM10","Particulate matter < 10 µm (aerosol)","P1Y","Annual mean / 1 calendar year","2016","21.136","ug/m3","98.95","1","Industrial","Rural","4.4039","51.3139","6.0","","","","E1a/validated data AQ e-Reporting","18/03/2023 21:08:58","http://fme.discomap.eea.europa.eu/fmedatastreaming/AirQualityDownload/AQData_Extract.fmw?CountryCode=BE&CityName=&Pollutant=5&Year_from=2016&Year_to=2016&Station=STA-BELSA04&Samplingpoint=&Source=E1a&Output=HTML&UpdateDate="
"Belgium","NET-Flanders","Flanders","BETN027","42N027 - BREE","SPO-BETN027_00007_100","O3","Ozone (air)","SOMO10","Sum of Ozone Means Over 10 ppb","2016","16896.799","ug/m3","94.81","1","Background","Rural","5.6067","51.1337","48.0","","","","E1a/validated data AQ e-Reporting","18/03/2023 22:59:50","http://fme.discomap.eea.europa.eu/fmedatastreaming/AirQualityDownload/AQData_Extract.fmw?CountryCode=BE&CityName=&Pollutant=7&Year_from=2016&Year_to=2016&Station=STA-BETN027&Samplingpoint=&Source=E1a&Output=HTML&UpdateDate="
"Belgium","NET-Flanders","Flanders","BETN029","44N029 - HOUTEM","SPO-BETN029_00001_100","SO2","Sulphur dioxide (air)","P1Y-hr-per50","1 year 50 percentile","2016","1.000","ug/m3","96.66","1","Background","Rural","2.5823","51.0163","2.0","","","","E1a/validated data AQ e-Reporting","18/03/2023 22:05:49","http://fme.discomap.eea.europa.eu/fmedatastreaming/AirQualityDownload/AQData_Extract.fmw?CountryCode=BE&CityName=&Pollutant=1&Year_from=2016&Year_to=2016&Station=STA-BETN029&Samplingpoint=&Source=E1a&Output=HTML&UpdateDate="
"Belgium","NET-Flanders","Flanders","BELLD01","40LD01 - LAAKDAL","SPO-BELLD01_00008_100","NO2","Nitrogen dioxide (air)","P3Y","3 subsequent calendar years mean","2016","21.169","ug/m3","95.26","1","Industrial","Rural","5.0049","51.1100","20.0","","","","E1a/validated data AQ e-Reporting","18/03/2023 21:36:00","http://fme.discomap.eea.europa.eu/fmedatastreaming/AirQualityDownload/AQData_Extract.fmw?CountryCode=BE&CityName=&Pollutant=8&Year_from=2016&Year_to=2016&Station=STA-BELLD01&Samplingpoint=&Source=E1a&Output=HTML&UpdateDate="
"Belgium","NET-Flanders","Flanders","BETN052","44N052 - ZWEVEGEM","SPO-BETN052_00007_100","O3","Ozone (air)","P1Y-dx-avg","1 year daymax average","2016","55.883","ug/m3","90.71","1","Background","Suburban","3.3225","50.8149","27.0","","","","E1a/validated data AQ e-Reporting","18/03/2023 22:27:48","http://fme.discomap.eea.europa.eu/fmedatastreaming/AirQualityDownload/AQData_Extract.fmw?CountryCode=BE&CityName=&Pollutant=7&Year_from=2016&Year_to=2016&Station=STA-BETN052&Samplingpoint=&Source=E1a&Output=HTML&UpdateDate="
"Belgium","NET-Flanders","Flanders","BETN052","44N052 - ZWEVEGEM","SPO-BETN052_00007_100","O3","Ozone (air)","P1Y-hrsAbove240","1 year hour exceed 240","2016","0.000","count","89.66","1","Background","Suburban","3.3225","50.8149","27.0","","","","E1a/validated data AQ e-Reporting","18/03/2023 21:50:25","http://fme.discomap.eea.europa.eu/fmedatastreaming/AirQualityDownload/AQData_Extract.fmw?CountryCode=BE&CityName=&Pollutant=7&Year_from=2016&Year_to=2016&Station=STA-BETN052&Samplingpoint=&Source=E1a&Output=HTML&UpdateDate="
"Belgium","NET-Flanders","Flanders","BETN046","42N046 - GELLIK","SPO-BETN046_00007_100","O3","Ozone (air)","P1Y-hrsAbove240","1 year hour exceed 240","2016","0.000","count","91.78","1","Background","Rural","5.6189","50.8823","70.0","","","","E1a/validated data AQ e-Reporting","18/03/2023 21:50:25","http://fme.discomap.eea.europa.eu/fmedatastreaming/AirQualityDownload/AQData_Extract.fmw?CountryCode=BE&CityName=&Pollutant=7&Year_from=2016&Year_to=2016&Station=STA-BETN046&Samplingpoint=&Source=E1a&Output=HTML&UpdateDate="
"Belgium","NET-Flanders","Flanders","BEMGK05","00GK05 - GENK","SPO-BEMGK05_05018_100","As in PM10","Arsenic in PM10 (aerosol)","P1Y","Annual mean / 1 calendar year","2016","0.015","ng/m3","96.72","1","Industrial","Suburban","5.5268","50.9405","83.0","","","","E1a/validated data AQ e-Reporting","18/03/2023 21:08:58","http://fme.discomap.eea.europa.eu/fmedatastreaming/AirQualityDownload/AQData_Extract.fmw?CountryCode=BE&CityName=&Pollutant=5018&Year_from=2016&Year_to=2016&Station=STA-BEMGK05&Samplingpoint=&Source=E1a&Output=HTML&UpdateDate="
"Belgium","NET-Flanders","Flanders","BELGK06","40GK06 - GENK","SPO-BELGK06_00005_100","PM10","Particulate matter < 10 µm (aerosol)","P1Y-P1D-per90.4","1 year 90.4 percentile - COMPLIANCE","2016","34.871","ug/m3","100.00","1","Industrial","Suburban","5.4706","50.9279","44.0","","","","E1a/validated data AQ e-Reporting","18/03/2023 22:08:35","http://fme.discomap.eea.europa.eu/fmedatastreaming/AirQualityDownload/AQData_Extract.fmw?CountryCode=BE&CityName=&Pollutant=5&Year_from=2016&Year_to=2016&Station=STA-BELGK06&Samplingpoint=&Source=E1a&Output=HTML&UpdateDate="
"Belgium","NET-Flanders","Flanders","BESN035","59N035 - AARSCHOT","SPO-BESN035_00461_100","1,2-dichloroethane (air)","1,2-dichloroethane (air)","P1Y","Annual mean / 1 calendar year","2016","0.000","ug/m3","76.50","1","Background","Suburban","4.8376","50.9776","0.0","","","","E1a/validated data AQ e-Reporting","18/03/2023 21:08:58","http://fme.discomap.eea.europa.eu/fmedatastreaming/AirQualityDownload/AQData_Extract.fmw?CountryCode=BE&CityName=&Pollutant=461&Year_from=2016&Year_to=2016&Station=STA-BESN035&Samplingpoint=&Source=E1a&Output=HTML&UpdateDate="
"Belgium","NET-Flanders","Flanders","BESR801","59R801 - ANTWERPEN","SPO-BESR801_00434_100","C9H12","Propylbenzene (air)","P1Y","Annual mean / 1 calendar year","2016","0.000","ug/m3","80.33","1","Background","Suburban","4.4318","51.2097","0.0","Antwerpen                                                                       ","BE002C1                                           ","530014","E1a/validated data AQ e-Reporting","18/03/2023 21:08:58","http://fme.discomap.eea.europa.eu/fmedatastreaming/AirQualityDownload/AQData_Extract.fmw?CountryCode=BE&CityName=&Pollutant=434&Year_from=2016&Year_to=2016&Station=STA-BESR801&Samplingpoint=&Source=E1a&Output=HTML&UpdateDate="
"Belgium","NET-Flanders","Flanders","BESR801","59R801 - ANTWERPEN","SPO-BESR801_00454_100","C9H20","n-Nonane (air)","P1Y","Annual mean / 1 calendar year","2016","0.000","ug/m3","84.15","1","Background","Suburban","4.4318","51.2097","0.0","Antwerpen                                                                       ","BE002C1                                           ","530014","E1a/validated data AQ e-Reporting","18/03/2023 21:08:58","http://fme.discomap.eea.europa.eu/fmedatastreaming/AirQualityDownload/AQData_Extract.fmw?CountryCode=BE&CityName=&Pollutant=454&Year_from=2016&Year_to=2016&Station=STA-BESR801&Samplingpoint=&Source=E1a&Output=HTML&UpdateDate="
"Belgium","NET-Flanders","Flanders","BESR893","59N893 - ANTWERPEN","SPO-BESR893_06011_100","1,2,4-C6H3(CH3)3","1,2,4-Trimethylbenzene (air)","P1Y","Annual mean / 1 calendar year","2016","0.000","ug/m3","87.98","1","Background","Suburban","3.8084","51.2032","0.0","","","","E1a/validated data AQ e-Reporting","18/03/2023 21:08:58","http://fme.discomap.eea.europa.eu/fmedatastreaming/AirQualityDownload/AQData_Extract.fmw?CountryCode=BE&CityName=&Pollutant=6011&Year_from=2016&Year_to=2016&Station=STA-BESR893&Samplingpoint=&Source=E1a&Output=HTML&UpdateDate="
"Belgium","NET-Flanders","Flanders","BETN046","42N046 - GELLIK","SPO-BETN046_00008_100","NO2","Nitrogen dioxide (air)","P3Y","3 subsequent calendar years mean","2016","18.029","ug/m3","94.40","1","Background","Rural","5.6189","50.8823","70.0","","","","E1a/validated data AQ e-Reporting","18/03/2023 21:36:00","http://fme.discomap.eea.europa.eu/fmedatastreaming/AirQualityDownload/AQData_Extract.fmw?CountryCode=BE&CityName=&Pollutant=8&Year_from=2016&Year_to=2016&Station=STA-BETN046&Samplingpoint=&Source=E1a&Output=HTML&UpdateDate="
"Belgium","NET-Flanders","Flanders","BEMR750","0ZEL02 - ZELZATE","SPO-BEMR750_05014_100","Cd in PM10","Cadmium in PM10 (aerosol)","P1Y","Annual mean / 1 calendar year","2016","1.100","ng/m3","0.01","1","Industrial","Suburban","3.8229","51.1961","6.0","","","","E1a/validated data AQ e-Reporting","18/03/2023 21:08:58","http://fme.discomap.eea.europa.eu/fmedatastreaming/AirQualityDownload/AQData_Extract.fmw?CountryCode=BE&CityName=&Pollutant=5014&Year_from=2016&Year_to=2016&Station=STA-BEMR750&Samplingpoint=&Source=E1a&Output=HTML&UpdateDate="
"Belgium","NET-Flanders","Flanders","BETR710","44R710 - DESTELBERGE","SPO-BETR710_06001_100","PM2.5","Particulate matter < 2.5 µm (aerosol)","P1Y-day-min","1 year day min","2016","3.042","ug/m3","99.45","1","Background","Suburban","3.7753","51.0613","6.0","","","","E1a/validated data AQ e-Reporting","18/03/2023 21:55:29","http://fme.discomap.eea.europa.eu/fmedatastreaming/AirQualityDownload/AQData_Extract.fmw?CountryCode=BE&CityName=&Pollutant=6001&Year_from=2016&Year_to=2016&Station=STA-BETR710&Samplingpoint=&Source=E1a&Output=HTML&UpdateDate="
"Belgium","NET-Flanders","Flanders","BELWZ02","40WZ02 - MOL","SPO-BELWZ02_00001_100","SO2","Sulphur dioxide (air)","P1Y-hr-min","1 year hour min","2016","1.000","ug/m3","97.42","1","Industrial","Rural","5.2215","51.1928","40.0","","","","E1a/validated data AQ e-Reporting","18/03/2023 22:31:20","http://fme.discomap.eea.europa.eu/fmedatastreaming/AirQualityDownload/AQData_Extract.fmw?CountryCode=BE&CityName=&Pollutant=1&Year_from=2016&Year_to=2016&Station=STA-BELWZ02&Samplingpoint=&Source=E1a&Output=HTML&UpdateDate="
"Belgium","NET-Flanders","Flanders","BEMBE02","00BE02 - BEERSE","SPO-BEMBE02_05018_100","As in PM10","Arsenic in PM10 (aerosol)","P1Y","Annual mean / 1 calendar year","2016","0.595","ng/m3","99.45","1","Industrial","Suburban","4.8028","51.3321","29.0","","","","E1a/validated data AQ e-Reporting","18/03/2023 21:08:58","http://fme.discomap.eea.europa.eu/fmedatastreaming/AirQualityDownload/AQData_Extract.fmw?CountryCode=BE&CityName=&Pollutant=5018&Year_from=2016&Year_to=2016&Station=STA-BEMBE02&Samplingpoint=&Source=E1a&Output=HTML&UpdateDate="
"Belgium","NET-Flanders","Flanders","BEMHB18","00HB18 - HOBOKEN","SPO-BEMHB18_05012_100","Pb in PM10","Lead in PM10 (aerosol)","P1Y","Annual mean / 1 calendar year","2016","0.112","ug/m3","95.90","1","Industrial","Suburban","4.3441","51.1739","10.0","Antwerpen                                                                       ","BE002C1                                           ","530014","E1a/validated data AQ e-Reporting","18/03/2023 21:08:58","http://fme.discomap.eea.europa.eu/fmedatastreaming/AirQualityDownload/AQData_Extract.fmw?CountryCode=BE&CityName=&Pollutant=5012&Year_from=2016&Year_to=2016&Station=STA-BEMHB18&Samplingpoint=&Source=E1a&Output=HTML&UpdateDate="
"Belgium","NET-Brussels","Brussels","BETR002","41R002 - IXELLES","SPO-BETR002_00001_100","SO2","Sulphur dioxide (air)","P1Y","Annual mean / 1 calendar year","2016","2.116","ug/m3","96.69","1","Traffic","Urban","4.3846","50.8251","76.0","Bruxelles / Brussel                                                             ","BE001C1                                           ","1223364","E1a/validated data AQ e-Reporting","18/03/2023 21:08:58","http://fme.discomap.eea.europa.eu/fmedatastreaming/AirQualityDownload/AQData_Extract.fmw?CountryCode=BE&CityName=&Pollutant=1&Year_from=2016&Year_to=2016&Station=STA-BETR002&Samplingpoint=&Source=E1a&Output=HTML&UpdateDate="
"Belgium","NET-Brussels","Brussels","BETB011","41B011 - BERCHEM S.A","SPO-BETB011_00007_100","O3","Ozone (air)","P1Y-hr-max","1 year hour max","2016","155.500","ug/m3","98.01","1","Background","Suburban","4.2887","50.8578","66.0","Bruxelles / Brussel                                                             ","BE001C1                                           ","1223364","E1a/validated data AQ e-Reporting","18/03/2023 21:57:02","http://fme.discomap.eea.europa.eu/fmedatastreaming/AirQualityDownload/AQData_Extract.fmw?CountryCode=BE&CityName=&Pollutant=7&Year_from=2016&Year_to=2016&Station=STA-BETB011&Samplingpoint=&Source=E1a&Output=HTML&UpdateDate="
"Belgium","NET-Brussels","Brussels","BETMEU1","41MEU1 - MEUDON","SPO-BETMEU1_00001_100","SO2","Sulphur dioxide (air)","P1Y-hr-per50","1 year 50 percentile","2016","2.000","ug/m3","14.09","1","Background","Suburban","4.3957","50.8950","34.0","Bruxelles / Brussel                                                             ","BE001C1                                           ","1223364","E1a/validated data AQ e-Reporting","18/03/2023 22:05:49","http://fme.discomap.eea.europa.eu/fmedatastreaming/AirQualityDownload/AQData_Extract.fmw?CountryCode=BE&CityName=&Pollutant=1&Year_from=2016&Year_to=2016&Station=STA-BETMEU1&Samplingpoint=&Source=E1a&Output=HTML&UpdateDate="
"Belgium","NET-Brussels","Brussels","BETB008","41B008 - Brussel (Beliardstraat)","SPO-BETB008_00008_100","NO2","Nitrogen dioxide (air)","P1Y-P1D-per99","1 year 99 percentile of daily means (P1D) or .../aq/primaryObservation/day","2016","97.152","ug/m3","93.44","1","Traffic","Urban","4.3759","50.8409","57.0","Bruxelles / Brussel                                                             ","BE001C1                                           ","1223364","E1a/validated data AQ e-Reporting","18/03/2023 22:10:34","http://fme.discomap.eea.europa.eu/fmedatastreaming/AirQualityDownload/AQData_Extract.fmw?CountryCode=BE&CityName=&Pollutant=8&Year_from=2016&Year_to=2016&Station=STA-BETB008&Samplingpoint=&Source=E1a&Output=HTML&UpdateDate="
"Belgium","NET-Flanders","Flanders","BEDHB17","65HB17 - HOBOKEN
","SPO-BEDHB17_07380_100","Benzo(b,j,k)fluoranthene","Benzo(b,j,k)fluoranthene (precip+dry_dep)","P1Y","Annual mean / 1 calendar year","2016","45.830","ng/m2/day","22.95","1","Background","Urban","4.3379","51.1703","0.0","Antwerpen                                                                       ","BE002C1                                           ","530014","E1a/validated data AQ e-Reporting","18/03/2023 21:08:58","http://fme.discomap.eea.europa.eu/fmedatastreaming/AirQualityDownload/AQData_Extract.fmw?CountryCode=BE&CityName=&Pollutant=7380&Year_from=2016&Year_to=2016&Station=STA-BEDHB17&Samplingpoint=&Source=E1a&Output=HTML&UpdateDate="
"Belgium","NET-Flanders","Flanders","BETN045","42N045 - HASSELT","SPO-BETN045_00020_100","C6H6","Benzene (air)","P1Y-hr-per50","1 year 50 percentile","2016","0.365","ug/m3","8.36","1","Background","Suburban","5.3684","50.9397","41.0","","","","E1a/validated data AQ e-Reporting","18/03/2023 22:05:49","http://fme.discomap.eea.europa.eu/fmedatastreaming/AirQualityDownload/AQData_Extract.fmw?CountryCode=BE&CityName=&Pollutant=20&Year_from=2016&Year_to=2016&Station=STA-BETN045&Samplingpoint=&Source=E1a&Output=HTML&UpdateDate="
"Belgium","NET-Flanders","Flanders","BETR830","42R830 - DOEL","SPO-BETR830_00008_100","NO2","Nitrogen dioxide (air)","P3Y","3 subsequent calendar years mean","2016","25.886","ug/m3","96.65","1","Industrial","Rural","4.2626","51.3182","5.0","","","","E1a/validated data AQ e-Reporting","18/03/2023 21:36:00","http://fme.discomap.eea.europa.eu/fmedatastreaming/AirQualityDownload/AQData_Extract.fmw?CountryCode=BE&CityName=&Pollutant=8&Year_from=2016&Year_to=2016&Station=STA-BETR830&Samplingpoint=&Source=E1a&Output=HTML&UpdateDate="
"Belgium","NET-Flanders","Flanders","BETR020","42R020 - VILVOORDE","SPO-BETR020_00008_100","NO2","Nitrogen dioxide (air)","P1Y-P1D-per99","1 year 99 percentile of daily means (P1D) or .../aq/primaryObservation/day","2016","67.250","ug/m3","98.36","1","Background","Suburban","4.4367","50.9414","12.0","","","","E1a/validated data AQ e-Reporting","18/03/2023 22:10:34","http://fme.discomap.eea.europa.eu/fmedatastreaming/AirQualityDownload/AQData_Extract.fmw?CountryCode=BE&CityName=&Pollutant=8&Year_from=2016&Year_to=2016&Station=STA-BETR020&Samplingpoint=&Source=E1a&Output=HTML&UpdateDate="
"Belgium","NET-Flanders","Flanders","BETR831","42R831 - BERENDRECHT","SPO-BETR831_00008_100","NO2","Nitrogen dioxide (air)","P3Y","3 subsequent calendar years mean","2016","29.461","ug/m3","91.15","1","Industrial","Rural","4.3397","51.3488","3.0","Antwerpen                                                                       ","BE002C1                                           ","530014","E1a/validated data AQ e-Reporting","18/03/2023 21:36:00","http://fme.discomap.eea.europa.eu/fmedatastreaming/AirQualityDownload/AQData_Extract.fmw?CountryCode=BE&CityName=&Pollutant=8&Year_from=2016&Year_to=2016&Station=STA-BETR831&Samplingpoint=&Source=E1a&Output=HTML&UpdateDate="
"Belgium","NET-Flanders","Flanders","BETR701","44R701 - GENT","SPO-BETR701_06001_100","PM2.5","Particulate matter < 2.5 µm (aerosol)","P1Y-day-max","1 year day max","2016","57.396","ug/m3","100.00","1","Background","Urban","3.7293","51.0583","5.0","Gent                                                                            ","BE003C1                                           ","263687","E1a/validated data AQ e-Reporting","18/03/2023 21:43:22","http://fme.discomap.eea.europa.eu/fmedatastreaming/AirQualityDownload/AQData_Extract.fmw?CountryCode=BE&CityName=&Pollutant=6001&Year_from=2016&Year_to=2016&Station=STA-BETR701&Samplingpoint=&Source=E1a&Output=HTML&UpdateDate="
"Belgium","NET-Flanders","Flanders","BETR731","44R731 - EVERGEM","SPO-BETR731_00005_100","PM10","Particulate matter < 10 µm (aerosol)","P1Y-day-min","1 year day min","2016","6.954","ug/m3","98.36","1","Industrial","Rural","3.7395","51.1247","6.0","","","","E1a/validated data AQ e-Reporting","18/03/2023 21:55:13","http://fme.discomap.eea.europa.eu/fmedatastreaming/AirQualityDownload/AQData_Extract.fmw?CountryCode=BE&CityName=&Pollutant=5&Year_from=2016&Year_to=2016&Station=STA-BETR731&Samplingpoint=&Source=E1a&Output=HTML&UpdateDate="
"Belgium","NET-Brussels","Brussels","BETN043","41N043 - HAREN","SPO-BETN043_00007_100","O3","Ozone (air)","P1Y","Annual mean / 1 calendar year","2016","30.925","ug/m3","97.38","1","Industrial","Suburban","4.3830","50.8837","17.0","Bruxelles / Brussel                                                             ","BE001C1                                           ","1223364","E1a/validated data AQ e-Reporting","18/03/2023 21:08:58","http://fme.discomap.eea.europa.eu/fmedatastreaming/AirQualityDownload/AQData_Extract.fmw?CountryCode=BE&CityName=&Pollutant=7&Year_from=2016&Year_to=2016&Station=STA-BETN043&Samplingpoint=&Source=E1a&Output=HTML&UpdateDate="
"Belgium","NET-Brussels","Brussels","BETN043","41N043 - HAREN","SPO-BETN043_00007_100","O3","Ozone (air)","P1Y-hr-per50","1 year 50 percentile","2016","27.500","ug/m3","97.38","1","Industrial","Suburban","4.3830","50.8837","17.0","Bruxelles / Brussel                                                             ","BE001C1                                           ","1223364","E1a/validated data AQ e-Reporting","18/03/2023 22:05:49","http://fme.discomap.eea.europa.eu/fmedatastreaming/AirQualityDownload/AQData_Extract.fmw?CountryCode=BE&CityName=&Pollutant=7&Year_from=2016&Year_to=2016&Station=STA-BETN043&Samplingpoint=&Source=E1a&Output=HTML&UpdateDate="
"Belgium","NET-Brussels","Brussels","BETWOL2","41WOL2 - WOL.ST.L.","SPO-BETWOL2_00020_100","C6H6","Benzene (air)","P1Y-hr-per50","1 year 50 percentile","2016","0.400","ug/m3","37.82","1","Background","Suburban","4.4257","50.8566","20.0","Bruxelles / Brussel                                                             ","BE001C1                                           ","1223364","E1a/validated data AQ e-Reporting","18/03/2023 22:05:49","http://fme.discomap.eea.europa.eu/fmedatastreaming/AirQualityDownload/AQData_Extract.fmw?CountryCode=BE&CityName=&Pollutant=20&Year_from=2016&Year_to=2016&Station=STA-BETWOL2&Samplingpoint=&Source=E1a&Output=HTML&UpdateDate="
"Belgium","NET-Flanders","Flanders","BEGR701","26R701 - GENT","SPO-BEGR701_01047_100","SO42- in PM2.5","sulphate in PM2.5 (aerosol)","P1Y","Annual mean / 1 calendar year","2016","3.710","ug/m3","0.01","1","Background","Urban","3.7293","51.0583","5.0","Gent                                                                            ","BE003C1                                           ","263687","E1a/validated data AQ e-Reporting","18/03/2023 21:08:58","http://fme.discomap.eea.europa.eu/fmedatastreaming/AirQualityDownload/AQData_Extract.fmw?CountryCode=BE&CityName=&Pollutant=1047&Year_from=2016&Year_to=2016&Station=STA-BEGR701&Samplingpoint=&Source=E1a&Output=HTML&UpdateDate="
"Belgium","NET-Flanders","Flanders","BEGR801","26R801 - BORGERHOUT","SPO-BEGR801_01046_100","NO3- in PM2.5","Nitrate in PM2.5 (aerosol)","P1Y","Annual mean / 1 calendar year","2016","6.610","ug/m3","0.01","1","Background","Urban","4.4318","51.2097","6.0","Antwerpen                                                                       ","BE002C1                                           ","530014","E1a/validated data AQ e-Reporting","18/03/2023 21:08:58","http://fme.discomap.eea.europa.eu/fmedatastreaming/AirQualityDownload/AQData_Extract.fmw?CountryCode=BE&CityName=&Pollutant=1046&Year_from=2016&Year_to=2016&Station=STA-BEGR801&Samplingpoint=&Source=E1a&Output=HTML&UpdateDate="
"Belgium","NET-Flanders","Flanders","BEMBE02","00BE02 - BEERSE","SPO-BEMBE02_05014_100","Cd in PM10","Cadmium in PM10 (aerosol)","P1Y","Annual mean / 1 calendar year","2016","0.400","ng/m3","0.01","1","Industrial","Suburban","4.8028","51.3321","29.0","","","","E1a/validated data AQ e-Reporting","18/03/2023 21:08:58","http://fme.discomap.eea.europa.eu/fmedatastreaming/AirQualityDownload/AQData_Extract.fmw?CountryCode=BE&CityName=&Pollutant=5014&Year_from=2016&Year_to=2016&Station=STA-BEMBE02&Samplingpoint=&Source=E1a&Output=HTML&UpdateDate="
"Belgium","NET-Flanders","Flanders","BETE811","47E811 - DIEPENBEEK","SPO-BETE811_00008_100","NO2","Nitrogen dioxide (air)","P1Y-P1D-per99","1 year 99 percentile of daily means (P1D) or .../aq/primaryObservation/day","2016","55.396","ug/m3","55.46","1","Industrial","Rural","5.4182","50.8969","59.0","","","","E1a/validated data AQ e-Reporting","18/03/2023 22:10:34","http://fme.discomap.eea.europa.eu/fmedatastreaming/AirQualityDownload/AQData_Extract.fmw?CountryCode=BE&CityName=&Pollutant=8&Year_from=2016&Year_to=2016&Station=STA-BETE811&Samplingpoint=&Source=E1a&Output=HTML&UpdateDate="
"Belgium","NET-Flanders","Flanders","BETN040","42N040 - ST.P.LEEUWG","SPO-BETN040_00007_100","O3","Ozone (air)","P1Y-dmax-per93.15","1 year 93.15 percentile daily 8h maximum","2016","108.571","ug/m3","92.62","1","Background","Rural","4.2252","50.7681","20.0","","","","E1a/validated data AQ e-Reporting","18/03/2023 22:12:55","http://fme.discomap.eea.europa.eu/fmedatastreaming/AirQualityDownload/AQData_Extract.fmw?CountryCode=BE&CityName=&Pollutant=7&Year_from=2016&Year_to=2016&Station=STA-BETN040&Samplingpoint=&Source=E1a&Output=HTML&UpdateDate="
"Belgium","NET-Flanders","Flanders","BETE812","47E812 - GENK","SPO-BETE812_00008_100","NO2","Nitrogen dioxide (air)","P1Y-day-min","1 year day min","2016","4.068","ug/m3","56.83","1","Industrial","Suburban","5.5377","50.9680","82.0","","","","E1a/validated data AQ e-Reporting","18/03/2023 21:56:03","http://fme.discomap.eea.europa.eu/fmedatastreaming/AirQualityDownload/AQData_Extract.fmw?CountryCode=BE&CityName=&Pollutant=8&Year_from=2016&Year_to=2016&Station=STA-BETE812&Samplingpoint=&Source=E1a&Output=HTML&UpdateDate="
"Belgium","NET-Flanders","Flanders","BELWZ02","40WZ02 - MOL","SPO-BELWZ02_00001_100","SO2","Sulphur dioxide (air)","P1Y-daysAbove125","1 year day exceed 125","2016","1.000","count","99.45","1","Industrial","Rural","5.2215","51.1928","40.0","","","","E1a/validated data AQ e-Reporting","18/03/2023 22:23:37","http://fme.discomap.eea.europa.eu/fmedatastreaming/AirQualityDownload/AQData_Extract.fmw?CountryCode=BE&CityName=&Pollutant=1&Year_from=2016&Year_to=2016&Station=STA-BELWZ02&Samplingpoint=&Source=E1a&Output=HTML&UpdateDate="
"Belgium","NET-Flanders","Flanders","BETN012","44N012 - MOERKERKE","SPO-BETN012_00005_100","PM10","Particulate matter < 10 µm (aerosol)","P1Y-day-min","1 year day min","2016","6.704","ug/m3","99.45","1","Background","Rural","3.3625","51.2546","3.0","","","","E1a/validated data AQ e-Reporting","18/03/2023 21:55:13","http://fme.discomap.eea.europa.eu/fmedatastreaming/AirQualityDownload/AQData_Extract.fmw?CountryCode=BE&CityName=&Pollutant=5&Year_from=2016&Year_to=2016&Station=STA-BETN012&Samplingpoint=&Source=E1a&Output=HTML&UpdateDate="
"Belgium","NET-Brussels","Brussels","BETR012","41R012 - UCCLE","SPO-BETR012_00007_100","O3","Ozone (air)","P1Y","Annual mean / 1 calendar year","2016","42.886","ug/m3","96.99","1","Background","Suburban","4.3586","50.7966","101.0","Bruxelles / Brussel                                                             ","BE001C1                                           ","1223364","E1a/validated data AQ e-Reporting","18/03/2023 21:08:58","http://fme.discomap.eea.europa.eu/fmedatastreaming/AirQualityDownload/AQData_Extract.fmw?CountryCode=BE&CityName=&Pollutant=7&Year_from=2016&Year_to=2016&Station=STA-BETR012&Samplingpoint=&Source=E1a&Output=HTML&UpdateDate="
"Belgium","NET-Brussels","Brussels","BETR012","41R012 - UCCLE","SPO-BETR012_00005_100","PM10","Particulate matter < 10 µm (aerosol)","P1Y-day-min","1 year day min","2016","5.417","ug/m3","91.53","1","Background","Suburban","4.3586","50.7966","101.0","Bruxelles / Brussel                                                             ","BE001C1                                           ","1223364","E1a/validated data AQ e-Reporting","18/03/2023 21:55:13","http://fme.discomap.eea.europa.eu/fmedatastreaming/AirQualityDownload/AQData_Extract.fmw?CountryCode=BE&CityName=&Pollutant=5&Year_from=2016&Year_to=2016&Station=STA-BETR012&Samplingpoint=&Source=E1a&Output=HTML&UpdateDate="
"Belgium","NET-Brussels","Brussels","BETR001","41R001 - MOLENBEEK","SPO-BETR001_00005_100","PM10","Particulate matter < 10 µm (aerosol)","P1Y-daysAbove50","1 year day exceed 50","2016","8.000","count","84.43","1","Background","Urban","4.3341","50.8497","20.0","Bruxelles / Brussel                                                             ","BE001C1                                           ","1223364","E1a/validated data AQ e-Reporting","18/03/2023 22:27:00","http://fme.discomap.eea.europa.eu/fmedatastreaming/AirQualityDownload/AQData_Extract.fmw?CountryCode=BE&CityName=&Pollutant=5&Year_from=2016&Year_to=2016&Station=STA-BETR001&Samplingpoint=&Source=E1a&Output=HTML&UpdateDate="
"Belgium","NET-Brussels","Brussels","BETR001","41R001 - MOLENBEEK","SPO-BETR001_00007_100","O3","Ozone (air)","P1Y-dx-avg","1 year daymax average","2016","50.731","ug/m3","90.98","1","Background","Urban","4.3341","50.8497","20.0","Bruxelles / Brussel                                                             ","BE001C1                                           ","1223364","E1a/validated data AQ e-Reporting","18/03/2023 22:27:48","http://fme.discomap.eea.europa.eu/fmedatastreaming/AirQualityDownload/AQData_Extract.fmw?CountryCode=BE&CityName=&Pollutant=7&Year_from=2016&Year_to=2016&Station=STA-BETR001&Samplingpoint=&Source=E1a&Output=HTML&UpdateDate="
"Belgium","NET-Flanders","Flanders","BELLM05","40LM05 - LOMMEL","SPO-BELLM05_00001_100","SO2","Sulphur dioxide (air)","P1Y-day-max4","1 year day max 4","2016","29.854","ug/m3","85.79","1","Industrial","Rural","5.2581","51.2151","2.0","","","","E1a/validated data AQ e-Reporting","18/03/2023 22:31:46","http://fme.discomap.eea.europa.eu/fmedatastreaming/AirQualityDownload/AQData_Extract.fmw?CountryCode=BE&CityName=&Pollutant=1&Year_from=2016&Year_to=2016&Station=STA-BELLM05&Samplingpoint=&Source=E1a&Output=HTML&UpdateDate="
"Belgium","NET-Flanders","Flanders","BETN045","42N045 - HASSELT","SPO-BETN045_00008_100","NO2","Nitrogen dioxide (air)","P1Y","Annual mean / 1 calendar year","2016","23.661","ug/m3","96.78","1","Background","Suburban","5.3684","50.9397","41.0","","","","E1a/validated data AQ e-Reporting","18/03/2023 21:08:58","http://fme.discomap.eea.europa.eu/fmedatastreaming/AirQualityDownload/AQData_Extract.fmw?CountryCode=BE&CityName=&Pollutant=8&Year_from=2016&Year_to=2016&Station=STA-BETN045&Samplingpoint=&Source=E1a&Output=HTML&UpdateDate="
"Belgium","NET-Flanders","Flanders","BEDHZ02","65HZ02 - HEUZDEN-ZOLDER
","SPO-BEDHZ02_07406_100","Chrysene","Chrysene (precip+dry_dep)","P1Y","Annual mean / 1 calendar year","2016","31.857","ng/m2/day","22.95","1","Industrial","Suburban","5.2477","50.9943","0.0","","","","E1a/validated data AQ e-Reporting","18/03/2023 21:08:58","http://fme.discomap.eea.europa.eu/fmedatastreaming/AirQualityDownload/AQData_Extract.fmw?CountryCode=BE&CityName=&Pollutant=7406&Year_from=2016&Year_to=2016&Station=STA-BEDHZ02&Samplingpoint=&Source=E1a&Output=HTML&UpdateDate="
"Belgium","NET-Flanders","Flanders","BETN029","44N029 - HOUTEM","SPO-BETN029_00008_100","NO2","Nitrogen dioxide (air)","P1Y-hr-per50","1 year 50 percentile","2016","8.000","ug/m3","96.62","1","Background","Rural","2.5823","51.0163","2.0","","","","E1a/validated data AQ e-Reporting","18/03/2023 22:05:49","http://fme.discomap.eea.europa.eu/fmedatastreaming/AirQualityDownload/AQData_Extract.fmw?CountryCode=BE&CityName=&Pollutant=8&Year_from=2016&Year_to=2016&Station=STA-BETN029&Samplingpoint=&Source=E1a&Output=HTML&UpdateDate="
"Belgium","NET-Flanders","Flanders","BETE812","47E812 - GENK","SPO-BETE812_00001_100","SO2","Sulphur dioxide (air)","P1Y-day-per50","1 year 50 %ile of daily values in a year","2016","1.000","ug/m3","47.27","1","Industrial","Suburban","5.5377","50.9680","82.0","","","","E1a/validated data AQ e-Reporting","18/03/2023 22:14:46","http://fme.discomap.eea.europa.eu/fmedatastreaming/AirQualityDownload/AQData_Extract.fmw?CountryCode=BE&CityName=&Pollutant=1&Year_from=2016&Year_to=2016&Station=STA-BETE812&Samplingpoint=&Source=E1a&Output=HTML&UpdateDate="
"Belgium","NET-Flanders","Flanders","BETN035","42N035 - AARSCHOT","SPO-BETN035_00001_100","SO2","Sulphur dioxide (air)","P1Y-daysAbove125","1 year day exceed 125","2016","0.000","count","98.91","1","Background","Rural","4.8376","50.9775","55.0","","","","E1a/validated data AQ e-Reporting","18/03/2023 22:23:37","http://fme.discomap.eea.europa.eu/fmedatastreaming/AirQualityDownload/AQData_Extract.fmw?CountryCode=BE&CityName=&Pollutant=1&Year_from=2016&Year_to=2016&Station=STA-BETN035&Samplingpoint=&Source=E1a&Output=HTML&UpdateDate="
"Belgium","NET-Flanders","Flanders","BETN029","44N029 - HOUTEM","SPO-BETN029_00001_100","SO2","Sulphur dioxide (air)","P1Y-day-max4","1 year day max 4","2016","2.313","ug/m3","98.63","1","Background","Rural","2.5823","51.0163","2.0","","","","E1a/validated data AQ e-Reporting","18/03/2023 22:31:46","http://fme.discomap.eea.europa.eu/fmedatastreaming/AirQualityDownload/AQData_Extract.fmw?CountryCode=BE&CityName=&Pollutant=1&Year_from=2016&Year_to=2016&Station=STA-BETN029&Samplingpoint=&Source=E1a&Output=HTML&UpdateDate="
"Belgium","NET-Flanders","Flanders","BELHB23","40HB23 - HOBOKEN","SPO-BELHB23_00001_100","SO2","Sulphur dioxide (air)","P1Y-daysAbove125","1 year day exceed 125","2016","0.000","count","96.45","1","Industrial","Suburban","4.3410","51.1703","13.0","Antwerpen                                                                       ","BE002C1                                           ","530014","E1a/validated data AQ e-Reporting","18/03/2023 22:23:37","http://fme.discomap.eea.europa.eu/fmedatastreaming/AirQualityDownload/AQData_Extract.fmw?CountryCode=BE&CityName=&Pollutant=1&Year_from=2016&Year_to=2016&Station=STA-BELHB23&Samplingpoint=&Source=E1a&Output=HTML&UpdateDate="
"Belgium","NET-Flanders","Flanders","BELHB23","40HB23 - HOBOKEN","SPO-BELHB23_00005_100","PM10","Particulate matter < 10 µm (aerosol)","P1Y","Annual mean / 1 calendar year","2016","24.956","ug/m3","97.93","1","Industrial","Suburban","4.3410","51.1703","13.0","Antwerpen                                                                       ","BE002C1                                           ","530014","E1a/validated data AQ e-Reporting","18/03/2023 21:08:58","http://fme.discomap.eea.europa.eu/fmedatastreaming/AirQualityDownload/AQData_Extract.fmw?CountryCode=BE&CityName=&Pollutant=5&Year_from=2016&Year_to=2016&Station=STA-BELHB23&Samplingpoint=&Source=E1a&Output=HTML&UpdateDate="
"Belgium","NET-Brussels","Brussels","BETMEU1","41MEU1 - MEUDON","SPO-BETMEU1_00001_100","SO2","Sulphur dioxide (air)","P1Y-hr-max25","1 year hour max 25","2016","4.500","ug/m3","14.09","1","Background","Suburban","4.3957","50.8950","34.0","Bruxelles / Brussel                                                             ","BE001C1                                           ","1223364","E1a/validated data AQ e-Reporting","18/03/2023 22:33:20","http://fme.discomap.eea.europa.eu/fmedatastreaming/AirQualityDownload/AQData_Extract.fmw?CountryCode=BE&CityName=&Pollutant=1&Year_from=2016&Year_to=2016&Station=STA-BETMEU1&Samplingpoint=&Source=E1a&Output=HTML&UpdateDate="
"Belgium","NET-Brussels","Brussels","BETMEU1","41MEU1 - MEUDON","SPO-BETMEU1_00005_100","PM10","Particulate matter < 10 µm (aerosol)","P1Y-hr-max","1 year hour max","2016","529.000","ug/m3","92.99","1","Background","Suburban","4.3957","50.8950","34.0","Bruxelles / Brussel                                                             ","BE001C1                                           ","1223364","E1a/validated data AQ e-Reporting","18/03/2023 21:57:02","http://fme.discomap.eea.europa.eu/fmedatastreaming/AirQualityDownload/AQData_Extract.fmw?CountryCode=BE&CityName=&Pollutant=5&Year_from=2016&Year_to=2016&Station=STA-BETMEU1&Samplingpoint=&Source=E1a&Output=HTML&UpdateDate="
"Belgium","NET-Brussels","Brussels","BETR002","41R002 - IXELLES","SPO-BETR002_00001_100","SO2","Sulphur dioxide (air)","P1Y-day-max4","1 year day max 4","2016","5.543","ug/m3","97.81","1","Traffic","Urban","4.3846","50.8251","76.0","Bruxelles / Brussel                                                             ","BE001C1                                           ","1223364","E1a/validated data AQ e-Reporting","18/03/2023 22:31:46","http://fme.discomap.eea.europa.eu/fmedatastreaming/AirQualityDownload/AQData_Extract.fmw?CountryCode=BE&CityName=&Pollutant=1&Year_from=2016&Year_to=2016&Station=STA-BETR002&Samplingpoint=&Source=E1a&Output=HTML&UpdateDate="
"Belgium","NET-Flanders","Flanders","BETN029","44N029 - HOUTEM","SPO-BETN029_00001_100","SO2","Sulphur dioxide (air)","P1Y-hr-max","1 year hour max","2016","13.000","ug/m3","96.66","1","Background","Rural","2.5823","51.0163","2.0","","","","E1a/validated data AQ e-Reporting","18/03/2023 21:57:02","http://fme.discomap.eea.europa.eu/fmedatastreaming/AirQualityDownload/AQData_Extract.fmw?CountryCode=BE&CityName=&Pollutant=1&Year_from=2016&Year_to=2016&Station=STA-BETN029&Samplingpoint=&Source=E1a&Output=HTML&UpdateDate="
"Belgium","NET-Flanders","Flanders","BEGR801","26R801 - BORGERHOUT","SPO-BEGR801_01659_100","Mg2+ in PM2.5","magnesium in PM2.5 (aerosol)","P1Y","Annual mean / 1 calendar year","2016","0.020","ug/m3","0.01","1","Background","Urban","4.4318","51.2097","6.0","Antwerpen                                                                       ","BE002C1                                           ","530014","E1a/validated data AQ e-Reporting","18/03/2023 21:08:58","http://fme.discomap.eea.europa.eu/fmedatastreaming/AirQualityDownload/AQData_Extract.fmw?CountryCode=BE&CityName=&Pollutant=1659&Year_from=2016&Year_to=2016&Station=STA-BEGR801&Samplingpoint=&Source=E1a&Output=HTML&UpdateDate="
"Belgium","NET-Flanders","Flanders","BETN051","44N051 - IDEGEM","SPO-BETN051_00008_100","NO2","Nitrogen dioxide (air)","P1Y-3hAbove400","3 consecutive hours in exceedance of 400","2016","0.000","count","94.59","1","Background","Rural","3.9303","50.7989","15.0","","","","E1a/validated data AQ e-Reporting","18/03/2023 22:22:30","http://fme.discomap.eea.europa.eu/fmedatastreaming/AirQualityDownload/AQData_Extract.fmw?CountryCode=BE&CityName=&Pollutant=8&Year_from=2016&Year_to=2016&Station=STA-BETN051&Samplingpoint=&Source=E1a&Output=HTML&UpdateDate="
"Belgium","NET-Flanders","Flanders","BETN051","44N051 - IDEGEM","SPO-BETN051_00008_100","NO2","Nitrogen dioxide (air)","P1Y-P1D-per99","1 year 99 percentile of daily means (P1D) or .../aq/primaryObservation/day","2016","42.063","ug/m3","98.36","1","Background","Rural","3.9303","50.7989","15.0","","","","E1a/validated data AQ e-Reporting","18/03/2023 22:10:34","http://fme.discomap.eea.europa.eu/fmedatastreaming/AirQualityDownload/AQData_Extract.fmw?CountryCode=BE&CityName=&Pollutant=8&Year_from=2016&Year_to=2016&Station=STA-BETN051&Samplingpoint=&Source=E1a&Output=HTML&UpdateDate="
"Belgium","NET-Flanders","Flanders","BETR020","42R020 - VILVOORDE","SPO-BETR020_00001_100","SO2","Sulphur dioxide (air)","P1Y-day-max4","1 year day max 4","2016","4.652","ug/m3","99.45","1","Background","Suburban","4.4367","50.9414","12.0","","","","E1a/validated data AQ e-Reporting","18/03/2023 22:31:46","http://fme.discomap.eea.europa.eu/fmedatastreaming/AirQualityDownload/AQData_Extract.fmw?CountryCode=BE&CityName=&Pollutant=1&Year_from=2016&Year_to=2016&Station=STA-BETR020&Samplingpoint=&Source=E1a&Output=HTML&UpdateDate="
"Belgium","NET-Flanders","Flanders","BETM802","42M802 - ANTWERPEN","SPO-BETM802_00391_100","Black Carbon","black_carbon (aerosol)","P1Y-hr-max","1 year hour max","2016","13.780","ug/m3","98.13","1","Industrial","Suburban","4.4244","51.2610","3.0","Antwerpen                                                                       ","BE002C1                                           ","530014","E1a/validated data AQ e-Reporting","18/03/2023 21:57:02","http://fme.discomap.eea.europa.eu/fmedatastreaming/AirQualityDownload/AQData_Extract.fmw?CountryCode=BE&CityName=&Pollutant=391&Year_from=2016&Year_to=2016&Station=STA-BETM802&Samplingpoint=&Source=E1a&Output=HTML&UpdateDate="
"Belgium","NET-Flanders","Flanders","BETN045","42N045 - HASSELT","SPO-BETN045_00007_100","O3","Ozone (air)","P1Y-dmax-per93.15","1 year 93.15 percentile daily 8h maximum","2016","114.563","ug/m3","95.63","1","Background","Suburban","5.3684","50.9397","41.0","","","","E1a/validated data AQ e-Reporting","18/03/2023 22:12:55","http://fme.discomap.eea.europa.eu/fmedatastreaming/AirQualityDownload/AQData_Extract.fmw?CountryCode=BE&CityName=&Pollutant=7&Year_from=2016&Year_to=2016&Station=STA-BETN045&Samplingpoint=&Source=E1a&Output=HTML&UpdateDate="
"Belgium","NET-Flanders","Flanders","BETE812","47E812 - GENK","SPO-BETE812_00008_100","NO2","Nitrogen dioxide (air)","P1Y-hr-max-per99.79","1 year 99.79 %ile of hourly values in a given year","2016","69.000","ug/m3","54.46","1","Industrial","Suburban","5.5377","50.9680","82.0","","","","E1a/validated data AQ e-Reporting","18/03/2023 22:07:35","http://fme.discomap.eea.europa.eu/fmedatastreaming/AirQualityDownload/AQData_Extract.fmw?CountryCode=BE&CityName=&Pollutant=8&Year_from=2016&Year_to=2016&Station=STA-BETE812&Samplingpoint=&Source=E1a&Output=HTML&UpdateDate="
"Belgium","NET-Flanders","Flanders","BETN045","42N045 - HASSELT","SPO-BETN045_00020_100","C6H6","Benzene (air)","P1Y-day-min","1 year day min","2016","0.220","ug/m3","8.47","1","Background","Suburban","5.3684","50.9397","41.0","","","","E1a/validated data AQ e-Reporting","18/03/2023 21:55:46","http://fme.discomap.eea.europa.eu/fmedatastreaming/AirQualityDownload/AQData_Extract.fmw?CountryCode=BE&CityName=&Pollutant=20&Year_from=2016&Year_to=2016&Station=STA-BETN045&Samplingpoint=&Source=E1a&Output=HTML&UpdateDate="
"Belgium","NET-Flanders","Flanders","BETN012","44N012 - MOERKERKE","SPO-BETN012_00007_100","O3","Ozone (air)","summer-avg","Summer mean","2016","55.801","ug/m3","97.72","1","Background","Rural","3.3625","51.2546","3.0","","","","E1a/validated data AQ e-Reporting","18/03/2023 22:50:22","http://fme.discomap.eea.europa.eu/fmedatastreaming/AirQualityDownload/AQData_Extract.fmw?CountryCode=BE&CityName=&Pollutant=7&Year_from=2016&Year_to=2016&Station=STA-BETN012&Samplingpoint=&Source=E1a&Output=HTML&UpdateDate="
"Belgium","NET-Flanders","Flanders","BETN016","42N016 - DESSEL","SPO-BETN016_00001_100","SO2","Sulphur dioxide (air)","P1Y-hr-max","1 year hour max","2016","91.500","ug/m3","97.22","1","Background","Rural","5.1640","51.2337","30.0","","","","E1a/validated data AQ e-Reporting","18/03/2023 21:57:02","http://fme.discomap.eea.europa.eu/fmedatastreaming/AirQualityDownload/AQData_Extract.fmw?CountryCode=BE&CityName=&Pollutant=1&Year_from=2016&Year_to=2016&Station=STA-BETN016&Samplingpoint=&Source=E1a&Output=HTML&UpdateDate="
"Belgium","NET-Brussels","Brussels","BETWOL1","41WOL1 - WOL.ST.L.","SPO-BETWOL1_00007_100","O3","Ozone (air)","P1Y-hr-per50","1 year 50 percentile","2016","30.000","ug/m3","97.13","1","Traffic","Suburban","4.4258","50.8567","78.0","Bruxelles / Brussel                                                             ","BE001C1                                           ","1223364","E1a/validated data AQ e-Reporting","18/03/2023 22:05:49","http://fme.discomap.eea.europa.eu/fmedatastreaming/AirQualityDownload/AQData_Extract.fmw?CountryCode=BE&CityName=&Pollutant=7&Year_from=2016&Year_to=2016&Station=STA-BETWOL1&Samplingpoint=&Source=E1a&Output=HTML&UpdateDate="
"Belgium","NET-Flanders","Flanders","BEDGI04","65GI04 - GRIMBERGEN
","SPO-BEDGI04_07435_100","Fluorene","Fluorene (precip+dry_dep)","P1Y","Annual mean / 1 calendar year","2016","7.267","ng/m2/day","22.95","1","Background","Suburban","4.4022","50.9352","0.0","","","","E1a/validated data AQ e-Reporting","18/03/2023 21:08:58","http://fme.discomap.eea.europa.eu/fmedatastreaming/AirQualityDownload/AQData_Extract.fmw?CountryCode=BE&CityName=&Pollutant=7435&Year_from=2016&Year_to=2016&Station=STA-BEDGI04&Samplingpoint=&Source=E1a&Output=HTML&UpdateDate="
"Belgium","NET-Brussels","Brussels","BETN043","41N043 - HAREN","SPO-BETN043_00001_100","SO2","Sulphur dioxide (air)","P1Y-hr-max","1 year hour max","2016","17.400","ug/m3","97.60","1","Industrial","Suburban","4.3830","50.8837","17.0","Bruxelles / Brussel                                                             ","BE001C1                                           ","1223364","E1a/validated data AQ e-Reporting","18/03/2023 21:57:02","http://fme.discomap.eea.europa.eu/fmedatastreaming/AirQualityDownload/AQData_Extract.fmw?CountryCode=BE&CityName=&Pollutant=1&Year_from=2016&Year_to=2016&Station=STA-BETN043&Samplingpoint=&Source=E1a&Output=HTML&UpdateDate="
"Belgium","NET-Flanders","Flanders","BEDNE02","65NE02 - NIEL
","SPO-BEDNE02_07380_100","Benzo(b,j,k)fluoranthene","Benzo(b,j,k)fluoranthene (precip+dry_dep)","P1Y","Annual mean / 1 calendar year","2016","17.883","ng/m2/day","22.95","1","Background","Rural","4.3353","51.0990","0.0","","","","E1a/validated data AQ e-Reporting","18/03/2023 21:08:58","http://fme.discomap.eea.europa.eu/fmedatastreaming/AirQualityDownload/AQData_Extract.fmw?CountryCode=BE&CityName=&Pollutant=7380&Year_from=2016&Year_to=2016&Station=STA-BEDNE02&Samplingpoint=&Source=E1a&Output=HTML&UpdateDate="
"Belgium","NET-Flanders","Flanders","BELAL01","40AL01 - LINKEROEVER","SPO-BELAL01_00391_100","Black Carbon","black_carbon (aerosol)","P1Y-hr-per50","1 year 50 percentile","2016","0.860","ug/m3","92.09","1","Industrial","Suburban","4.3852","51.2362","10.0","Antwerpen                                                                       ","BE002C1                                           ","530014","E1a/validated data AQ e-Reporting","18/03/2023 22:05:49","http://fme.discomap.eea.europa.eu/fmedatastreaming/AirQualityDownload/AQData_Extract.fmw?CountryCode=BE&CityName=&Pollutant=391&Year_from=2016&Year_to=2016&Station=STA-BELAL01&Samplingpoint=&Source=E1a&Output=HTML&UpdateDate="
"Belgium","NET-Brussels","Brussels","BETB011","41B011 - BERCHEM S.A","SPO-BETB011_00008_100","NO2","Nitrogen dioxide (air)","P1Y-P1D-per99","1 year 99 percentile of daily means (P1D) or .../aq/primaryObservation/day","2016","63.000","ug/m3","99.73","1","Background","Suburban","4.2887","50.8578","66.0","Bruxelles / Brussel                                                             ","BE001C1                                           ","1223364","E1a/validated data AQ e-Reporting","18/03/2023 22:10:34","http://fme.discomap.eea.europa.eu/fmedatastreaming/AirQualityDownload/AQData_Extract.fmw?CountryCode=BE&CityName=&Pollutant=8&Year_from=2016&Year_to=2016&Station=STA-BETB011&Samplingpoint=&Source=E1a&Output=HTML&UpdateDate="
"Belgium","NET-Flanders","Flanders","BETR750","44R750 - ZELZATE","SPO-BETR750_00008_100","NO2","Nitrogen dioxide (air)","P3Y","3 subsequent calendar years mean","2016","26.688","ug/m3","94.45","1","Industrial","Rural","3.8229","51.1961","6.0","","","","E1a/validated data AQ e-Reporting","18/03/2023 21:36:00","http://fme.discomap.eea.europa.eu/fmedatastreaming/AirQualityDownload/AQData_Extract.fmw?CountryCode=BE&CityName=&Pollutant=8&Year_from=2016&Year_to=2016&Station=STA-BETR750&Samplingpoint=&Source=E1a&Output=HTML&UpdateDate="
"Belgium","NET-Flanders","Flanders","BETR750","44R750 - ZELZATE","SPO-BETR750_06001_100","PM2.5","Particulate matter < 2.5 µm (aerosol)","P1Y-hr-min","1 year hour min","2016","1.000","ug/m3","98.74","1","Industrial","Rural","3.8229","51.1961","6.0","","","","E1a/validated data AQ e-Reporting","18/03/2023 22:31:20","http://fme.discomap.eea.europa.eu/fmedatastreaming/AirQualityDownload/AQData_Extract.fmw?CountryCode=BE&CityName=&Pollutant=6001&Year_from=2016&Year_to=2016&Station=STA-BETR750&Samplingpoint=&Source=E1a&Output=HTML&UpdateDate="
"Belgium","NET-Flanders","Flanders","BETN016","42N016 - DESSEL","SPO-BETN016_00001_100","SO2","Sulphur dioxide (air)","P1Y-hr-max25","1 year hour max 25","2016","23.000","ug/m3","97.22","1","Background","Rural","5.1640","51.2337","30.0","","","","E1a/validated data AQ e-Reporting","18/03/2023 22:33:20","http://fme.discomap.eea.europa.eu/fmedatastreaming/AirQualityDownload/AQData_Extract.fmw?CountryCode=BE&CityName=&Pollutant=1&Year_from=2016&Year_to=2016&Station=STA-BETN016&Samplingpoint=&Source=E1a&Output=HTML&UpdateDate="
"Belgium","NET-Flanders","Flanders","BETN016","42N016 - DESSEL","SPO-BETN016_00007_100","O3","Ozone (air)","P3Y","3 subsequent calendar years mean","2016","44.953","ug/m3","92.43","1","Background","Rural","5.1640","51.2337","30.0","","","","E1a/validated data AQ e-Reporting","18/03/2023 21:36:00","http://fme.discomap.eea.europa.eu/fmedatastreaming/AirQualityDownload/AQData_Extract.fmw?CountryCode=BE&CityName=&Pollutant=7&Year_from=2016&Year_to=2016&Station=STA-BETN016&Samplingpoint=&Source=E1a&Output=HTML&UpdateDate="
"Belgium","NET-Flanders","Flanders","BETN016","42N016 - DESSEL","SPO-BETN016_00008_100","NO2","Nitrogen dioxide (air)","P1Y-hrsAbove400","1 year hour exceed 400","2016","0.000","count","97.20","1","Background","Rural","5.1640","51.2337","30.0","","","","E1a/validated data AQ e-Reporting","18/03/2023 21:54:38","http://fme.discomap.eea.europa.eu/fmedatastreaming/AirQualityDownload/AQData_Extract.fmw?CountryCode=BE&CityName=&Pollutant=8&Year_from=2016&Year_to=2016&Station=STA-BETN016&Samplingpoint=&Source=E1a&Output=HTML&UpdateDate="
"Belgium","NET-Flanders","Flanders","BETR740","44R740 - ST.KRUIS-WI","SPO-BETR740_00008_100","NO2","Nitrogen dioxide (air)","P1Y-hr-min","1 year hour min","2016","1.000","ug/m3","96.32","1","Industrial","Rural","3.8087","51.1501","5.0","Gent                                                                            ","BE003C1                                           ","263687","E1a/validated data AQ e-Reporting","18/03/2023 22:31:20","http://fme.discomap.eea.europa.eu/fmedatastreaming/AirQualityDownload/AQData_Extract.fmw?CountryCode=BE&CityName=&Pollutant=8&Year_from=2016&Year_to=2016&Station=STA-BETR740&Samplingpoint=&Source=E1a&Output=HTML&UpdateDate="
"Belgium","NET-Flanders","Flanders","BETR750","44R750 - ZELZATE","SPO-BETR750_00008_100","NO2","Nitrogen dioxide (air)","P1Y-hr-max19","1 year hour max19","2016","89.500","ug/m3","94.17","1","Industrial","Rural","3.8229","51.1961","6.0","","","","E1a/validated data AQ e-Reporting","18/03/2023 22:34:35","http://fme.discomap.eea.europa.eu/fmedatastreaming/AirQualityDownload/AQData_Extract.fmw?CountryCode=BE&CityName=&Pollutant=8&Year_from=2016&Year_to=2016&Station=STA-BETR750&Samplingpoint=&Source=E1a&Output=HTML&UpdateDate="
"Belgium","NET-Flanders","Flanders","BETM705","44M705 - ROESELARE","SPO-BETM705_00007_100","O3","Ozone (air)","SOMO35","Sum of Ozone Means Over 35 ppb","2016","2081.325","ug/m3","92.35","1","Industrial","Suburban","3.1524","50.9454","19.0","","","","E1a/validated data AQ e-Reporting","18/03/2023 22:59:23","http://fme.discomap.eea.europa.eu/fmedatastreaming/AirQualityDownload/AQData_Extract.fmw?CountryCode=BE&CityName=&Pollutant=7&Year_from=2016&Year_to=2016&Station=STA-BETM705&Samplingpoint=&Source=E1a&Output=HTML&UpdateDate="
"Belgium","NET-Flanders","Flanders","BETN040","42N040 - ST.P.LEEUWG","SPO-BETN040_00008_100","NO2","Nitrogen dioxide (air)","P1Y-hrsAbove200","1 year hour exceed 200","2016","0.000","count","96.65","1","Background","Rural","4.2252","50.7681","20.0","","","","E1a/validated data AQ e-Reporting","18/03/2023 21:48:42","http://fme.discomap.eea.europa.eu/fmedatastreaming/AirQualityDownload/AQData_Extract.fmw?CountryCode=BE&CityName=&Pollutant=8&Year_from=2016&Year_to=2016&Station=STA-BETN040&Samplingpoint=&Source=E1a&Output=HTML&UpdateDate="
"Belgium","NET-Flanders","Flanders","BETN045","42N045 - HASSELT","SPO-BETN045_00005_100","PM10","Particulate matter < 10 µm (aerosol)","P1Y-hr-min","1 year hour min","2016","3.600","ug/m3","99.54","1","Background","Suburban","5.3684","50.9397","41.0","","","","E1a/validated data AQ e-Reporting","18/03/2023 22:31:20","http://fme.discomap.eea.europa.eu/fmedatastreaming/AirQualityDownload/AQData_Extract.fmw?CountryCode=BE&CityName=&Pollutant=5&Year_from=2016&Year_to=2016&Station=STA-BETN045&Samplingpoint=&Source=E1a&Output=HTML&UpdateDate="
"Belgium","NET-Flanders","Flanders","BETN045","42N045 - HASSELT","SPO-BETN045_00007_100","O3","Ozone (air)","P1Y-dmax-per99","1 year 99 percentile daily 8h maximum","2016","147.188","ug/m3","95.63","1","Background","Suburban","5.3684","50.9397","41.0","","","","E1a/validated data AQ e-Reporting","18/03/2023 22:13:26","http://fme.discomap.eea.europa.eu/fmedatastreaming/AirQualityDownload/AQData_Extract.fmw?CountryCode=BE&CityName=&Pollutant=7&Year_from=2016&Year_to=2016&Station=STA-BETN045&Samplingpoint=&Source=E1a&Output=HTML&UpdateDate="
"Belgium","NET-Flanders","Flanders","BETN040","42N040 - ST.P.LEEUWG","SPO-BETN040_00007_100","O3","Ozone (air)","P3Y-dmaxAbove120","Daymax exceed 120 averaged over 3 consecutive years","2016","9.333","count","100.00","1","Background","Rural","4.2252","50.7681","20.0","","","","E1a/validated data AQ e-Reporting","18/03/2023 22:34:54","http://fme.discomap.eea.europa.eu/fmedatastreaming/AirQualityDownload/AQData_Extract.fmw?CountryCode=BE&CityName=&Pollutant=7&Year_from=2016&Year_to=2016&Station=STA-BETN040&Samplingpoint=&Source=E1a&Output=HTML&UpdateDate="
"Belgium","NET-Brussels","Brussels","BETN043","41N043 - HAREN","SPO-BETN043_00005_100","PM10","Particulate matter < 10 µm (aerosol)","P1Y-daysAbove50","1 year day exceed 50","2016","15.000","count","96.72","1","Industrial","Suburban","4.3830","50.8837","17.0","Bruxelles / Brussel                                                             ","BE001C1                                           ","1223364","E1a/validated data AQ e-Reporting","18/03/2023 22:27:00","http://fme.discomap.eea.europa.eu/fmedatastreaming/AirQualityDownload/AQData_Extract.fmw?CountryCode=BE&CityName=&Pollutant=5&Year_from=2016&Year_to=2016&Station=STA-BETN043&Samplingpoint=&Source=E1a&Output=HTML&UpdateDate="
"Belgium","NET-Flanders","Flanders","BELTS12","40TS12 - TESSENDERLO","SPO-BELTS12_04013_100","Hg0","Elemental Gaseous Mercury (air+aerosol)","P1Y-hr-per50","1 year 50 percentile","2016","3.350","ng/m3","97.55","1","Industrial","Suburban","5.0939","51.0634","32.0","","","","E1a/validated data AQ e-Reporting","18/03/2023 22:05:49","http://fme.discomap.eea.europa.eu/fmedatastreaming/AirQualityDownload/AQData_Extract.fmw?CountryCode=BE&CityName=&Pollutant=4013&Year_from=2016&Year_to=2016&Station=STA-BELTS12&Samplingpoint=&Source=E1a&Output=HTML&UpdateDate="
"Belgium","NET-Flanders","Flanders","BELZL01","40ZL01 - ZELZATE","SPO-BELZL01_00020_100","C6H6","Benzene (air)","P1Y-day-per50","1 year 50 %ile of daily values in a year","2016","0.860","ug/m3","92.90","1","Industrial","Suburban","3.8084","51.2031","6.0","","","","E1a/validated data AQ e-Reporting","18/03/2023 22:13:51","http://fme.discomap.eea.europa.eu/fmedatastreaming/AirQualityDownload/AQData_Extract.fmw?CountryCode=BE&CityName=&Pollutant=20&Year_from=2016&Year_to=2016&Station=STA-BELZL01&Samplingpoint=&Source=E1a&Output=HTML&UpdateDate="
"Belgium","NET-Brussels","Brussels","BETR012","41R012 - UCCLE","SPO-BETR012_00391_100","Black Carbon","black_carbon (aerosol)","P1Y","Annual mean / 1 calendar year","2016","0.734","ug/m3","97.35","1","Background","Suburban","4.3586","50.7966","101.0","Bruxelles / Brussel                                                             ","BE001C1                                           ","1223364","E1a/validated data AQ e-Reporting","18/03/2023 21:08:58","http://fme.discomap.eea.europa.eu/fmedatastreaming/AirQualityDownload/AQData_Extract.fmw?CountryCode=BE&CityName=&Pollutant=391&Year_from=2016&Year_to=2016&Station=STA-BETR012&Samplingpoint=&Source=E1a&Output=HTML&UpdateDate="
"Belgium","NET-Flanders","Flanders","BEMBE01","00BE01 - BEERSE","SPO-BEMBE01_05012_100","Pb in PM10","Lead in PM10 (aerosol)","P1Y","Annual mean / 1 calendar year","2016","0.328","ug/m3","99.73","1","Industrial","Suburban","4.8213","51.3240","29.0","","","","E1a/validated data AQ e-Reporting","18/03/2023 21:08:58","http://fme.discomap.eea.europa.eu/fmedatastreaming/AirQualityDownload/AQData_Extract.fmw?CountryCode=BE&CityName=&Pollutant=5012&Year_from=2016&Year_to=2016&Station=STA-BEMBE01&Samplingpoint=&Source=E1a&Output=HTML&UpdateDate="
"Belgium","NET-Brussels","Brussels","BETWOL1","41WOL1 - WOL.ST.L.","SPO-BETWOL1_00005_100","PM10","Particulate matter < 10 µm (aerosol)","P1Y-day-min","1 year day min","2016","5.229","ug/m3","96.72","1","Traffic","Suburban","4.4258","50.8567","78.0","Bruxelles / Brussel                                                             ","BE001C1                                           ","1223364","E1a/validated data AQ e-Reporting","18/03/2023 21:55:13","http://fme.discomap.eea.europa.eu/fmedatastreaming/AirQualityDownload/AQData_Extract.fmw?CountryCode=BE&CityName=&Pollutant=5&Year_from=2016&Year_to=2016&Station=STA-BETWOL1&Samplingpoint=&Source=E1a&Output=HTML&UpdateDate="
"Belgium","NET-Flanders","Flanders","BETN045","42N045 - HASSELT","SPO-BETN045_00005_100","PM10","Particulate matter < 10 µm (aerosol)","P1Y-daysAbove50","1 year day exceed 50","2016","3.000","count","99.45","1","Background","Suburban","5.3684","50.9397","41.0","","","","E1a/validated data AQ e-Reporting","18/03/2023 22:27:00","http://fme.discomap.eea.europa.eu/fmedatastreaming/AirQualityDownload/AQData_Extract.fmw?CountryCode=BE&CityName=&Pollutant=5&Year_from=2016&Year_to=2016&Station=STA-BETN045&Samplingpoint=&Source=E1a&Output=HTML&UpdateDate="
"Belgium","NET-Flanders","Flanders","BEPR740","60R740 - Sint-Kruis-Winkel","SPO-BEPR740_05029_100","BaP in PM10","Benzo(a)pyrene in PM10 (aerosol)","P3Y","3 subsequent calendar years mean","2016","0.306","ng/m3","32.12","1","Industrial","Suburban","3.8087","51.1501","5.0","Gent                                                                            ","BE003C1                                           ","263687","E1a/validated data AQ e-Reporting","18/03/2023 21:36:00","http://fme.discomap.eea.europa.eu/fmedatastreaming/AirQualityDownload/AQData_Extract.fmw?CountryCode=BE&CityName=&Pollutant=5029&Year_from=2016&Year_to=2016&Station=STA-BEPR740&Samplingpoint=&Source=E1a&Output=HTML&UpdateDate="
"Belgium","NET-Flanders","Flanders","BELAL01","40AL01 - LINKEROEVER","SPO-BELAL01_06001_100","PM2.5","Particulate matter < 2.5 µm (aerosol)","P1Y","Annual mean / 1 calendar year","2016","13.487","ug/m3","97.61","1","Industrial","Suburban","4.3852","51.2362","10.0","Antwerpen                                                                       ","BE002C1                                           ","530014","E1a/validated data AQ e-Reporting","18/03/2023 21:08:58","http://fme.discomap.eea.europa.eu/fmedatastreaming/AirQualityDownload/AQData_Extract.fmw?CountryCode=BE&CityName=&Pollutant=6001&Year_from=2016&Year_to=2016&Station=STA-BELAL01&Samplingpoint=&Source=E1a&Output=HTML&UpdateDate="
"Belgium","NET-Flanders","Flanders","BETE716","47E716 - MARIAKERKE","SPO-BETE716_00008_100","NO2","Nitrogen dioxide (air)","P1Y-P1D-per99","1 year 99 percentile of daily means (P1D) or .../aq/primaryObservation/day","2016","58.417","ug/m3","98.36","1","Industrial","Suburban","3.6828","51.0670","8.0","Gent                                                                            ","BE003C1                                           ","263687","E1a/validated data AQ e-Reporting","18/03/2023 22:10:34","http://fme.discomap.eea.europa.eu/fmedatastreaming/AirQualityDownload/AQData_Extract.fmw?CountryCode=BE&CityName=&Pollutant=8&Year_from=2016&Year_to=2016&Station=STA-BETE716&Samplingpoint=&Source=E1a&Output=HTML&UpdateDate="
"Belgium","NET-Flanders","Flanders","BETM702","44M702 - ERTVELDE","SPO-BETM702_00008_100","NO2","Nitrogen dioxide (air)","P1Y","Annual mean / 1 calendar year","2016","21.338","ug/m3","93.52","1","Industrial","Rural","3.7621","51.1660","5.0","","","","E1a/validated data AQ e-Reporting","18/03/2023 21:08:58","http://fme.discomap.eea.europa.eu/fmedatastreaming/AirQualityDownload/AQData_Extract.fmw?CountryCode=BE&CityName=&Pollutant=8&Year_from=2016&Year_to=2016&Station=STA-BETM702&Samplingpoint=&Source=E1a&Output=HTML&UpdateDate="
"Belgium","NET-Flanders","Flanders","BETR731","44R731 - EVERGEM","SPO-BETR731_00001_100","SO2","Sulphur dioxide (air)","P1Y-hrsAbove350","1 year hour exceed 350","2016","0.000","count","96.58","1","Industrial","Rural","3.7395","51.1247","6.0","","","","E1a/validated data AQ e-Reporting","18/03/2023 21:52:12","http://fme.discomap.eea.europa.eu/fmedatastreaming/AirQualityDownload/AQData_Extract.fmw?CountryCode=BE&CityName=&Pollutant=1&Year_from=2016&Year_to=2016&Station=STA-BETR731&Samplingpoint=&Source=E1a&Output=HTML&UpdateDate="
"Belgium","NET-Flanders","Flanders","BETN012","44N012 - MOERKERKE","SPO-BETN012_00007_100","O3","Ozone (air)","P3Y","3 subsequent calendar years mean","2016","49.145","ug/m3","91.58","1","Background","Rural","3.3625","51.2546","3.0","","","","E1a/validated data AQ e-Reporting","18/03/2023 21:36:00","http://fme.discomap.eea.europa.eu/fmedatastreaming/AirQualityDownload/AQData_Extract.fmw?CountryCode=BE&CityName=&Pollutant=7&Year_from=2016&Year_to=2016&Station=STA-BETN012&Samplingpoint=&Source=E1a&Output=HTML&UpdateDate="
"Belgium","NET-Flanders","Flanders","BETR731","44R731 - EVERGEM","SPO-BETR731_00008_100","NO2","Nitrogen dioxide (air)","P1Y-day-per50","1 year 50 %ile of daily values in a year","2016","23.341","ug/m3","96.99","1","Industrial","Rural","3.7395","51.1247","6.0","","","","E1a/validated data AQ e-Reporting","18/03/2023 22:14:21","http://fme.discomap.eea.europa.eu/fmedatastreaming/AirQualityDownload/AQData_Extract.fmw?CountryCode=BE&CityName=&Pollutant=8&Year_from=2016&Year_to=2016&Station=STA-BETR731&Samplingpoint=&Source=E1a&Output=HTML&UpdateDate="
"Belgium","NET-Flanders","Flanders","BETN016","42N016 - DESSEL","SPO-BETN016_06001_100","PM2.5","Particulate matter < 2.5 µm (aerosol)","P1Y-hr-per50","1 year 50 percentile","2016","10.000","ug/m3","99.86","1","Background","Rural","5.1640","51.2337","30.0","","","","E1a/validated data AQ e-Reporting","18/03/2023 22:05:49","http://fme.discomap.eea.europa.eu/fmedatastreaming/AirQualityDownload/AQData_Extract.fmw?CountryCode=BE&CityName=&Pollutant=6001&Year_from=2016&Year_to=2016&Station=STA-BETN016&Samplingpoint=&Source=E1a&Output=HTML&UpdateDate="
"Belgium","NET-Flanders","Flanders","BETN027","42N027 - BREE","SPO-BETN027_00008_100","NO2","Nitrogen dioxide (air)","P1Y","Annual mean / 1 calendar year","2016","15.893","ug/m3","96.24","1","Background","Rural","5.6067","51.1337","48.0","","","","E1a/validated data AQ e-Reporting","18/03/2023 21:08:58","http://fme.discomap.eea.europa.eu/fmedatastreaming/AirQualityDownload/AQData_Extract.fmw?CountryCode=BE&CityName=&Pollutant=8&Year_from=2016&Year_to=2016&Station=STA-BETN027&Samplingpoint=&Source=E1a&Output=HTML&UpdateDate="
"Belgium","NET-Flanders","Flanders","BETN012","44N012 - MOERKERKE","SPO-BETN012_00007_100","O3","Ozone (air)","P1Y-dmax-per99","1 year 99 percentile daily 8h maximum","2016","142.125","ug/m3","90.71","1","Background","Rural","3.3625","51.2546","3.0","","","","E1a/validated data AQ e-Reporting","18/03/2023 22:13:26","http://fme.discomap.eea.europa.eu/fmedatastreaming/AirQualityDownload/AQData_Extract.fmw?CountryCode=BE&CityName=&Pollutant=7&Year_from=2016&Year_to=2016&Station=STA-BETN012&Samplingpoint=&Source=E1a&Output=HTML&UpdateDate="
"Belgium","NET-Flanders","Flanders","BETN045","42N045 - HASSELT","SPO-BETN045_00001_100","SO2","Sulphur dioxide (air)","P1Y-hrsAbove350","1 year hour exceed 350","2016","0.000","count","96.54","1","Background","Suburban","5.3684","50.9397","41.0","","","","E1a/validated data AQ e-Reporting","18/03/2023 21:52:12","http://fme.discomap.eea.europa.eu/fmedatastreaming/AirQualityDownload/AQData_Extract.fmw?CountryCode=BE&CityName=&Pollutant=1&Year_from=2016&Year_to=2016&Station=STA-BETN045&Samplingpoint=&Source=E1a&Output=HTML&UpdateDate="
"Belgium","NET-Flanders","Flanders","BETN045","42N045 - HASSELT","SPO-BETN045_00007_100","O3","Ozone (air)","P1Y-hr-per50","1 year 50 percentile","2016","44.000","ug/m3","94.31","1","Background","Suburban","5.3684","50.9397","41.0","","","","E1a/validated data AQ e-Reporting","18/03/2023 22:05:49","http://fme.discomap.eea.europa.eu/fmedatastreaming/AirQualityDownload/AQData_Extract.fmw?CountryCode=BE&CityName=&Pollutant=7&Year_from=2016&Year_to=2016&Station=STA-BETN045&Samplingpoint=&Source=E1a&Output=HTML&UpdateDate="
"Belgium","NET-Flanders","Flanders","BETR702","44R702 - Gent (G.Carlierlaan)","SPO-BETR702_00008_100","NO2","Nitrogen dioxide (air)","P1Y-hr-max19","1 year hour max19","2016","136.000","ug/m3","97.13","1","Traffic","Urban","3.7350","51.0407","8.0","Gent                                                                            ","BE003C1                                           ","263687","E1a/validated data AQ e-Reporting","18/03/2023 22:34:35","http://fme.discomap.eea.europa.eu/fmedatastreaming/AirQualityDownload/AQData_Extract.fmw?CountryCode=BE&CityName=&Pollutant=8&Year_from=2016&Year_to=2016&Station=STA-BETR702&Samplingpoint=&Source=E1a&Output=HTML&UpdateDate="
"Belgium","NET-Flanders","Flanders","BETR740","44R740 - ST.KRUIS-WI","SPO-BETR740_00001_100","SO2","Sulphur dioxide (air)","P1Y-3hAbove500","3 consecutive hours in exceedance of 500","2016","0.000","count","97.11","1","Industrial","Rural","3.8087","51.1501","5.0","Gent                                                                            ","BE003C1                                           ","263687","E1a/validated data AQ e-Reporting","18/03/2023 22:18:09","http://fme.discomap.eea.europa.eu/fmedatastreaming/AirQualityDownload/AQData_Extract.fmw?CountryCode=BE&CityName=&Pollutant=1&Year_from=2016&Year_to=2016&Station=STA-BETR740&Samplingpoint=&Source=E1a&Output=HTML&UpdateDate="
"Belgium","NET-Flanders","Flanders","BETR805","42R805 - ANTWERPEN","SPO-BETR805_00008_100","NO2","Nitrogen dioxide (air)","P3Y","3 subsequent calendar years mean","2016","42.713","ug/m3","41.66","1","Traffic","Urban","4.4216","51.2082","6.0","Antwerpen                                                                       ","BE002C1                                           ","530014","E1a/validated data AQ e-Reporting","18/03/2023 21:36:00","http://fme.discomap.eea.europa.eu/fmedatastreaming/AirQualityDownload/AQData_Extract.fmw?CountryCode=BE&CityName=&Pollutant=8&Year_from=2016&Year_to=2016&Station=STA-BETR805&Samplingpoint=&Source=E1a&Output=HTML&UpdateDate="
"Belgium","NET-Flanders","Flanders","BETR892","42R892 - KALLO","SPO-BETR892_00001_100","SO2","Sulphur dioxide (air)","P1Y-day-per50","1 year 50 %ile of daily values in a year","2016","1.438","ug/m3","96.99","1","Industrial","Rural","4.2789","51.2630","9.0","","","","E1a/validated data AQ e-Reporting","18/03/2023 22:14:46","http://fme.discomap.eea.europa.eu/fmedatastreaming/AirQualityDownload/AQData_Extract.fmw?CountryCode=BE&CityName=&Pollutant=1&Year_from=2016&Year_to=2016&Station=STA-BETR892&Samplingpoint=&Source=E1a&Output=HTML&UpdateDate="
"Belgium","NET-Flanders","Flanders","BETN054","42N054 - WALSHOUTEM","SPO-BETN054_06001_100","PM2.5","Particulate matter < 2.5 µm (aerosol)","P1Y-hr-min","1 year hour min","2016","1.000","ug/m3","98.13","1","Background","Rural","5.1032","50.7117","135.0","","","","E1a/validated data AQ e-Reporting","18/03/2023 22:31:20","http://fme.discomap.eea.europa.eu/fmedatastreaming/AirQualityDownload/AQData_Extract.fmw?CountryCode=BE&CityName=&Pollutant=6001&Year_from=2016&Year_to=2016&Station=STA-BETN054&Samplingpoint=&Source=E1a&Output=HTML&UpdateDate="
"Belgium","NET-Flanders","Flanders","BETR740","44R740 - ST.KRUIS-WI","SPO-BETR740_00007_100","O3","Ozone (air)","P1Y-maxP6M-P8H-dmax","Yearly highest six monthly average of daily maximum 8-hour mean concentration","2016","73.266","ug/m3","100.00","1","Industrial","Rural","3.8087","51.1501","5.0","Gent                                                                            ","BE003C1                                           ","263687","E1a/validated data AQ e-Reporting","18/03/2023 22:58:54","http://fme.discomap.eea.europa.eu/fmedatastreaming/AirQualityDownload/AQData_Extract.fmw?CountryCode=BE&CityName=&Pollutant=7&Year_from=2016&Year_to=2016&Station=STA-BETR740&Samplingpoint=&Source=E1a&Output=HTML&UpdateDate="
"Belgium","NET-Flanders","Flanders","BETN027","42N027 - BREE","SPO-BETN027_00007_100","O3","Ozone (air)","P1Y-day-max","1 year day max","2016","113.978","ug/m3","94.81","1","Background","Rural","5.6067","51.1337","48.0","","","","E1a/validated data AQ e-Reporting","18/03/2023 21:44:13","http://fme.discomap.eea.europa.eu/fmedatastreaming/AirQualityDownload/AQData_Extract.fmw?CountryCode=BE&CityName=&Pollutant=7&Year_from=2016&Year_to=2016&Station=STA-BETN027&Samplingpoint=&Source=E1a&Output=HTML&UpdateDate="
"Belgium","NET-Flanders","Flanders","BETM705","44M705 - ROESELARE","SPO-BETM705_00007_100","O3","Ozone (air)","P1Y-dmaxAbove120","1 year daymax exceed 120","2016","6.000","count","92.35","1","Industrial","Suburban","3.1524","50.9454","19.0","","","","E1a/validated data AQ e-Reporting","18/03/2023 22:25:06","http://fme.discomap.eea.europa.eu/fmedatastreaming/AirQualityDownload/AQData_Extract.fmw?CountryCode=BE&CityName=&Pollutant=7&Year_from=2016&Year_to=2016&Station=STA-BETM705&Samplingpoint=&Source=E1a&Output=HTML&UpdateDate="
"Belgium","NET-Flanders","Flanders","BETR701","44R701 - GENT","SPO-BETR701_00001_100","SO2","Sulphur dioxide (air)","P1Y-day-per50","1 year 50 %ile of daily values in a year","2016","1.000","ug/m3","98.91","1","Background","Urban","3.7293","51.0583","5.0","Gent                                                                            ","BE003C1                                           ","263687","E1a/validated data AQ e-Reporting","18/03/2023 22:14:46","http://fme.discomap.eea.europa.eu/fmedatastreaming/AirQualityDownload/AQData_Extract.fmw?CountryCode=BE&CityName=&Pollutant=1&Year_from=2016&Year_to=2016&Station=STA-BETR701&Samplingpoint=&Source=E1a&Output=HTML&UpdateDate="
"Belgium","NET-Flanders","Flanders","BETN046","42N046 - GELLIK","SPO-BETN046_00007_100","O3","Ozone (air)","SOMO35","Sum of Ozone Means Over 35 ppb","2016","3164.095","ug/m3","92.62","1","Background","Rural","5.6189","50.8823","70.0","","","","E1a/validated data AQ e-Reporting","18/03/2023 22:59:23","http://fme.discomap.eea.europa.eu/fmedatastreaming/AirQualityDownload/AQData_Extract.fmw?CountryCode=BE&CityName=&Pollutant=7&Year_from=2016&Year_to=2016&Station=STA-BETN046&Samplingpoint=&Source=E1a&Output=HTML&UpdateDate="
"Belgium","NET-Flanders","Flanders","BETN045","42N045 - HASSELT","SPO-BETN045_06001_100","PM2.5","Particulate matter < 2.5 µm (aerosol)","P1Y-hr-max","1 year hour max","2016","72.000","ug/m3","99.54","1","Background","Suburban","5.3684","50.9397","41.0","","","","E1a/validated data AQ e-Reporting","18/03/2023 21:57:02","http://fme.discomap.eea.europa.eu/fmedatastreaming/AirQualityDownload/AQData_Extract.fmw?CountryCode=BE&CityName=&Pollutant=6001&Year_from=2016&Year_to=2016&Station=STA-BETN045&Samplingpoint=&Source=E1a&Output=HTML&UpdateDate="
"Belgium","NET-Flanders","Flanders","BETN046","42N046 - GELLIK","SPO-BETN046_00007_100","O3","Ozone (air)","AOT40c","AOT40 vegetation protection","2016","9358.421","ug/m3","97.74","1","Background","Rural","5.6189","50.8823","70.0","","","","E1a/validated data AQ e-Reporting","18/03/2023 23:06:29","http://fme.discomap.eea.europa.eu/fmedatastreaming/AirQualityDownload/AQData_Extract.fmw?CountryCode=BE&CityName=&Pollutant=7&Year_from=2016&Year_to=2016&Station=STA-BETN046&Samplingpoint=&Source=E1a&Output=HTML&UpdateDate="
"Belgium","NET-Flanders","Flanders","BETR802","42R802 - BORGERHOUT","SPO-BETR802_00008_100","NO2","Nitrogen dioxide (air)","P1Y-day-max","1 year day max","2016","109.425","ug/m3","98.09","1","Traffic","Urban","4.4318","51.2095","6.0","Antwerpen                                                                       ","BE002C1                                           ","530014","E1a/validated data AQ e-Reporting","18/03/2023 21:43:56","http://fme.discomap.eea.europa.eu/fmedatastreaming/AirQualityDownload/AQData_Extract.fmw?CountryCode=BE&CityName=&Pollutant=8&Year_from=2016&Year_to=2016&Station=STA-BETR802&Samplingpoint=&Source=E1a&Output=HTML&UpdateDate="
"Belgium","NET-Flanders","Flanders","BETR803","42R803 - ANTWERPEN","SPO-BETR803_00005_100","PM10","Particulate matter < 10 µm (aerosol)","P3Y","3 subsequent calendar years mean","2016","22.863","ug/m3","43.05","1","Background","Urban","4.4285","51.2286","0.0","Antwerpen                                                                       ","BE002C1                                           ","530014","E1a/validated data AQ e-Reporting","18/03/2023 21:36:00","http://fme.discomap.eea.europa.eu/fmedatastreaming/AirQualityDownload/AQData_Extract.fmw?CountryCode=BE&CityName=&Pollutant=5&Year_from=2016&Year_to=2016&Station=STA-BETR803&Samplingpoint=&Source=E1a&Output=HTML&UpdateDate="
"Belgium","NET-Flanders","Flanders","BETN052","44N052 - ZWEVEGEM","SPO-BETN052_06001_100","PM2.5","Particulate matter < 2.5 µm (aerosol)","P1Y-day-max","1 year day max","2016","56.896","ug/m3","99.18","1","Background","Suburban","3.3225","50.8149","27.0","","","","E1a/validated data AQ e-Reporting","18/03/2023 21:43:22","http://fme.discomap.eea.europa.eu/fmedatastreaming/AirQualityDownload/AQData_Extract.fmw?CountryCode=BE&CityName=&Pollutant=6001&Year_from=2016&Year_to=2016&Station=STA-BETN052&Samplingpoint=&Source=E1a&Output=HTML&UpdateDate="
"Belgium","NET-Flanders","Flanders","BETR892","42R892 - KALLO","SPO-BETR892_00008_100","NO2","Nitrogen dioxide (air)","P1Y-hr-max","1 year hour max","2016","145.000","ug/m3","96.80","1","Industrial","Rural","4.2789","51.2630","9.0","","","","E1a/validated data AQ e-Reporting","18/03/2023 21:57:02","http://fme.discomap.eea.europa.eu/fmedatastreaming/AirQualityDownload/AQData_Extract.fmw?CountryCode=BE&CityName=&Pollutant=8&Year_from=2016&Year_to=2016&Station=STA-BETR892&Samplingpoint=&Source=E1a&Output=HTML&UpdateDate="
"Belgium","NET-Flanders","Flanders","BETN012","44N012 - MOERKERKE","SPO-BETN012_00005_100","PM10","Particulate matter < 10 µm (aerosol)","P1Y-daysAbove50","1 year day exceed 50","2016","3.000","count","99.45","1","Background","Rural","3.3625","51.2546","3.0","","","","E1a/validated data AQ e-Reporting","18/03/2023 22:27:00","http://fme.discomap.eea.europa.eu/fmedatastreaming/AirQualityDownload/AQData_Extract.fmw?CountryCode=BE&CityName=&Pollutant=5&Year_from=2016&Year_to=2016&Station=STA-BETN012&Samplingpoint=&Source=E1a&Output=HTML&UpdateDate="
"Belgium","NET-Flanders","Flanders","BELHB23","40HB23 - HOBOKEN","SPO-BELHB23_06001_100","PM2.5","Particulate matter < 2.5 µm (aerosol)","P1Y-hr-per50","1 year 50 percentile","2016","11.000","ug/m3","97.93","1","Industrial","Suburban","4.3410","51.1703","13.0","Antwerpen                                                                       ","BE002C1                                           ","530014","E1a/validated data AQ e-Reporting","18/03/2023 22:05:49","http://fme.discomap.eea.europa.eu/fmedatastreaming/AirQualityDownload/AQData_Extract.fmw?CountryCode=BE&CityName=&Pollutant=6001&Year_from=2016&Year_to=2016&Station=STA-BELHB23&Samplingpoint=&Source=E1a&Output=HTML&UpdateDate="
"Belgium","NET-Flanders","Flanders","BELWZ02","40WZ02 - MOL","SPO-BELWZ02_00001_100","SO2","Sulphur dioxide (air)","P1Y","Annual mean / 1 calendar year","2016","5.436","ug/m3","97.42","1","Industrial","Rural","5.2215","51.1928","40.0","","","","E1a/validated data AQ e-Reporting","18/03/2023 21:08:58","http://fme.discomap.eea.europa.eu/fmedatastreaming/AirQualityDownload/AQData_Extract.fmw?CountryCode=BE&CityName=&Pollutant=1&Year_from=2016&Year_to=2016&Station=STA-BELWZ02&Samplingpoint=&Source=E1a&Output=HTML&UpdateDate="
"Belgium","NET-Flanders","Flanders","BETR701","44R701 - GENT","SPO-BETR701_06001_100","PM2.5","Particulate matter < 2.5 µm (aerosol)","P1Y-hr-per50","1 year 50 percentile","2016","10.500","ug/m3","99.86","1","Background","Urban","3.7293","51.0583","5.0","Gent                                                                            ","BE003C1                                           ","263687","E1a/validated data AQ e-Reporting","18/03/2023 22:05:49","http://fme.discomap.eea.europa.eu/fmedatastreaming/AirQualityDownload/AQData_Extract.fmw?CountryCode=BE&CityName=&Pollutant=6001&Year_from=2016&Year_to=2016&Station=STA-BETR701&Samplingpoint=&Source=E1a&Output=HTML&UpdateDate="
"Belgium","NET-Flanders","Flanders","BEM5K01","05KK01 - KOKSIJDE","SPO-BEM5K01_07014_100","Cd","Cadmium (precip+dry_dep)","P1Y","Annual mean / 1 calendar year","2016","0.313","ug/m2/day","100.00","1","Background","Suburban","2.6585","51.1209","6.0","","","","E1a/validated data AQ e-Reporting","18/03/2023 21:08:58","http://fme.discomap.eea.europa.eu/fmedatastreaming/AirQualityDownload/AQData_Extract.fmw?CountryCode=BE&CityName=&Pollutant=7014&Year_from=2016&Year_to=2016&Station=STA-BEM5K01&Samplingpoint=&Source=E1a&Output=HTML&UpdateDate="
"Belgium","NET-Flanders","Flanders","BETN016","42N016 - DESSEL","SPO-BETN016_06001_100","PM2.5","Particulate matter < 2.5 µm (aerosol)","P1Y-day-per50","1 year 50 %ile of daily values in a year","2016","10.021","ug/m3","100.00","1","Background","Rural","5.1640","51.2337","30.0","","","","E1a/validated data AQ e-Reporting","18/03/2023 22:11:51","http://fme.discomap.eea.europa.eu/fmedatastreaming/AirQualityDownload/AQData_Extract.fmw?CountryCode=BE&CityName=&Pollutant=6001&Year_from=2016&Year_to=2016&Station=STA-BETN016&Samplingpoint=&Source=E1a&Output=HTML&UpdateDate="
"Belgium","NET-Flanders","Flanders","BETR815","42R815 - ZWIJNDRECHT","SPO-BETR815_00001_100","SO2","Sulphur dioxide (air)","P1Y-hr-max","1 year hour max","2016","136.000","ug/m3","97.27","1","Industrial","Suburban","4.3322","51.2147","7.0","","","","E1a/validated data AQ e-Reporting","18/03/2023 21:57:02","http://fme.discomap.eea.europa.eu/fmedatastreaming/AirQualityDownload/AQData_Extract.fmw?CountryCode=BE&CityName=&Pollutant=1&Year_from=2016&Year_to=2016&Station=STA-BETR815&Samplingpoint=&Source=E1a&Output=HTML&UpdateDate="
"Belgium","NET-Wallonia","Wallonia","BETH201","43H201 - LIEGE","SPO-BETH201_00001_100","SO2","Sulphur dioxide (air)","P1Y-3hAbove500","3 consecutive hours in exceedance of 500","2016","0.000","count","96.81","1","Background","Suburban","5.5475","50.6250","160.0","Liège                                                                           ","BE005C1                                           ","383700","E1a/validated data AQ e-Reporting","18/03/2023 22:18:09","http://fme.discomap.eea.europa.eu/fmedatastreaming/AirQualityDownload/AQData_Extract.fmw?CountryCode=BE&CityName=&Pollutant=1&Year_from=2016&Year_to=2016&Station=STA-BETH201&Samplingpoint=&Source=E1a&Output=HTML&UpdateDate="
"Belgium","NET-Flanders","Flanders","BETR731","44R731 - EVERGEM","SPO-BETR731_00001_100","SO2","Sulphur dioxide (air)","P1Y-3hAbove500","3 consecutive hours in exceedance of 500","2016","0.000","count","96.58","1","Industrial","Rural","3.7395","51.1247","6.0","","","","E1a/validated data AQ e-Reporting","18/03/2023 22:18:09","http://fme.discomap.eea.europa.eu/fmedatastreaming/AirQualityDownload/AQData_Extract.fmw?CountryCode=BE&CityName=&Pollutant=1&Year_from=2016&Year_to=2016&Station=STA-BETR731&Samplingpoint=&Source=E1a&Output=HTML&UpdateDate="
"Belgium","NET-Flanders","Flanders","BETR834","42R834 - Boom","SPO-BETR834_00005_100","PM10","Particulate matter < 10 µm (aerosol)","P1Y-day-max","1 year day max","2016","59.892","ug/m3","99.45","1","Background","Suburban","4.3801","51.0920","0.0","","","","E1a/validated data AQ e-Reporting","18/03/2023 21:43:06","http://fme.discomap.eea.europa.eu/fmedatastreaming/AirQualityDownload/AQData_Extract.fmw?CountryCode=BE&CityName=&Pollutant=5&Year_from=2016&Year_to=2016&Station=STA-BETR834&Samplingpoint=&Source=E1a&Output=HTML&UpdateDate="
"Belgium","NET-Flanders","Flanders","BETR731","44R731 - EVERGEM","SPO-BETR731_00001_100","SO2","Sulphur dioxide (air)","P1Y-hr-max25","1 year hour max 25","2016","34.000","ug/m3","96.58","1","Industrial","Rural","3.7395","51.1247","6.0","","","","E1a/validated data AQ e-Reporting","18/03/2023 22:33:20","http://fme.discomap.eea.europa.eu/fmedatastreaming/AirQualityDownload/AQData_Extract.fmw?CountryCode=BE&CityName=&Pollutant=1&Year_from=2016&Year_to=2016&Station=STA-BETR731&Samplingpoint=&Source=E1a&Output=HTML&UpdateDate="
"Belgium","NET-Flanders","Flanders","BETR701","44R701 - GENT","SPO-BETR701_00007_100","O3","Ozone (air)","SOMO35","Sum of Ozone Means Over 35 ppb","2016","1993.523","ug/m3","89.34","1","Background","Urban","3.7293","51.0583","5.0","Gent                                                                            ","BE003C1                                           ","263687","E1a/validated data AQ e-Reporting","18/03/2023 22:59:23","http://fme.discomap.eea.europa.eu/fmedatastreaming/AirQualityDownload/AQData_Extract.fmw?CountryCode=BE&CityName=&Pollutant=7&Year_from=2016&Year_to=2016&Station=STA-BETR701&Samplingpoint=&Source=E1a&Output=HTML&UpdateDate="
"Belgium","NET-Brussels","Brussels","BETWOL1","41WOL1 - WOL.ST.L.","SPO-BETWOL1_00008_100","NO2","Nitrogen dioxide (air)","P1Y-day-per50","1 year 50 %ile of daily values in a year","2016","31.563","ug/m3","98.09","1","Traffic","Suburban","4.4258","50.8567","78.0","Bruxelles / Brussel                                                             ","BE001C1                                           ","1223364","E1a/validated data AQ e-Reporting","18/03/2023 22:14:21","http://fme.discomap.eea.europa.eu/fmedatastreaming/AirQualityDownload/AQData_Extract.fmw?CountryCode=BE&CityName=&Pollutant=8&Year_from=2016&Year_to=2016&Station=STA-BETWOL1&Samplingpoint=&Source=E1a&Output=HTML&UpdateDate="
"Belgium","NET-Flanders","Flanders","BETN051","44N051 - IDEGEM","SPO-BETN051_00007_100","O3","Ozone (air)","SOMO35","Sum of Ozone Means Over 35 ppb","2016","2718.219","ug/m3","92.35","1","Background","Rural","3.9303","50.7989","15.0","","","","E1a/validated data AQ e-Reporting","18/03/2023 22:59:23","http://fme.discomap.eea.europa.eu/fmedatastreaming/AirQualityDownload/AQData_Extract.fmw?CountryCode=BE&CityName=&Pollutant=7&Year_from=2016&Year_to=2016&Station=STA-BETN051&Samplingpoint=&Source=E1a&Output=HTML&UpdateDate="
"Belgium","NET-Flanders","Flanders","BETR823","42R823 - BEVEREN","SPO-BETR823_00001_100","SO2","Sulphur dioxide (air)","P1Y-day-max-per99.18","1 year 99.18 percentile of daily maximum","2016","11.813","ug/m3","99.45","1","Background","Suburban","4.2399","51.2133","0.0","","","","E1a/validated data AQ e-Reporting","18/03/2023 22:12:16","http://fme.discomap.eea.europa.eu/fmedatastreaming/AirQualityDownload/AQData_Extract.fmw?CountryCode=BE&CityName=&Pollutant=1&Year_from=2016&Year_to=2016&Station=STA-BETR823&Samplingpoint=&Source=E1a&Output=HTML&UpdateDate="
"Belgium","NET-Flanders","Flanders","BETR831","42R831 - BERENDRECHT","SPO-BETR831_00007_100","O3","Ozone (air)","SOMO35","Sum of Ozone Means Over 35 ppb","2016","2202.199","ug/m3","95.36","1","Industrial","Rural","4.3397","51.3488","3.0","Antwerpen                                                                       ","BE002C1                                           ","530014","E1a/validated data AQ e-Reporting","18/03/2023 22:59:23","http://fme.discomap.eea.europa.eu/fmedatastreaming/AirQualityDownload/AQData_Extract.fmw?CountryCode=BE&CityName=&Pollutant=7&Year_from=2016&Year_to=2016&Station=STA-BETR831&Samplingpoint=&Source=E1a&Output=HTML&UpdateDate="
"Belgium","NET-Flanders","Flanders","BETN045","42N045 - HASSELT","SPO-BETN045_00007_100","O3","Ozone (air)","P1Y-dx-max26","1 year daymax max 26","2016","110.563","ug/m3","95.63","1","Background","Suburban","5.3684","50.9397","41.0","","","","E1a/validated data AQ e-Reporting","18/03/2023 22:32:17","http://fme.discomap.eea.europa.eu/fmedatastreaming/AirQualityDownload/AQData_Extract.fmw?CountryCode=BE&CityName=&Pollutant=7&Year_from=2016&Year_to=2016&Station=STA-BETN045&Samplingpoint=&Source=E1a&Output=HTML&UpdateDate="
"Belgium","NET-Flanders","Flanders","BETN045","42N045 - HASSELT","SPO-BETN045_00020_100","C6H6","Benzene (air)","P1Y-day-per50","1 year 50 %ile of daily values in a year","2016","0.394","ug/m3","8.47","1","Background","Suburban","5.3684","50.9397","41.0","","","","E1a/validated data AQ e-Reporting","18/03/2023 22:13:51","http://fme.discomap.eea.europa.eu/fmedatastreaming/AirQualityDownload/AQData_Extract.fmw?CountryCode=BE&CityName=&Pollutant=20&Year_from=2016&Year_to=2016&Station=STA-BETN045&Samplingpoint=&Source=E1a&Output=HTML&UpdateDate="
"Belgium","NET-Flanders","Flanders","BELSA04","40SA04 - Hoevenen","SPO-BELSA04_00005_100","PM10","Particulate matter < 10 µm (aerosol)","P1Y-hr-per50","1 year 50 percentile","2016","18.000","ug/m3","98.95","1","Industrial","Rural","4.4039","51.3139","6.0","","","","E1a/validated data AQ e-Reporting","18/03/2023 22:05:49","http://fme.discomap.eea.europa.eu/fmedatastreaming/AirQualityDownload/AQData_Extract.fmw?CountryCode=BE&CityName=&Pollutant=5&Year_from=2016&Year_to=2016&Station=STA-BELSA04&Samplingpoint=&Source=E1a&Output=HTML&UpdateDate="
"Belgium","NET-Flanders","Flanders","BETN012","44N012 - MOERKERKE","SPO-BETN012_00008_100","NO2","Nitrogen dioxide (air)","P1Y-day-min","1 year day min","2016","1.896","ug/m3","96.45","1","Background","Rural","3.3625","51.2546","3.0","","","","E1a/validated data AQ e-Reporting","18/03/2023 21:56:03","http://fme.discomap.eea.europa.eu/fmedatastreaming/AirQualityDownload/AQData_Extract.fmw?CountryCode=BE&CityName=&Pollutant=8&Year_from=2016&Year_to=2016&Station=STA-BETN012&Samplingpoint=&Source=E1a&Output=HTML&UpdateDate="
"Belgium","NET-Flanders","Flanders","BETN040","42N040 - ST.P.LEEUWG","SPO-BETN040_00007_100","O3","Ozone (air)","P1Y-hrsAbove240","1 year hour exceed 240","2016","0.000","count","91.03","1","Background","Rural","4.2252","50.7681","20.0","","","","E1a/validated data AQ e-Reporting","18/03/2023 21:50:25","http://fme.discomap.eea.europa.eu/fmedatastreaming/AirQualityDownload/AQData_Extract.fmw?CountryCode=BE&CityName=&Pollutant=7&Year_from=2016&Year_to=2016&Station=STA-BETN040&Samplingpoint=&Source=E1a&Output=HTML&UpdateDate="
"Belgium","NET-Flanders","Flanders","BEDNE02","65NE02 - NIEL
","SPO-BEDNE02_07029_100","BaP","Benzo(a)pyrene (precip+dry_dep)","P1Y","Annual mean / 1 calendar year","2016","8.943","ng/m2/day","22.95","1","Background","Rural","4.3353","51.0990","0.0","","","","E1a/validated data AQ e-Reporting","18/03/2023 21:08:58","http://fme.discomap.eea.europa.eu/fmedatastreaming/AirQualityDownload/AQData_Extract.fmw?CountryCode=BE&CityName=&Pollutant=7029&Year_from=2016&Year_to=2016&Station=STA-BEDNE02&Samplingpoint=&Source=E1a&Output=HTML&UpdateDate="
"Belgium","NET-Flanders","Flanders","BEDR802","65R802 - BORGERHOUT","SPO-BEDR802_00645_100","Fluoranthene","fluoranthene (precip+dry_dep)","P1Y","Annual mean / 1 calendar year","2016","122.623","ng/m2/day","92.62","1","Background","Urban","4.4317","51.2094","0.0","Antwerpen                                                                       ","BE002C1                                           ","530014","E1a/validated data AQ e-Reporting","18/03/2023 21:08:58","http://fme.discomap.eea.europa.eu/fmedatastreaming/AirQualityDownload/AQData_Extract.fmw?CountryCode=BE&CityName=&Pollutant=645&Year_from=2016&Year_to=2016&Station=STA-BEDR802&Samplingpoint=&Source=E1a&Output=HTML&UpdateDate="
"Belgium","NET-Flanders","Flanders","BETN052","44N052 - ZWEVEGEM","SPO-BETN052_00007_100","O3","Ozone (air)","P1Y-hr-min","1 year hour min","2016","1.000","ug/m3","89.66","1","Background","Suburban","3.3225","50.8149","27.0","","","","E1a/validated data AQ e-Reporting","18/03/2023 22:31:20","http://fme.discomap.eea.europa.eu/fmedatastreaming/AirQualityDownload/AQData_Extract.fmw?CountryCode=BE&CityName=&Pollutant=7&Year_from=2016&Year_to=2016&Station=STA-BETN052&Samplingpoint=&Source=E1a&Output=HTML&UpdateDate="
"Belgium","NET-Flanders","Flanders","BETR701","44R701 - GENT","SPO-BETR701_00007_100","O3","Ozone (air)","P1Y-hrsAbove240","1 year hour exceed 240","2016","0.000","count","87.15","1","Background","Urban","3.7293","51.0583","5.0","Gent                                                                            ","BE003C1                                           ","263687","E1a/validated data AQ e-Reporting","18/03/2023 21:50:25","http://fme.discomap.eea.europa.eu/fmedatastreaming/AirQualityDownload/AQData_Extract.fmw?CountryCode=BE&CityName=&Pollutant=7&Year_from=2016&Year_to=2016&Station=STA-BETR701&Samplingpoint=&Source=E1a&Output=HTML&UpdateDate="
"Belgium","NET-Flanders","Flanders","BETR811","42R811 - SCHOTEN","SPO-BETR811_00007_100","O3","Ozone (air)","AOT40cmeasured","AOT40c UNCORRECTED for data capture","2016","8767.000","ug/m3","97.19","1","Background","Suburban","4.4914","51.2521","8.0","","","","E1a/validated data AQ e-Reporting","18/03/2023 23:01:40","http://fme.discomap.eea.europa.eu/fmedatastreaming/AirQualityDownload/AQData_Extract.fmw?CountryCode=BE&CityName=&Pollutant=7&Year_from=2016&Year_to=2016&Station=STA-BETR811&Samplingpoint=&Source=E1a&Output=HTML&UpdateDate="
"Belgium","NET-Flanders","Flanders","BETN052","44N052 - ZWEVEGEM","SPO-BETN052_00007_100","O3","Ozone (air)","P1Y-day-per50","1 year 50 %ile of daily values in a year","2016","41.125","ug/m3","90.71","1","Background","Suburban","3.3225","50.8149","27.0","","","","E1a/validated data AQ e-Reporting","18/03/2023 22:15:13","http://fme.discomap.eea.europa.eu/fmedatastreaming/AirQualityDownload/AQData_Extract.fmw?CountryCode=BE&CityName=&Pollutant=7&Year_from=2016&Year_to=2016&Station=STA-BETN052&Samplingpoint=&Source=E1a&Output=HTML&UpdateDate="
"Belgium","NET-Flanders","Flanders","BETR020","42R020 - VILVOORDE","SPO-BETR020_06001_100","PM2.5","Particulate matter < 2.5 µm (aerosol)","P1Y-P1D-per99","1 year 99 percentile of daily means (P1D) or .../aq/primaryObservation/day","2016","48.771","ug/m3","100.00","1","Background","Suburban","4.4367","50.9414","12.0","","","","E1a/validated data AQ e-Reporting","18/03/2023 22:10:03","http://fme.discomap.eea.europa.eu/fmedatastreaming/AirQualityDownload/AQData_Extract.fmw?CountryCode=BE&CityName=&Pollutant=6001&Year_from=2016&Year_to=2016&Station=STA-BETR020&Samplingpoint=&Source=E1a&Output=HTML&UpdateDate="
"Belgium","NET-Flanders","Flanders","BETN029","44N029 - HOUTEM","SPO-BETN029_00005_100","PM10","Particulate matter < 10 µm (aerosol)","P1Y-hr-per50","1 year 50 percentile","2016","15.100","ug/m3","99.29","1","Background","Rural","2.5823","51.0163","2.0","","","","E1a/validated data AQ e-Reporting","18/03/2023 22:05:49","http://fme.discomap.eea.europa.eu/fmedatastreaming/AirQualityDownload/AQData_Extract.fmw?CountryCode=BE&CityName=&Pollutant=5&Year_from=2016&Year_to=2016&Station=STA-BETN029&Samplingpoint=&Source=E1a&Output=HTML&UpdateDate="
"Belgium","NET-Flanders","Flanders","BETN035","42N035 - AARSCHOT","SPO-BETN035_00001_100","SO2","Sulphur dioxide (air)","P1Y-hrsAbove350","1 year hour exceed 350","2016","0.000","count","96.78","1","Background","Rural","4.8376","50.9775","55.0","","","","E1a/validated data AQ e-Reporting","18/03/2023 21:52:12","http://fme.discomap.eea.europa.eu/fmedatastreaming/AirQualityDownload/AQData_Extract.fmw?CountryCode=BE&CityName=&Pollutant=1&Year_from=2016&Year_to=2016&Station=STA-BETN035&Samplingpoint=&Source=E1a&Output=HTML&UpdateDate="
"Belgium","NET-Flanders","Flanders","BETM705","44M705 - ROESELARE","SPO-BETM705_00007_100","O3","Ozone (air)","P1Y-dx-max26","1 year daymax max 26","2016","92.313","ug/m3","92.35","1","Industrial","Suburban","3.1524","50.9454","19.0","","","","E1a/validated data AQ e-Reporting","18/03/2023 22:32:17","http://fme.discomap.eea.europa.eu/fmedatastreaming/AirQualityDownload/AQData_Extract.fmw?CountryCode=BE&CityName=&Pollutant=7&Year_from=2016&Year_to=2016&Station=STA-BETM705&Samplingpoint=&Source=E1a&Output=HTML&UpdateDate="
"Belgium","NET-Flanders","Flanders","BELSA04","40SA04 - Hoevenen","SPO-BELSA04_06001_100","PM2.5","Particulate matter < 2.5 µm (aerosol)","P1Y-day-min","1 year day min","2016","3.813","ug/m3","94.81","1","Industrial","Rural","4.4039","51.3139","6.0","","","","E1a/validated data AQ e-Reporting","18/03/2023 21:55:29","http://fme.discomap.eea.europa.eu/fmedatastreaming/AirQualityDownload/AQData_Extract.fmw?CountryCode=BE&CityName=&Pollutant=6001&Year_from=2016&Year_to=2016&Station=STA-BELSA04&Samplingpoint=&Source=E1a&Output=HTML&UpdateDate="
"Belgium","NET-Flanders","Flanders","BETM705","44M705 - ROESELARE","SPO-BETM705_00008_100","NO2","Nitrogen dioxide (air)","P1Y-day-per50","1 year 50 %ile of daily values in a year","2016","22.958","ug/m3","99.18","1","Industrial","Suburban","3.1524","50.9454","19.0","","","","E1a/validated data AQ e-Reporting","18/03/2023 22:14:21","http://fme.discomap.eea.europa.eu/fmedatastreaming/AirQualityDownload/AQData_Extract.fmw?CountryCode=BE&CityName=&Pollutant=8&Year_from=2016&Year_to=2016&Station=STA-BETM705&Samplingpoint=&Source=E1a&Output=HTML&UpdateDate="
"Belgium","NET-Flanders","Flanders","BETE009","47E009 - Zemst","SPO-BETE009_00008_100","NO2","Nitrogen dioxide (air)","P1Y-hr-per50","1 year 50 percentile","2016","17.000","ug/m3","96.73","1","Industrial","Rural","4.4354","50.9549","43.0","","","","E1a/validated data AQ e-Reporting","18/03/2023 22:05:49","http://fme.discomap.eea.europa.eu/fmedatastreaming/AirQualityDownload/AQData_Extract.fmw?CountryCode=BE&CityName=&Pollutant=8&Year_from=2016&Year_to=2016&Station=STA-BETE009&Samplingpoint=&Source=E1a&Output=HTML&UpdateDate="
"Belgium","NET-Flanders","Flanders","BETN035","42N035 - AARSCHOT","SPO-BETN035_00005_100","PM10","Particulate matter < 10 µm (aerosol)","P1Y-day-max36","1 year day max 36","2016","33.017","ug/m3","99.73","1","Background","Rural","4.8376","50.9775","55.0","","","","E1a/validated data AQ e-Reporting","18/03/2023 22:32:47","http://fme.discomap.eea.europa.eu/fmedatastreaming/AirQualityDownload/AQData_Extract.fmw?CountryCode=BE&CityName=&Pollutant=5&Year_from=2016&Year_to=2016&Station=STA-BETN035&Samplingpoint=&Source=E1a&Output=HTML&UpdateDate="
"Belgium","NET-Flanders","Flanders","BETN012","44N012 - MOERKERKE","SPO-BETN012_00008_100","NO2","Nitrogen dioxide (air)","P1Y-hrsAbove200","1 year hour exceed 200","2016","0.000","count","94.24","1","Background","Rural","3.3625","51.2546","3.0","","","","E1a/validated data AQ e-Reporting","18/03/2023 21:48:42","http://fme.discomap.eea.europa.eu/fmedatastreaming/AirQualityDownload/AQData_Extract.fmw?CountryCode=BE&CityName=&Pollutant=8&Year_from=2016&Year_to=2016&Station=STA-BETN012&Samplingpoint=&Source=E1a&Output=HTML&UpdateDate="
"Belgium","NET-Flanders","Flanders","BETN027","42N027 - BREE","SPO-BETN027_00007_100","O3","Ozone (air)","P1Y-maxP6M-P8H-dmax","Yearly highest six monthly average of daily maximum 8-hour mean concentration","2016","84.050","ug/m3","100.00","1","Background","Rural","5.6067","51.1337","48.0","","","","E1a/validated data AQ e-Reporting","18/03/2023 22:58:54","http://fme.discomap.eea.europa.eu/fmedatastreaming/AirQualityDownload/AQData_Extract.fmw?CountryCode=BE&CityName=&Pollutant=7&Year_from=2016&Year_to=2016&Station=STA-BETN027&Samplingpoint=&Source=E1a&Output=HTML&UpdateDate="
"Belgium","NET-Flanders","Flanders","BETN027","42N027 - BREE","SPO-BETN027_00007_100","O3","Ozone (air)","P3Y","3 subsequent calendar years mean","2016","46.983","ug/m3","92.28","1","Background","Rural","5.6067","51.1337","48.0","","","","E1a/validated data AQ e-Reporting","18/03/2023 21:36:00","http://fme.discomap.eea.europa.eu/fmedatastreaming/AirQualityDownload/AQData_Extract.fmw?CountryCode=BE&CityName=&Pollutant=7&Year_from=2016&Year_to=2016&Station=STA-BETN027&Samplingpoint=&Source=E1a&Output=HTML&UpdateDate="
"Belgium","NET-Brussels","Brussels","BETN043","41N043 - HAREN","SPO-BETN043_00010_100","CO","Carbon monoxide (air)","P1Y-dx-max","1 year day max max","2016","1.833","mg/m3","98.36","1","Industrial","Suburban","4.3830","50.8837","17.0","Bruxelles / Brussel                                                             ","BE001C1                                           ","1223364","E1a/validated data AQ e-Reporting","18/03/2023 21:44:39","http://fme.discomap.eea.europa.eu/fmedatastreaming/AirQualityDownload/AQData_Extract.fmw?CountryCode=BE&CityName=&Pollutant=10&Year_from=2016&Year_to=2016&Station=STA-BETN043&Samplingpoint=&Source=E1a&Output=HTML&UpdateDate="
"Belgium","NET-Flanders","Flanders","BETN035","42N035 - AARSCHOT","SPO-BETN035_00007_100","O3","Ozone (air)","P1Y-hr-min","1 year hour min","2016","1.000","ug/m3","93.53","1","Background","Rural","4.8376","50.9775","55.0","","","","E1a/validated data AQ e-Reporting","18/03/2023 22:31:20","http://fme.discomap.eea.europa.eu/fmedatastreaming/AirQualityDownload/AQData_Extract.fmw?CountryCode=BE&CityName=&Pollutant=7&Year_from=2016&Year_to=2016&Station=STA-BETN035&Samplingpoint=&Source=E1a&Output=HTML&UpdateDate="
"Belgium","NET-Flanders","Flanders","BETN016","42N016 - DESSEL","SPO-BETN016_06001_100","PM2.5","Particulate matter < 2.5 µm (aerosol)","P1Y-hr-min","1 year hour min","2016","1.000","ug/m3","99.86","1","Background","Rural","5.1640","51.2337","30.0","","","","E1a/validated data AQ e-Reporting","18/03/2023 22:31:20","http://fme.discomap.eea.europa.eu/fmedatastreaming/AirQualityDownload/AQData_Extract.fmw?CountryCode=BE&CityName=&Pollutant=6001&Year_from=2016&Year_to=2016&Station=STA-BETN016&Samplingpoint=&Source=E1a&Output=HTML&UpdateDate="
"Belgium","NET-Flanders","Flanders","BELRL01","40RL01 - ROESELARE","SPO-BELRL01_06001_100","PM2.5","Particulate matter < 2.5 µm (aerosol)","P1Y-day-per50","1 year 50 %ile of daily values in a year","2016","10.333","ug/m3","100.00","1","Background","Urban","3.1212","50.9532","20.0","","","","E1a/validated data AQ e-Reporting","18/03/2023 22:11:51","http://fme.discomap.eea.europa.eu/fmedatastreaming/AirQualityDownload/AQData_Extract.fmw?CountryCode=BE&CityName=&Pollutant=6001&Year_from=2016&Year_to=2016&Station=STA-BELRL01&Samplingpoint=&Source=E1a&Output=HTML&UpdateDate="
"Belgium","NET-Flanders","Flanders","BETR802","42R802 - BORGERHOUT","SPO-BETR802_00010_100","CO","Carbon monoxide (air)","P1Y-hr-max","1 year hour max","2016","1.590","mg/m3","96.48","1","Traffic","Urban","4.4318","51.2095","6.0","Antwerpen                                                                       ","BE002C1                                           ","530014","E1a/validated data AQ e-Reporting","18/03/2023 21:57:02","http://fme.discomap.eea.europa.eu/fmedatastreaming/AirQualityDownload/AQData_Extract.fmw?CountryCode=BE&CityName=&Pollutant=10&Year_from=2016&Year_to=2016&Station=STA-BETR802&Samplingpoint=&Source=E1a&Output=HTML&UpdateDate="
"Belgium","NET-Flanders","Flanders","BETN045","42N045 - HASSELT","SPO-BETN045_06001_100","PM2.5","Particulate matter < 2.5 µm (aerosol)","P3Y","3 subsequent calendar years mean","2016","13.600","ug/m3","97.42","1","Background","Suburban","5.3684","50.9397","41.0","","","","E1a/validated data AQ e-Reporting","18/03/2023 21:36:00","http://fme.discomap.eea.europa.eu/fmedatastreaming/AirQualityDownload/AQData_Extract.fmw?CountryCode=BE&CityName=&Pollutant=6001&Year_from=2016&Year_to=2016&Station=STA-BETN045&Samplingpoint=&Source=E1a&Output=HTML&UpdateDate="
"Belgium","NET-Flanders","Flanders","BELGK06","40GK06 - GENK","SPO-BELGK06_06001_100","PM2.5","Particulate matter < 2.5 µm (aerosol)","P1Y-hr-per50","1 year 50 percentile","2016","10.500","ug/m3","99.85","1","Industrial","Suburban","5.4706","50.9279","44.0","","","","E1a/validated data AQ e-Reporting","18/03/2023 22:05:49","http://fme.discomap.eea.europa.eu/fmedatastreaming/AirQualityDownload/AQData_Extract.fmw?CountryCode=BE&CityName=&Pollutant=6001&Year_from=2016&Year_to=2016&Station=STA-BELGK06&Samplingpoint=&Source=E1a&Output=HTML&UpdateDate="
"Belgium","NET-Flanders","Flanders","BETR710","44R710 - DESTELBERGE","SPO-BETR710_00007_100","O3","Ozone (air)","P1Y-hr-max","1 year hour max","2016","173.000","ug/m3","87.15","1","Background","Suburban","3.7753","51.0613","6.0","","","","E1a/validated data AQ e-Reporting","18/03/2023 21:57:02","http://fme.discomap.eea.europa.eu/fmedatastreaming/AirQualityDownload/AQData_Extract.fmw?CountryCode=BE&CityName=&Pollutant=7&Year_from=2016&Year_to=2016&Station=STA-BETR710&Samplingpoint=&Source=E1a&Output=HTML&UpdateDate="
"Belgium","NET-Flanders","Flanders","BETR805","42R805 - ANTWERPEN","SPO-BETR805_00008_100","NO2","Nitrogen dioxide (air)","P1Y","Annual mean / 1 calendar year","2016","42.582","ug/m3","95.46","1","Traffic","Urban","4.4216","51.2082","6.0","Antwerpen                                                                       ","BE002C1                                           ","530014","E1a/validated data AQ e-Reporting","18/03/2023 21:08:58","http://fme.discomap.eea.europa.eu/fmedatastreaming/AirQualityDownload/AQData_Extract.fmw?CountryCode=BE&CityName=&Pollutant=8&Year_from=2016&Year_to=2016&Station=STA-BETR805&Samplingpoint=&Source=E1a&Output=HTML&UpdateDate="
"Belgium","NET-Flanders","Flanders","BETN035","42N035 - AARSCHOT","SPO-BETN035_00007_100","O3","Ozone (air)","P3Y","3 subsequent calendar years mean","2016","47.804","ug/m3","92.58","1","Background","Rural","4.8376","50.9775","55.0","","","","E1a/validated data AQ e-Reporting","18/03/2023 21:36:00","http://fme.discomap.eea.europa.eu/fmedatastreaming/AirQualityDownload/AQData_Extract.fmw?CountryCode=BE&CityName=&Pollutant=7&Year_from=2016&Year_to=2016&Station=STA-BETN035&Samplingpoint=&Source=E1a&Output=HTML&UpdateDate="
"Belgium","NET-Flanders","Flanders","BEMGK11","00GK11 - GENK","SPO-BEMGK11_05015_100","Ni in PM10","Nickel in PM10 (aerosol)","P1Y","Annual mean / 1 calendar year","2016","18.711","ng/m3","99.45","1","Industrial","Suburban","5.5204","50.9316","45.0","","","","E1a/validated data AQ e-Reporting","18/03/2023 21:08:58","http://fme.discomap.eea.europa.eu/fmedatastreaming/AirQualityDownload/AQData_Extract.fmw?CountryCode=BE&CityName=&Pollutant=5015&Year_from=2016&Year_to=2016&Station=STA-BEMGK11&Samplingpoint=&Source=E1a&Output=HTML&UpdateDate="
"Belgium","NET-Flanders","Flanders","BETE811","47E811 - DIEPENBEEK","SPO-BETE811_00001_100","SO2","Sulphur dioxide (air)","P1Y-3hAbove500","3 consecutive hours in exceedance of 500","2016","0.000","count","45.92","1","Industrial","Rural","5.4182","50.8969","59.0","","","","E1a/validated data AQ e-Reporting","18/03/2023 22:18:09","http://fme.discomap.eea.europa.eu/fmedatastreaming/AirQualityDownload/AQData_Extract.fmw?CountryCode=BE&CityName=&Pollutant=1&Year_from=2016&Year_to=2016&Station=STA-BETE811&Samplingpoint=&Source=E1a&Output=HTML&UpdateDate="
"Belgium","NET-Flanders","Flanders","BETE811","47E811 - DIEPENBEEK","SPO-BETE811_00008_100","NO2","Nitrogen dioxide (air)","P1Y-hrsAbove400","1 year hour exceed 400","2016","0.000","count","54.51","1","Industrial","Rural","5.4182","50.8969","59.0","","","","E1a/validated data AQ e-Reporting","18/03/2023 21:54:38","http://fme.discomap.eea.europa.eu/fmedatastreaming/AirQualityDownload/AQData_Extract.fmw?CountryCode=BE&CityName=&Pollutant=8&Year_from=2016&Year_to=2016&Station=STA-BETE811&Samplingpoint=&Source=E1a&Output=HTML&UpdateDate="
"Belgium","NET-Flanders","Flanders","BETN046","42N046 - GELLIK","SPO-BETN046_00008_100","NO2","Nitrogen dioxide (air)","P1Y-hrsAbove400","1 year hour exceed 400","2016","0.000","count","94.64","1","Background","Rural","5.6189","50.8823","70.0","","","","E1a/validated data AQ e-Reporting","18/03/2023 21:54:38","http://fme.discomap.eea.europa.eu/fmedatastreaming/AirQualityDownload/AQData_Extract.fmw?CountryCode=BE&CityName=&Pollutant=8&Year_from=2016&Year_to=2016&Station=STA-BETN046&Samplingpoint=&Source=E1a&Output=HTML&UpdateDate="
"Belgium","NET-Flanders","Flanders","BETN035","42N035 - AARSCHOT","SPO-BETN035_06001_100","PM2.5","Particulate matter < 2.5 µm (aerosol)","P1Y-day-min","1 year day min","2016","1.750","ug/m3","99.73","1","Background","Rural","4.8376","50.9775","55.0","","","","E1a/validated data AQ e-Reporting","18/03/2023 21:55:29","http://fme.discomap.eea.europa.eu/fmedatastreaming/AirQualityDownload/AQData_Extract.fmw?CountryCode=BE&CityName=&Pollutant=6001&Year_from=2016&Year_to=2016&Station=STA-BETN035&Samplingpoint=&Source=E1a&Output=HTML&UpdateDate="
"Belgium","NET-Flanders","Flanders","BETN035","42N035 - AARSCHOT","SPO-BETN035_06001_100","PM2.5","Particulate matter < 2.5 µm (aerosol)","P1Y-hr-max","1 year hour max","2016","146.500","ug/m3","99.69","1","Background","Rural","4.8376","50.9775","55.0","","","","E1a/validated data AQ e-Reporting","18/03/2023 21:57:02","http://fme.discomap.eea.europa.eu/fmedatastreaming/AirQualityDownload/AQData_Extract.fmw?CountryCode=BE&CityName=&Pollutant=6001&Year_from=2016&Year_to=2016&Station=STA-BETN035&Samplingpoint=&Source=E1a&Output=HTML&UpdateDate="
"Belgium","NET-Wallonia","Wallonia","BETM204","43M204 - ANGLEUR","SPO-BETM204_00005_100","PM10","Particulate matter < 10 µm (aerosol)","P1Y-day-max","1 year day max","2016","56.625","ug/m3","98.09","1","Background","Suburban","5.6112","50.6119","70.0","Liège                                                                           ","BE005C1                                           ","383700","E1a/validated data AQ e-Reporting","18/03/2023 21:43:06","http://fme.discomap.eea.europa.eu/fmedatastreaming/AirQualityDownload/AQData_Extract.fmw?CountryCode=BE&CityName=&Pollutant=5&Year_from=2016&Year_to=2016&Station=STA-BETM204&Samplingpoint=&Source=E1a&Output=HTML&UpdateDate="
"Belgium","NET-Flanders","Flanders","BETR731","44R731 - EVERGEM","SPO-BETR731_00005_100","PM10","Particulate matter < 10 µm (aerosol)","P1Y-daysAbove50","1 year day exceed 50","2016","14.000","count","98.36","1","Industrial","Rural","3.7395","51.1247","6.0","","","","E1a/validated data AQ e-Reporting","18/03/2023 22:27:00","http://fme.discomap.eea.europa.eu/fmedatastreaming/AirQualityDownload/AQData_Extract.fmw?CountryCode=BE&CityName=&Pollutant=5&Year_from=2016&Year_to=2016&Station=STA-BETR731&Samplingpoint=&Source=E1a&Output=HTML&UpdateDate="
"Belgium","NET-Wallonia","Wallonia","BETN070","43N070 - MONS","SPO-BETN070_06001_100","PM2.5","Particulate matter < 2.5 µm (aerosol)","P1Y","Annual mean / 1 calendar year","2016","12.544","ug/m3","99.59","1","Background","Suburban","3.9397","50.4652","30.0","Mons                                                                            ","BE009C1                                           ","95922","E1a/validated data AQ e-Reporting","18/03/2023 21:08:58","http://fme.discomap.eea.europa.eu/fmedatastreaming/AirQualityDownload/AQData_Extract.fmw?CountryCode=BE&CityName=&Pollutant=6001&Year_from=2016&Year_to=2016&Station=STA-BETN070&Samplingpoint=&Source=E1a&Output=HTML&UpdateDate="
"Belgium","NET-Flanders","Flanders","BETR841","42R841 - MECHELEN","SPO-BETR841_06001_100","PM2.5","Particulate matter < 2.5 µm (aerosol)","P1Y-hr-per50","1 year 50 percentile","2016","9.500","ug/m3","98.84","1","Background","Suburban","4.4693","51.0025","8.0","Mechelen                                                                        ","BE012C1                                           ","86911","E1a/validated data AQ e-Reporting","18/03/2023 22:05:49","http://fme.discomap.eea.europa.eu/fmedatastreaming/AirQualityDownload/AQData_Extract.fmw?CountryCode=BE&CityName=&Pollutant=6001&Year_from=2016&Year_to=2016&Station=STA-BETR841&Samplingpoint=&Source=E1a&Output=HTML&UpdateDate="
"Belgium","NET-Flanders","Flanders","BETE704","47E704 - WACHTEBEKE","SPO-BETE704_00008_100","NO2","Nitrogen dioxide (air)","P1Y-hr-max","1 year hour max","2016","79.500","ug/m3","97.23","1","Industrial","Rural","3.8699","51.1761","0.0","","","","E1a/validated data AQ e-Reporting","18/03/2023 21:57:02","http://fme.discomap.eea.europa.eu/fmedatastreaming/AirQualityDownload/AQData_Extract.fmw?CountryCode=BE&CityName=&Pollutant=8&Year_from=2016&Year_to=2016&Station=STA-BETE704&Samplingpoint=&Source=E1a&Output=HTML&UpdateDate="
"Belgium","NET-Flanders","Flanders","BEDDD02","65DDD02 - DUDZELE","SPO-BEDDD02_07435_100","Fluorene","Fluorene (precip+dry_dep)","P1Y","Annual mean / 1 calendar year","2016","5.590","ng/m2/day","22.95","1","Background","Rural","3.2216","51.2664","0.0","Brugge                                                                          ","BE006C1                                           ","118916","E1a/validated data AQ e-Reporting","18/03/2023 21:08:58","http://fme.discomap.eea.europa.eu/fmedatastreaming/AirQualityDownload/AQData_Extract.fmw?CountryCode=BE&CityName=&Pollutant=7435&Year_from=2016&Year_to=2016&Station=STA-BEDDD02&Samplingpoint=&Source=E1a&Output=HTML&UpdateDate="
"Belgium","NET-Flanders","Flanders","BEDHB17","65HB17 - HOBOKEN
","SPO-BEDHB17_00717_100","Pyrene","pyrene (precip+dry_dep)","P1Y","Annual mean / 1 calendar year","2016","46.950","ng/m2/day","22.95","1","Background","Urban","4.3379","51.1703","0.0","Antwerpen                                                                       ","BE002C1                                           ","530014","E1a/validated data AQ e-Reporting","18/03/2023 21:08:58","http://fme.discomap.eea.europa.eu/fmedatastreaming/AirQualityDownload/AQData_Extract.fmw?CountryCode=BE&CityName=&Pollutant=717&Year_from=2016&Year_to=2016&Station=STA-BEDHB17&Samplingpoint=&Source=E1a&Output=HTML&UpdateDate="
"Belgium","NET-Flanders","Flanders","BELRB01","40RB01 - RUISBROEK","SPO-BELRB01_00005_100","PM10","Particulate matter < 10 µm (aerosol)","P1Y-day-per50","1 year 50 %ile of daily values in a year","2016","28.538","ug/m3","8.47","1","Industrial","Suburban","4.3312","51.0894","0.0","","","","E1a/validated data AQ e-Reporting","18/03/2023 22:08:05","http://fme.discomap.eea.europa.eu/fmedatastreaming/AirQualityDownload/AQData_Extract.fmw?CountryCode=BE&CityName=&Pollutant=5&Year_from=2016&Year_to=2016&Station=STA-BELRB01&Samplingpoint=&Source=E1a&Output=HTML&UpdateDate="
"Belgium","NET-Flanders","Flanders","BELLD02","40LD02 - LAAKDAL","SPO-BELLD02_00020_100","C6H6","Benzene (air)","P1Y-day-max","1 year day max","2016","3.689","ug/m3","95.08","1","Industrial","Rural","5.0216","51.1204","22.0","","","","E1a/validated data AQ e-Reporting","18/03/2023 21:43:39","http://fme.discomap.eea.europa.eu/fmedatastreaming/AirQualityDownload/AQData_Extract.fmw?CountryCode=BE&CityName=&Pollutant=20&Year_from=2016&Year_to=2016&Station=STA-BELLD02&Samplingpoint=&Source=E1a&Output=HTML&UpdateDate="
"Belgium","NET-Brussels","Brussels","BETR001","41R001 - MOLENBEEK","SPO-BETR001_06001_100","PM2.5","Particulate matter < 2.5 µm (aerosol)","P1Y-hr-per50","1 year 50 percentile","2016","12.450","ug/m3","85.28","1","Background","Urban","4.3341","50.8497","20.0","Bruxelles / Brussel                                                             ","BE001C1                                           ","1223364","E1a/validated data AQ e-Reporting","18/03/2023 22:05:49","http://fme.discomap.eea.europa.eu/fmedatastreaming/AirQualityDownload/AQData_Extract.fmw?CountryCode=BE&CityName=&Pollutant=6001&Year_from=2016&Year_to=2016&Station=STA-BETR001&Samplingpoint=&Source=E1a&Output=HTML&UpdateDate="
"Belgium","NET-Flanders","Flanders","BETR750","44R750 - ZELZATE","SPO-BETR750_00005_100","PM10","Particulate matter < 10 µm (aerosol)","P1Y-P1D-per90.41","1 year 90.41 percentile","2016","41.746","ug/m3","98.36","1","Industrial","Rural","3.8229","51.1961","6.0","","","","E1a/validated data AQ e-Reporting","18/03/2023 22:09:05","http://fme.discomap.eea.europa.eu/fmedatastreaming/AirQualityDownload/AQData_Extract.fmw?CountryCode=BE&CityName=&Pollutant=5&Year_from=2016&Year_to=2016&Station=STA-BETR750&Samplingpoint=&Source=E1a&Output=HTML&UpdateDate="
"Belgium","NET-Flanders","Flanders","BETR750","44R750 - ZELZATE","SPO-BETR750_00008_100","NO2","Nitrogen dioxide (air)","P1Y-day-per50","1 year 50 %ile of daily values in a year","2016","24.273","ug/m3","97.81","1","Industrial","Rural","3.8229","51.1961","6.0","","","","E1a/validated data AQ e-Reporting","18/03/2023 22:14:21","http://fme.discomap.eea.europa.eu/fmedatastreaming/AirQualityDownload/AQData_Extract.fmw?CountryCode=BE&CityName=&Pollutant=8&Year_from=2016&Year_to=2016&Station=STA-BETR750&Samplingpoint=&Source=E1a&Output=HTML&UpdateDate="
"Belgium","NET-Flanders","Flanders","BESN045","59N045 - HASSELT","SPO-BESN045_00486_100","H3C-(CH2)3-CH3","n-Pentane (air)","P1Y","Annual mean / 1 calendar year","2016","0.000","ug/m3","87.99","1","Background","Suburban","5.3684","50.9397","0.0","","","","E1a/validated data AQ e-Reporting","18/03/2023 21:08:58","http://fme.discomap.eea.europa.eu/fmedatastreaming/AirQualityDownload/AQData_Extract.fmw?CountryCode=BE&CityName=&Pollutant=486&Year_from=2016&Year_to=2016&Station=STA-BESN045&Samplingpoint=&Source=E1a&Output=HTML&UpdateDate="
"Belgium","NET-Flanders","Flanders","BETR750","44R750 - ZELZATE","SPO-BETR750_00008_100","NO2","Nitrogen dioxide (air)","P1Y-hrsAbove400","1 year hour exceed 400","2016","0.000","count","94.17","1","Industrial","Rural","3.8229","51.1961","6.0","","","","E1a/validated data AQ e-Reporting","18/03/2023 21:54:38","http://fme.discomap.eea.europa.eu/fmedatastreaming/AirQualityDownload/AQData_Extract.fmw?CountryCode=BE&CityName=&Pollutant=8&Year_from=2016&Year_to=2016&Station=STA-BETR750&Samplingpoint=&Source=E1a&Output=HTML&UpdateDate="
"Belgium","NET-Flanders","Flanders","BETN016","42N016 - DESSEL","SPO-BETN016_00001_100","SO2","Sulphur dioxide (air)","P1Y-day-max4","1 year day max 4","2016","6.188","ug/m3","99.45","1","Background","Rural","5.1640","51.2337","30.0","","","","E1a/validated data AQ e-Reporting","18/03/2023 22:31:46","http://fme.discomap.eea.europa.eu/fmedatastreaming/AirQualityDownload/AQData_Extract.fmw?CountryCode=BE&CityName=&Pollutant=1&Year_from=2016&Year_to=2016&Station=STA-BETN016&Samplingpoint=&Source=E1a&Output=HTML&UpdateDate="
"Belgium","NET-Flanders","Flanders","BETR710","44R710 - DESTELBERGE","SPO-BETR710_00008_100","NO2","Nitrogen dioxide (air)","P1Y-hr-min","1 year hour min","2016","1.000","ug/m3","95.39","1","Background","Suburban","3.7753","51.0613","6.0","","","","E1a/validated data AQ e-Reporting","18/03/2023 22:31:20","http://fme.discomap.eea.europa.eu/fmedatastreaming/AirQualityDownload/AQData_Extract.fmw?CountryCode=BE&CityName=&Pollutant=8&Year_from=2016&Year_to=2016&Station=STA-BETR710&Samplingpoint=&Source=E1a&Output=HTML&UpdateDate="
"Belgium","NET-Flanders","Flanders","BETE714","47E714 - DUDZELE","SPO-BETE714_00008_100","NO2","Nitrogen dioxide (air)","P1Y-hr-max-per99.79","1 year 99.79 %ile of hourly values in a given year","2016","63.500","ug/m3","97.27","1","Industrial","Rural","3.2486","51.2790","11.0","Brugge                                                                          ","BE006C1                                           ","118916","E1a/validated data AQ e-Reporting","18/03/2023 22:07:35","http://fme.discomap.eea.europa.eu/fmedatastreaming/AirQualityDownload/AQData_Extract.fmw?CountryCode=BE&CityName=&Pollutant=8&Year_from=2016&Year_to=2016&Station=STA-BETE714&Samplingpoint=&Source=E1a&Output=HTML&UpdateDate="
"Belgium","NET-Wallonia","Wallonia","BETN060","43N060 - HAVINNES","SPO-BETN060_00005_100","PM10","Particulate matter < 10 µm (aerosol)","P1Y-P1D-per99","1 year 99 percentile of daily means (P1D) or .../aq/primaryObservation/day","2016","66.709","ug/m3","100.00","1","Background","Rural","3.4576","50.6167","0.0","","","","E1a/validated data AQ e-Reporting","18/03/2023 22:09:38","http://fme.discomap.eea.europa.eu/fmedatastreaming/AirQualityDownload/AQData_Extract.fmw?CountryCode=BE&CityName=&Pollutant=5&Year_from=2016&Year_to=2016&Station=STA-BETN060&Samplingpoint=&Source=E1a&Output=HTML&UpdateDate="
"Belgium","NET-Wallonia","Wallonia","BETN063","43N063 - CORROY L.G.","SPO-BETN063_00005_100","PM10","Particulate matter < 10 µm (aerosol)","P1Y-day-max36","1 year day max 36","2016","32.479","ug/m3","100.00","1","Background","Rural","4.6683","50.6554","145.0","","","","E1a/validated data AQ e-Reporting","18/03/2023 22:32:47","http://fme.discomap.eea.europa.eu/fmedatastreaming/AirQualityDownload/AQData_Extract.fmw?CountryCode=BE&CityName=&Pollutant=5&Year_from=2016&Year_to=2016&Station=STA-BETN063&Samplingpoint=&Source=E1a&Output=HTML&UpdateDate="
"Belgium","NET-Wallonia","Wallonia","BETN060","43N060 - HAVINNES","SPO-BETN060_00007_100","O3","Ozone (air)","summer-avg","Summer mean","2016","49.493","ug/m3","97.06","1","Background","Rural","3.4576","50.6167","0.0","","","","E1a/validated data AQ e-Reporting","18/03/2023 22:50:22","http://fme.discomap.eea.europa.eu/fmedatastreaming/AirQualityDownload/AQData_Extract.fmw?CountryCode=BE&CityName=&Pollutant=7&Year_from=2016&Year_to=2016&Station=STA-BETN060&Samplingpoint=&Source=E1a&Output=HTML&UpdateDate="
"Belgium","NET-Wallonia","Wallonia","BETN060","43N060 - HAVINNES","SPO-BETN060_00008_100","NO2","Nitrogen dioxide (air)","P1Y","Annual mean / 1 calendar year","2016","14.048","ug/m3","97.29","1","Background","Rural","3.4576","50.6167","0.0","","","","E1a/validated data AQ e-Reporting","18/03/2023 21:08:58","http://fme.discomap.eea.europa.eu/fmedatastreaming/AirQualityDownload/AQData_Extract.fmw?CountryCode=BE&CityName=&Pollutant=8&Year_from=2016&Year_to=2016&Station=STA-BETN060&Samplingpoint=&Source=E1a&Output=HTML&UpdateDate="
"Belgium","NET-Wallonia","Wallonia","BETN060","43N060 - HAVINNES","SPO-BETN060_00008_100","NO2","Nitrogen dioxide (air)","P1Y-day-per50","1 year 50 %ile of daily values in a year","2016","12.217","ug/m3","100.00","1","Background","Rural","3.4576","50.6167","0.0","","","","E1a/validated data AQ e-Reporting","18/03/2023 22:14:21","http://fme.discomap.eea.europa.eu/fmedatastreaming/AirQualityDownload/AQData_Extract.fmw?CountryCode=BE&CityName=&Pollutant=8&Year_from=2016&Year_to=2016&Station=STA-BETN060&Samplingpoint=&Source=E1a&Output=HTML&UpdateDate="
"Belgium","NET-Brussels","Brussels","BETR002","41R002 - IXELLES","SPO-BETR002_00001_100","SO2","Sulphur dioxide (air)","P1Y-daysAbove125","1 year day exceed 125","2016","0.000","count","97.81","1","Traffic","Urban","4.3846","50.8251","76.0","Bruxelles / Brussel                                                             ","BE001C1                                           ","1223364","E1a/validated data AQ e-Reporting","18/03/2023 22:23:37","http://fme.discomap.eea.europa.eu/fmedatastreaming/AirQualityDownload/AQData_Extract.fmw?CountryCode=BE&CityName=&Pollutant=1&Year_from=2016&Year_to=2016&Station=STA-BETR002&Samplingpoint=&Source=E1a&Output=HTML&UpdateDate="
"Belgium","NET-Brussels","Brussels","BETN043","41N043 - HAREN","SPO-BETN043_00391_100","Black Carbon","black_carbon (aerosol)","P1Y","Annual mean / 1 calendar year","2016","2.439","ug/m3","96.80","1","Industrial","Suburban","4.3830","50.8837","17.0","Bruxelles / Brussel                                                             ","BE001C1                                           ","1223364","E1a/validated data AQ e-Reporting","18/03/2023 21:08:58","http://fme.discomap.eea.europa.eu/fmedatastreaming/AirQualityDownload/AQData_Extract.fmw?CountryCode=BE&CityName=&Pollutant=391&Year_from=2016&Year_to=2016&Station=STA-BETN043&Samplingpoint=&Source=E1a&Output=HTML&UpdateDate="
"Belgium","NET-Brussels","Brussels","BETR012","41R012 - UCCLE","SPO-BETR012_00005_100","PM10","Particulate matter < 10 µm (aerosol)","P1Y","Annual mean / 1 calendar year","2016","17.822","ug/m3","92.35","1","Background","Suburban","4.3586","50.7966","101.0","Bruxelles / Brussel                                                             ","BE001C1                                           ","1223364","E1a/validated data AQ e-Reporting","18/03/2023 21:08:58","http://fme.discomap.eea.europa.eu/fmedatastreaming/AirQualityDownload/AQData_Extract.fmw?CountryCode=BE&CityName=&Pollutant=5&Year_from=2016&Year_to=2016&Station=STA-BETR012&Samplingpoint=&Source=E1a&Output=HTML&UpdateDate="
"Belgium","NET-Brussels","Brussels","BETB004","41B004 - STE.CATHERI","SPO-BETB004_00008_100","NO2","Nitrogen dioxide (air)","P1Y-hr-max19","1 year hour max19","2016","122.500","ug/m3","96.82","1","Background","Urban","4.3478","50.8521","17.0","Bruxelles / Brussel                                                             ","BE001C1                                           ","1223364","E1a/validated data AQ e-Reporting","18/03/2023 22:34:35","http://fme.discomap.eea.europa.eu/fmedatastreaming/AirQualityDownload/AQData_Extract.fmw?CountryCode=BE&CityName=&Pollutant=8&Year_from=2016&Year_to=2016&Station=STA-BETB004&Samplingpoint=&Source=E1a&Output=HTML&UpdateDate="
"Belgium","NET-Brussels","Brussels","BETB006","41B006 - PARL.EUROPE","SPO-BETB006_00007_100","O3","Ozone (air)","P1Y-maxP6M-P8H-dmax","Yearly highest six monthly average of daily maximum 8-hour mean concentration","2016","51.895","ug/m3","25.00","1","Background","Urban","4.3744","50.8386","67.0","Bruxelles / Brussel                                                             ","BE001C1                                           ","1223364","E1a/validated data AQ e-Reporting","18/03/2023 22:58:54","http://fme.discomap.eea.europa.eu/fmedatastreaming/AirQualityDownload/AQData_Extract.fmw?CountryCode=BE&CityName=&Pollutant=7&Year_from=2016&Year_to=2016&Station=STA-BETB006&Samplingpoint=&Source=E1a&Output=HTML&UpdateDate="
"Belgium","NET-Brussels","Brussels","BETR012","41R012 - UCCLE","SPO-BETR012_00008_100","NO2","Nitrogen dioxide (air)","P1Y-day-per50","1 year 50 %ile of daily values in a year","2016","19.587","ug/m3","96.45","1","Background","Suburban","4.3586","50.7966","101.0","Bruxelles / Brussel                                                             ","BE001C1                                           ","1223364","E1a/validated data AQ e-Reporting","18/03/2023 22:14:21","http://fme.discomap.eea.europa.eu/fmedatastreaming/AirQualityDownload/AQData_Extract.fmw?CountryCode=BE&CityName=&Pollutant=8&Year_from=2016&Year_to=2016&Station=STA-BETR012&Samplingpoint=&Source=E1a&Output=HTML&UpdateDate="
"Belgium","NET-Brussels","Brussels","BETR001","41R001 - MOLENBEEK","SPO-BETR001_00010_100","CO","Carbon monoxide (air)","P1Y-8hdmxAbove10","1 year daymax exceed 10","2016","0.000","count","93.17","1","Background","Urban","4.3341","50.8497","20.0","Bruxelles / Brussel                                                             ","BE001C1                                           ","1223364","E1a/validated data AQ e-Reporting","18/03/2023 22:27:43","http://fme.discomap.eea.europa.eu/fmedatastreaming/AirQualityDownload/AQData_Extract.fmw?CountryCode=BE&CityName=&Pollutant=10&Year_from=2016&Year_to=2016&Station=STA-BETR001&Samplingpoint=&Source=E1a&Output=HTML&UpdateDate="
"Belgium","NET-Brussels","Brussels","BETR012","41R012 - UCCLE","SPO-BETR012_00007_100","O3","Ozone (air)","SOMO10","Sum of Ozone Means Over 10 ppb","2016","14603.683","ug/m3","97.27","1","Background","Suburban","4.3586","50.7966","101.0","Bruxelles / Brussel                                                             ","BE001C1                                           ","1223364","E1a/validated data AQ e-Reporting","18/03/2023 22:59:50","http://fme.discomap.eea.europa.eu/fmedatastreaming/AirQualityDownload/AQData_Extract.fmw?CountryCode=BE&CityName=&Pollutant=7&Year_from=2016&Year_to=2016&Station=STA-BETR012&Samplingpoint=&Source=E1a&Output=HTML&UpdateDate="
"Belgium","NET-Brussels","Brussels","BEVR012","51R012 - UCCLE","SPO-BEVR012_00482_100","o-C6H4-(CH3)2","o-Xylene (air)","P1Y","Annual mean / 1 calendar year","2016","0.000","ug/m3","92.62","1","Background","Suburban","4.3585","50.7966","100.0","Bruxelles / Brussel                                                             ","BE001C1                                           ","1223364","E1a/validated data AQ e-Reporting","18/03/2023 21:08:58","http://fme.discomap.eea.europa.eu/fmedatastreaming/AirQualityDownload/AQData_Extract.fmw?CountryCode=BE&CityName=&Pollutant=482&Year_from=2016&Year_to=2016&Station=STA-BEVR012&Samplingpoint=&Source=E1a&Output=HTML&UpdateDate="
"Belgium","NET-Brussels","Brussels","BETB008","41B008 - Brussel (Beliardstraat)","SPO-BETB008_00008_100","NO2","Nitrogen dioxide (air)","P1Y-3hAbove400","3 consecutive hours in exceedance of 400","2016","0.000","count","91.68","1","Traffic","Urban","4.3759","50.8409","57.0","Bruxelles / Brussel                                                             ","BE001C1                                           ","1223364","E1a/validated data AQ e-Reporting","18/03/2023 22:22:30","http://fme.discomap.eea.europa.eu/fmedatastreaming/AirQualityDownload/AQData_Extract.fmw?CountryCode=BE&CityName=&Pollutant=8&Year_from=2016&Year_to=2016&Station=STA-BETB008&Samplingpoint=&Source=E1a&Output=HTML&UpdateDate="
"Belgium","NET-Flanders","Flanders","BETN016","42N016 - DESSEL","SPO-BETN016_00008_100","NO2","Nitrogen dioxide (air)","P1Y-day-per50","1 year 50 %ile of daily values in a year","2016","16.000","ug/m3","99.45","1","Background","Rural","5.1640","51.2337","30.0","","","","E1a/validated data AQ e-Reporting","18/03/2023 22:14:21","http://fme.discomap.eea.europa.eu/fmedatastreaming/AirQualityDownload/AQData_Extract.fmw?CountryCode=BE&CityName=&Pollutant=8&Year_from=2016&Year_to=2016&Station=STA-BETN016&Samplingpoint=&Source=E1a&Output=HTML&UpdateDate="
"Belgium","NET-Flanders","Flanders","BETN029","44N029 - HOUTEM","SPO-BETN029_00007_100","O3","Ozone (air)","P1Y","Annual mean / 1 calendar year","2016","47.929","ug/m3","90.30","1","Background","Rural","2.5823","51.0163","2.0","","","","E1a/validated data AQ e-Reporting","18/03/2023 21:08:58","http://fme.discomap.eea.europa.eu/fmedatastreaming/AirQualityDownload/AQData_Extract.fmw?CountryCode=BE&CityName=&Pollutant=7&Year_from=2016&Year_to=2016&Station=STA-BETN029&Samplingpoint=&Source=E1a&Output=HTML&UpdateDate="
"Belgium","NET-Flanders","Flanders","BETN027","42N027 - BREE","SPO-BETN027_00007_100","O3","Ozone (air)","AOT40c","AOT40 vegetation protection","2016","10553.152","ug/m3","97.46","1","Background","Rural","5.6067","51.1337","48.0","","","","E1a/validated data AQ e-Reporting","18/03/2023 23:06:29","http://fme.discomap.eea.europa.eu/fmedatastreaming/AirQualityDownload/AQData_Extract.fmw?CountryCode=BE&CityName=&Pollutant=7&Year_from=2016&Year_to=2016&Station=STA-BETN027&Samplingpoint=&Source=E1a&Output=HTML&UpdateDate="
"Belgium","NET-Flanders","Flanders","BETR750","44R750 - ZELZATE","SPO-BETR750_00001_100","SO2","Sulphur dioxide (air)","P1Y-daysAbove125","1 year day exceed 125","2016","0.000","count","98.36","1","Industrial","Rural","3.8229","51.1961","6.0","","","","E1a/validated data AQ e-Reporting","18/03/2023 22:23:37","http://fme.discomap.eea.europa.eu/fmedatastreaming/AirQualityDownload/AQData_Extract.fmw?CountryCode=BE&CityName=&Pollutant=1&Year_from=2016&Year_to=2016&Station=STA-BETR750&Samplingpoint=&Source=E1a&Output=HTML&UpdateDate="
"Belgium","NET-Flanders","Flanders","BETR750","44R750 - ZELZATE","SPO-BETR750_00005_100","PM10","Particulate matter < 10 µm (aerosol)","P1Y-day-max","1 year day max","2016","69.600","ug/m3","98.36","1","Industrial","Rural","3.8229","51.1961","6.0","","","","E1a/validated data AQ e-Reporting","18/03/2023 21:43:06","http://fme.discomap.eea.europa.eu/fmedatastreaming/AirQualityDownload/AQData_Extract.fmw?CountryCode=BE&CityName=&Pollutant=5&Year_from=2016&Year_to=2016&Station=STA-BETR750&Samplingpoint=&Source=E1a&Output=HTML&UpdateDate="
"Belgium","NET-Flanders","Flanders","BETM802","42M802 - ANTWERPEN","SPO-BETM802_00005_100","PM10","Particulate matter < 10 µm (aerosol)","P1Y-day-per50","1 year 50 %ile of daily values in a year","2016","20.871","ug/m3","98.09","1","Industrial","Suburban","4.4244","51.2610","3.0","Antwerpen                                                                       ","BE002C1                                           ","530014","E1a/validated data AQ e-Reporting","18/03/2023 22:08:05","http://fme.discomap.eea.europa.eu/fmedatastreaming/AirQualityDownload/AQData_Extract.fmw?CountryCode=BE&CityName=&Pollutant=5&Year_from=2016&Year_to=2016&Station=STA-BETM802&Samplingpoint=&Source=E1a&Output=HTML&UpdateDate="
"Belgium","NET-Brussels","Brussels","BETB011","41B011 - BERCHEM S.A","SPO-BETB011_00007_100","O3","Ozone (air)","AOT40cmeasured","AOT40c UNCORRECTED for data capture","2016","6695.500","ug/m3","98.91","1","Background","Suburban","4.2887","50.8578","66.0","Bruxelles / Brussel                                                             ","BE001C1                                           ","1223364","E1a/validated data AQ e-Reporting","18/03/2023 23:01:40","http://fme.discomap.eea.europa.eu/fmedatastreaming/AirQualityDownload/AQData_Extract.fmw?CountryCode=BE&CityName=&Pollutant=7&Year_from=2016&Year_to=2016&Station=STA-BETB011&Samplingpoint=&Source=E1a&Output=HTML&UpdateDate="
"Belgium","NET-Flanders","Flanders","BEDHB17","65HB17 - HOBOKEN
","SPO-BEDHB17_07435_100","Fluorene","Fluorene (precip+dry_dep)","P1Y","Annual mean / 1 calendar year","2016","8.383","ng/m2/day","22.95","1","Background","Urban","4.3379","51.1703","0.0","Antwerpen                                                                       ","BE002C1                                           ","530014","E1a/validated data AQ e-Reporting","18/03/2023 21:08:58","http://fme.discomap.eea.europa.eu/fmedatastreaming/AirQualityDownload/AQData_Extract.fmw?CountryCode=BE&CityName=&Pollutant=7435&Year_from=2016&Year_to=2016&Station=STA-BEDHB17&Samplingpoint=&Source=E1a&Output=HTML&UpdateDate="
"Belgium","NET-Flanders","Flanders","BEDN029","65N029 - HOUTEM
","SPO-BEDN029_00611_100","Benzo(a)anthracene","Benzo(a)anthracene (precip+dry_dep)","P1Y","Annual mean / 1 calendar year","2016","7.547","ng/m2/day","92.62","1","Background","Rural","2.5823","51.0163","0.0","","","","E1a/validated data AQ e-Reporting","18/03/2023 21:08:58","http://fme.discomap.eea.europa.eu/fmedatastreaming/AirQualityDownload/AQData_Extract.fmw?CountryCode=BE&CityName=&Pollutant=611&Year_from=2016&Year_to=2016&Station=STA-BEDN029&Samplingpoint=&Source=E1a&Output=HTML&UpdateDate="
"Belgium","NET-Flanders","Flanders","BEDR750","65R750 - ZELZATE
","SPO-BEDR750_00714_100","Phenanthrene","phenanthrene (precip+dry_dep)","P1Y","Annual mean / 1 calendar year","2016","107.469","ng/m2/day","92.62","1","Industrial","Suburban","3.8229","51.1961","0.0","","","","E1a/validated data AQ e-Reporting","18/03/2023 21:08:58","http://fme.discomap.eea.europa.eu/fmedatastreaming/AirQualityDownload/AQData_Extract.fmw?CountryCode=BE&CityName=&Pollutant=714&Year_from=2016&Year_to=2016&Station=STA-BEDR750&Samplingpoint=&Source=E1a&Output=HTML&UpdateDate="
"Belgium","NET-Flanders","Flanders","BEDR802","65R802 - BORGERHOUT","SPO-BEDR802_07380_100","Benzo(b,j,k)fluoranthene","Benzo(b,j,k)fluoranthene (precip+dry_dep)","P1Y","Annual mean / 1 calendar year","2016","90.522","ng/m2/day","92.62","1","Background","Urban","4.4317","51.2094","0.0","Antwerpen                                                                       ","BE002C1                                           ","530014","E1a/validated data AQ e-Reporting","18/03/2023 21:08:58","http://fme.discomap.eea.europa.eu/fmedatastreaming/AirQualityDownload/AQData_Extract.fmw?CountryCode=BE&CityName=&Pollutant=7380&Year_from=2016&Year_to=2016&Station=STA-BEDR802&Samplingpoint=&Source=E1a&Output=HTML&UpdateDate="
"Belgium","NET-Flanders","Flanders","BEPGI04","60GI04 - GRIMBERGEN","SPO-BEPGI04_05029_100","BaP in PM10","Benzo(a)pyrene in PM10 (aerosol)","P3Y","3 subsequent calendar years mean","2016","0.153","ng/m3","8.94","1","Background","Rural","4.4022","50.9352","2.0","","","","E1a/validated data AQ e-Reporting","18/03/2023 21:36:00","http://fme.discomap.eea.europa.eu/fmedatastreaming/AirQualityDownload/AQData_Extract.fmw?CountryCode=BE&CityName=&Pollutant=5029&Year_from=2016&Year_to=2016&Station=STA-BEPGI04&Samplingpoint=&Source=E1a&Output=HTML&UpdateDate="
"Belgium","NET-Flanders","Flanders","BEPR802","60R802 - BORGERHOUT","SPO-BEPR802_05029_100","BaP in PM10","Benzo(a)pyrene in PM10 (aerosol)","P3Y","3 subsequent calendar years mean","2016","0.174","ng/m3","32.30","1","Traffic","Urban","4.4318","51.2097","6.0","Antwerpen                                                                       ","BE002C1                                           ","530014","E1a/validated data AQ e-Reporting","18/03/2023 21:36:00","http://fme.discomap.eea.europa.eu/fmedatastreaming/AirQualityDownload/AQData_Extract.fmw?CountryCode=BE&CityName=&Pollutant=5029&Year_from=2016&Year_to=2016&Station=STA-BEPR802&Samplingpoint=&Source=E1a&Output=HTML&UpdateDate="
"Belgium","NET-Flanders","Flanders","BETE716","47E716 - MARIAKERKE","SPO-BETE716_00008_100","NO2","Nitrogen dioxide (air)","P1Y-3hAbove400","3 consecutive hours in exceedance of 400","2016","0.000","count","96.22","1","Industrial","Suburban","3.6828","51.0670","8.0","Gent                                                                            ","BE003C1                                           ","263687","E1a/validated data AQ e-Reporting","18/03/2023 22:22:30","http://fme.discomap.eea.europa.eu/fmedatastreaming/AirQualityDownload/AQData_Extract.fmw?CountryCode=BE&CityName=&Pollutant=8&Year_from=2016&Year_to=2016&Station=STA-BETE716&Samplingpoint=&Source=E1a&Output=HTML&UpdateDate="
"Belgium","NET-Flanders","Flanders","BEDGI05","65GI05 - GRIMBERGEN
","SPO-BEDGI05_07380_100","Benzo(b,j,k)fluoranthene","Benzo(b,j,k)fluoranthene (precip+dry_dep)","P1Y","Annual mean / 1 calendar year","2016","92.780","ng/m2/day","22.95","1","Background","Suburban","4.4189","50.9482","0.0","","","","E1a/validated data AQ e-Reporting","18/03/2023 21:08:58","http://fme.discomap.eea.europa.eu/fmedatastreaming/AirQualityDownload/AQData_Extract.fmw?CountryCode=BE&CityName=&Pollutant=7380&Year_from=2016&Year_to=2016&Station=STA-BEDGI05&Samplingpoint=&Source=E1a&Output=HTML&UpdateDate="
"Belgium","NET-Brussels","Brussels","BETR012","41R012 - UCCLE","SPO-BETR012_00001_100","SO2","Sulphur dioxide (air)","P1Y-hrsAbove350","1 year hour exceed 350","2016","0.000","count","88.72","1","Background","Suburban","4.3586","50.7966","101.0","Bruxelles / Brussel                                                             ","BE001C1                                           ","1223364","E1a/validated data AQ e-Reporting","18/03/2023 21:52:12","http://fme.discomap.eea.europa.eu/fmedatastreaming/AirQualityDownload/AQData_Extract.fmw?CountryCode=BE&CityName=&Pollutant=1&Year_from=2016&Year_to=2016&Station=STA-BETR012&Samplingpoint=&Source=E1a&Output=HTML&UpdateDate="
"Belgium","NET-Flanders","Flanders","BETN045","42N045 - HASSELT","SPO-BETN045_00005_100","PM10","Particulate matter < 10 µm (aerosol)","P1Y-day-max36","1 year day max 36","2016","32.871","ug/m3","99.45","1","Background","Suburban","5.3684","50.9397","41.0","","","","E1a/validated data AQ e-Reporting","18/03/2023 22:32:47","http://fme.discomap.eea.europa.eu/fmedatastreaming/AirQualityDownload/AQData_Extract.fmw?CountryCode=BE&CityName=&Pollutant=5&Year_from=2016&Year_to=2016&Station=STA-BETN045&Samplingpoint=&Source=E1a&Output=HTML&UpdateDate="
"Belgium","NET-Flanders","Flanders","BETE716","47E716 - MARIAKERKE","SPO-BETE716_00008_100","NO2","Nitrogen dioxide (air)","P1Y-day-min","1 year day min","2016","3.283","ug/m3","98.36","1","Industrial","Suburban","3.6828","51.0670","8.0","Gent                                                                            ","BE003C1                                           ","263687","E1a/validated data AQ e-Reporting","18/03/2023 21:56:03","http://fme.discomap.eea.europa.eu/fmedatastreaming/AirQualityDownload/AQData_Extract.fmw?CountryCode=BE&CityName=&Pollutant=8&Year_from=2016&Year_to=2016&Station=STA-BETE716&Samplingpoint=&Source=E1a&Output=HTML&UpdateDate="
"Belgium","NET-Flanders","Flanders","BELAL01","40AL01 - LINKEROEVER","SPO-BELAL01_00005_100","PM10","Particulate matter < 10 µm (aerosol)","P1Y","Annual mean / 1 calendar year","2016","21.713","ug/m3","97.61","1","Industrial","Suburban","4.3852","51.2362","10.0","Antwerpen                                                                       ","BE002C1                                           ","530014","E1a/validated data AQ e-Reporting","18/03/2023 21:08:58","http://fme.discomap.eea.europa.eu/fmedatastreaming/AirQualityDownload/AQData_Extract.fmw?CountryCode=BE&CityName=&Pollutant=5&Year_from=2016&Year_to=2016&Station=STA-BELAL01&Samplingpoint=&Source=E1a&Output=HTML&UpdateDate="
"Belgium","NET-Flanders","Flanders","BETR702","44R702 - Gent (G.Carlierlaan)","SPO-BETR702_00005_100","PM10","Particulate matter < 10 µm (aerosol)","P1Y","Annual mean / 1 calendar year","2016","24.402","ug/m3","99.77","1","Traffic","Urban","3.7350","51.0407","8.0","Gent                                                                            ","BE003C1                                           ","263687","E1a/validated data AQ e-Reporting","18/03/2023 21:08:58","http://fme.discomap.eea.europa.eu/fmedatastreaming/AirQualityDownload/AQData_Extract.fmw?CountryCode=BE&CityName=&Pollutant=5&Year_from=2016&Year_to=2016&Station=STA-BETR702&Samplingpoint=&Source=E1a&Output=HTML&UpdateDate="
"Belgium","NET-Flanders","Flanders","BETR702","44R702 - Gent (G.Carlierlaan)","SPO-BETR702_00005_100","PM10","Particulate matter < 10 µm (aerosol)","P1Y-hr-max","1 year hour max","2016","189.100","ug/m3","99.77","1","Traffic","Urban","3.7350","51.0407","8.0","Gent                                                                            ","BE003C1                                           ","263687","E1a/validated data AQ e-Reporting","18/03/2023 21:57:02","http://fme.discomap.eea.europa.eu/fmedatastreaming/AirQualityDownload/AQData_Extract.fmw?CountryCode=BE&CityName=&Pollutant=5&Year_from=2016&Year_to=2016&Station=STA-BETR702&Samplingpoint=&Source=E1a&Output=HTML&UpdateDate="
"Belgium","NET-Flanders","Flanders","BEDHZ02","65HZ02 - HEUZDEN-ZOLDER
","SPO-BEDHZ02_00645_100","Fluoranthene","fluoranthene (precip+dry_dep)","P1Y","Annual mean / 1 calendar year","2016","73.217","ng/m2/day","22.95","1","Industrial","Suburban","5.2477","50.9943","0.0","","","","E1a/validated data AQ e-Reporting","18/03/2023 21:08:58","http://fme.discomap.eea.europa.eu/fmedatastreaming/AirQualityDownload/AQData_Extract.fmw?CountryCode=BE&CityName=&Pollutant=645&Year_from=2016&Year_to=2016&Station=STA-BEDHZ02&Samplingpoint=&Source=E1a&Output=HTML&UpdateDate="
"Belgium","NET-Flanders","Flanders","BEDNE02","65NE02 - NIEL
","SPO-BEDNE02_00608_100","Anthracene","anthracene (precip+dry_dep)","P1Y","Annual mean / 1 calendar year","2016","4.050","ng/m2/day","22.95","1","Background","Rural","4.3353","51.0990","0.0","","","","E1a/validated data AQ e-Reporting","18/03/2023 21:08:58","http://fme.discomap.eea.europa.eu/fmedatastreaming/AirQualityDownload/AQData_Extract.fmw?CountryCode=BE&CityName=&Pollutant=608&Year_from=2016&Year_to=2016&Station=STA-BEDNE02&Samplingpoint=&Source=E1a&Output=HTML&UpdateDate="
"Belgium","NET-Flanders","Flanders","BELLD02","40LD02 - LAAKDAL","SPO-BELLD02_00008_100","NO2","Nitrogen dioxide (air)","P1Y-3hAbove400","3 consecutive hours in exceedance of 400","2016","0.000","count","96.46","1","Industrial","Rural","5.0216","51.1204","22.0","","","","E1a/validated data AQ e-Reporting","18/03/2023 22:22:30","http://fme.discomap.eea.europa.eu/fmedatastreaming/AirQualityDownload/AQData_Extract.fmw?CountryCode=BE&CityName=&Pollutant=8&Year_from=2016&Year_to=2016&Station=STA-BELLD02&Samplingpoint=&Source=E1a&Output=HTML&UpdateDate="
"Belgium","NET-Flanders","Flanders","BELHB23","40HB23 - HOBOKEN","SPO-BELHB23_06001_100","PM2.5","Particulate matter < 2.5 µm (aerosol)","P1Y-day-per50","1 year 50 %ile of daily values in a year","2016","11.313","ug/m3","96.99","1","Industrial","Suburban","4.3410","51.1703","13.0","Antwerpen                                                                       ","BE002C1                                           ","530014","E1a/validated data AQ e-Reporting","18/03/2023 22:11:51","http://fme.discomap.eea.europa.eu/fmedatastreaming/AirQualityDownload/AQData_Extract.fmw?CountryCode=BE&CityName=&Pollutant=6001&Year_from=2016&Year_to=2016&Station=STA-BELHB23&Samplingpoint=&Source=E1a&Output=HTML&UpdateDate="
"Belgium","NET-Flanders","Flanders","BELAB02","40AB02 - BERENDRECHT","SPO-BELAB02_00005_100","PM10","Particulate matter < 10 µm (aerosol)","P1Y-day-max","1 year day max","2016","67.954","ug/m3","100.00","1","Background","Suburban","4.3218","51.3407","10.0","Antwerpen                                                                       ","BE002C1                                           ","530014","E1a/validated data AQ e-Reporting","18/03/2023 21:43:06","http://fme.discomap.eea.europa.eu/fmedatastreaming/AirQualityDownload/AQData_Extract.fmw?CountryCode=BE&CityName=&Pollutant=5&Year_from=2016&Year_to=2016&Station=STA-BELAB02&Samplingpoint=&Source=E1a&Output=HTML&UpdateDate="
"Belgium","NET-Flanders","Flanders","BETN035","42N035 - AARSCHOT","SPO-BETN035_00008_100","NO2","Nitrogen dioxide (air)","P1Y-hr-max19","1 year hour max19","2016","72.500","ug/m3","96.98","1","Background","Rural","4.8376","50.9775","55.0","","","","E1a/validated data AQ e-Reporting","18/03/2023 22:34:35","http://fme.discomap.eea.europa.eu/fmedatastreaming/AirQualityDownload/AQData_Extract.fmw?CountryCode=BE&CityName=&Pollutant=8&Year_from=2016&Year_to=2016&Station=STA-BETN035&Samplingpoint=&Source=E1a&Output=HTML&UpdateDate="
"Belgium","NET-Flanders","Flanders","BETR701","44R701 - GENT","SPO-BETR701_00007_100","O3","Ozone (air)","P1Y-maxP6M-P8H-dmax","Yearly highest six monthly average of daily maximum 8-hour mean concentration","2016","74.475","ug/m3","100.00","1","Background","Urban","3.7293","51.0583","5.0","Gent                                                                            ","BE003C1                                           ","263687","E1a/validated data AQ e-Reporting","18/03/2023 22:58:54","http://fme.discomap.eea.europa.eu/fmedatastreaming/AirQualityDownload/AQData_Extract.fmw?CountryCode=BE&CityName=&Pollutant=7&Year_from=2016&Year_to=2016&Station=STA-BETR701&Samplingpoint=&Source=E1a&Output=HTML&UpdateDate="
"Belgium","NET-Flanders","Flanders","BETN012","44N012 - MOERKERKE","SPO-BETN012_00007_100","O3","Ozone (air)","P1Y-maxP6M-P8H-dmax","Yearly highest six monthly average of daily maximum 8-hour mean concentration","2016","78.548","ug/m3","100.00","1","Background","Rural","3.3625","51.2546","3.0","","","","E1a/validated data AQ e-Reporting","18/03/2023 22:58:54","http://fme.discomap.eea.europa.eu/fmedatastreaming/AirQualityDownload/AQData_Extract.fmw?CountryCode=BE&CityName=&Pollutant=7&Year_from=2016&Year_to=2016&Station=STA-BETN012&Samplingpoint=&Source=E1a&Output=HTML&UpdateDate="
"Belgium","NET-Flanders","Flanders","BETE812","47E812 - GENK","SPO-BETE812_00008_100","NO2","Nitrogen dioxide (air)","P1Y-hrsAbove400","1 year hour exceed 400","2016","0.000","count","54.46","1","Industrial","Suburban","5.5377","50.9680","82.0","","","","E1a/validated data AQ e-Reporting","18/03/2023 21:54:38","http://fme.discomap.eea.europa.eu/fmedatastreaming/AirQualityDownload/AQData_Extract.fmw?CountryCode=BE&CityName=&Pollutant=8&Year_from=2016&Year_to=2016&Station=STA-BETE812&Samplingpoint=&Source=E1a&Output=HTML&UpdateDate="
"Belgium","NET-Flanders","Flanders","BETN045","42N045 - HASSELT","SPO-BETN045_00007_100","O3","Ozone (air)","SOMO35","Sum of Ozone Means Over 35 ppb","2016","3482.982","ug/m3","95.63","1","Background","Suburban","5.3684","50.9397","41.0","","","","E1a/validated data AQ e-Reporting","18/03/2023 22:59:23","http://fme.discomap.eea.europa.eu/fmedatastreaming/AirQualityDownload/AQData_Extract.fmw?CountryCode=BE&CityName=&Pollutant=7&Year_from=2016&Year_to=2016&Station=STA-BETN045&Samplingpoint=&Source=E1a&Output=HTML&UpdateDate="
"Belgium","NET-Flanders","Flanders","BETN027","42N027 - BREE","SPO-BETN027_00008_100","NO2","Nitrogen dioxide (air)","P1Y-hr-max19","1 year hour max19","2016","58.500","ug/m3","96.24","1","Background","Rural","5.6067","51.1337","48.0","","","","E1a/validated data AQ e-Reporting","18/03/2023 22:34:35","http://fme.discomap.eea.europa.eu/fmedatastreaming/AirQualityDownload/AQData_Extract.fmw?CountryCode=BE&CityName=&Pollutant=8&Year_from=2016&Year_to=2016&Station=STA-BETN027&Samplingpoint=&Source=E1a&Output=HTML&UpdateDate="
"Belgium","NET-Flanders","Flanders","BELLD02","40LD02 - LAAKDAL","SPO-BELLD02_00008_100","NO2","Nitrogen dioxide (air)","P1Y-day-min","1 year day min","2016","4.667","ug/m3","98.63","1","Industrial","Rural","5.0216","51.1204","22.0","","","","E1a/validated data AQ e-Reporting","18/03/2023 21:56:03","http://fme.discomap.eea.europa.eu/fmedatastreaming/AirQualityDownload/AQData_Extract.fmw?CountryCode=BE&CityName=&Pollutant=8&Year_from=2016&Year_to=2016&Station=STA-BELLD02&Samplingpoint=&Source=E1a&Output=HTML&UpdateDate="
"Belgium","NET-Brussels","Brussels","BETR012","41R012 - UCCLE","SPO-BETR012_00007_100","O3","Ozone (air)","P1Y-maxP6M-P8H-dmax","Yearly highest six monthly average of daily maximum 8-hour mean concentration","2016","76.933","ug/m3","100.00","1","Background","Suburban","4.3586","50.7966","101.0","Bruxelles / Brussel                                                             ","BE001C1                                           ","1223364","E1a/validated data AQ e-Reporting","18/03/2023 22:58:54","http://fme.discomap.eea.europa.eu/fmedatastreaming/AirQualityDownload/AQData_Extract.fmw?CountryCode=BE&CityName=&Pollutant=7&Year_from=2016&Year_to=2016&Station=STA-BETR012&Samplingpoint=&Source=E1a&Output=HTML&UpdateDate="
"Belgium","NET-Flanders","Flanders","BELZL01","40ZL01 - ZELZATE","SPO-BELZL01_00020_100","C6H6","Benzene (air)","P1Y-hr-min","1 year hour min","2016","0.050","ug/m3","91.72","1","Industrial","Suburban","3.8084","51.2031","6.0","","","","E1a/validated data AQ e-Reporting","18/03/2023 22:31:20","http://fme.discomap.eea.europa.eu/fmedatastreaming/AirQualityDownload/AQData_Extract.fmw?CountryCode=BE&CityName=&Pollutant=20&Year_from=2016&Year_to=2016&Station=STA-BELZL01&Samplingpoint=&Source=E1a&Output=HTML&UpdateDate="
"Belgium","NET-Flanders","Flanders","BESR893","59N893 - ANTWERPEN","SPO-BESR893_00020_100","C6H6","Benzene (air)","P1Y","Annual mean / 1 calendar year","2016","1.885","ug/m3","91.80","1","Background","Suburban","3.8084","51.2032","0.0","","","","E1a/validated data AQ e-Reporting","18/03/2023 21:08:58","http://fme.discomap.eea.europa.eu/fmedatastreaming/AirQualityDownload/AQData_Extract.fmw?CountryCode=BE&CityName=&Pollutant=20&Year_from=2016&Year_to=2016&Station=STA-BESR893&Samplingpoint=&Source=E1a&Output=HTML&UpdateDate="
"Belgium","NET-Flanders","Flanders","BEGR701","26R701 - GENT","SPO-BEGR701_06001_100","PM2.5","Particulate matter < 2.5 µm (aerosol)","P1Y","Annual mean / 1 calendar year","2016","14.756","ug/m3","97.81","1","Background","Urban","3.7293","51.0583","5.0","Gent                                                                            ","BE003C1                                           ","263687","E1a/validated data AQ e-Reporting","18/03/2023 21:08:58","http://fme.discomap.eea.europa.eu/fmedatastreaming/AirQualityDownload/AQData_Extract.fmw?CountryCode=BE&CityName=&Pollutant=6001&Year_from=2016&Year_to=2016&Station=STA-BEGR701&Samplingpoint=&Source=E1a&Output=HTML&UpdateDate="
"Belgium","NET-Flanders","Flanders","BESN045","59N045 - HASSELT","SPO-BESN045_00020_100","C6H6","Benzene (air)","P1Y-day-per50","1 year 50 %ile of daily values in a year","2016","0.740","ug/m3","91.80","1","Background","Suburban","5.3684","50.9397","0.0","","","","E1a/validated data AQ e-Reporting","18/03/2023 22:13:51","http://fme.discomap.eea.europa.eu/fmedatastreaming/AirQualityDownload/AQData_Extract.fmw?CountryCode=BE&CityName=&Pollutant=20&Year_from=2016&Year_to=2016&Station=STA-BESN045&Samplingpoint=&Source=E1a&Output=HTML&UpdateDate="
"Belgium","NET-Brussels","Brussels","BETWOL1","41WOL1 - WOL.ST.L.","SPO-BETWOL1_00007_100","O3","Ozone (air)","P3Y-dmaxAbove120","Daymax exceed 120 averaged over 3 consecutive years","2016","1.667","count","100.00","1","Traffic","Suburban","4.4258","50.8567","78.0","Bruxelles / Brussel                                                             ","BE001C1                                           ","1223364","E1a/validated data AQ e-Reporting","18/03/2023 22:34:54","http://fme.discomap.eea.europa.eu/fmedatastreaming/AirQualityDownload/AQData_Extract.fmw?CountryCode=BE&CityName=&Pollutant=7&Year_from=2016&Year_to=2016&Station=STA-BETWOL1&Samplingpoint=&Source=E1a&Output=HTML&UpdateDate="
"Belgium","NET-Flanders","Flanders","BELAL01","40AL01 - LINKEROEVER","SPO-BELAL01_00008_100","NO2","Nitrogen dioxide (air)","P1Y-hrsAbove200","1 year hour exceed 200","2016","0.000","count","94.18","1","Industrial","Suburban","4.3852","51.2362","10.0","Antwerpen                                                                       ","BE002C1                                           ","530014","E1a/validated data AQ e-Reporting","18/03/2023 21:48:42","http://fme.discomap.eea.europa.eu/fmedatastreaming/AirQualityDownload/AQData_Extract.fmw?CountryCode=BE&CityName=&Pollutant=8&Year_from=2016&Year_to=2016&Station=STA-BELAL01&Samplingpoint=&Source=E1a&Output=HTML&UpdateDate="
"Belgium","NET-Flanders","Flanders","BETN012","44N012 - MOERKERKE","SPO-BETN012_00005_100","PM10","Particulate matter < 10 µm (aerosol)","P1Y-P1D-per99","1 year 99 percentile of daily means (P1D) or .../aq/primaryObservation/day","2016","47.413","ug/m3","99.45","1","Background","Rural","3.3625","51.2546","3.0","","","","E1a/validated data AQ e-Reporting","18/03/2023 22:09:38","http://fme.discomap.eea.europa.eu/fmedatastreaming/AirQualityDownload/AQData_Extract.fmw?CountryCode=BE&CityName=&Pollutant=5&Year_from=2016&Year_to=2016&Station=STA-BETN012&Samplingpoint=&Source=E1a&Output=HTML&UpdateDate="
"Belgium","NET-Flanders","Flanders","BELSZ02","40SZ02 - STEENOKKERZ","SPO-BELSZ02_00005_100","PM10","Particulate matter < 10 µm (aerosol)","P1Y-P1D-per90.41","1 year 90.41 percentile","2016","32.808","ug/m3","98.63","1","Industrial","Rural","4.5122","50.9130","15.0","","","","E1a/validated data AQ e-Reporting","18/03/2023 22:09:05","http://fme.discomap.eea.europa.eu/fmedatastreaming/AirQualityDownload/AQData_Extract.fmw?CountryCode=BE&CityName=&Pollutant=5&Year_from=2016&Year_to=2016&Station=STA-BELSZ02&Samplingpoint=&Source=E1a&Output=HTML&UpdateDate="
"Belgium","NET-Flanders","Flanders","BELAL01","40AL01 - LINKEROEVER","SPO-BELAL01_00008_100","NO2","Nitrogen dioxide (air)","P3Y","3 subsequent calendar years mean","2016","26.266","ug/m3","95.30","1","Industrial","Suburban","4.3852","51.2362","10.0","Antwerpen                                                                       ","BE002C1                                           ","530014","E1a/validated data AQ e-Reporting","18/03/2023 21:36:00","http://fme.discomap.eea.europa.eu/fmedatastreaming/AirQualityDownload/AQData_Extract.fmw?CountryCode=BE&CityName=&Pollutant=8&Year_from=2016&Year_to=2016&Station=STA-BELAL01&Samplingpoint=&Source=E1a&Output=HTML&UpdateDate="
"Belgium","NET-Flanders","Flanders","BETN035","42N035 - AARSCHOT","SPO-BETN035_00007_100","O3","Ozone (air)","P1Y-dx-max","1 year day max max","2016","169.875","ug/m3","94.81","1","Background","Rural","4.8376","50.9775","55.0","","","","E1a/validated data AQ e-Reporting","18/03/2023 21:44:39","http://fme.discomap.eea.europa.eu/fmedatastreaming/AirQualityDownload/AQData_Extract.fmw?CountryCode=BE&CityName=&Pollutant=7&Year_from=2016&Year_to=2016&Station=STA-BETN035&Samplingpoint=&Source=E1a&Output=HTML&UpdateDate="
"Belgium","NET-Flanders","Flanders","BETN012","44N012 - MOERKERKE","SPO-BETN012_00007_100","O3","Ozone (air)","AOT40c","AOT40 vegetation protection","2016","5148.933","ug/m3","97.83","1","Background","Rural","3.3625","51.2546","3.0","","","","E1a/validated data AQ e-Reporting","18/03/2023 23:06:29","http://fme.discomap.eea.europa.eu/fmedatastreaming/AirQualityDownload/AQData_Extract.fmw?CountryCode=BE&CityName=&Pollutant=7&Year_from=2016&Year_to=2016&Station=STA-BETN012&Samplingpoint=&Source=E1a&Output=HTML&UpdateDate="
"Belgium","NET-Flanders","Flanders","BETM702","44M702 - ERTVELDE","SPO-BETM702_00008_100","NO2","Nitrogen dioxide (air)","P1Y-hr-max","1 year hour max","2016","90.000","ug/m3","93.52","1","Industrial","Rural","3.7621","51.1660","5.0","","","","E1a/validated data AQ e-Reporting","18/03/2023 21:57:02","http://fme.discomap.eea.europa.eu/fmedatastreaming/AirQualityDownload/AQData_Extract.fmw?CountryCode=BE&CityName=&Pollutant=8&Year_from=2016&Year_to=2016&Station=STA-BETM702&Samplingpoint=&Source=E1a&Output=HTML&UpdateDate="
"Belgium","NET-Flanders","Flanders","BETM705","44M705 - ROESELARE","SPO-BETM705_00008_100","NO2","Nitrogen dioxide (air)","P1Y-3hAbove400","3 consecutive hours in exceedance of 400","2016","0.000","count","96.85","1","Industrial","Suburban","3.1524","50.9454","19.0","","","","E1a/validated data AQ e-Reporting","18/03/2023 22:22:30","http://fme.discomap.eea.europa.eu/fmedatastreaming/AirQualityDownload/AQData_Extract.fmw?CountryCode=BE&CityName=&Pollutant=8&Year_from=2016&Year_to=2016&Station=STA-BETM705&Samplingpoint=&Source=E1a&Output=HTML&UpdateDate="
"Belgium","NET-Flanders","Flanders","BETN027","42N027 - BREE","SPO-BETN027_00007_100","O3","Ozone (air)","P3Y-dmaxAbove120","Daymax exceed 120 averaged over 3 consecutive years","2016","17.333","count","100.00","1","Background","Rural","5.6067","51.1337","48.0","","","","E1a/validated data AQ e-Reporting","18/03/2023 22:34:54","http://fme.discomap.eea.europa.eu/fmedatastreaming/AirQualityDownload/AQData_Extract.fmw?CountryCode=BE&CityName=&Pollutant=7&Year_from=2016&Year_to=2016&Station=STA-BETN027&Samplingpoint=&Source=E1a&Output=HTML&UpdateDate="
"Belgium","NET-Flanders","Flanders","BETN029","44N029 - HOUTEM","SPO-BETN029_00001_100","SO2","Sulphur dioxide (air)","P1Y","Annual mean / 1 calendar year","2016","1.088","ug/m3","96.66","1","Background","Rural","2.5823","51.0163","2.0","","","","E1a/validated data AQ e-Reporting","18/03/2023 21:08:58","http://fme.discomap.eea.europa.eu/fmedatastreaming/AirQualityDownload/AQData_Extract.fmw?CountryCode=BE&CityName=&Pollutant=1&Year_from=2016&Year_to=2016&Station=STA-BETN029&Samplingpoint=&Source=E1a&Output=HTML&UpdateDate="
"Belgium","NET-Flanders","Flanders","BELHB23","40HB23 - HOBOKEN","SPO-BELHB23_00008_100","NO2","Nitrogen dioxide (air)","P3Y","3 subsequent calendar years mean","2016","26.835","ug/m3","96.05","1","Industrial","Suburban","4.3410","51.1703","13.0","Antwerpen                                                                       ","BE002C1                                           ","530014","E1a/validated data AQ e-Reporting","18/03/2023 21:36:00","http://fme.discomap.eea.europa.eu/fmedatastreaming/AirQualityDownload/AQData_Extract.fmw?CountryCode=BE&CityName=&Pollutant=8&Year_from=2016&Year_to=2016&Station=STA-BELHB23&Samplingpoint=&Source=E1a&Output=HTML&UpdateDate="
"Belgium","NET-Flanders","Flanders","BEDGI04","65GI04 - GRIMBERGEN
","SPO-BEDGI04_07419_100","Dibenzo(ah)anthracene","Dibenzo(ah)anthracene (precip+dry_dep)","P1Y","Annual mean / 1 calendar year","2016","8.663","ng/m2/day","22.95","1","Background","Suburban","4.4022","50.9352","0.0","","","","E1a/validated data AQ e-Reporting","18/03/2023 21:08:58","http://fme.discomap.eea.europa.eu/fmedatastreaming/AirQualityDownload/AQData_Extract.fmw?CountryCode=BE&CityName=&Pollutant=7419&Year_from=2016&Year_to=2016&Station=STA-BEDGI04&Samplingpoint=&Source=E1a&Output=HTML&UpdateDate="
"Belgium","NET-Flanders","Flanders","BELHB23","40HB23 - HOBOKEN","SPO-BELHB23_00005_100","PM10","Particulate matter < 10 µm (aerosol)","P1Y-P1D-per99","1 year 99 percentile of daily means (P1D) or .../aq/primaryObservation/day","2016","59.975","ug/m3","96.99","1","Industrial","Suburban","4.3410","51.1703","13.0","Antwerpen                                                                       ","BE002C1                                           ","530014","E1a/validated data AQ e-Reporting","18/03/2023 22:09:38","http://fme.discomap.eea.europa.eu/fmedatastreaming/AirQualityDownload/AQData_Extract.fmw?CountryCode=BE&CityName=&Pollutant=5&Year_from=2016&Year_to=2016&Station=STA-BELHB23&Samplingpoint=&Source=E1a&Output=HTML&UpdateDate="
"Belgium","NET-Flanders","Flanders","BEDGN78","65GN78 - GENT
","SPO-BEDGN78_07435_100","Fluorene","Fluorene (precip+dry_dep)","P1Y","Annual mean / 1 calendar year","2016","176.057","ng/m2/day","22.95","1","Background","Urban","3.7264","51.0857","0.0","Gent                                                                            ","BE003C1                                           ","263687","E1a/validated data AQ e-Reporting","18/03/2023 21:08:58","http://fme.discomap.eea.europa.eu/fmedatastreaming/AirQualityDownload/AQData_Extract.fmw?CountryCode=BE&CityName=&Pollutant=7435&Year_from=2016&Year_to=2016&Station=STA-BEDGN78&Samplingpoint=&Source=E1a&Output=HTML&UpdateDate="
"Belgium","NET-Flanders","Flanders","BELMN01","40MN01 - MENEN","SPO-BELMN01_00005_100","PM10","Particulate matter < 10 µm (aerosol)","P1Y-day-min","1 year day min","2016","6.246","ug/m3","97.81","1","Industrial","Rural","3.1096","50.7935","10.0","","","","E1a/validated data AQ e-Reporting","18/03/2023 21:55:13","http://fme.discomap.eea.europa.eu/fmedatastreaming/AirQualityDownload/AQData_Extract.fmw?CountryCode=BE&CityName=&Pollutant=5&Year_from=2016&Year_to=2016&Station=STA-BELMN01&Samplingpoint=&Source=E1a&Output=HTML&UpdateDate="
"Belgium","NET-Flanders","Flanders","BETR811","42R811 - SCHOTEN","SPO-BETR811_06001_100","PM2.5","Particulate matter < 2.5 µm (aerosol)","P1Y-P1D-per99","1 year 99 percentile of daily means (P1D) or .../aq/primaryObservation/day","2016","47.167","ug/m3","99.73","1","Background","Suburban","4.4914","51.2521","8.0","","","","E1a/validated data AQ e-Reporting","18/03/2023 22:10:03","http://fme.discomap.eea.europa.eu/fmedatastreaming/AirQualityDownload/AQData_Extract.fmw?CountryCode=BE&CityName=&Pollutant=6001&Year_from=2016&Year_to=2016&Station=STA-BETR811&Samplingpoint=&Source=E1a&Output=HTML&UpdateDate="
"Belgium","NET-Flanders","Flanders","BETR721","44R721 - WONDELGEM","SPO-BETR721_00008_100","NO2","Nitrogen dioxide (air)","P1Y-3hAbove400","3 consecutive hours in exceedance of 400","2016","0.000","count","91.84","1","Industrial","Suburban","3.7161","51.0890","6.0","Gent                                                                            ","BE003C1                                           ","263687","E1a/validated data AQ e-Reporting","18/03/2023 22:22:30","http://fme.discomap.eea.europa.eu/fmedatastreaming/AirQualityDownload/AQData_Extract.fmw?CountryCode=BE&CityName=&Pollutant=8&Year_from=2016&Year_to=2016&Station=STA-BETR721&Samplingpoint=&Source=E1a&Output=HTML&UpdateDate="
"Belgium","NET-Flanders","Flanders","BETN045","42N045 - HASSELT","SPO-BETN045_06001_100","PM2.5","Particulate matter < 2.5 µm (aerosol)","P1Y-day-per50","1 year 50 %ile of daily values in a year","2016","10.146","ug/m3","99.45","1","Background","Suburban","5.3684","50.9397","41.0","","","","E1a/validated data AQ e-Reporting","18/03/2023 22:11:51","http://fme.discomap.eea.europa.eu/fmedatastreaming/AirQualityDownload/AQData_Extract.fmw?CountryCode=BE&CityName=&Pollutant=6001&Year_from=2016&Year_to=2016&Station=STA-BETN045&Samplingpoint=&Source=E1a&Output=HTML&UpdateDate="
"Belgium","NET-Flanders","Flanders","BETR841","42R841 - MECHELEN","SPO-BETR841_00007_100","O3","Ozone (air)","P1Y-dx-max","1 year day max max","2016","138.813","ug/m3","93.99","1","Background","Suburban","4.4693","51.0025","8.0","Mechelen                                                                        ","BE012C1                                           ","86911","E1a/validated data AQ e-Reporting","18/03/2023 21:44:39","http://fme.discomap.eea.europa.eu/fmedatastreaming/AirQualityDownload/AQData_Extract.fmw?CountryCode=BE&CityName=&Pollutant=7&Year_from=2016&Year_to=2016&Station=STA-BETR841&Samplingpoint=&Source=E1a&Output=HTML&UpdateDate="
"Belgium","NET-Flanders","Flanders","BESN045","59N045 - HASSELT","SPO-BESN045_00454_100","C9H20","n-Nonane (air)","P1Y","Annual mean / 1 calendar year","2016","0.000","ug/m3","87.98","1","Background","Suburban","5.3684","50.9397","0.0","","","","E1a/validated data AQ e-Reporting","18/03/2023 21:08:58","http://fme.discomap.eea.europa.eu/fmedatastreaming/AirQualityDownload/AQData_Extract.fmw?CountryCode=BE&CityName=&Pollutant=454&Year_from=2016&Year_to=2016&Station=STA-BESN045&Samplingpoint=&Source=E1a&Output=HTML&UpdateDate="
"Belgium","NET-Flanders","Flanders","BETN012","44N012 - MOERKERKE","SPO-BETN012_00007_100","O3","Ozone (air)","SOMO35","Sum of Ozone Means Over 35 ppb","2016","2658.645","ug/m3","90.71","1","Background","Rural","3.3625","51.2546","3.0","","","","E1a/validated data AQ e-Reporting","18/03/2023 22:59:23","http://fme.discomap.eea.europa.eu/fmedatastreaming/AirQualityDownload/AQData_Extract.fmw?CountryCode=BE&CityName=&Pollutant=7&Year_from=2016&Year_to=2016&Station=STA-BETN012&Samplingpoint=&Source=E1a&Output=HTML&UpdateDate="
"Belgium","NET-Flanders","Flanders","BELLD01","40LD01 - LAAKDAL","SPO-BELLD01_00020_100","C6H6","Benzene (air)","P1Y-day-min","1 year day min","2016","0.062","ug/m3","99.45","1","Industrial","Rural","5.0049","51.1100","20.0","","","","E1a/validated data AQ e-Reporting","18/03/2023 21:55:46","http://fme.discomap.eea.europa.eu/fmedatastreaming/AirQualityDownload/AQData_Extract.fmw?CountryCode=BE&CityName=&Pollutant=20&Year_from=2016&Year_to=2016&Station=STA-BELLD01&Samplingpoint=&Source=E1a&Output=HTML&UpdateDate="
"Belgium","NET-Brussels","Brussels","BETR002","41R002 - IXELLES","SPO-BETR002_00008_100","NO2","Nitrogen dioxide (air)","P1Y-hr-min","1 year hour min","2016","4.000","ug/m3","96.77","1","Traffic","Urban","4.3846","50.8251","76.0","Bruxelles / Brussel                                                             ","BE001C1                                           ","1223364","E1a/validated data AQ e-Reporting","18/03/2023 22:31:20","http://fme.discomap.eea.europa.eu/fmedatastreaming/AirQualityDownload/AQData_Extract.fmw?CountryCode=BE&CityName=&Pollutant=8&Year_from=2016&Year_to=2016&Station=STA-BETR002&Samplingpoint=&Source=E1a&Output=HTML&UpdateDate="
"Belgium","NET-Flanders","Flanders","BELAL01","40AL01 - LINKEROEVER","SPO-BELAL01_00005_100","PM10","Particulate matter < 10 µm (aerosol)","P1Y-hr-per50","1 year 50 percentile","2016","18.100","ug/m3","97.61","1","Industrial","Suburban","4.3852","51.2362","10.0","Antwerpen                                                                       ","BE002C1                                           ","530014","E1a/validated data AQ e-Reporting","18/03/2023 22:05:49","http://fme.discomap.eea.europa.eu/fmedatastreaming/AirQualityDownload/AQData_Extract.fmw?CountryCode=BE&CityName=&Pollutant=5&Year_from=2016&Year_to=2016&Station=STA-BELAL01&Samplingpoint=&Source=E1a&Output=HTML&UpdateDate="
"Belgium","NET-Brussels","Brussels","BETB004","41B004 - STE.CATHERI","SPO-BETB004_00007_100","O3","Ozone (air)","P1Y-day-max","1 year day max","2016","96.563","ug/m3","93.72","1","Background","Urban","4.3478","50.8521","17.0","Bruxelles / Brussel                                                             ","BE001C1                                           ","1223364","E1a/validated data AQ e-Reporting","18/03/2023 21:44:13","http://fme.discomap.eea.europa.eu/fmedatastreaming/AirQualityDownload/AQData_Extract.fmw?CountryCode=BE&CityName=&Pollutant=7&Year_from=2016&Year_to=2016&Station=STA-BETB004&Samplingpoint=&Source=E1a&Output=HTML&UpdateDate="
"Belgium","NET-Flanders","Flanders","BEPAL05","60AL05 - Beveren","SPO-BEPAL05_05029_100","BaP in PM10","Benzo(a)pyrene in PM10 (aerosol)","P3Y","3 subsequent calendar years mean","2016","0.088","ng/m3","19.34","1","Industrial","Suburban","4.2789","51.2631","0.0","","","","E1a/validated data AQ e-Reporting","18/03/2023 21:36:00","http://fme.discomap.eea.europa.eu/fmedatastreaming/AirQualityDownload/AQData_Extract.fmw?CountryCode=BE&CityName=&Pollutant=5029&Year_from=2016&Year_to=2016&Station=STA-BEPAL05&Samplingpoint=&Source=E1a&Output=HTML&UpdateDate="
"Belgium","NET-Flanders","Flanders","BETE716","47E716 - MARIAKERKE","SPO-BETE716_00008_100","NO2","Nitrogen dioxide (air)","P1Y-hr-per50","1 year 50 percentile","2016","16.500","ug/m3","96.22","1","Industrial","Suburban","3.6828","51.0670","8.0","Gent                                                                            ","BE003C1                                           ","263687","E1a/validated data AQ e-Reporting","18/03/2023 22:05:49","http://fme.discomap.eea.europa.eu/fmedatastreaming/AirQualityDownload/AQData_Extract.fmw?CountryCode=BE&CityName=&Pollutant=8&Year_from=2016&Year_to=2016&Station=STA-BETE716&Samplingpoint=&Source=E1a&Output=HTML&UpdateDate="
"Belgium","NET-Wallonia","Wallonia","BETN063","43N063 - CORROY L.G.","SPO-BETN063_00007_100","O3","Ozone (air)","P1Y-hr-max","1 year hour max","2016","190.000","ug/m3","94.52","1","Background","Rural","4.6683","50.6554","145.0","","","","E1a/validated data AQ e-Reporting","18/03/2023 21:57:02","http://fme.discomap.eea.europa.eu/fmedatastreaming/AirQualityDownload/AQData_Extract.fmw?CountryCode=BE&CityName=&Pollutant=7&Year_from=2016&Year_to=2016&Station=STA-BETN063&Samplingpoint=&Source=E1a&Output=HTML&UpdateDate="
"Belgium","NET-Flanders","Flanders","BETR893","42R893 - ANTWERPEN","SPO-BETR893_00008_100","NO2","Nitrogen dioxide (air)","P1Y-3hAbove400","3 consecutive hours in exceedance of 400","2016","0.000","count","96.82","1","Industrial","Suburban","4.3858","51.2814","6.0","Antwerpen                                                                       ","BE002C1                                           ","530014","E1a/validated data AQ e-Reporting","18/03/2023 22:22:30","http://fme.discomap.eea.europa.eu/fmedatastreaming/AirQualityDownload/AQData_Extract.fmw?CountryCode=BE&CityName=&Pollutant=8&Year_from=2016&Year_to=2016&Station=STA-BETR893&Samplingpoint=&Source=E1a&Output=HTML&UpdateDate="
"Belgium","NET-Flanders","Flanders","BETR802","42R802 - BORGERHOUT","SPO-BETR802_06001_100","PM2.5","Particulate matter < 2.5 µm (aerosol)","P1Y-hr-min","1 year hour min","2016","1.000","ug/m3","99.06","1","Traffic","Urban","4.4318","51.2095","6.0","Antwerpen                                                                       ","BE002C1                                           ","530014","E1a/validated data AQ e-Reporting","18/03/2023 22:31:20","http://fme.discomap.eea.europa.eu/fmedatastreaming/AirQualityDownload/AQData_Extract.fmw?CountryCode=BE&CityName=&Pollutant=6001&Year_from=2016&Year_to=2016&Station=STA-BETR802&Samplingpoint=&Source=E1a&Output=HTML&UpdateDate="
"Belgium","NET-Flanders","Flanders","BETN052","44N052 - ZWEVEGEM","SPO-BETN052_00005_100","PM10","Particulate matter < 10 µm (aerosol)","P1Y-P1D-per90.4","1 year 90.4 percentile - COMPLIANCE","2016","38.413","ug/m3","99.18","1","Background","Suburban","3.3225","50.8149","27.0","","","","E1a/validated data AQ e-Reporting","18/03/2023 22:08:35","http://fme.discomap.eea.europa.eu/fmedatastreaming/AirQualityDownload/AQData_Extract.fmw?CountryCode=BE&CityName=&Pollutant=5&Year_from=2016&Year_to=2016&Station=STA-BETN052&Samplingpoint=&Source=E1a&Output=HTML&UpdateDate="
"Belgium","NET-Flanders","Flanders","BELSZ02","40SZ02 - STEENOKKERZ","SPO-BELSZ02_00001_100","SO2","Sulphur dioxide (air)","P1Y-hrsAbove350","1 year hour exceed 350","2016","0.000","count","96.88","1","Industrial","Rural","4.5122","50.9130","15.0","","","","E1a/validated data AQ e-Reporting","18/03/2023 21:52:12","http://fme.discomap.eea.europa.eu/fmedatastreaming/AirQualityDownload/AQData_Extract.fmw?CountryCode=BE&CityName=&Pollutant=1&Year_from=2016&Year_to=2016&Station=STA-BELSZ02&Samplingpoint=&Source=E1a&Output=HTML&UpdateDate="
"Belgium","NET-Flanders","Flanders","BELSZ02","40SZ02 - STEENOKKERZ","SPO-BELSZ02_00005_100","PM10","Particulate matter < 10 µm (aerosol)","P1Y-hr-min","1 year hour min","2016","3.600","ug/m3","98.84","1","Industrial","Rural","4.5122","50.9130","15.0","","","","E1a/validated data AQ e-Reporting","18/03/2023 22:31:20","http://fme.discomap.eea.europa.eu/fmedatastreaming/AirQualityDownload/AQData_Extract.fmw?CountryCode=BE&CityName=&Pollutant=5&Year_from=2016&Year_to=2016&Station=STA-BELSZ02&Samplingpoint=&Source=E1a&Output=HTML&UpdateDate="
"Belgium","NET-Flanders","Flanders","BETM705","44M705 - ROESELARE","SPO-BETM705_00008_100","NO2","Nitrogen dioxide (air)","P1Y-hrsAbove400","1 year hour exceed 400","2016","0.000","count","96.85","1","Industrial","Suburban","3.1524","50.9454","19.0","","","","E1a/validated data AQ e-Reporting","18/03/2023 21:54:38","http://fme.discomap.eea.europa.eu/fmedatastreaming/AirQualityDownload/AQData_Extract.fmw?CountryCode=BE&CityName=&Pollutant=8&Year_from=2016&Year_to=2016&Station=STA-BETM705&Samplingpoint=&Source=E1a&Output=HTML&UpdateDate="
"Belgium","NET-Flanders","Flanders","BELOB02","40OB02 - WIELSBEKE","SPO-BELOB02_00005_100","PM10","Particulate matter < 10 µm (aerosol)","P1Y-daysAbove50","1 year day exceed 50","2016","13.000","count","100.00","1","Industrial","Rural","3.3762","50.9150","14.0","","","","E1a/validated data AQ e-Reporting","18/03/2023 22:27:00","http://fme.discomap.eea.europa.eu/fmedatastreaming/AirQualityDownload/AQData_Extract.fmw?CountryCode=BE&CityName=&Pollutant=5&Year_from=2016&Year_to=2016&Station=STA-BELOB02&Samplingpoint=&Source=E1a&Output=HTML&UpdateDate="
"Belgium","NET-Flanders","Flanders","BETN016","42N016 - DESSEL","SPO-BETN016_00007_100","O3","Ozone (air)","P1Y-dx-avg","1 year daymax average","2016","62.381","ug/m3","95.63","1","Background","Rural","5.1640","51.2337","30.0","","","","E1a/validated data AQ e-Reporting","18/03/2023 22:27:48","http://fme.discomap.eea.europa.eu/fmedatastreaming/AirQualityDownload/AQData_Extract.fmw?CountryCode=BE&CityName=&Pollutant=7&Year_from=2016&Year_to=2016&Station=STA-BETN016&Samplingpoint=&Source=E1a&Output=HTML&UpdateDate="
"Belgium","NET-Flanders","Flanders","BELAL05","40AL05 - BEVEREN","SPO-BELAL05_00005_100","PM10","Particulate matter < 10 µm (aerosol)","P1Y","Annual mean / 1 calendar year","2016","23.032","ug/m3","94.73","1","Industrial","Rural","4.2789","51.2631","8.0","","","","E1a/validated data AQ e-Reporting","18/03/2023 21:08:58","http://fme.discomap.eea.europa.eu/fmedatastreaming/AirQualityDownload/AQData_Extract.fmw?CountryCode=BE&CityName=&Pollutant=5&Year_from=2016&Year_to=2016&Station=STA-BELAL05&Samplingpoint=&Source=E1a&Output=HTML&UpdateDate="
"Belgium","NET-Flanders","Flanders","BELSZ02","40SZ02 - STEENOKKERZ","SPO-BELSZ02_00008_100","NO2","Nitrogen dioxide (air)","P1Y-day-per50","1 year 50 %ile of daily values in a year","2016","22.196","ug/m3","97.81","1","Industrial","Rural","4.5122","50.9130","15.0","","","","E1a/validated data AQ e-Reporting","18/03/2023 22:14:21","http://fme.discomap.eea.europa.eu/fmedatastreaming/AirQualityDownload/AQData_Extract.fmw?CountryCode=BE&CityName=&Pollutant=8&Year_from=2016&Year_to=2016&Station=STA-BELSZ02&Samplingpoint=&Source=E1a&Output=HTML&UpdateDate="
"Belgium","NET-Flanders","Flanders","BETR802","42R802 - BORGERHOUT","SPO-BETR802_00010_100","CO","Carbon monoxide (air)","P1Y","Annual mean / 1 calendar year","2016","0.302","mg/m3","96.48","1","Traffic","Urban","4.4318","51.2095","6.0","Antwerpen                                                                       ","BE002C1                                           ","530014","E1a/validated data AQ e-Reporting","18/03/2023 21:08:58","http://fme.discomap.eea.europa.eu/fmedatastreaming/AirQualityDownload/AQData_Extract.fmw?CountryCode=BE&CityName=&Pollutant=10&Year_from=2016&Year_to=2016&Station=STA-BETR802&Samplingpoint=&Source=E1a&Output=HTML&UpdateDate="
"Belgium","NET-Flanders","Flanders","BETR750","44R750 - ZELZATE","SPO-BETR750_00010_100","CO","Carbon monoxide (air)","P1Y-dx-max","1 year day max max","2016","2.783","mg/m3","98.09","1","Industrial","Rural","3.8229","51.1961","6.0","","","","E1a/validated data AQ e-Reporting","18/03/2023 21:44:39","http://fme.discomap.eea.europa.eu/fmedatastreaming/AirQualityDownload/AQData_Extract.fmw?CountryCode=BE&CityName=&Pollutant=10&Year_from=2016&Year_to=2016&Station=STA-BETR750&Samplingpoint=&Source=E1a&Output=HTML&UpdateDate="
"Belgium","NET-Flanders","Flanders","BETN012","44N012 - MOERKERKE","SPO-BETN012_00007_100","O3","Ozone (air)","AOT40f","AOT40 for forest protection","2016","10636.426","ug/m3","97.36","1","Background","Rural","3.3625","51.2546","3.0","","","","E1a/validated data AQ e-Reporting","18/03/2023 23:06:40","http://fme.discomap.eea.europa.eu/fmedatastreaming/AirQualityDownload/AQData_Extract.fmw?CountryCode=BE&CityName=&Pollutant=7&Year_from=2016&Year_to=2016&Station=STA-BETN012&Samplingpoint=&Source=E1a&Output=HTML&UpdateDate="
"Belgium","NET-Flanders","Flanders","BETR750","44R750 - ZELZATE","SPO-BETR750_06001_100","PM2.5","Particulate matter < 2.5 µm (aerosol)","P1Y","Annual mean / 1 calendar year","2016","15.194","ug/m3","98.74","1","Industrial","Rural","3.8229","51.1961","6.0","","","","E1a/validated data AQ e-Reporting","18/03/2023 21:08:58","http://fme.discomap.eea.europa.eu/fmedatastreaming/AirQualityDownload/AQData_Extract.fmw?CountryCode=BE&CityName=&Pollutant=6001&Year_from=2016&Year_to=2016&Station=STA-BETR750&Samplingpoint=&Source=E1a&Output=HTML&UpdateDate="
"Belgium","NET-Flanders","Flanders","BETN012","44N012 - MOERKERKE","SPO-BETN012_00007_100","O3","Ozone (air)","P1Y-dmaxAbove120","1 year daymax exceed 120","2016","11.000","count","90.71","1","Background","Rural","3.3625","51.2546","3.0","","","","E1a/validated data AQ e-Reporting","18/03/2023 22:25:06","http://fme.discomap.eea.europa.eu/fmedatastreaming/AirQualityDownload/AQData_Extract.fmw?CountryCode=BE&CityName=&Pollutant=7&Year_from=2016&Year_to=2016&Station=STA-BETN012&Samplingpoint=&Source=E1a&Output=HTML&UpdateDate="
"Belgium","NET-Flanders","Flanders","BEVLU11","59LU11 - LEUVEN","SPO-BEVLU11_00021_100","C6H5-CH3","Toluene (air)","P1Y","Annual mean / 1 calendar year","2016","0.002","ug/m3","87.99","1","Background","Suburban","4.6911","50.8797","0.0","Leuven                                                                          ","BE008C1                                           ","101625","E1a/validated data AQ e-Reporting","18/03/2023 21:08:58","http://fme.discomap.eea.europa.eu/fmedatastreaming/AirQualityDownload/AQData_Extract.fmw?CountryCode=BE&CityName=&Pollutant=21&Year_from=2016&Year_to=2016&Station=STA-BEVLU11&Samplingpoint=&Source=E1a&Output=HTML&UpdateDate="
"Belgium","NET-Flanders","Flanders","BEVLU11","59LU11 - LEUVEN","SPO-BEVLU11_00450_100","H3C-CH2-CH(CH3)2","i-Pentane (2-methylbutane) (air)","P1Y","Annual mean / 1 calendar year","2016","0.000","ug/m3","87.99","1","Background","Suburban","4.6911","50.8797","0.0","Leuven                                                                          ","BE008C1                                           ","101625","E1a/validated data AQ e-Reporting","18/03/2023 21:08:58","http://fme.discomap.eea.europa.eu/fmedatastreaming/AirQualityDownload/AQData_Extract.fmw?CountryCode=BE&CityName=&Pollutant=450&Year_from=2016&Year_to=2016&Station=STA-BEVLU11&Samplingpoint=&Source=E1a&Output=HTML&UpdateDate="
"Belgium","NET-Flanders","Flanders","BETR897","42R897 - ANTWERPEN","SPO-BETR897_00001_100","SO2","Sulphur dioxide (air)","P1Y-day-max-per99.18","1 year 99.18 percentile of daily maximum","2016","33.833","ug/m3","99.45","1","Industrial","Suburban","4.3421","51.2501","5.0","Antwerpen                                                                       ","BE002C1                                           ","530014","E1a/validated data AQ e-Reporting","18/03/2023 22:12:16","http://fme.discomap.eea.europa.eu/fmedatastreaming/AirQualityDownload/AQData_Extract.fmw?CountryCode=BE&CityName=&Pollutant=1&Year_from=2016&Year_to=2016&Station=STA-BETR897&Samplingpoint=&Source=E1a&Output=HTML&UpdateDate="
"Belgium","NET-Flanders","Flanders","BETTS21","40TS21 - TESSENDERLO","SPO-BETTS21_00001_100","SO2","Sulphur dioxide (air)","P1Y-day-max","1 year day max","2016","30.522","ug/m3","99.45","1","Industrial","Suburban","5.1075","51.0657","28.0","","","","E1a/validated data AQ e-Reporting","18/03/2023 21:42:48","http://fme.discomap.eea.europa.eu/fmedatastreaming/AirQualityDownload/AQData_Extract.fmw?CountryCode=BE&CityName=&Pollutant=1&Year_from=2016&Year_to=2016&Station=STA-BETTS21&Samplingpoint=&Source=E1a&Output=HTML&UpdateDate="
"Belgium","NET-Flanders","Flanders","BETR802","42R802 - BORGERHOUT","SPO-BETR802_00008_100","NO2","Nitrogen dioxide (air)","P1Y-3hAbove400","3 consecutive hours in exceedance of 400","2016","0.000","count","96.17","1","Traffic","Urban","4.4318","51.2095","6.0","Antwerpen                                                                       ","BE002C1                                           ","530014","E1a/validated data AQ e-Reporting","18/03/2023 22:22:30","http://fme.discomap.eea.europa.eu/fmedatastreaming/AirQualityDownload/AQData_Extract.fmw?CountryCode=BE&CityName=&Pollutant=8&Year_from=2016&Year_to=2016&Station=STA-BETR802&Samplingpoint=&Source=E1a&Output=HTML&UpdateDate="
"Belgium","NET-Flanders","Flanders","BETN040","42N040 - ST.P.LEEUWG","SPO-BETN040_00008_100","NO2","Nitrogen dioxide (air)","P1Y","Annual mean / 1 calendar year","2016","15.364","ug/m3","96.65","1","Background","Rural","4.2252","50.7681","20.0","","","","E1a/validated data AQ e-Reporting","18/03/2023 21:08:58","http://fme.discomap.eea.europa.eu/fmedatastreaming/AirQualityDownload/AQData_Extract.fmw?CountryCode=BE&CityName=&Pollutant=8&Year_from=2016&Year_to=2016&Station=STA-BETN040&Samplingpoint=&Source=E1a&Output=HTML&UpdateDate="
"Belgium","NET-Flanders","Flanders","BETR721","44R721 - WONDELGEM","SPO-BETR721_00008_100","NO2","Nitrogen dioxide (air)","P1Y-day-per50","1 year 50 %ile of daily values in a year","2016","22.563","ug/m3","95.08","1","Industrial","Suburban","3.7161","51.0890","6.0","Gent                                                                            ","BE003C1                                           ","263687","E1a/validated data AQ e-Reporting","18/03/2023 22:14:21","http://fme.discomap.eea.europa.eu/fmedatastreaming/AirQualityDownload/AQData_Extract.fmw?CountryCode=BE&CityName=&Pollutant=8&Year_from=2016&Year_to=2016&Station=STA-BETR721&Samplingpoint=&Source=E1a&Output=HTML&UpdateDate="
"Belgium","NET-Flanders","Flanders","BETR830","42R830 - DOEL","SPO-BETR830_00008_100","NO2","Nitrogen dioxide (air)","P1Y-hr-max-per99.79","1 year 99.79 %ile of hourly values in a given year","2016","105.000","ug/m3","96.77","1","Industrial","Rural","4.2626","51.3182","5.0","","","","E1a/validated data AQ e-Reporting","18/03/2023 22:07:35","http://fme.discomap.eea.europa.eu/fmedatastreaming/AirQualityDownload/AQData_Extract.fmw?CountryCode=BE&CityName=&Pollutant=8&Year_from=2016&Year_to=2016&Station=STA-BETR830&Samplingpoint=&Source=E1a&Output=HTML&UpdateDate="
"Belgium","NET-Flanders","Flanders","BETR830","42R830 - DOEL","SPO-BETR830_00008_100","NO2","Nitrogen dioxide (air)","P1Y-hr-min","1 year hour min","2016","1.000","ug/m3","96.77","1","Industrial","Rural","4.2626","51.3182","5.0","","","","E1a/validated data AQ e-Reporting","18/03/2023 22:31:20","http://fme.discomap.eea.europa.eu/fmedatastreaming/AirQualityDownload/AQData_Extract.fmw?CountryCode=BE&CityName=&Pollutant=8&Year_from=2016&Year_to=2016&Station=STA-BETR830&Samplingpoint=&Source=E1a&Output=HTML&UpdateDate="
"Belgium","NET-Flanders","Flanders","BETN016","42N016 - DESSEL","SPO-BETN016_00007_100","O3","Ozone (air)","P1Y-hr-max","1 year hour max","2016","188.000","ug/m3","93.83","1","Background","Rural","5.1640","51.2337","30.0","","","","E1a/validated data AQ e-Reporting","18/03/2023 21:57:02","http://fme.discomap.eea.europa.eu/fmedatastreaming/AirQualityDownload/AQData_Extract.fmw?CountryCode=BE&CityName=&Pollutant=7&Year_from=2016&Year_to=2016&Station=STA-BETN016&Samplingpoint=&Source=E1a&Output=HTML&UpdateDate="
"Belgium","NET-Flanders","Flanders","BETR801","42R801 - BORGERHOUT","SPO-BETR801_06001_100","PM2.5","Particulate matter < 2.5 µm (aerosol)","P1Y-day-min","1 year day min","2016","2.688","ug/m3","100.00","1","Background","Urban","4.4318","51.2097","6.0","Antwerpen                                                                       ","BE002C1                                           ","530014","E1a/validated data AQ e-Reporting","18/03/2023 21:55:29","http://fme.discomap.eea.europa.eu/fmedatastreaming/AirQualityDownload/AQData_Extract.fmw?CountryCode=BE&CityName=&Pollutant=6001&Year_from=2016&Year_to=2016&Station=STA-BETR801&Samplingpoint=&Source=E1a&Output=HTML&UpdateDate="
"Belgium","NET-Flanders","Flanders","BETM705","44M705 - ROESELARE","SPO-BETM705_00007_100","O3","Ozone (air)","P1Y-day-min","1 year day min","2016","1.000","ug/m3","93.44","1","Industrial","Suburban","3.1524","50.9454","19.0","","","","E1a/validated data AQ e-Reporting","18/03/2023 21:56:21","http://fme.discomap.eea.europa.eu/fmedatastreaming/AirQualityDownload/AQData_Extract.fmw?CountryCode=BE&CityName=&Pollutant=7&Year_from=2016&Year_to=2016&Station=STA-BETM705&Samplingpoint=&Source=E1a&Output=HTML&UpdateDate="
"Belgium","NET-Flanders","Flanders","BETM705","44M705 - ROESELARE","SPO-BETM705_00007_100","O3","Ozone (air)","P1Y-dmax-per93.15","1 year 93.15 percentile daily 8h maximum","2016","92.857","ug/m3","92.35","1","Industrial","Suburban","3.1524","50.9454","19.0","","","","E1a/validated data AQ e-Reporting","18/03/2023 22:12:55","http://fme.discomap.eea.europa.eu/fmedatastreaming/AirQualityDownload/AQData_Extract.fmw?CountryCode=BE&CityName=&Pollutant=7&Year_from=2016&Year_to=2016&Station=STA-BETM705&Samplingpoint=&Source=E1a&Output=HTML&UpdateDate="
"Belgium","NET-Flanders","Flanders","BETR020","42R020 - VILVOORDE","SPO-BETR020_00010_100","CO","Carbon monoxide (air)","P1Y-8hdmxAbove10","1 year daymax exceed 10","2016","0.000","count","98.09","1","Background","Suburban","4.4367","50.9414","12.0","","","","E1a/validated data AQ e-Reporting","18/03/2023 22:27:43","http://fme.discomap.eea.europa.eu/fmedatastreaming/AirQualityDownload/AQData_Extract.fmw?CountryCode=BE&CityName=&Pollutant=10&Year_from=2016&Year_to=2016&Station=STA-BETR020&Samplingpoint=&Source=E1a&Output=HTML&UpdateDate="
"Belgium","NET-Brussels","Brussels","BETWOL2","41WOL2 - WOL.ST.L.","SPO-BETWOL2_00020_100","C6H6","Benzene (air)","P1Y-day-max","1 year day max","2016","1.518","ug/m3","34.15","1","Background","Suburban","4.4257","50.8566","20.0","Bruxelles / Brussel                                                             ","BE001C1                                           ","1223364","E1a/validated data AQ e-Reporting","18/03/2023 21:43:39","http://fme.discomap.eea.europa.eu/fmedatastreaming/AirQualityDownload/AQData_Extract.fmw?CountryCode=BE&CityName=&Pollutant=20&Year_from=2016&Year_to=2016&Station=STA-BETWOL2&Samplingpoint=&Source=E1a&Output=HTML&UpdateDate="
"Belgium","NET-Flanders","Flanders","BETR701","44R701 - GENT","SPO-BETR701_00007_100","O3","Ozone (air)","summer-avg","Summer mean","2016","51.027","ug/m3","91.80","1","Background","Urban","3.7293","51.0583","5.0","Gent                                                                            ","BE003C1                                           ","263687","E1a/validated data AQ e-Reporting","18/03/2023 22:50:22","http://fme.discomap.eea.europa.eu/fmedatastreaming/AirQualityDownload/AQData_Extract.fmw?CountryCode=BE&CityName=&Pollutant=7&Year_from=2016&Year_to=2016&Station=STA-BETR701&Samplingpoint=&Source=E1a&Output=HTML&UpdateDate="
"Belgium","NET-Flanders","Flanders","BETN052","44N052 - ZWEVEGEM","SPO-BETN052_00007_100","O3","Ozone (air)","SOMO35","Sum of Ozone Means Over 35 ppb","2016","1516.968","ug/m3","90.71","1","Background","Suburban","3.3225","50.8149","27.0","","","","E1a/validated data AQ e-Reporting","18/03/2023 22:59:23","http://fme.discomap.eea.europa.eu/fmedatastreaming/AirQualityDownload/AQData_Extract.fmw?CountryCode=BE&CityName=&Pollutant=7&Year_from=2016&Year_to=2016&Station=STA-BETN052&Samplingpoint=&Source=E1a&Output=HTML&UpdateDate="
"Belgium","NET-Flanders","Flanders","BETN016","42N016 - DESSEL","SPO-BETN016_00001_100","SO2","Sulphur dioxide (air)","P1Y-hr-min","1 year hour min","2016","1.000","ug/m3","97.22","1","Background","Rural","5.1640","51.2337","30.0","","","","E1a/validated data AQ e-Reporting","18/03/2023 22:31:20","http://fme.discomap.eea.europa.eu/fmedatastreaming/AirQualityDownload/AQData_Extract.fmw?CountryCode=BE&CityName=&Pollutant=1&Year_from=2016&Year_to=2016&Station=STA-BETN016&Samplingpoint=&Source=E1a&Output=HTML&UpdateDate="
"Belgium","NET-Flanders","Flanders","BETR020","42R020 - VILVOORDE","SPO-BETR020_00008_100","NO2","Nitrogen dioxide (air)","P1Y-day-max","1 year day max","2016","81.958","ug/m3","98.36","1","Background","Suburban","4.4367","50.9414","12.0","","","","E1a/validated data AQ e-Reporting","18/03/2023 21:43:56","http://fme.discomap.eea.europa.eu/fmedatastreaming/AirQualityDownload/AQData_Extract.fmw?CountryCode=BE&CityName=&Pollutant=8&Year_from=2016&Year_to=2016&Station=STA-BETR020&Samplingpoint=&Source=E1a&Output=HTML&UpdateDate="
"Belgium","NET-Flanders","Flanders","BETM705","44M705 - ROESELARE","SPO-BETM705_00007_100","O3","Ozone (air)","P1Y-day-per50","1 year 50 %ile of daily values in a year","2016","46.543","ug/m3","93.44","1","Industrial","Suburban","3.1524","50.9454","19.0","","","","E1a/validated data AQ e-Reporting","18/03/2023 22:15:13","http://fme.discomap.eea.europa.eu/fmedatastreaming/AirQualityDownload/AQData_Extract.fmw?CountryCode=BE&CityName=&Pollutant=7&Year_from=2016&Year_to=2016&Station=STA-BETM705&Samplingpoint=&Source=E1a&Output=HTML&UpdateDate="
"Belgium","NET-Flanders","Flanders","BETN016","42N016 - DESSEL","SPO-BETN016_00007_100","O3","Ozone (air)","P1Y-dmaxAbove120","1 year daymax exceed 120","2016","18.000","count","95.63","1","Background","Rural","5.1640","51.2337","30.0","","","","E1a/validated data AQ e-Reporting","18/03/2023 22:25:06","http://fme.discomap.eea.europa.eu/fmedatastreaming/AirQualityDownload/AQData_Extract.fmw?CountryCode=BE&CityName=&Pollutant=7&Year_from=2016&Year_to=2016&Station=STA-BETN016&Samplingpoint=&Source=E1a&Output=HTML&UpdateDate="
"Belgium","NET-Flanders","Flanders","BETN016","42N016 - DESSEL","SPO-BETN016_00007_100","O3","Ozone (air)","P1Y-dmax-per99","1 year 99 percentile daily 8h maximum","2016","151.000","ug/m3","95.63","1","Background","Rural","5.1640","51.2337","30.0","","","","E1a/validated data AQ e-Reporting","18/03/2023 22:13:26","http://fme.discomap.eea.europa.eu/fmedatastreaming/AirQualityDownload/AQData_Extract.fmw?CountryCode=BE&CityName=&Pollutant=7&Year_from=2016&Year_to=2016&Station=STA-BETN016&Samplingpoint=&Source=E1a&Output=HTML&UpdateDate="
"Belgium","NET-Flanders","Flanders","BETR834","42R834 - Boom","SPO-BETR834_06001_100","PM2.5","Particulate matter < 2.5 µm (aerosol)","P1Y-P1D-per99","1 year 99 percentile of daily means (P1D) or .../aq/primaryObservation/day","2016","42.854","ug/m3","99.45","1","Background","Suburban","4.3801","51.0920","0.0","","","","E1a/validated data AQ e-Reporting","18/03/2023 22:10:03","http://fme.discomap.eea.europa.eu/fmedatastreaming/AirQualityDownload/AQData_Extract.fmw?CountryCode=BE&CityName=&Pollutant=6001&Year_from=2016&Year_to=2016&Station=STA-BETR834&Samplingpoint=&Source=E1a&Output=HTML&UpdateDate="
"Belgium","NET-Flanders","Flanders","BETN016","42N016 - DESSEL","SPO-BETN016_00008_100","NO2","Nitrogen dioxide (air)","P1Y","Annual mean / 1 calendar year","2016","18.237","ug/m3","97.20","1","Background","Rural","5.1640","51.2337","30.0","","","","E1a/validated data AQ e-Reporting","18/03/2023 21:08:58","http://fme.discomap.eea.europa.eu/fmedatastreaming/AirQualityDownload/AQData_Extract.fmw?CountryCode=BE&CityName=&Pollutant=8&Year_from=2016&Year_to=2016&Station=STA-BETN016&Samplingpoint=&Source=E1a&Output=HTML&UpdateDate="
"Belgium","NET-Flanders","Flanders","BETR803","42R803 - ANTWERPEN","SPO-BETR803_00008_100","NO2","Nitrogen dioxide (air)","P1Y-day-min","1 year day min","2016","8.435","ug/m3","94.54","1","Background","Urban","4.4285","51.2286","0.0","Antwerpen                                                                       ","BE002C1                                           ","530014","E1a/validated data AQ e-Reporting","18/03/2023 21:56:03","http://fme.discomap.eea.europa.eu/fmedatastreaming/AirQualityDownload/AQData_Extract.fmw?CountryCode=BE&CityName=&Pollutant=8&Year_from=2016&Year_to=2016&Station=STA-BETR803&Samplingpoint=&Source=E1a&Output=HTML&UpdateDate="
"Belgium","NET-Flanders","Flanders","BETR841","42R841 - MECHELEN","SPO-BETR841_00007_100","O3","Ozone (air)","P1Y-day-min","1 year day min","2016","1.417","ug/m3","94.26","1","Background","Suburban","4.4693","51.0025","8.0","Mechelen                                                                        ","BE012C1                                           ","86911","E1a/validated data AQ e-Reporting","18/03/2023 21:56:21","http://fme.discomap.eea.europa.eu/fmedatastreaming/AirQualityDownload/AQData_Extract.fmw?CountryCode=BE&CityName=&Pollutant=7&Year_from=2016&Year_to=2016&Station=STA-BETR841&Samplingpoint=&Source=E1a&Output=HTML&UpdateDate="
"Belgium","NET-Flanders","Flanders","BETR731","44R731 - EVERGEM","SPO-BETR731_06001_100","PM2.5","Particulate matter < 2.5 µm (aerosol)","P1Y-day-min","1 year day min","2016","2.938","ug/m3","98.36","1","Industrial","Rural","3.7395","51.1247","6.0","","","","E1a/validated data AQ e-Reporting","18/03/2023 21:55:29","http://fme.discomap.eea.europa.eu/fmedatastreaming/AirQualityDownload/AQData_Extract.fmw?CountryCode=BE&CityName=&Pollutant=6001&Year_from=2016&Year_to=2016&Station=STA-BETR731&Samplingpoint=&Source=E1a&Output=HTML&UpdateDate="
"Belgium","NET-Flanders","Flanders","BETN045","42N045 - HASSELT","SPO-BETN045_00008_100","NO2","Nitrogen dioxide (air)","P1Y-hrsAbove200","1 year hour exceed 200","2016","0.000","count","96.78","1","Background","Suburban","5.3684","50.9397","41.0","","","","E1a/validated data AQ e-Reporting","18/03/2023 21:48:42","http://fme.discomap.eea.europa.eu/fmedatastreaming/AirQualityDownload/AQData_Extract.fmw?CountryCode=BE&CityName=&Pollutant=8&Year_from=2016&Year_to=2016&Station=STA-BETN045&Samplingpoint=&Source=E1a&Output=HTML&UpdateDate="
"Belgium","NET-Flanders","Flanders","BETR805","42R805 - ANTWERPEN","SPO-BETR805_00008_100","NO2","Nitrogen dioxide (air)","P1Y-hr-min","1 year hour min","2016","4.500","ug/m3","95.46","1","Traffic","Urban","4.4216","51.2082","6.0","Antwerpen                                                                       ","BE002C1                                           ","530014","E1a/validated data AQ e-Reporting","18/03/2023 22:31:20","http://fme.discomap.eea.europa.eu/fmedatastreaming/AirQualityDownload/AQData_Extract.fmw?CountryCode=BE&CityName=&Pollutant=8&Year_from=2016&Year_to=2016&Station=STA-BETR805&Samplingpoint=&Source=E1a&Output=HTML&UpdateDate="
"Belgium","NET-Flanders","Flanders","BETR805","42R805 - ANTWERPEN","SPO-BETR805_00391_100","Black Carbon","black_carbon (aerosol)","P1Y-hr-max","1 year hour max","2016","16.365","ug/m3","98.86","1","Traffic","Urban","4.4216","51.2082","6.0","Antwerpen                                                                       ","BE002C1                                           ","530014","E1a/validated data AQ e-Reporting","18/03/2023 21:57:02","http://fme.discomap.eea.europa.eu/fmedatastreaming/AirQualityDownload/AQData_Extract.fmw?CountryCode=BE&CityName=&Pollutant=391&Year_from=2016&Year_to=2016&Station=STA-BETR805&Samplingpoint=&Source=E1a&Output=HTML&UpdateDate="
"Belgium","NET-Flanders","Flanders","BETN040","42N040 - ST.P.LEEUWG","SPO-BETN040_00008_100","NO2","Nitrogen dioxide (air)","P1Y-hr-max","1 year hour max","2016","85.000","ug/m3","96.65","1","Background","Rural","4.2252","50.7681","20.0","","","","E1a/validated data AQ e-Reporting","18/03/2023 21:57:02","http://fme.discomap.eea.europa.eu/fmedatastreaming/AirQualityDownload/AQData_Extract.fmw?CountryCode=BE&CityName=&Pollutant=8&Year_from=2016&Year_to=2016&Station=STA-BETN040&Samplingpoint=&Source=E1a&Output=HTML&UpdateDate="
"Belgium","NET-Flanders","Flanders","BETN045","42N045 - HASSELT","SPO-BETN045_00001_100","SO2","Sulphur dioxide (air)","P1Y-hr-min","1 year hour min","2016","1.000","ug/m3","96.54","1","Background","Suburban","5.3684","50.9397","41.0","","","","E1a/validated data AQ e-Reporting","18/03/2023 22:31:20","http://fme.discomap.eea.europa.eu/fmedatastreaming/AirQualityDownload/AQData_Extract.fmw?CountryCode=BE&CityName=&Pollutant=1&Year_from=2016&Year_to=2016&Station=STA-BETN045&Samplingpoint=&Source=E1a&Output=HTML&UpdateDate="
"Belgium","NET-Flanders","Flanders","BETN045","42N045 - HASSELT","SPO-BETN045_00008_100","NO2","Nitrogen dioxide (air)","P1Y-day-max","1 year day max","2016","61.354","ug/m3","98.91","1","Background","Suburban","5.3684","50.9397","41.0","","","","E1a/validated data AQ e-Reporting","18/03/2023 21:43:56","http://fme.discomap.eea.europa.eu/fmedatastreaming/AirQualityDownload/AQData_Extract.fmw?CountryCode=BE&CityName=&Pollutant=8&Year_from=2016&Year_to=2016&Station=STA-BETN045&Samplingpoint=&Source=E1a&Output=HTML&UpdateDate="
"Belgium","NET-Flanders","Flanders","BETN051","44N051 - IDEGEM","SPO-BETN051_00008_100","NO2","Nitrogen dioxide (air)","P1Y-hr-per50","1 year 50 percentile","2016","10.000","ug/m3","94.59","1","Background","Rural","3.9303","50.7989","15.0","","","","E1a/validated data AQ e-Reporting","18/03/2023 22:05:49","http://fme.discomap.eea.europa.eu/fmedatastreaming/AirQualityDownload/AQData_Extract.fmw?CountryCode=BE&CityName=&Pollutant=8&Year_from=2016&Year_to=2016&Station=STA-BETN051&Samplingpoint=&Source=E1a&Output=HTML&UpdateDate="
"Belgium","NET-Flanders","Flanders","BETN051","44N051 - IDEGEM","SPO-BETN051_00008_100","NO2","Nitrogen dioxide (air)","P1Y-hrsAbove200","1 year hour exceed 200","2016","0.000","count","94.59","1","Background","Rural","3.9303","50.7989","15.0","","","","E1a/validated data AQ e-Reporting","18/03/2023 21:48:42","http://fme.discomap.eea.europa.eu/fmedatastreaming/AirQualityDownload/AQData_Extract.fmw?CountryCode=BE&CityName=&Pollutant=8&Year_from=2016&Year_to=2016&Station=STA-BETN051&Samplingpoint=&Source=E1a&Output=HTML&UpdateDate="
"Belgium","NET-Flanders","Flanders","BETN046","42N046 - GELLIK","SPO-BETN046_00007_100","O3","Ozone (air)","P1Y-day-max","1 year day max","2016","109.261","ug/m3","92.08","1","Background","Rural","5.6189","50.8823","70.0","","","","E1a/validated data AQ e-Reporting","18/03/2023 21:44:13","http://fme.discomap.eea.europa.eu/fmedatastreaming/AirQualityDownload/AQData_Extract.fmw?CountryCode=BE&CityName=&Pollutant=7&Year_from=2016&Year_to=2016&Station=STA-BETN046&Samplingpoint=&Source=E1a&Output=HTML&UpdateDate="
"Belgium","NET-Flanders","Flanders","BESN029","59N029 - VEURNE","SPO-BESN029_00461_100","1,2-dichloroethane (air)","1,2-dichloroethane (air)","P1Y","Annual mean / 1 calendar year","2016","0.000","ug/m3","68.85","1","Background","Suburban","2.5823","51.0163","0.0","","","","E1a/validated data AQ e-Reporting","18/03/2023 21:08:58","http://fme.discomap.eea.europa.eu/fmedatastreaming/AirQualityDownload/AQData_Extract.fmw?CountryCode=BE&CityName=&Pollutant=461&Year_from=2016&Year_to=2016&Station=STA-BESN029&Samplingpoint=&Source=E1a&Output=HTML&UpdateDate="
"Belgium","NET-Brussels","Brussels","BEVR012","51R012 - UCCLE","SPO-BEVR012_00443_100","C6H14","n-Hexane (air)","P1Y","Annual mean / 1 calendar year","2016","0.001","ug/m3","77.05","1","Background","Suburban","4.3585","50.7966","100.0","Bruxelles / Brussel                                                             ","BE001C1                                           ","1223364","E1a/validated data AQ e-Reporting","18/03/2023 21:08:58","http://fme.discomap.eea.europa.eu/fmedatastreaming/AirQualityDownload/AQData_Extract.fmw?CountryCode=BE&CityName=&Pollutant=443&Year_from=2016&Year_to=2016&Station=STA-BEVR012&Samplingpoint=&Source=E1a&Output=HTML&UpdateDate="
"Belgium","NET-Flanders","Flanders","BESN029","59N029 - VEURNE","SPO-BESN029_00475_100","C8H18","n-Octane (air)","P1Y","Annual mean / 1 calendar year","2016","0.000","ug/m3","84.16","1","Background","Suburban","2.5823","51.0163","0.0","","","","E1a/validated data AQ e-Reporting","18/03/2023 21:08:58","http://fme.discomap.eea.europa.eu/fmedatastreaming/AirQualityDownload/AQData_Extract.fmw?CountryCode=BE&CityName=&Pollutant=475&Year_from=2016&Year_to=2016&Station=STA-BESN029&Samplingpoint=&Source=E1a&Output=HTML&UpdateDate="
"Belgium","NET-Flanders","Flanders","BETE007","47E007 - Sint-Pieters-Leeuw","SPO-BETE007_00008_100","NO2","Nitrogen dioxide (air)","P1Y-hrsAbove400","1 year hour exceed 400","2016","0.000","count","96.97","1","Industrial","Rural","4.2526","50.7953","54.0","","","","E1a/validated data AQ e-Reporting","18/03/2023 21:54:38","http://fme.discomap.eea.europa.eu/fmedatastreaming/AirQualityDownload/AQData_Extract.fmw?CountryCode=BE&CityName=&Pollutant=8&Year_from=2016&Year_to=2016&Station=STA-BETE007&Samplingpoint=&Source=E1a&Output=HTML&UpdateDate="
"Belgium","NET-Flanders","Flanders","BETR802","42R802 - BORGERHOUT","SPO-BETR802_00008_100","NO2","Nitrogen dioxide (air)","P1Y-P1D-per99","1 year 99 percentile of daily means (P1D) or .../aq/primaryObservation/day","2016","87.804","ug/m3","98.09","1","Traffic","Urban","4.4318","51.2095","6.0","Antwerpen                                                                       ","BE002C1                                           ","530014","E1a/validated data AQ e-Reporting","18/03/2023 22:10:34","http://fme.discomap.eea.europa.eu/fmedatastreaming/AirQualityDownload/AQData_Extract.fmw?CountryCode=BE&CityName=&Pollutant=8&Year_from=2016&Year_to=2016&Station=STA-BETR802&Samplingpoint=&Source=E1a&Output=HTML&UpdateDate="
"Belgium","NET-Flanders","Flanders","BETR702","44R702 - Gent (G.Carlierlaan)","SPO-BETR702_00391_100","Black Carbon","black_carbon (aerosol)","P1Y-hr-per50","1 year 50 percentile","2016","1.410","ug/m3","99.42","1","Traffic","Urban","3.7350","51.0407","8.0","Gent                                                                            ","BE003C1                                           ","263687","E1a/validated data AQ e-Reporting","18/03/2023 22:05:49","http://fme.discomap.eea.europa.eu/fmedatastreaming/AirQualityDownload/AQData_Extract.fmw?CountryCode=BE&CityName=&Pollutant=391&Year_from=2016&Year_to=2016&Station=STA-BETR702&Samplingpoint=&Source=E1a&Output=HTML&UpdateDate="
"Belgium","NET-Flanders","Flanders","BETR831","42R831 - BERENDRECHT","SPO-BETR831_00005_100","PM10","Particulate matter < 10 µm (aerosol)","P1Y-P1D-per99","1 year 99 percentile of daily means (P1D) or .../aq/primaryObservation/day","2016","54.417","ug/m3","97.81","1","Industrial","Rural","4.3397","51.3488","3.0","Antwerpen                                                                       ","BE002C1                                           ","530014","E1a/validated data AQ e-Reporting","18/03/2023 22:09:38","http://fme.discomap.eea.europa.eu/fmedatastreaming/AirQualityDownload/AQData_Extract.fmw?CountryCode=BE&CityName=&Pollutant=5&Year_from=2016&Year_to=2016&Station=STA-BETR831&Samplingpoint=&Source=E1a&Output=HTML&UpdateDate="
"Belgium","NET-Flanders","Flanders","BETR801","42R801 - BORGERHOUT","SPO-BETR801_00001_100","SO2","Sulphur dioxide (air)","P1Y-hr-max25","1 year hour max 25","2016","22.500","ug/m3","97.19","1","Background","Urban","4.4318","51.2097","6.0","Antwerpen                                                                       ","BE002C1                                           ","530014","E1a/validated data AQ e-Reporting","18/03/2023 22:33:20","http://fme.discomap.eea.europa.eu/fmedatastreaming/AirQualityDownload/AQData_Extract.fmw?CountryCode=BE&CityName=&Pollutant=1&Year_from=2016&Year_to=2016&Station=STA-BETR801&Samplingpoint=&Source=E1a&Output=HTML&UpdateDate="
"Belgium","NET-Flanders","Flanders","BETN051","44N051 - IDEGEM","SPO-BETN051_00007_100","O3","Ozone (air)","P3Y","3 subsequent calendar years mean","2016","45.897","ug/m3","92.18","1","Background","Rural","3.9303","50.7989","15.0","","","","E1a/validated data AQ e-Reporting","18/03/2023 21:36:00","http://fme.discomap.eea.europa.eu/fmedatastreaming/AirQualityDownload/AQData_Extract.fmw?CountryCode=BE&CityName=&Pollutant=7&Year_from=2016&Year_to=2016&Station=STA-BETN051&Samplingpoint=&Source=E1a&Output=HTML&UpdateDate="
"Belgium","NET-Flanders","Flanders","BETR892","42R892 - KALLO","SPO-BETR892_00001_100","SO2","Sulphur dioxide (air)","P1Y-daysAbove125","1 year day exceed 125","2016","0.000","count","96.99","1","Industrial","Rural","4.2789","51.2630","9.0","","","","E1a/validated data AQ e-Reporting","18/03/2023 22:23:37","http://fme.discomap.eea.europa.eu/fmedatastreaming/AirQualityDownload/AQData_Extract.fmw?CountryCode=BE&CityName=&Pollutant=1&Year_from=2016&Year_to=2016&Station=STA-BETR892&Samplingpoint=&Source=E1a&Output=HTML&UpdateDate="
"Belgium","NET-Flanders","Flanders","BETR020","42R020 - VILVOORDE","SPO-BETR020_00005_100","PM10","Particulate matter < 10 µm (aerosol)","P1Y-hr-per50","1 year 50 percentile","2016","19.100","ug/m3","99.91","1","Background","Suburban","4.4367","50.9414","12.0","","","","E1a/validated data AQ e-Reporting","18/03/2023 22:05:49","http://fme.discomap.eea.europa.eu/fmedatastreaming/AirQualityDownload/AQData_Extract.fmw?CountryCode=BE&CityName=&Pollutant=5&Year_from=2016&Year_to=2016&Station=STA-BETR020&Samplingpoint=&Source=E1a&Output=HTML&UpdateDate="
"Belgium","NET-Flanders","Flanders","BEVLU11","59LU11 - LEUVEN","SPO-BEVLU11_00486_100","H3C-(CH2)3-CH3","n-Pentane (air)","P1Y","Annual mean / 1 calendar year","2016","0.000","ug/m3","87.99","1","Background","Suburban","4.6911","50.8797","0.0","Leuven                                                                          ","BE008C1                                           ","101625","E1a/validated data AQ e-Reporting","18/03/2023 21:08:58","http://fme.discomap.eea.europa.eu/fmedatastreaming/AirQualityDownload/AQData_Extract.fmw?CountryCode=BE&CityName=&Pollutant=486&Year_from=2016&Year_to=2016&Station=STA-BEVLU11&Samplingpoint=&Source=E1a&Output=HTML&UpdateDate="
"Belgium","NET-Wallonia","Wallonia","BEMR221","00R221 - LIEGE","SPO-BEMR221_05018_100","As in PM10","Arsenic in PM10 (aerosol)","P1Y","Annual mean / 1 calendar year","2016","0.496","ng/m3","97.26","1","Background","Urban","5.6278","50.6584","65.0","Liège                                                                           ","BE005C1                                           ","383700","E1a/validated data AQ e-Reporting","18/03/2023 21:08:58","http://fme.discomap.eea.europa.eu/fmedatastreaming/AirQualityDownload/AQData_Extract.fmw?CountryCode=BE&CityName=&Pollutant=5018&Year_from=2016&Year_to=2016&Station=STA-BEMR221&Samplingpoint=&Source=E1a&Output=HTML&UpdateDate="
"Belgium","NET-Flanders","Flanders","BETR801","42R801 - BORGERHOUT","SPO-BETR801_00005_100","PM10","Particulate matter < 10 µm (aerosol)","P1Y-day-max","1 year day max","2016","63.954","ug/m3","100.00","1","Background","Urban","4.4318","51.2097","6.0","Antwerpen                                                                       ","BE002C1                                           ","530014","E1a/validated data AQ e-Reporting","18/03/2023 21:43:06","http://fme.discomap.eea.europa.eu/fmedatastreaming/AirQualityDownload/AQData_Extract.fmw?CountryCode=BE&CityName=&Pollutant=5&Year_from=2016&Year_to=2016&Station=STA-BETR801&Samplingpoint=&Source=E1a&Output=HTML&UpdateDate="
"Belgium","NET-Flanders","Flanders","BETN046","42N046 - GELLIK","SPO-BETN046_00007_100","O3","Ozone (air)","P1Y-dx-max","1 year day max max","2016","183.438","ug/m3","92.62","1","Background","Rural","5.6189","50.8823","70.0","","","","E1a/validated data AQ e-Reporting","18/03/2023 21:44:39","http://fme.discomap.eea.europa.eu/fmedatastreaming/AirQualityDownload/AQData_Extract.fmw?CountryCode=BE&CityName=&Pollutant=7&Year_from=2016&Year_to=2016&Station=STA-BETN046&Samplingpoint=&Source=E1a&Output=HTML&UpdateDate="
"Belgium","NET-Wallonia","Wallonia","BETN073","43N073 - VEZIN","SPO-BETN073_00005_100","PM10","Particulate matter < 10 µm (aerosol)","P1Y-hr-max","1 year hour max","2016","115.771","ug/m3","99.67","1","Background","Rural","4.9884","50.5027","160.0","","","","E1a/validated data AQ e-Reporting","18/03/2023 21:57:02","http://fme.discomap.eea.europa.eu/fmedatastreaming/AirQualityDownload/AQData_Extract.fmw?CountryCode=BE&CityName=&Pollutant=5&Year_from=2016&Year_to=2016&Station=STA-BETN073&Samplingpoint=&Source=E1a&Output=HTML&UpdateDate="
"Belgium","NET-Flanders","Flanders","BETN052","44N052 - ZWEVEGEM","SPO-BETN052_00007_100","O3","Ozone (air)","P1Y-dmax-per93.15","1 year 93.15 percentile daily 8h maximum","2016","93.063","ug/m3","90.71","1","Background","Suburban","3.3225","50.8149","27.0","","","","E1a/validated data AQ e-Reporting","18/03/2023 22:12:55","http://fme.discomap.eea.europa.eu/fmedatastreaming/AirQualityDownload/AQData_Extract.fmw?CountryCode=BE&CityName=&Pollutant=7&Year_from=2016&Year_to=2016&Station=STA-BETN052&Samplingpoint=&Source=E1a&Output=HTML&UpdateDate="
"Belgium","NET-Wallonia","Wallonia","BETH201","43H201 - LIEGE","SPO-BETH201_06001_100","PM2.5","Particulate matter < 2.5 µm (aerosol)","P1Y-hr-max","1 year hour max","2016","151.571","ug/m3","98.28","1","Background","Suburban","5.5475","50.6250","160.0","Liège                                                                           ","BE005C1                                           ","383700","E1a/validated data AQ e-Reporting","18/03/2023 21:57:02","http://fme.discomap.eea.europa.eu/fmedatastreaming/AirQualityDownload/AQData_Extract.fmw?CountryCode=BE&CityName=&Pollutant=6001&Year_from=2016&Year_to=2016&Station=STA-BETH201&Samplingpoint=&Source=E1a&Output=HTML&UpdateDate="
"Belgium","NET-Flanders","Flanders","BETR893","42R893 - ANTWERPEN","SPO-BETR893_00008_100","NO2","Nitrogen dioxide (air)","P1Y-hrsAbove200","1 year hour exceed 200","2016","0.000","count","96.82","1","Industrial","Suburban","4.3858","51.2814","6.0","Antwerpen                                                                       ","BE002C1                                           ","530014","E1a/validated data AQ e-Reporting","18/03/2023 21:48:42","http://fme.discomap.eea.europa.eu/fmedatastreaming/AirQualityDownload/AQData_Extract.fmw?CountryCode=BE&CityName=&Pollutant=8&Year_from=2016&Year_to=2016&Station=STA-BETR893&Samplingpoint=&Source=E1a&Output=HTML&UpdateDate="
"Belgium","NET-Wallonia","Wallonia","BETH201","43H201 - LIEGE","SPO-BETH201_00001_100","SO2","Sulphur dioxide (air)","P1Y","Annual mean / 1 calendar year","2016","0.626","ug/m3","96.81","1","Background","Suburban","5.5475","50.6250","160.0","Liège                                                                           ","BE005C1                                           ","383700","E1a/validated data AQ e-Reporting","18/03/2023 21:08:58","http://fme.discomap.eea.europa.eu/fmedatastreaming/AirQualityDownload/AQData_Extract.fmw?CountryCode=BE&CityName=&Pollutant=1&Year_from=2016&Year_to=2016&Station=STA-BETH201&Samplingpoint=&Source=E1a&Output=HTML&UpdateDate="
"Belgium","NET-Flanders","Flanders","BETR893","42R893 - ANTWERPEN","SPO-BETR893_00001_100","SO2","Sulphur dioxide (air)","P1Y-hr-min","1 year hour min","2016","1.000","ug/m3","96.89","1","Industrial","Suburban","4.3858","51.2814","6.0","Antwerpen                                                                       ","BE002C1                                           ","530014","E1a/validated data AQ e-Reporting","18/03/2023 22:31:20","http://fme.discomap.eea.europa.eu/fmedatastreaming/AirQualityDownload/AQData_Extract.fmw?CountryCode=BE&CityName=&Pollutant=1&Year_from=2016&Year_to=2016&Station=STA-BETR893&Samplingpoint=&Source=E1a&Output=HTML&UpdateDate="
"Belgium","NET-Flanders","Flanders","BELHB23","40HB23 - HOBOKEN","SPO-BELHB23_00001_100","SO2","Sulphur dioxide (air)","P1Y","Annual mean / 1 calendar year","2016","7.370","ug/m3","95.32","1","Industrial","Suburban","4.3410","51.1703","13.0","Antwerpen                                                                       ","BE002C1                                           ","530014","E1a/validated data AQ e-Reporting","18/03/2023 21:08:58","http://fme.discomap.eea.europa.eu/fmedatastreaming/AirQualityDownload/AQData_Extract.fmw?CountryCode=BE&CityName=&Pollutant=1&Year_from=2016&Year_to=2016&Station=STA-BELHB23&Samplingpoint=&Source=E1a&Output=HTML&UpdateDate="
"Belgium","NET-Flanders","Flanders","BELHB23","40HB23 - HOBOKEN","SPO-BELHB23_00001_100","SO2","Sulphur dioxide (air)","P1Y-3hAbove500","3 consecutive hours in exceedance of 500","2016","0.000","count","95.32","1","Industrial","Suburban","4.3410","51.1703","13.0","Antwerpen                                                                       ","BE002C1                                           ","530014","E1a/validated data AQ e-Reporting","18/03/2023 22:18:09","http://fme.discomap.eea.europa.eu/fmedatastreaming/AirQualityDownload/AQData_Extract.fmw?CountryCode=BE&CityName=&Pollutant=1&Year_from=2016&Year_to=2016&Station=STA-BELHB23&Samplingpoint=&Source=E1a&Output=HTML&UpdateDate="
"Belgium","NET-Flanders","Flanders","BELLD02","40LD02 - LAAKDAL","SPO-BELLD02_00008_100","NO2","Nitrogen dioxide (air)","P1Y-hr-per50","1 year 50 percentile","2016","18.000","ug/m3","96.46","1","Industrial","Rural","5.0216","51.1204","22.0","","","","E1a/validated data AQ e-Reporting","18/03/2023 22:05:49","http://fme.discomap.eea.europa.eu/fmedatastreaming/AirQualityDownload/AQData_Extract.fmw?CountryCode=BE&CityName=&Pollutant=8&Year_from=2016&Year_to=2016&Station=STA-BELLD02&Samplingpoint=&Source=E1a&Output=HTML&UpdateDate="
"Belgium","NET-Flanders","Flanders","BEDR750","65R750 - ZELZATE
","SPO-BEDR750_00611_100","Benzo(a)anthracene","Benzo(a)anthracene (precip+dry_dep)","P1Y","Annual mean / 1 calendar year","2016","25.259","ng/m2/day","92.62","1","Industrial","Suburban","3.8229","51.1961","0.0","","","","E1a/validated data AQ e-Reporting","18/03/2023 21:08:58","http://fme.discomap.eea.europa.eu/fmedatastreaming/AirQualityDownload/AQData_Extract.fmw?CountryCode=BE&CityName=&Pollutant=611&Year_from=2016&Year_to=2016&Station=STA-BEDR750&Samplingpoint=&Source=E1a&Output=HTML&UpdateDate="
"Belgium","NET-Flanders","Flanders","BEGR701","26R701 - GENT","SPO-BEGR701_01629_100","Ca2+ in PM2.5","calcium in PM2.5 (aerosol)","P1Y","Annual mean / 1 calendar year","2016","0.020","ug/m3","0.01","1","Background","Urban","3.7293","51.0583","5.0","Gent                                                                            ","BE003C1                                           ","263687","E1a/validated data AQ e-Reporting","18/03/2023 21:08:58","http://fme.discomap.eea.europa.eu/fmedatastreaming/AirQualityDownload/AQData_Extract.fmw?CountryCode=BE&CityName=&Pollutant=1629&Year_from=2016&Year_to=2016&Station=STA-BEGR701&Samplingpoint=&Source=E1a&Output=HTML&UpdateDate="
"Belgium","NET-Flanders","Flanders","BELRL01","40RL01 - ROESELARE","SPO-BELRL01_00005_100","PM10","Particulate matter < 10 µm (aerosol)","P1Y-day-max36","1 year day max 36","2016","39.267","ug/m3","100.00","1","Background","Urban","3.1212","50.9532","20.0","","","","E1a/validated data AQ e-Reporting","18/03/2023 22:32:47","http://fme.discomap.eea.europa.eu/fmedatastreaming/AirQualityDownload/AQData_Extract.fmw?CountryCode=BE&CityName=&Pollutant=5&Year_from=2016&Year_to=2016&Station=STA-BELRL01&Samplingpoint=&Source=E1a&Output=HTML&UpdateDate="
"Belgium","NET-Flanders","Flanders","BETR815","42R815 - ZWIJNDRECHT","SPO-BETR815_06001_100","PM2.5","Particulate matter < 2.5 µm (aerosol)","P1Y-P1D-per99","1 year 99 percentile of daily means (P1D) or .../aq/primaryObservation/day","2016","44.452","ug/m3","100.00","1","Industrial","Suburban","4.3322","51.2147","7.0","","","","E1a/validated data AQ e-Reporting","18/03/2023 22:10:03","http://fme.discomap.eea.europa.eu/fmedatastreaming/AirQualityDownload/AQData_Extract.fmw?CountryCode=BE&CityName=&Pollutant=6001&Year_from=2016&Year_to=2016&Station=STA-BETR815&Samplingpoint=&Source=E1a&Output=HTML&UpdateDate="
"Belgium","NET-Flanders","Flanders","BELRL01","40RL01 - ROESELARE","SPO-BELRL01_06001_100","PM2.5","Particulate matter < 2.5 µm (aerosol)","P1Y","Annual mean / 1 calendar year","2016","14.236","ug/m3","99.92","1","Background","Urban","3.1212","50.9532","20.0","","","","E1a/validated data AQ e-Reporting","18/03/2023 21:08:58","http://fme.discomap.eea.europa.eu/fmedatastreaming/AirQualityDownload/AQData_Extract.fmw?CountryCode=BE&CityName=&Pollutant=6001&Year_from=2016&Year_to=2016&Station=STA-BELRL01&Samplingpoint=&Source=E1a&Output=HTML&UpdateDate="
"Belgium","NET-Flanders","Flanders","BETR731","44R731 - EVERGEM","SPO-BETR731_00005_100","PM10","Particulate matter < 10 µm (aerosol)","P1Y-day-per50","1 year 50 %ile of daily values in a year","2016","19.933","ug/m3","98.36","1","Industrial","Rural","3.7395","51.1247","6.0","","","","E1a/validated data AQ e-Reporting","18/03/2023 22:08:05","http://fme.discomap.eea.europa.eu/fmedatastreaming/AirQualityDownload/AQData_Extract.fmw?CountryCode=BE&CityName=&Pollutant=5&Year_from=2016&Year_to=2016&Station=STA-BETR731&Samplingpoint=&Source=E1a&Output=HTML&UpdateDate="
"Belgium","NET-Flanders","Flanders","BETR831","42R831 - BERENDRECHT","SPO-BETR831_00001_100","SO2","Sulphur dioxide (air)","P1Y","Annual mean / 1 calendar year","2016","2.370","ug/m3","97.13","1","Industrial","Rural","4.3397","51.3488","3.0","Antwerpen                                                                       ","BE002C1                                           ","530014","E1a/validated data AQ e-Reporting","18/03/2023 21:08:58","http://fme.discomap.eea.europa.eu/fmedatastreaming/AirQualityDownload/AQData_Extract.fmw?CountryCode=BE&CityName=&Pollutant=1&Year_from=2016&Year_to=2016&Station=STA-BETR831&Samplingpoint=&Source=E1a&Output=HTML&UpdateDate="
"Belgium","NET-Flanders","Flanders","BETR710","44R710 - DESTELBERGE","SPO-BETR710_00007_100","O3","Ozone (air)","P1Y-hrsAbove180","1 year hour exceed 180","2016","0.000","count","87.15","1","Background","Suburban","3.7753","51.0613","6.0","","","","E1a/validated data AQ e-Reporting","18/03/2023 21:46:37","http://fme.discomap.eea.europa.eu/fmedatastreaming/AirQualityDownload/AQData_Extract.fmw?CountryCode=BE&CityName=&Pollutant=7&Year_from=2016&Year_to=2016&Station=STA-BETR710&Samplingpoint=&Source=E1a&Output=HTML&UpdateDate="
"Belgium","NET-Flanders","Flanders","BETR721","44R721 - WONDELGEM","SPO-BETR721_00008_100","NO2","Nitrogen dioxide (air)","P1Y-P1D-per99","1 year 99 percentile of daily means (P1D) or .../aq/primaryObservation/day","2016","60.727","ug/m3","95.08","1","Industrial","Suburban","3.7161","51.0890","6.0","Gent                                                                            ","BE003C1                                           ","263687","E1a/validated data AQ e-Reporting","18/03/2023 22:10:34","http://fme.discomap.eea.europa.eu/fmedatastreaming/AirQualityDownload/AQData_Extract.fmw?CountryCode=BE&CityName=&Pollutant=8&Year_from=2016&Year_to=2016&Station=STA-BETR721&Samplingpoint=&Source=E1a&Output=HTML&UpdateDate="
"Belgium","NET-Flanders","Flanders","BETR811","42R811 - SCHOTEN","SPO-BETR811_00007_100","O3","Ozone (air)","P1Y-day-max","1 year day max","2016","110.188","ug/m3","95.36","1","Background","Suburban","4.4914","51.2521","8.0","","","","E1a/validated data AQ e-Reporting","18/03/2023 21:44:13","http://fme.discomap.eea.europa.eu/fmedatastreaming/AirQualityDownload/AQData_Extract.fmw?CountryCode=BE&CityName=&Pollutant=7&Year_from=2016&Year_to=2016&Station=STA-BETR811&Samplingpoint=&Source=E1a&Output=HTML&UpdateDate="
"Belgium","NET-Wallonia","Wallonia","BETN060","43N060 - HAVINNES","SPO-BETN060_00001_100","SO2","Sulphur dioxide (air)","P1Y-day-per50","1 year 50 %ile of daily values in a year","2016","1.000","ug/m3","97.81","1","Background","Rural","3.4576","50.6167","0.0","","","","E1a/validated data AQ e-Reporting","18/03/2023 22:14:46","http://fme.discomap.eea.europa.eu/fmedatastreaming/AirQualityDownload/AQData_Extract.fmw?CountryCode=BE&CityName=&Pollutant=1&Year_from=2016&Year_to=2016&Station=STA-BETN060&Samplingpoint=&Source=E1a&Output=HTML&UpdateDate="
"Belgium","NET-Flanders","Flanders","BETR815","42R815 - ZWIJNDRECHT","SPO-BETR815_00001_100","SO2","Sulphur dioxide (air)","P1Y-hr-min","1 year hour min","2016","1.000","ug/m3","97.27","1","Industrial","Suburban","4.3322","51.2147","7.0","","","","E1a/validated data AQ e-Reporting","18/03/2023 22:31:20","http://fme.discomap.eea.europa.eu/fmedatastreaming/AirQualityDownload/AQData_Extract.fmw?CountryCode=BE&CityName=&Pollutant=1&Year_from=2016&Year_to=2016&Station=STA-BETR815&Samplingpoint=&Source=E1a&Output=HTML&UpdateDate="
"Belgium","NET-Wallonia","Wallonia","BETN060","43N060 - HAVINNES","SPO-BETN060_00008_100","NO2","Nitrogen dioxide (air)","P1Y-day-max","1 year day max","2016","43.667","ug/m3","100.00","1","Background","Rural","3.4576","50.6167","0.0","","","","E1a/validated data AQ e-Reporting","18/03/2023 21:43:56","http://fme.discomap.eea.europa.eu/fmedatastreaming/AirQualityDownload/AQData_Extract.fmw?CountryCode=BE&CityName=&Pollutant=8&Year_from=2016&Year_to=2016&Station=STA-BETN060&Samplingpoint=&Source=E1a&Output=HTML&UpdateDate="
"Belgium","NET-Wallonia","Wallonia","BETN063","43N063 - CORROY L.G.","SPO-BETN063_00005_100","PM10","Particulate matter < 10 µm (aerosol)","P1Y-P1D-per99","1 year 99 percentile of daily means (P1D) or .../aq/primaryObservation/day","2016","47.667","ug/m3","100.00","1","Background","Rural","4.6683","50.6554","145.0","","","","E1a/validated data AQ e-Reporting","18/03/2023 22:09:38","http://fme.discomap.eea.europa.eu/fmedatastreaming/AirQualityDownload/AQData_Extract.fmw?CountryCode=BE&CityName=&Pollutant=5&Year_from=2016&Year_to=2016&Station=STA-BETN063&Samplingpoint=&Source=E1a&Output=HTML&UpdateDate="
"Belgium","NET-Brussels","Brussels","BETN043","41N043 - HAREN","SPO-BETN043_00001_100","SO2","Sulphur dioxide (air)","P1Y-hrsAbove350","1 year hour exceed 350","2016","0.000","count","97.60","1","Industrial","Suburban","4.3830","50.8837","17.0","Bruxelles / Brussel                                                             ","BE001C1                                           ","1223364","E1a/validated data AQ e-Reporting","18/03/2023 21:52:12","http://fme.discomap.eea.europa.eu/fmedatastreaming/AirQualityDownload/AQData_Extract.fmw?CountryCode=BE&CityName=&Pollutant=1&Year_from=2016&Year_to=2016&Station=STA-BETN043&Samplingpoint=&Source=E1a&Output=HTML&UpdateDate="
"Belgium","NET-Flanders","Flanders","BELSZ02","40SZ02 - STEENOKKERZ","SPO-BELSZ02_00005_100","PM10","Particulate matter < 10 µm (aerosol)","P1Y-P1D-per99","1 year 99 percentile of daily means (P1D) or .../aq/primaryObservation/day","2016","56.204","ug/m3","98.63","1","Industrial","Rural","4.5122","50.9130","15.0","","","","E1a/validated data AQ e-Reporting","18/03/2023 22:09:38","http://fme.discomap.eea.europa.eu/fmedatastreaming/AirQualityDownload/AQData_Extract.fmw?CountryCode=BE&CityName=&Pollutant=5&Year_from=2016&Year_to=2016&Station=STA-BELSZ02&Samplingpoint=&Source=E1a&Output=HTML&UpdateDate="
"Belgium","NET-Flanders","Flanders","BELSA04","40SA04 - Hoevenen","SPO-BELSA04_00391_100","Black Carbon","black_carbon (aerosol)","P1Y-hr-max","1 year hour max","2016","12.070","ug/m3","99.57","1","Industrial","Rural","4.4039","51.3139","6.0","","","","E1a/validated data AQ e-Reporting","18/03/2023 21:57:02","http://fme.discomap.eea.europa.eu/fmedatastreaming/AirQualityDownload/AQData_Extract.fmw?CountryCode=BE&CityName=&Pollutant=391&Year_from=2016&Year_to=2016&Station=STA-BELSA04&Samplingpoint=&Source=E1a&Output=HTML&UpdateDate="
"Belgium","NET-Flanders","Flanders","BESN035","59N035 - AARSCHOT","SPO-BESN035_00441_100","C7H16","n-Heptane (air)","P1Y","Annual mean / 1 calendar year","2016","0.000","ug/m3","84.16","1","Background","Suburban","4.8376","50.9776","0.0","","","","E1a/validated data AQ e-Reporting","18/03/2023 21:08:58","http://fme.discomap.eea.europa.eu/fmedatastreaming/AirQualityDownload/AQData_Extract.fmw?CountryCode=BE&CityName=&Pollutant=441&Year_from=2016&Year_to=2016&Station=STA-BESN035&Samplingpoint=&Source=E1a&Output=HTML&UpdateDate="
"Belgium","NET-Flanders","Flanders","BELSZ02","40SZ02 - STEENOKKERZ","SPO-BELSZ02_00001_100","SO2","Sulphur dioxide (air)","P1Y-3hAbove500","3 consecutive hours in exceedance of 500","2016","0.000","count","96.88","1","Industrial","Rural","4.5122","50.9130","15.0","","","","E1a/validated data AQ e-Reporting","18/03/2023 22:18:09","http://fme.discomap.eea.europa.eu/fmedatastreaming/AirQualityDownload/AQData_Extract.fmw?CountryCode=BE&CityName=&Pollutant=1&Year_from=2016&Year_to=2016&Station=STA-BELSZ02&Samplingpoint=&Source=E1a&Output=HTML&UpdateDate="
"Belgium","NET-Flanders","Flanders","BESN045","59N045 - HASSELT","SPO-BESN045_00020_100","C6H6","Benzene (air)","P1Y","Annual mean / 1 calendar year","2016","0.874","ug/m3","91.81","1","Background","Suburban","5.3684","50.9397","0.0","","","","E1a/validated data AQ e-Reporting","18/03/2023 21:08:58","http://fme.discomap.eea.europa.eu/fmedatastreaming/AirQualityDownload/AQData_Extract.fmw?CountryCode=BE&CityName=&Pollutant=20&Year_from=2016&Year_to=2016&Station=STA-BESN045&Samplingpoint=&Source=E1a&Output=HTML&UpdateDate="
"Belgium","NET-Flanders","Flanders","BETR701","44R701 - GENT","SPO-BETR701_00007_100","O3","Ozone (air)","P1Y-dx-avg","1 year daymax average","2016","58.209","ug/m3","89.34","1","Background","Urban","3.7293","51.0583","5.0","Gent                                                                            ","BE003C1                                           ","263687","E1a/validated data AQ e-Reporting","18/03/2023 22:27:48","http://fme.discomap.eea.europa.eu/fmedatastreaming/AirQualityDownload/AQData_Extract.fmw?CountryCode=BE&CityName=&Pollutant=7&Year_from=2016&Year_to=2016&Station=STA-BETR701&Samplingpoint=&Source=E1a&Output=HTML&UpdateDate="
"Belgium","NET-Flanders","Flanders","BETN052","44N052 - ZWEVEGEM","SPO-BETN052_00005_100","PM10","Particulate matter < 10 µm (aerosol)","P1Y-day-max","1 year day max","2016","67.871","ug/m3","99.18","1","Background","Suburban","3.3225","50.8149","27.0","","","","E1a/validated data AQ e-Reporting","18/03/2023 21:43:06","http://fme.discomap.eea.europa.eu/fmedatastreaming/AirQualityDownload/AQData_Extract.fmw?CountryCode=BE&CityName=&Pollutant=5&Year_from=2016&Year_to=2016&Station=STA-BETN052&Samplingpoint=&Source=E1a&Output=HTML&UpdateDate="
"Belgium","NET-Flanders","Flanders","BETR897","42R897 - ANTWERPEN","SPO-BETR897_00001_100","SO2","Sulphur dioxide (air)","P1Y-P1D-per99","1 year 99 percentile of daily means (P1D) or .../aq/primaryObservation/day","2016","27.261","ug/m3","99.45","1","Industrial","Suburban","4.3421","51.2501","5.0","Antwerpen                                                                       ","BE002C1                                           ","530014","E1a/validated data AQ e-Reporting","18/03/2023 22:11:00","http://fme.discomap.eea.europa.eu/fmedatastreaming/AirQualityDownload/AQData_Extract.fmw?CountryCode=BE&CityName=&Pollutant=1&Year_from=2016&Year_to=2016&Station=STA-BETR897&Samplingpoint=&Source=E1a&Output=HTML&UpdateDate="
"Belgium","NET-Flanders","Flanders","BETR701","44R701 - GENT","SPO-BETR701_00008_100","NO2","Nitrogen dioxide (air)","P1Y-hrsAbove200","1 year hour exceed 200","2016","0.000","count","94.79","1","Background","Urban","3.7293","51.0583","5.0","Gent                                                                            ","BE003C1                                           ","263687","E1a/validated data AQ e-Reporting","18/03/2023 21:48:42","http://fme.discomap.eea.europa.eu/fmedatastreaming/AirQualityDownload/AQData_Extract.fmw?CountryCode=BE&CityName=&Pollutant=8&Year_from=2016&Year_to=2016&Station=STA-BETR701&Samplingpoint=&Source=E1a&Output=HTML&UpdateDate="
"Belgium","NET-Wallonia","Wallonia","BETN063","43N063 - CORROY L.G.","SPO-BETN063_00010_100","CO","Carbon monoxide (air)","P1Y-dx-avg","1 year daymax average","2016","0.258","mg/m3","99.45","1","Background","Rural","4.6683","50.6554","145.0","","","","E1a/validated data AQ e-Reporting","18/03/2023 22:27:48","http://fme.discomap.eea.europa.eu/fmedatastreaming/AirQualityDownload/AQData_Extract.fmw?CountryCode=BE&CityName=&Pollutant=10&Year_from=2016&Year_to=2016&Station=STA-BETN063&Samplingpoint=&Source=E1a&Output=HTML&UpdateDate="
"Belgium","NET-Flanders","Flanders","BESN045","59N045 - HASSELT","SPO-BESN045_00431_100","C6H5-C2H5","Ethyl benzene (air)","P1Y","Annual mean / 1 calendar year","2016","0.000","ug/m3","87.99","1","Background","Suburban","5.3684","50.9397","0.0","","","","E1a/validated data AQ e-Reporting","18/03/2023 21:08:58","http://fme.discomap.eea.europa.eu/fmedatastreaming/AirQualityDownload/AQData_Extract.fmw?CountryCode=BE&CityName=&Pollutant=431&Year_from=2016&Year_to=2016&Station=STA-BESN045&Samplingpoint=&Source=E1a&Output=HTML&UpdateDate="
"Belgium","NET-Flanders","Flanders","BETN035","42N035 - AARSCHOT","SPO-BETN035_06001_100","PM2.5","Particulate matter < 2.5 µm (aerosol)","P1Y-hr-min","1 year hour min","2016","1.000","ug/m3","99.69","1","Background","Rural","4.8376","50.9775","55.0","","","","E1a/validated data AQ e-Reporting","18/03/2023 22:31:20","http://fme.discomap.eea.europa.eu/fmedatastreaming/AirQualityDownload/AQData_Extract.fmw?CountryCode=BE&CityName=&Pollutant=6001&Year_from=2016&Year_to=2016&Station=STA-BETN035&Samplingpoint=&Source=E1a&Output=HTML&UpdateDate="
"Belgium","NET-Flanders","Flanders","BEPAL05","60AL05 - Beveren","SPO-BEPAL05_05029_100","BaP in PM10","Benzo(a)pyrene in PM10 (aerosol)","P1Y","Annual mean / 1 calendar year","2016","0.100","ng/m3","33.06","1","Industrial","Suburban","4.2789","51.2631","0.0","","","","E1a/validated data AQ e-Reporting","18/03/2023 21:08:58","http://fme.discomap.eea.europa.eu/fmedatastreaming/AirQualityDownload/AQData_Extract.fmw?CountryCode=BE&CityName=&Pollutant=5029&Year_from=2016&Year_to=2016&Station=STA-BEPAL05&Samplingpoint=&Source=E1a&Output=HTML&UpdateDate="
"Belgium","NET-Flanders","Flanders","BESN045","59N045 - HASSELT","SPO-BESN045_06013_100","1,3,5-C6H3(CH3)3","1,3,5-Trimethylbenzene (air)","P1Y","Annual mean / 1 calendar year","2016","0.000","ug/m3","87.99","1","Background","Suburban","5.3684","50.9397","0.0","","","","E1a/validated data AQ e-Reporting","18/03/2023 21:08:58","http://fme.discomap.eea.europa.eu/fmedatastreaming/AirQualityDownload/AQData_Extract.fmw?CountryCode=BE&CityName=&Pollutant=6013&Year_from=2016&Year_to=2016&Station=STA-BESN045&Samplingpoint=&Source=E1a&Output=HTML&UpdateDate="
"Belgium","NET-Brussels","Brussels","BETR002","41R002 - IXELLES","SPO-BETR002_00391_100","Black Carbon","black_carbon (aerosol)","P1Y-hr-min","1 year hour min","2016","0.070","ug/m3","98.61","1","Traffic","Urban","4.3846","50.8251","76.0","Bruxelles / Brussel                                                             ","BE001C1                                           ","1223364","E1a/validated data AQ e-Reporting","18/03/2023 22:31:20","http://fme.discomap.eea.europa.eu/fmedatastreaming/AirQualityDownload/AQData_Extract.fmw?CountryCode=BE&CityName=&Pollutant=391&Year_from=2016&Year_to=2016&Station=STA-BETR002&Samplingpoint=&Source=E1a&Output=HTML&UpdateDate="
"Belgium","NET-Flanders","Flanders","BETN012","44N012 - MOERKERKE","SPO-BETN012_00005_100","PM10","Particulate matter < 10 µm (aerosol)","P1Y-day-per50","1 year 50 %ile of daily values in a year","2016","16.079","ug/m3","99.45","1","Background","Rural","3.3625","51.2546","3.0","","","","E1a/validated data AQ e-Reporting","18/03/2023 22:08:05","http://fme.discomap.eea.europa.eu/fmedatastreaming/AirQualityDownload/AQData_Extract.fmw?CountryCode=BE&CityName=&Pollutant=5&Year_from=2016&Year_to=2016&Station=STA-BETN012&Samplingpoint=&Source=E1a&Output=HTML&UpdateDate="
"Belgium","NET-Flanders","Flanders","BETR020","42R020 - VILVOORDE","SPO-BETR020_00001_100","SO2","Sulphur dioxide (air)","P1Y","Annual mean / 1 calendar year","2016","1.245","ug/m3","97.30","1","Background","Suburban","4.4367","50.9414","12.0","","","","E1a/validated data AQ e-Reporting","18/03/2023 21:08:58","http://fme.discomap.eea.europa.eu/fmedatastreaming/AirQualityDownload/AQData_Extract.fmw?CountryCode=BE&CityName=&Pollutant=1&Year_from=2016&Year_to=2016&Station=STA-BETR020&Samplingpoint=&Source=E1a&Output=HTML&UpdateDate="
"Belgium","NET-Flanders","Flanders","BETR020","42R020 - VILVOORDE","SPO-BETR020_00001_100","SO2","Sulphur dioxide (air)","P1Y-day-max","1 year day max","2016","5.396","ug/m3","99.45","1","Background","Suburban","4.4367","50.9414","12.0","","","","E1a/validated data AQ e-Reporting","18/03/2023 21:42:48","http://fme.discomap.eea.europa.eu/fmedatastreaming/AirQualityDownload/AQData_Extract.fmw?CountryCode=BE&CityName=&Pollutant=1&Year_from=2016&Year_to=2016&Station=STA-BETR020&Samplingpoint=&Source=E1a&Output=HTML&UpdateDate="
"Belgium","NET-Flanders","Flanders","BETR801","42R801 - BORGERHOUT","SPO-BETR801_00001_100","SO2","Sulphur dioxide (air)","winter-avg","Winter mean","2016","2.336","ug/m3","96.49","1","Background","Urban","4.4318","51.2097","6.0","Antwerpen                                                                       ","BE002C1                                           ","530014","E1a/validated data AQ e-Reporting","18/03/2023 22:50:43","http://fme.discomap.eea.europa.eu/fmedatastreaming/AirQualityDownload/AQData_Extract.fmw?CountryCode=BE&CityName=&Pollutant=1&Year_from=2016&Year_to=2016&Station=STA-BETR801&Samplingpoint=&Source=E1a&Output=HTML&UpdateDate="
"Belgium","NET-Flanders","Flanders","BETR823","42R823 - BEVEREN","SPO-BETR823_00001_100","SO2","Sulphur dioxide (air)","P1Y-hr-max","1 year hour max","2016","69.000","ug/m3","97.40","1","Background","Suburban","4.2399","51.2133","0.0","","","","E1a/validated data AQ e-Reporting","18/03/2023 21:57:02","http://fme.discomap.eea.europa.eu/fmedatastreaming/AirQualityDownload/AQData_Extract.fmw?CountryCode=BE&CityName=&Pollutant=1&Year_from=2016&Year_to=2016&Station=STA-BETR823&Samplingpoint=&Source=E1a&Output=HTML&UpdateDate="
"Belgium","NET-Wallonia","Wallonia","BEMCHA2","0CHA02 - LODELINSART","SPO-BEMCHA2_05018_100","As in PM10","Arsenic in PM10 (aerosol)","P1Y","Annual mean / 1 calendar year","2016","0.484","ng/m3","62.83","1","Background","Suburban","4.4587","50.4290","135.0","Charleroi                                                                       ","BE004C1                                           ","203314","E1a/validated data AQ e-Reporting","18/03/2023 21:08:58","http://fme.discomap.eea.europa.eu/fmedatastreaming/AirQualityDownload/AQData_Extract.fmw?CountryCode=BE&CityName=&Pollutant=5018&Year_from=2016&Year_to=2016&Station=STA-BEMCHA2&Samplingpoint=&Source=E1a&Output=HTML&UpdateDate="
"Belgium","NET-Flanders","Flanders","BETR815","42R815 - ZWIJNDRECHT","SPO-BETR815_00008_100","NO2","Nitrogen dioxide (air)","P1Y-hrsAbove400","1 year hour exceed 400","2016","0.000","count","95.82","1","Industrial","Suburban","4.3322","51.2147","7.0","","","","E1a/validated data AQ e-Reporting","18/03/2023 21:54:38","http://fme.discomap.eea.europa.eu/fmedatastreaming/AirQualityDownload/AQData_Extract.fmw?CountryCode=BE&CityName=&Pollutant=8&Year_from=2016&Year_to=2016&Station=STA-BETR815&Samplingpoint=&Source=E1a&Output=HTML&UpdateDate="
"Belgium","NET-Flanders","Flanders","BELHB23","40HB23 - HOBOKEN","SPO-BELHB23_00005_100","PM10","Particulate matter < 10 µm (aerosol)","P1Y-day-per50","1 year 50 %ile of daily values in a year","2016","22.392","ug/m3","96.99","1","Industrial","Suburban","4.3410","51.1703","13.0","Antwerpen                                                                       ","BE002C1                                           ","530014","E1a/validated data AQ e-Reporting","18/03/2023 22:08:05","http://fme.discomap.eea.europa.eu/fmedatastreaming/AirQualityDownload/AQData_Extract.fmw?CountryCode=BE&CityName=&Pollutant=5&Year_from=2016&Year_to=2016&Station=STA-BELHB23&Samplingpoint=&Source=E1a&Output=HTML&UpdateDate="
"Belgium","NET-Flanders","Flanders","BETN016","42N016 - DESSEL","SPO-BETN016_00007_100","O3","Ozone (air)","P1Y-day-max","1 year day max","2016","109.354","ug/m3","95.63","1","Background","Rural","5.1640","51.2337","30.0","","","","E1a/validated data AQ e-Reporting","18/03/2023 21:44:13","http://fme.discomap.eea.europa.eu/fmedatastreaming/AirQualityDownload/AQData_Extract.fmw?CountryCode=BE&CityName=&Pollutant=7&Year_from=2016&Year_to=2016&Station=STA-BETN016&Samplingpoint=&Source=E1a&Output=HTML&UpdateDate="
"Belgium","NET-Flanders","Flanders","BELSA04","40SA04 - Hoevenen","SPO-BELSA04_00008_100","NO2","Nitrogen dioxide (air)","P1Y-3hAbove400","3 consecutive hours in exceedance of 400","2016","0.000","count","93.76","1","Industrial","Rural","4.4039","51.3139","6.0","","","","E1a/validated data AQ e-Reporting","18/03/2023 22:22:30","http://fme.discomap.eea.europa.eu/fmedatastreaming/AirQualityDownload/AQData_Extract.fmw?CountryCode=BE&CityName=&Pollutant=8&Year_from=2016&Year_to=2016&Station=STA-BELSA04&Samplingpoint=&Source=E1a&Output=HTML&UpdateDate="
"Belgium","NET-Flanders","Flanders","BEDGI05","65GI05 - GRIMBERGEN
","SPO-BEDGI05_07352_100","Acenaphthylene","Acenaphthylene (precip+dry_dep)","P1Y","Annual mean / 1 calendar year","2016","11.177","ng/m2/day","22.95","1","Background","Suburban","4.4189","50.9482","0.0","","","","E1a/validated data AQ e-Reporting","18/03/2023 21:08:58","http://fme.discomap.eea.europa.eu/fmedatastreaming/AirQualityDownload/AQData_Extract.fmw?CountryCode=BE&CityName=&Pollutant=7352&Year_from=2016&Year_to=2016&Station=STA-BEDGI05&Samplingpoint=&Source=E1a&Output=HTML&UpdateDate="
"Belgium","NET-Flanders","Flanders","BELSZ02","40SZ02 - STEENOKKERZ","SPO-BELSZ02_00005_100","PM10","Particulate matter < 10 µm (aerosol)","P1Y-day-min","1 year day min","2016","5.100","ug/m3","98.63","1","Industrial","Rural","4.5122","50.9130","15.0","","","","E1a/validated data AQ e-Reporting","18/03/2023 21:55:13","http://fme.discomap.eea.europa.eu/fmedatastreaming/AirQualityDownload/AQData_Extract.fmw?CountryCode=BE&CityName=&Pollutant=5&Year_from=2016&Year_to=2016&Station=STA-BELSZ02&Samplingpoint=&Source=E1a&Output=HTML&UpdateDate="
"Belgium","NET-Flanders","Flanders","BEDHB17","65HB17 - HOBOKEN
","SPO-BEDHB17_07351_100","Acenaphthene","Acenaphthene (precip+dry_dep)","P1Y","Annual mean / 1 calendar year","2016","8.380","ng/m2/day","22.95","1","Background","Urban","4.3379","51.1703","0.0","Antwerpen                                                                       ","BE002C1                                           ","530014","E1a/validated data AQ e-Reporting","18/03/2023 21:08:58","http://fme.discomap.eea.europa.eu/fmedatastreaming/AirQualityDownload/AQData_Extract.fmw?CountryCode=BE&CityName=&Pollutant=7351&Year_from=2016&Year_to=2016&Station=STA-BEDHB17&Samplingpoint=&Source=E1a&Output=HTML&UpdateDate="
"Belgium","NET-Flanders","Flanders","BETR740","44R740 - ST.KRUIS-WI","SPO-BETR740_00005_100","PM10","Particulate matter < 10 µm (aerosol)","P1Y-day-max36","1 year day max 36","2016","40.767","ug/m3","100.00","1","Industrial","Rural","3.8087","51.1501","5.0","Gent                                                                            ","BE003C1                                           ","263687","E1a/validated data AQ e-Reporting","18/03/2023 22:32:47","http://fme.discomap.eea.europa.eu/fmedatastreaming/AirQualityDownload/AQData_Extract.fmw?CountryCode=BE&CityName=&Pollutant=5&Year_from=2016&Year_to=2016&Station=STA-BETR740&Samplingpoint=&Source=E1a&Output=HTML&UpdateDate="
"Belgium","NET-Flanders","Flanders","BETN027","42N027 - BREE","SPO-BETN027_00007_100","O3","Ozone (air)","SOMO35","Sum of Ozone Means Over 35 ppb","2016","3392.400","ug/m3","94.81","1","Background","Rural","5.6067","51.1337","48.0","","","","E1a/validated data AQ e-Reporting","18/03/2023 22:59:23","http://fme.discomap.eea.europa.eu/fmedatastreaming/AirQualityDownload/AQData_Extract.fmw?CountryCode=BE&CityName=&Pollutant=7&Year_from=2016&Year_to=2016&Station=STA-BETN027&Samplingpoint=&Source=E1a&Output=HTML&UpdateDate="
"Belgium","NET-Flanders","Flanders","BETN052","44N052 - ZWEVEGEM","SPO-BETN052_00007_100","O3","Ozone (air)","P1Y-hr-per50","1 year 50 percentile","2016","39.000","ug/m3","89.66","1","Background","Suburban","3.3225","50.8149","27.0","","","","E1a/validated data AQ e-Reporting","18/03/2023 22:05:49","http://fme.discomap.eea.europa.eu/fmedatastreaming/AirQualityDownload/AQData_Extract.fmw?CountryCode=BE&CityName=&Pollutant=7&Year_from=2016&Year_to=2016&Station=STA-BETN052&Samplingpoint=&Source=E1a&Output=HTML&UpdateDate="
"Belgium","NET-Flanders","Flanders","BETN045","42N045 - HASSELT","SPO-BETN045_06001_100","PM2.5","Particulate matter < 2.5 µm (aerosol)","P1Y-hr-min","1 year hour min","2016","1.000","ug/m3","99.54","1","Background","Suburban","5.3684","50.9397","41.0","","","","E1a/validated data AQ e-Reporting","18/03/2023 22:31:20","http://fme.discomap.eea.europa.eu/fmedatastreaming/AirQualityDownload/AQData_Extract.fmw?CountryCode=BE&CityName=&Pollutant=6001&Year_from=2016&Year_to=2016&Station=STA-BETN045&Samplingpoint=&Source=E1a&Output=HTML&UpdateDate="
"Belgium","NET-Flanders","Flanders","BETN035","42N035 - AARSCHOT","SPO-BETN035_00007_100","O3","Ozone (air)","P1Y-maxP6M-P8H-dmax","Yearly highest six monthly average of daily maximum 8-hour mean concentration","2016","80.293","ug/m3","100.00","1","Background","Rural","4.8376","50.9775","55.0","","","","E1a/validated data AQ e-Reporting","18/03/2023 22:58:54","http://fme.discomap.eea.europa.eu/fmedatastreaming/AirQualityDownload/AQData_Extract.fmw?CountryCode=BE&CityName=&Pollutant=7&Year_from=2016&Year_to=2016&Station=STA-BETN035&Samplingpoint=&Source=E1a&Output=HTML&UpdateDate="
"Belgium","NET-Flanders","Flanders","BETN054","42N054 - WALSHOUTEM","SPO-BETN054_06001_100","PM2.5","Particulate matter < 2.5 µm (aerosol)","P1Y-P1D-per99","1 year 99 percentile of daily means (P1D) or .../aq/primaryObservation/day","2016","41.104","ug/m3","97.81","1","Background","Rural","5.1032","50.7117","135.0","","","","E1a/validated data AQ e-Reporting","18/03/2023 22:10:03","http://fme.discomap.eea.europa.eu/fmedatastreaming/AirQualityDownload/AQData_Extract.fmw?CountryCode=BE&CityName=&Pollutant=6001&Year_from=2016&Year_to=2016&Station=STA-BETN054&Samplingpoint=&Source=E1a&Output=HTML&UpdateDate="
"Belgium","NET-Flanders","Flanders","BETN016","42N016 - DESSEL","SPO-BETN016_06001_100","PM2.5","Particulate matter < 2.5 µm (aerosol)","P1Y-day-max","1 year day max","2016","55.729","ug/m3","100.00","1","Background","Rural","5.1640","51.2337","30.0","","","","E1a/validated data AQ e-Reporting","18/03/2023 21:43:22","http://fme.discomap.eea.europa.eu/fmedatastreaming/AirQualityDownload/AQData_Extract.fmw?CountryCode=BE&CityName=&Pollutant=6001&Year_from=2016&Year_to=2016&Station=STA-BETN016&Samplingpoint=&Source=E1a&Output=HTML&UpdateDate="
"Belgium","NET-Flanders","Flanders","BETN027","42N027 - BREE","SPO-BETN027_00007_100","O3","Ozone (air)","P1Y-day-per50","1 year 50 %ile of daily values in a year","2016","47.659","ug/m3","94.81","1","Background","Rural","5.6067","51.1337","48.0","","","","E1a/validated data AQ e-Reporting","18/03/2023 22:15:13","http://fme.discomap.eea.europa.eu/fmedatastreaming/AirQualityDownload/AQData_Extract.fmw?CountryCode=BE&CityName=&Pollutant=7&Year_from=2016&Year_to=2016&Station=STA-BETN027&Samplingpoint=&Source=E1a&Output=HTML&UpdateDate="
"Belgium","NET-Flanders","Flanders","BESR801","59R801 - ANTWERPEN","SPO-BESR801_00457_100","Chlorobenzene (air)","Chlorobenzene (air)","P1Y","Annual mean / 1 calendar year","2016","0.000","ug/m3","84.15","1","Background","Suburban","4.4318","51.2097","0.0","Antwerpen                                                                       ","BE002C1                                           ","530014","E1a/validated data AQ e-Reporting","18/03/2023 21:08:58","http://fme.discomap.eea.europa.eu/fmedatastreaming/AirQualityDownload/AQData_Extract.fmw?CountryCode=BE&CityName=&Pollutant=457&Year_from=2016&Year_to=2016&Station=STA-BESR801&Samplingpoint=&Source=E1a&Output=HTML&UpdateDate="
"Belgium","NET-Flanders","Flanders","BETN029","44N029 - HOUTEM","SPO-BETN029_00001_100","SO2","Sulphur dioxide (air)","P1Y-3hAbove500","3 consecutive hours in exceedance of 500","2016","0.000","count","96.66","1","Background","Rural","2.5823","51.0163","2.0","","","","E1a/validated data AQ e-Reporting","18/03/2023 22:18:09","http://fme.discomap.eea.europa.eu/fmedatastreaming/AirQualityDownload/AQData_Extract.fmw?CountryCode=BE&CityName=&Pollutant=1&Year_from=2016&Year_to=2016&Station=STA-BETN029&Samplingpoint=&Source=E1a&Output=HTML&UpdateDate="
"Belgium","NET-Flanders","Flanders","BELRB01","40RB01 - RUISBROEK","SPO-BELRB01_00005_100","PM10","Particulate matter < 10 µm (aerosol)","P1Y-day-max","1 year day max","2016","57.413","ug/m3","8.47","1","Industrial","Suburban","4.3312","51.0894","0.0","","","","E1a/validated data AQ e-Reporting","18/03/2023 21:43:06","http://fme.discomap.eea.europa.eu/fmedatastreaming/AirQualityDownload/AQData_Extract.fmw?CountryCode=BE&CityName=&Pollutant=5&Year_from=2016&Year_to=2016&Station=STA-BELRB01&Samplingpoint=&Source=E1a&Output=HTML&UpdateDate="
"Belgium","NET-Flanders","Flanders","BETM802","42M802 - ANTWERPEN","SPO-BETM802_00001_100","SO2","Sulphur dioxide (air)","P1Y-hr-min","1 year hour min","2016","1.000","ug/m3","96.02","1","Industrial","Suburban","4.4244","51.2610","3.0","Antwerpen                                                                       ","BE002C1                                           ","530014","E1a/validated data AQ e-Reporting","18/03/2023 22:31:20","http://fme.discomap.eea.europa.eu/fmedatastreaming/AirQualityDownload/AQData_Extract.fmw?CountryCode=BE&CityName=&Pollutant=1&Year_from=2016&Year_to=2016&Station=STA-BETM802&Samplingpoint=&Source=E1a&Output=HTML&UpdateDate="
"Belgium","NET-Wallonia","Wallonia","BEMN060","00N060 - TOURNAI","SPO-BEMN060_05014_100","Cd in PM10","Cadmium in PM10 (aerosol)","P1Y","Annual mean / 1 calendar year","2016","0.209","ng/m3","93.43","1","Background","Suburban","3.4576","50.6167","0.0","","","","E1a/validated data AQ e-Reporting","18/03/2023 21:08:58","http://fme.discomap.eea.europa.eu/fmedatastreaming/AirQualityDownload/AQData_Extract.fmw?CountryCode=BE&CityName=&Pollutant=5014&Year_from=2016&Year_to=2016&Station=STA-BEMN060&Samplingpoint=&Source=E1a&Output=HTML&UpdateDate="
"Belgium","NET-Wallonia","Wallonia","BEMN085","00N085 - VIELSALM","SPO-BEMN085_05018_100","As in PM10","Arsenic in PM10 (aerosol)","P1Y","Annual mean / 1 calendar year","2016","0.217","ng/m3","95.34","1","Background","Rural","6.0017","50.3032","490.0","","","","E1a/validated data AQ e-Reporting","18/03/2023 21:08:58","http://fme.discomap.eea.europa.eu/fmedatastreaming/AirQualityDownload/AQData_Extract.fmw?CountryCode=BE&CityName=&Pollutant=5018&Year_from=2016&Year_to=2016&Station=STA-BEMN085&Samplingpoint=&Source=E1a&Output=HTML&UpdateDate="
"Belgium","NET-Flanders","Flanders","BETR820","42R820 - KAPELLEN","SPO-BETR820_00001_100","SO2","Sulphur dioxide (air)","P1Y-hr-max25","1 year hour max 25","2016","28.500","ug/m3","97.19","1","Background","Suburban","4.4448","51.3204","11.0","","","","E1a/validated data AQ e-Reporting","18/03/2023 22:33:20","http://fme.discomap.eea.europa.eu/fmedatastreaming/AirQualityDownload/AQData_Extract.fmw?CountryCode=BE&CityName=&Pollutant=1&Year_from=2016&Year_to=2016&Station=STA-BETR820&Samplingpoint=&Source=E1a&Output=HTML&UpdateDate="
"Belgium","NET-Flanders","Flanders","BETR801","42R801 - BORGERHOUT","SPO-BETR801_00005_100","PM10","Particulate matter < 10 µm (aerosol)","P1Y-hr-min","1 year hour min","2016","4.600","ug/m3","99.80","1","Background","Urban","4.4318","51.2097","6.0","Antwerpen                                                                       ","BE002C1                                           ","530014","E1a/validated data AQ e-Reporting","18/03/2023 22:31:20","http://fme.discomap.eea.europa.eu/fmedatastreaming/AirQualityDownload/AQData_Extract.fmw?CountryCode=BE&CityName=&Pollutant=5&Year_from=2016&Year_to=2016&Station=STA-BETR801&Samplingpoint=&Source=E1a&Output=HTML&UpdateDate="
"Belgium","NET-Wallonia","Wallonia","BETN070","43N070 - MONS","SPO-BETN070_00007_100","O3","Ozone (air)","P1Y-day-min","1 year day min","2016","1.087","ug/m3","98.63","1","Background","Suburban","3.9397","50.4652","30.0","Mons                                                                            ","BE009C1                                           ","95922","E1a/validated data AQ e-Reporting","18/03/2023 21:56:21","http://fme.discomap.eea.europa.eu/fmedatastreaming/AirQualityDownload/AQData_Extract.fmw?CountryCode=BE&CityName=&Pollutant=7&Year_from=2016&Year_to=2016&Station=STA-BETN070&Samplingpoint=&Source=E1a&Output=HTML&UpdateDate="
"Belgium","NET-Flanders","Flanders","BETR731","44R731 - EVERGEM","SPO-BETR731_06001_100","PM2.5","Particulate matter < 2.5 µm (aerosol)","P1Y-P1D-per99","1 year 99 percentile of daily means (P1D) or .../aq/primaryObservation/day","2016","50.354","ug/m3","98.36","1","Industrial","Rural","3.7395","51.1247","6.0","","","","E1a/validated data AQ e-Reporting","18/03/2023 22:10:03","http://fme.discomap.eea.europa.eu/fmedatastreaming/AirQualityDownload/AQData_Extract.fmw?CountryCode=BE&CityName=&Pollutant=6001&Year_from=2016&Year_to=2016&Station=STA-BETR731&Samplingpoint=&Source=E1a&Output=HTML&UpdateDate="
"Belgium","NET-Flanders","Flanders","BETR820","42R820 - KAPELLEN","SPO-BETR820_00008_100","NO2","Nitrogen dioxide (air)","P1Y-hr-max19","1 year hour max19","2016","74.500","ug/m3","96.49","1","Background","Suburban","4.4448","51.3204","11.0","","","","E1a/validated data AQ e-Reporting","18/03/2023 22:34:35","http://fme.discomap.eea.europa.eu/fmedatastreaming/AirQualityDownload/AQData_Extract.fmw?CountryCode=BE&CityName=&Pollutant=8&Year_from=2016&Year_to=2016&Station=STA-BETR820&Samplingpoint=&Source=E1a&Output=HTML&UpdateDate="
"Belgium","NET-Wallonia","Wallonia","BETR502","45R502 - LODELINSART","SPO-BETR502_00007_100","O3","Ozone (air)","AOT40c","AOT40 vegetation protection","2016","5528.886","ug/m3","95.65","1","Background","Suburban","4.4587","50.4290","135.0","Charleroi                                                                       ","BE004C1                                           ","203314","E1a/validated data AQ e-Reporting","18/03/2023 23:06:29","http://fme.discomap.eea.europa.eu/fmedatastreaming/AirQualityDownload/AQData_Extract.fmw?CountryCode=BE&CityName=&Pollutant=7&Year_from=2016&Year_to=2016&Station=STA-BETR502&Samplingpoint=&Source=E1a&Output=HTML&UpdateDate="
"Belgium","NET-Flanders","Flanders","BETR823","42R823 - BEVEREN","SPO-BETR823_00001_100","SO2","Sulphur dioxide (air)","P1Y-day-per50","1 year 50 %ile of daily values in a year","2016","1.083","ug/m3","99.45","1","Background","Suburban","4.2399","51.2133","0.0","","","","E1a/validated data AQ e-Reporting","18/03/2023 22:14:46","http://fme.discomap.eea.europa.eu/fmedatastreaming/AirQualityDownload/AQData_Extract.fmw?CountryCode=BE&CityName=&Pollutant=1&Year_from=2016&Year_to=2016&Station=STA-BETR823&Samplingpoint=&Source=E1a&Output=HTML&UpdateDate="
"Belgium","NET-Flanders","Flanders","BETR823","42R823 - BEVEREN","SPO-BETR823_00008_100","NO2","Nitrogen dioxide (air)","P1Y-day-min","1 year day min","2016","3.542","ug/m3","99.45","1","Background","Suburban","4.2399","51.2133","0.0","","","","E1a/validated data AQ e-Reporting","18/03/2023 21:56:03","http://fme.discomap.eea.europa.eu/fmedatastreaming/AirQualityDownload/AQData_Extract.fmw?CountryCode=BE&CityName=&Pollutant=8&Year_from=2016&Year_to=2016&Station=STA-BETR823&Samplingpoint=&Source=E1a&Output=HTML&UpdateDate="
"Belgium","NET-Flanders","Flanders","BETR817","42R817 - ANTWERPEN","SPO-BETR817_06001_100","PM2.5","Particulate matter < 2.5 µm (aerosol)","P3Y","3 subsequent calendar years mean","2016","13.183","ug/m3","49.97","1","Background","Suburban","4.4180","51.1771","6.0","Antwerpen                                                                       ","BE002C1                                           ","530014","E1a/validated data AQ e-Reporting","18/03/2023 21:36:00","http://fme.discomap.eea.europa.eu/fmedatastreaming/AirQualityDownload/AQData_Extract.fmw?CountryCode=BE&CityName=&Pollutant=6001&Year_from=2016&Year_to=2016&Station=STA-BETR817&Samplingpoint=&Source=E1a&Output=HTML&UpdateDate="
"Belgium","NET-Flanders","Flanders","BETR820","42R820 - KAPELLEN","SPO-BETR820_00008_100","NO2","Nitrogen dioxide (air)","P1Y-hr-max-per99.79","1 year 99.79 %ile of hourly values in a given year","2016","74.500","ug/m3","96.49","1","Background","Suburban","4.4448","51.3204","11.0","","","","E1a/validated data AQ e-Reporting","18/03/2023 22:07:35","http://fme.discomap.eea.europa.eu/fmedatastreaming/AirQualityDownload/AQData_Extract.fmw?CountryCode=BE&CityName=&Pollutant=8&Year_from=2016&Year_to=2016&Station=STA-BETR820&Samplingpoint=&Source=E1a&Output=HTML&UpdateDate="
"Belgium","NET-Flanders","Flanders","BETN035","42N035 - AARSCHOT","SPO-BETN035_00001_100","SO2","Sulphur dioxide (air)","P1Y-hr-per50","1 year 50 percentile","2016","1.000","ug/m3","96.78","1","Background","Rural","4.8376","50.9775","55.0","","","","E1a/validated data AQ e-Reporting","18/03/2023 22:05:49","http://fme.discomap.eea.europa.eu/fmedatastreaming/AirQualityDownload/AQData_Extract.fmw?CountryCode=BE&CityName=&Pollutant=1&Year_from=2016&Year_to=2016&Station=STA-BETN035&Samplingpoint=&Source=E1a&Output=HTML&UpdateDate="
"Belgium","NET-Flanders","Flanders","BETR802","42R802 - BORGERHOUT","SPO-BETR802_00008_100","NO2","Nitrogen dioxide (air)","P3Y","3 subsequent calendar years mean","2016","45.525","ug/m3","95.37","1","Traffic","Urban","4.4318","51.2095","6.0","Antwerpen                                                                       ","BE002C1                                           ","530014","E1a/validated data AQ e-Reporting","18/03/2023 21:36:00","http://fme.discomap.eea.europa.eu/fmedatastreaming/AirQualityDownload/AQData_Extract.fmw?CountryCode=BE&CityName=&Pollutant=8&Year_from=2016&Year_to=2016&Station=STA-BETR802&Samplingpoint=&Source=E1a&Output=HTML&UpdateDate="
"Belgium","NET-Flanders","Flanders","BETE714","47E714 - DUDZELE","SPO-BETE714_00008_100","NO2","Nitrogen dioxide (air)","P1Y-hr-max","1 year hour max","2016","154.000","ug/m3","97.27","1","Industrial","Rural","3.2486","51.2790","11.0","Brugge                                                                          ","BE006C1                                           ","118916","E1a/validated data AQ e-Reporting","18/03/2023 21:57:02","http://fme.discomap.eea.europa.eu/fmedatastreaming/AirQualityDownload/AQData_Extract.fmw?CountryCode=BE&CityName=&Pollutant=8&Year_from=2016&Year_to=2016&Station=STA-BETE714&Samplingpoint=&Source=E1a&Output=HTML&UpdateDate="
"Belgium","NET-Flanders","Flanders","BETN035","42N035 - AARSCHOT","SPO-BETN035_00007_100","O3","Ozone (air)","AOT40f","AOT40 for forest protection","2016","16425.891","ug/m3","95.22","1","Background","Rural","4.8376","50.9775","55.0","","","","E1a/validated data AQ e-Reporting","18/03/2023 23:06:40","http://fme.discomap.eea.europa.eu/fmedatastreaming/AirQualityDownload/AQData_Extract.fmw?CountryCode=BE&CityName=&Pollutant=7&Year_from=2016&Year_to=2016&Station=STA-BETN035&Samplingpoint=&Source=E1a&Output=HTML&UpdateDate="
"Belgium","NET-Flanders","Flanders","BELHB23","40HB23 - HOBOKEN","SPO-BELHB23_00001_100","SO2","Sulphur dioxide (air)","P1Y-hr-max","1 year hour max","2016","282.500","ug/m3","95.32","1","Industrial","Suburban","4.3410","51.1703","13.0","Antwerpen                                                                       ","BE002C1                                           ","530014","E1a/validated data AQ e-Reporting","18/03/2023 21:57:02","http://fme.discomap.eea.europa.eu/fmedatastreaming/AirQualityDownload/AQData_Extract.fmw?CountryCode=BE&CityName=&Pollutant=1&Year_from=2016&Year_to=2016&Station=STA-BELHB23&Samplingpoint=&Source=E1a&Output=HTML&UpdateDate="
"Belgium","NET-Flanders","Flanders","BETR805","42R805 - ANTWERPEN","SPO-BETR805_00005_100","PM10","Particulate matter < 10 µm (aerosol)","P1Y-hr-per50","1 year 50 percentile","2016","19.100","ug/m3","99.11","1","Traffic","Urban","4.4216","51.2082","6.0","Antwerpen                                                                       ","BE002C1                                           ","530014","E1a/validated data AQ e-Reporting","18/03/2023 22:05:49","http://fme.discomap.eea.europa.eu/fmedatastreaming/AirQualityDownload/AQData_Extract.fmw?CountryCode=BE&CityName=&Pollutant=5&Year_from=2016&Year_to=2016&Station=STA-BETR805&Samplingpoint=&Source=E1a&Output=HTML&UpdateDate="
"Belgium","NET-Wallonia","Wallonia","BETN060","43N060 - HAVINNES","SPO-BETN060_00008_100","NO2","Nitrogen dioxide (air)","P1Y-hr-min","1 year hour min","2016","1.000","ug/m3","97.29","1","Background","Rural","3.4576","50.6167","0.0","","","","E1a/validated data AQ e-Reporting","18/03/2023 22:31:20","http://fme.discomap.eea.europa.eu/fmedatastreaming/AirQualityDownload/AQData_Extract.fmw?CountryCode=BE&CityName=&Pollutant=8&Year_from=2016&Year_to=2016&Station=STA-BETN060&Samplingpoint=&Source=E1a&Output=HTML&UpdateDate="
"Belgium","NET-Flanders","Flanders","BETR823","42R823 - BEVEREN","SPO-BETR823_00001_100","SO2","Sulphur dioxide (air)","P1Y-hr-min","1 year hour min","2016","1.000","ug/m3","97.40","1","Background","Suburban","4.2399","51.2133","0.0","","","","E1a/validated data AQ e-Reporting","18/03/2023 22:31:20","http://fme.discomap.eea.europa.eu/fmedatastreaming/AirQualityDownload/AQData_Extract.fmw?CountryCode=BE&CityName=&Pollutant=1&Year_from=2016&Year_to=2016&Station=STA-BETR823&Samplingpoint=&Source=E1a&Output=HTML&UpdateDate="
"Belgium","NET-Flanders","Flanders","BETR020","42R020 - VILVOORDE","SPO-BETR020_00005_100","PM10","Particulate matter < 10 µm (aerosol)","P1Y-day-min","1 year day min","2016","4.996","ug/m3","100.00","1","Background","Suburban","4.4367","50.9414","12.0","","","","E1a/validated data AQ e-Reporting","18/03/2023 21:55:13","http://fme.discomap.eea.europa.eu/fmedatastreaming/AirQualityDownload/AQData_Extract.fmw?CountryCode=BE&CityName=&Pollutant=5&Year_from=2016&Year_to=2016&Station=STA-BETR020&Samplingpoint=&Source=E1a&Output=HTML&UpdateDate="
"Belgium","NET-Flanders","Flanders","BETR830","42R830 - DOEL","SPO-BETR830_00001_100","SO2","Sulphur dioxide (air)","P1Y-hr-per50","1 year 50 percentile","2016","1.000","ug/m3","97.24","1","Industrial","Rural","4.2626","51.3182","5.0","","","","E1a/validated data AQ e-Reporting","18/03/2023 22:05:49","http://fme.discomap.eea.europa.eu/fmedatastreaming/AirQualityDownload/AQData_Extract.fmw?CountryCode=BE&CityName=&Pollutant=1&Year_from=2016&Year_to=2016&Station=STA-BETR830&Samplingpoint=&Source=E1a&Output=HTML&UpdateDate="
"Belgium","NET-Flanders","Flanders","BETR841","42R841 - MECHELEN","SPO-BETR841_06001_100","PM2.5","Particulate matter < 2.5 µm (aerosol)","P1Y-P1D-per99","1 year 99 percentile of daily means (P1D) or .../aq/primaryObservation/day","2016","41.167","ug/m3","98.09","1","Background","Suburban","4.4693","51.0025","8.0","Mechelen                                                                        ","BE012C1                                           ","86911","E1a/validated data AQ e-Reporting","18/03/2023 22:10:03","http://fme.discomap.eea.europa.eu/fmedatastreaming/AirQualityDownload/AQData_Extract.fmw?CountryCode=BE&CityName=&Pollutant=6001&Year_from=2016&Year_to=2016&Station=STA-BETR841&Samplingpoint=&Source=E1a&Output=HTML&UpdateDate="
"Belgium","NET-Wallonia","Wallonia","BETN070","43N070 - MONS","SPO-BETN070_06001_100","PM2.5","Particulate matter < 2.5 µm (aerosol)","P1Y-P1D-per99","1 year 99 percentile of daily means (P1D) or .../aq/primaryObservation/day","2016","43.751","ug/m3","100.00","1","Background","Suburban","3.9397","50.4652","30.0","Mons                                                                            ","BE009C1                                           ","95922","E1a/validated data AQ e-Reporting","18/03/2023 22:10:03","http://fme.discomap.eea.europa.eu/fmedatastreaming/AirQualityDownload/AQData_Extract.fmw?CountryCode=BE&CityName=&Pollutant=6001&Year_from=2016&Year_to=2016&Station=STA-BETN070&Samplingpoint=&Source=E1a&Output=HTML&UpdateDate="
"Belgium","NET-Flanders","Flanders","BELRL01","40RL01 - ROESELARE","SPO-BELRL01_06001_100","PM2.5","Particulate matter < 2.5 µm (aerosol)","P1Y-P1D-per99","1 year 99 percentile of daily means (P1D) or .../aq/primaryObservation/day","2016","47.354","ug/m3","100.00","1","Background","Urban","3.1212","50.9532","20.0","","","","E1a/validated data AQ e-Reporting","18/03/2023 22:10:03","http://fme.discomap.eea.europa.eu/fmedatastreaming/AirQualityDownload/AQData_Extract.fmw?CountryCode=BE&CityName=&Pollutant=6001&Year_from=2016&Year_to=2016&Station=STA-BELRL01&Samplingpoint=&Source=E1a&Output=HTML&UpdateDate="
"Belgium","NET-Flanders","Flanders","BETN012","44N012 - MOERKERKE","SPO-BETN012_06001_100","PM2.5","Particulate matter < 2.5 µm (aerosol)","P1Y-hr-min","1 year hour min","2016","1.000","ug/m3","99.57","1","Background","Rural","3.3625","51.2546","3.0","","","","E1a/validated data AQ e-Reporting","18/03/2023 22:31:20","http://fme.discomap.eea.europa.eu/fmedatastreaming/AirQualityDownload/AQData_Extract.fmw?CountryCode=BE&CityName=&Pollutant=6001&Year_from=2016&Year_to=2016&Station=STA-BETN012&Samplingpoint=&Source=E1a&Output=HTML&UpdateDate="
"Belgium","NET-Flanders","Flanders","BEDZL06","65ZL06 - ZELZATE","SPO-BEDZL06_00608_100","Anthracene","anthracene (precip+dry_dep)","P1Y","Annual mean / 1 calendar year","2016","39.123","ng/m2/day","22.95","1","Industrial","Suburban","3.8113","51.2087","0.0","","","","E1a/validated data AQ e-Reporting","18/03/2023 21:08:58","http://fme.discomap.eea.europa.eu/fmedatastreaming/AirQualityDownload/AQData_Extract.fmw?CountryCode=BE&CityName=&Pollutant=608&Year_from=2016&Year_to=2016&Station=STA-BEDZL06&Samplingpoint=&Source=E1a&Output=HTML&UpdateDate="
"Belgium","NET-Flanders","Flanders","BETN051","44N051 - IDEGEM","SPO-BETN051_00007_100","O3","Ozone (air)","P1Y-hr-max","1 year hour max","2016","159.500","ug/m3","91.29","1","Background","Rural","3.9303","50.7989","15.0","","","","E1a/validated data AQ e-Reporting","18/03/2023 21:57:02","http://fme.discomap.eea.europa.eu/fmedatastreaming/AirQualityDownload/AQData_Extract.fmw?CountryCode=BE&CityName=&Pollutant=7&Year_from=2016&Year_to=2016&Station=STA-BETN051&Samplingpoint=&Source=E1a&Output=HTML&UpdateDate="
"Belgium","NET-Flanders","Flanders","BETN029","44N029 - HOUTEM","SPO-BETN029_00007_100","O3","Ozone (air)","P1Y-hr-min","1 year hour min","2016","1.000","ug/m3","90.30","1","Background","Rural","2.5823","51.0163","2.0","","","","E1a/validated data AQ e-Reporting","18/03/2023 22:31:20","http://fme.discomap.eea.europa.eu/fmedatastreaming/AirQualityDownload/AQData_Extract.fmw?CountryCode=BE&CityName=&Pollutant=7&Year_from=2016&Year_to=2016&Station=STA-BETN029&Samplingpoint=&Source=E1a&Output=HTML&UpdateDate="
"Belgium","NET-Flanders","Flanders","BETN029","44N029 - HOUTEM","SPO-BETN029_00007_100","O3","Ozone (air)","P1Y-hrsAbove240","1 year hour exceed 240","2016","0.000","count","90.30","1","Background","Rural","2.5823","51.0163","2.0","","","","E1a/validated data AQ e-Reporting","18/03/2023 21:50:25","http://fme.discomap.eea.europa.eu/fmedatastreaming/AirQualityDownload/AQData_Extract.fmw?CountryCode=BE&CityName=&Pollutant=7&Year_from=2016&Year_to=2016&Station=STA-BETN029&Samplingpoint=&Source=E1a&Output=HTML&UpdateDate="
"Belgium","NET-Wallonia","Wallonia","BEMNM01","00NM01 - NAMUR","SPO-BEMNM01_05012_100","Pb in PM10","Lead in PM10 (aerosol)","P1Y","Annual mean / 1 calendar year","2016","0.005","ug/m3","95.34","1","Background","Urban","4.8724","50.4632","85.0","Namur                                                                           ","BE007C1                                           ","112125","E1a/validated data AQ e-Reporting","18/03/2023 21:08:58","http://fme.discomap.eea.europa.eu/fmedatastreaming/AirQualityDownload/AQData_Extract.fmw?CountryCode=BE&CityName=&Pollutant=5012&Year_from=2016&Year_to=2016&Station=STA-BEMNM01&Samplingpoint=&Source=E1a&Output=HTML&UpdateDate="
"Belgium","NET-Flanders","Flanders","BETN054","42N054 - WALSHOUTEM","SPO-BETN054_00008_100","NO2","Nitrogen dioxide (air)","P1Y-hr-max19","1 year hour max19","2016","76.000","ug/m3","94.35","1","Background","Rural","5.1032","50.7117","135.0","","","","E1a/validated data AQ e-Reporting","18/03/2023 22:34:35","http://fme.discomap.eea.europa.eu/fmedatastreaming/AirQualityDownload/AQData_Extract.fmw?CountryCode=BE&CityName=&Pollutant=8&Year_from=2016&Year_to=2016&Station=STA-BETN054&Samplingpoint=&Source=E1a&Output=HTML&UpdateDate="
"Belgium","NET-Flanders","Flanders","BETR731","44R731 - EVERGEM","SPO-BETR731_00001_100","SO2","Sulphur dioxide (air)","P1Y-P1D-per99","1 year 99 percentile of daily means (P1D) or .../aq/primaryObservation/day","2016","10.619","ug/m3","98.36","1","Industrial","Rural","3.7395","51.1247","6.0","","","","E1a/validated data AQ e-Reporting","18/03/2023 22:11:00","http://fme.discomap.eea.europa.eu/fmedatastreaming/AirQualityDownload/AQData_Extract.fmw?CountryCode=BE&CityName=&Pollutant=1&Year_from=2016&Year_to=2016&Station=STA-BETR731&Samplingpoint=&Source=E1a&Output=HTML&UpdateDate="
"Belgium","NET-Flanders","Flanders","BETR731","44R731 - EVERGEM","SPO-BETR731_00008_100","NO2","Nitrogen dioxide (air)","P1Y-hrsAbove400","1 year hour exceed 400","2016","0.000","count","93.78","1","Industrial","Rural","3.7395","51.1247","6.0","","","","E1a/validated data AQ e-Reporting","18/03/2023 21:54:38","http://fme.discomap.eea.europa.eu/fmedatastreaming/AirQualityDownload/AQData_Extract.fmw?CountryCode=BE&CityName=&Pollutant=8&Year_from=2016&Year_to=2016&Station=STA-BETR731&Samplingpoint=&Source=E1a&Output=HTML&UpdateDate="
"Belgium","NET-Flanders","Flanders","BETR817","42R817 - ANTWERPEN","SPO-BETR817_00008_100","NO2","Nitrogen dioxide (air)","P1Y-3hAbove400","3 consecutive hours in exceedance of 400","2016","0.000","count","95.00","1","Background","Suburban","4.4180","51.1771","6.0","Antwerpen                                                                       ","BE002C1                                           ","530014","E1a/validated data AQ e-Reporting","18/03/2023 22:22:30","http://fme.discomap.eea.europa.eu/fmedatastreaming/AirQualityDownload/AQData_Extract.fmw?CountryCode=BE&CityName=&Pollutant=8&Year_from=2016&Year_to=2016&Station=STA-BETR817&Samplingpoint=&Source=E1a&Output=HTML&UpdateDate="
"Belgium","NET-Flanders","Flanders","BETR817","42R817 - ANTWERPEN","SPO-BETR817_00008_100","NO2","Nitrogen dioxide (air)","P1Y-hr-max","1 year hour max","2016","151.500","ug/m3","95.00","1","Background","Suburban","4.4180","51.1771","6.0","Antwerpen                                                                       ","BE002C1                                           ","530014","E1a/validated data AQ e-Reporting","18/03/2023 21:57:02","http://fme.discomap.eea.europa.eu/fmedatastreaming/AirQualityDownload/AQData_Extract.fmw?CountryCode=BE&CityName=&Pollutant=8&Year_from=2016&Year_to=2016&Station=STA-BETR817&Samplingpoint=&Source=E1a&Output=HTML&UpdateDate="
"Belgium","NET-Flanders","Flanders","BETN029","44N029 - HOUTEM","SPO-BETN029_00005_100","PM10","Particulate matter < 10 µm (aerosol)","P1Y-day-per50","1 year 50 %ile of daily values in a year","2016","15.371","ug/m3","99.18","1","Background","Rural","2.5823","51.0163","2.0","","","","E1a/validated data AQ e-Reporting","18/03/2023 22:08:05","http://fme.discomap.eea.europa.eu/fmedatastreaming/AirQualityDownload/AQData_Extract.fmw?CountryCode=BE&CityName=&Pollutant=5&Year_from=2016&Year_to=2016&Station=STA-BETN029&Samplingpoint=&Source=E1a&Output=HTML&UpdateDate="
"Belgium","NET-Wallonia","Wallonia","BETN063","43N063 - CORROY L.G.","SPO-BETN063_06001_100","PM2.5","Particulate matter < 2.5 µm (aerosol)","P3Y","3 subsequent calendar years mean","2016","11.354","ug/m3","99.33","1","Background","Rural","4.6683","50.6554","145.0","","","","E1a/validated data AQ e-Reporting","18/03/2023 21:36:00","http://fme.discomap.eea.europa.eu/fmedatastreaming/AirQualityDownload/AQData_Extract.fmw?CountryCode=BE&CityName=&Pollutant=6001&Year_from=2016&Year_to=2016&Station=STA-BETN063&Samplingpoint=&Source=E1a&Output=HTML&UpdateDate="
"Belgium","NET-Flanders","Flanders","BETR820","42R820 - KAPELLEN","SPO-BETR820_00001_100","SO2","Sulphur dioxide (air)","P1Y-daysAbove125","1 year day exceed 125","2016","0.000","count","99.45","1","Background","Suburban","4.4448","51.3204","11.0","","","","E1a/validated data AQ e-Reporting","18/03/2023 22:23:37","http://fme.discomap.eea.europa.eu/fmedatastreaming/AirQualityDownload/AQData_Extract.fmw?CountryCode=BE&CityName=&Pollutant=1&Year_from=2016&Year_to=2016&Station=STA-BETR820&Samplingpoint=&Source=E1a&Output=HTML&UpdateDate="
"Belgium","NET-Flanders","Flanders","BETR820","42R820 - KAPELLEN","SPO-BETR820_00008_100","NO2","Nitrogen dioxide (air)","P1Y-hr-max","1 year hour max","2016","87.500","ug/m3","96.49","1","Background","Suburban","4.4448","51.3204","11.0","","","","E1a/validated data AQ e-Reporting","18/03/2023 21:57:02","http://fme.discomap.eea.europa.eu/fmedatastreaming/AirQualityDownload/AQData_Extract.fmw?CountryCode=BE&CityName=&Pollutant=8&Year_from=2016&Year_to=2016&Station=STA-BETR820&Samplingpoint=&Source=E1a&Output=HTML&UpdateDate="
"Belgium","NET-Flanders","Flanders","BETR010","42R010 - ST.STEVENSW","SPO-BETR010_00008_100","NO2","Nitrogen dioxide (air)","P1Y-hr-max-per99.79","1 year 99.79 %ile of hourly values in a given year","2016","101.500","ug/m3","97.14","1","Background","Suburban","4.4284","50.8651","68.0","","","","E1a/validated data AQ e-Reporting","18/03/2023 22:07:35","http://fme.discomap.eea.europa.eu/fmedatastreaming/AirQualityDownload/AQData_Extract.fmw?CountryCode=BE&CityName=&Pollutant=8&Year_from=2016&Year_to=2016&Station=STA-BETR010&Samplingpoint=&Source=E1a&Output=HTML&UpdateDate="
"Belgium","NET-Flanders","Flanders","BETR823","42R823 - BEVEREN","SPO-BETR823_00001_100","SO2","Sulphur dioxide (air)","P1Y-hrsAbove350","1 year hour exceed 350","2016","0.000","count","97.40","1","Background","Suburban","4.2399","51.2133","0.0","","","","E1a/validated data AQ e-Reporting","18/03/2023 21:52:12","http://fme.discomap.eea.europa.eu/fmedatastreaming/AirQualityDownload/AQData_Extract.fmw?CountryCode=BE&CityName=&Pollutant=1&Year_from=2016&Year_to=2016&Station=STA-BETR823&Samplingpoint=&Source=E1a&Output=HTML&UpdateDate="
"Belgium","NET-Wallonia","Wallonia","BETN085","43N085 - VIELSALM","SPO-BETN085_00005_100","PM10","Particulate matter < 10 µm (aerosol)","P1Y-day-max36","1 year day max 36","2016","15.834","ug/m3","98.63","1","Background","Rural","6.0017","50.3032","490.0","","","","E1a/validated data AQ e-Reporting","18/03/2023 22:32:47","http://fme.discomap.eea.europa.eu/fmedatastreaming/AirQualityDownload/AQData_Extract.fmw?CountryCode=BE&CityName=&Pollutant=5&Year_from=2016&Year_to=2016&Station=STA-BETN085&Samplingpoint=&Source=E1a&Output=HTML&UpdateDate="
"Belgium","NET-Flanders","Flanders","BETR820","42R820 - KAPELLEN","SPO-BETR820_00001_100","SO2","Sulphur dioxide (air)","P1Y-3hAbove500","3 consecutive hours in exceedance of 500","2016","0.000","count","97.19","1","Background","Suburban","4.4448","51.3204","11.0","","","","E1a/validated data AQ e-Reporting","18/03/2023 22:18:09","http://fme.discomap.eea.europa.eu/fmedatastreaming/AirQualityDownload/AQData_Extract.fmw?CountryCode=BE&CityName=&Pollutant=1&Year_from=2016&Year_to=2016&Station=STA-BETR820&Samplingpoint=&Source=E1a&Output=HTML&UpdateDate="
"Belgium","NET-Flanders","Flanders","BETR831","42R831 - BERENDRECHT","SPO-BETR831_00005_100","PM10","Particulate matter < 10 µm (aerosol)","P1Y-P1D-per90.4","1 year 90.4 percentile - COMPLIANCE","2016","35.688","ug/m3","97.81","1","Industrial","Rural","4.3397","51.3488","3.0","Antwerpen                                                                       ","BE002C1                                           ","530014","E1a/validated data AQ e-Reporting","18/03/2023 22:08:35","http://fme.discomap.eea.europa.eu/fmedatastreaming/AirQualityDownload/AQData_Extract.fmw?CountryCode=BE&CityName=&Pollutant=5&Year_from=2016&Year_to=2016&Station=STA-BETR831&Samplingpoint=&Source=E1a&Output=HTML&UpdateDate="
"Belgium","NET-Wallonia","Wallonia","BETN100","43N100 - DOURBES","SPO-BETN100_06001_100","PM2.5","Particulate matter < 2.5 µm (aerosol)","P1Y-day-per50","1 year 50 %ile of daily values in a year","2016","5.614","ug/m3","99.73","1","Background","Rural","4.5948","50.0957","225.0","","","","E1a/validated data AQ e-Reporting","18/03/2023 22:11:51","http://fme.discomap.eea.europa.eu/fmedatastreaming/AirQualityDownload/AQData_Extract.fmw?CountryCode=BE&CityName=&Pollutant=6001&Year_from=2016&Year_to=2016&Station=STA-BETN100&Samplingpoint=&Source=E1a&Output=HTML&UpdateDate="
"Belgium","NET-Flanders","Flanders","BETR831","42R831 - BERENDRECHT","SPO-BETR831_00007_100","O3","Ozone (air)","P1Y-dx-max","1 year day max max","2016","139.938","ug/m3","95.36","1","Industrial","Rural","4.3397","51.3488","3.0","Antwerpen                                                                       ","BE002C1                                           ","530014","E1a/validated data AQ e-Reporting","18/03/2023 21:44:39","http://fme.discomap.eea.europa.eu/fmedatastreaming/AirQualityDownload/AQData_Extract.fmw?CountryCode=BE&CityName=&Pollutant=7&Year_from=2016&Year_to=2016&Station=STA-BETR831&Samplingpoint=&Source=E1a&Output=HTML&UpdateDate="
"Belgium","NET-Flanders","Flanders","BETR740","44R740 - ST.KRUIS-WI","SPO-BETR740_00008_100","NO2","Nitrogen dioxide (air)","P1Y-hrsAbove400","1 year hour exceed 400","2016","0.000","count","96.32","1","Industrial","Rural","3.8087","51.1501","5.0","Gent                                                                            ","BE003C1                                           ","263687","E1a/validated data AQ e-Reporting","18/03/2023 21:54:38","http://fme.discomap.eea.europa.eu/fmedatastreaming/AirQualityDownload/AQData_Extract.fmw?CountryCode=BE&CityName=&Pollutant=8&Year_from=2016&Year_to=2016&Station=STA-BETR740&Samplingpoint=&Source=E1a&Output=HTML&UpdateDate="
"Belgium","NET-Wallonia","Wallonia","BETN063","43N063 - CORROY L.G.","SPO-BETN063_00005_100","PM10","Particulate matter < 10 µm (aerosol)","P1Y-day-per50","1 year 50 %ile of daily values in a year","2016","15.563","ug/m3","100.00","1","Background","Rural","4.6683","50.6554","145.0","","","","E1a/validated data AQ e-Reporting","18/03/2023 22:08:05","http://fme.discomap.eea.europa.eu/fmedatastreaming/AirQualityDownload/AQData_Extract.fmw?CountryCode=BE&CityName=&Pollutant=5&Year_from=2016&Year_to=2016&Station=STA-BETN063&Samplingpoint=&Source=E1a&Output=HTML&UpdateDate="
"Belgium","NET-Flanders","Flanders","BETN046","42N046 - GELLIK","SPO-BETN046_00008_100","NO2","Nitrogen dioxide (air)","P1Y-day-per50","1 year 50 %ile of daily values in a year","2016","16.896","ug/m3","95.63","1","Background","Rural","5.6189","50.8823","70.0","","","","E1a/validated data AQ e-Reporting","18/03/2023 22:14:21","http://fme.discomap.eea.europa.eu/fmedatastreaming/AirQualityDownload/AQData_Extract.fmw?CountryCode=BE&CityName=&Pollutant=8&Year_from=2016&Year_to=2016&Station=STA-BETN046&Samplingpoint=&Source=E1a&Output=HTML&UpdateDate="
"Belgium","NET-Wallonia","Wallonia","BETN066","43N066 - EUPEN","SPO-BETN066_00007_100","O3","Ozone (air)","SOMO35","Sum of Ozone Means Over 35 ppb","2016","2518.166","ug/m3","97.54","1","Background","Rural","6.0023","50.6289","295.0","","","","E1a/validated data AQ e-Reporting","18/03/2023 22:59:23","http://fme.discomap.eea.europa.eu/fmedatastreaming/AirQualityDownload/AQData_Extract.fmw?CountryCode=BE&CityName=&Pollutant=7&Year_from=2016&Year_to=2016&Station=STA-BETN066&Samplingpoint=&Source=E1a&Output=HTML&UpdateDate="
"Belgium","NET-Flanders","Flanders","BETR803","42R803 - ANTWERPEN","SPO-BETR803_00005_100","PM10","Particulate matter < 10 µm (aerosol)","P1Y-hr-min","1 year hour min","2016","3.600","ug/m3","97.30","1","Background","Urban","4.4285","51.2286","0.0","Antwerpen                                                                       ","BE002C1                                           ","530014","E1a/validated data AQ e-Reporting","18/03/2023 22:31:20","http://fme.discomap.eea.europa.eu/fmedatastreaming/AirQualityDownload/AQData_Extract.fmw?CountryCode=BE&CityName=&Pollutant=5&Year_from=2016&Year_to=2016&Station=STA-BETR803&Samplingpoint=&Source=E1a&Output=HTML&UpdateDate="
"Belgium","NET-Flanders","Flanders","BETR830","42R830 - DOEL","SPO-BETR830_00008_100","NO2","Nitrogen dioxide (air)","P1Y-hrsAbove200","1 year hour exceed 200","2016","0.000","count","96.77","1","Industrial","Rural","4.2626","51.3182","5.0","","","","E1a/validated data AQ e-Reporting","18/03/2023 21:48:42","http://fme.discomap.eea.europa.eu/fmedatastreaming/AirQualityDownload/AQData_Extract.fmw?CountryCode=BE&CityName=&Pollutant=8&Year_from=2016&Year_to=2016&Station=STA-BETR830&Samplingpoint=&Source=E1a&Output=HTML&UpdateDate="
"Belgium","NET-Flanders","Flanders","BETR831","42R831 - BERENDRECHT","SPO-BETR831_00001_100","SO2","Sulphur dioxide (air)","P1Y-day-max-per99.18","1 year 99.18 percentile of daily maximum","2016","11.978","ug/m3","99.45","1","Industrial","Rural","4.3397","51.3488","3.0","Antwerpen                                                                       ","BE002C1                                           ","530014","E1a/validated data AQ e-Reporting","18/03/2023 22:12:16","http://fme.discomap.eea.europa.eu/fmedatastreaming/AirQualityDownload/AQData_Extract.fmw?CountryCode=BE&CityName=&Pollutant=1&Year_from=2016&Year_to=2016&Station=STA-BETR831&Samplingpoint=&Source=E1a&Output=HTML&UpdateDate="
"Belgium","NET-Flanders","Flanders","BETR801","42R801 - BORGERHOUT","SPO-BETR801_06001_100","PM2.5","Particulate matter < 2.5 µm (aerosol)","P1Y-day-max","1 year day max","2016","53.708","ug/m3","100.00","1","Background","Urban","4.4318","51.2097","6.0","Antwerpen                                                                       ","BE002C1                                           ","530014","E1a/validated data AQ e-Reporting","18/03/2023 21:43:22","http://fme.discomap.eea.europa.eu/fmedatastreaming/AirQualityDownload/AQData_Extract.fmw?CountryCode=BE&CityName=&Pollutant=6001&Year_from=2016&Year_to=2016&Station=STA-BETR801&Samplingpoint=&Source=E1a&Output=HTML&UpdateDate="
"Belgium","NET-Flanders","Flanders","BETN029","44N029 - HOUTEM","SPO-BETN029_00007_100","O3","Ozone (air)","P1Y-hr-per50","1 year 50 percentile","2016","49.500","ug/m3","90.30","1","Background","Rural","2.5823","51.0163","2.0","","","","E1a/validated data AQ e-Reporting","18/03/2023 22:05:49","http://fme.discomap.eea.europa.eu/fmedatastreaming/AirQualityDownload/AQData_Extract.fmw?CountryCode=BE&CityName=&Pollutant=7&Year_from=2016&Year_to=2016&Station=STA-BETN029&Samplingpoint=&Source=E1a&Output=HTML&UpdateDate="
"Belgium","NET-Flanders","Flanders","BETN035","42N035 - AARSCHOT","SPO-BETN035_00005_100","PM10","Particulate matter < 10 µm (aerosol)","P1Y-P1D-per90.41","1 year 90.41 percentile","2016","33.017","ug/m3","99.73","1","Background","Rural","4.8376","50.9775","55.0","","","","E1a/validated data AQ e-Reporting","18/03/2023 22:09:05","http://fme.discomap.eea.europa.eu/fmedatastreaming/AirQualityDownload/AQData_Extract.fmw?CountryCode=BE&CityName=&Pollutant=5&Year_from=2016&Year_to=2016&Station=STA-BETN035&Samplingpoint=&Source=E1a&Output=HTML&UpdateDate="
"Belgium","NET-Flanders","Flanders","BETR802","42R802 - BORGERHOUT","SPO-BETR802_00008_100","NO2","Nitrogen dioxide (air)","P1Y-hr-max19","1 year hour max19","2016","137.000","ug/m3","96.17","1","Traffic","Urban","4.4318","51.2095","6.0","Antwerpen                                                                       ","BE002C1                                           ","530014","E1a/validated data AQ e-Reporting","18/03/2023 22:34:35","http://fme.discomap.eea.europa.eu/fmedatastreaming/AirQualityDownload/AQData_Extract.fmw?CountryCode=BE&CityName=&Pollutant=8&Year_from=2016&Year_to=2016&Station=STA-BETR802&Samplingpoint=&Source=E1a&Output=HTML&UpdateDate="
"Belgium","NET-Flanders","Flanders","BETR823","42R823 - BEVEREN","SPO-BETR823_00005_100","PM10","Particulate matter < 10 µm (aerosol)","P1Y-hr-per50","1 year 50 percentile","2016","18.600","ug/m3","99.83","1","Background","Suburban","4.2399","51.2133","0.0","","","","E1a/validated data AQ e-Reporting","18/03/2023 22:05:49","http://fme.discomap.eea.europa.eu/fmedatastreaming/AirQualityDownload/AQData_Extract.fmw?CountryCode=BE&CityName=&Pollutant=5&Year_from=2016&Year_to=2016&Station=STA-BETR823&Samplingpoint=&Source=E1a&Output=HTML&UpdateDate="
"Belgium","NET-Flanders","Flanders","BETR831","42R831 - BERENDRECHT","SPO-BETR831_00001_100","SO2","Sulphur dioxide (air)","P1Y-hr-min","1 year hour min","2016","1.000","ug/m3","97.13","1","Industrial","Rural","4.3397","51.3488","3.0","Antwerpen                                                                       ","BE002C1                                           ","530014","E1a/validated data AQ e-Reporting","18/03/2023 22:31:20","http://fme.discomap.eea.europa.eu/fmedatastreaming/AirQualityDownload/AQData_Extract.fmw?CountryCode=BE&CityName=&Pollutant=1&Year_from=2016&Year_to=2016&Station=STA-BETR831&Samplingpoint=&Source=E1a&Output=HTML&UpdateDate="
"Belgium","NET-Flanders","Flanders","BETR020","42R020 - VILVOORDE","SPO-BETR020_00008_100","NO2","Nitrogen dioxide (air)","P1Y-day-per50","1 year 50 %ile of daily values in a year","2016","25.659","ug/m3","98.36","1","Background","Suburban","4.4367","50.9414","12.0","","","","E1a/validated data AQ e-Reporting","18/03/2023 22:14:21","http://fme.discomap.eea.europa.eu/fmedatastreaming/AirQualityDownload/AQData_Extract.fmw?CountryCode=BE&CityName=&Pollutant=8&Year_from=2016&Year_to=2016&Station=STA-BETR020&Samplingpoint=&Source=E1a&Output=HTML&UpdateDate="
"Belgium","NET-Wallonia","Wallonia","BETN085","43N085 - VIELSALM","SPO-BETN085_00391_100","Black Carbon","black_carbon (aerosol)","P1Y-hr-min","1 year hour min","2016","0.000","ug/m3","85.70","1","Background","Rural","6.0017","50.3032","490.0","","","","E1a/validated data AQ e-Reporting","18/03/2023 22:31:20","http://fme.discomap.eea.europa.eu/fmedatastreaming/AirQualityDownload/AQData_Extract.fmw?CountryCode=BE&CityName=&Pollutant=391&Year_from=2016&Year_to=2016&Station=STA-BETN085&Samplingpoint=&Source=E1a&Output=HTML&UpdateDate="
"Belgium","NET-Flanders","Flanders","BETR702","44R702 - Gent (G.Carlierlaan)","SPO-BETR702_00391_100","Black Carbon","black_carbon (aerosol)","P1Y","Annual mean / 1 calendar year","2016","1.899","ug/m3","99.42","1","Traffic","Urban","3.7350","51.0407","8.0","Gent                                                                            ","BE003C1                                           ","263687","E1a/validated data AQ e-Reporting","18/03/2023 21:08:58","http://fme.discomap.eea.europa.eu/fmedatastreaming/AirQualityDownload/AQData_Extract.fmw?CountryCode=BE&CityName=&Pollutant=391&Year_from=2016&Year_to=2016&Station=STA-BETR702&Samplingpoint=&Source=E1a&Output=HTML&UpdateDate="
"Belgium","NET-Wallonia","Wallonia","BETN085","43N085 - VIELSALM","SPO-BETN085_06001_100","PM2.5","Particulate matter < 2.5 µm (aerosol)","P1Y-hr-per50","1 year 50 percentile","2016","3.137","ug/m3","98.95","1","Background","Rural","6.0017","50.3032","490.0","","","","E1a/validated data AQ e-Reporting","18/03/2023 22:05:49","http://fme.discomap.eea.europa.eu/fmedatastreaming/AirQualityDownload/AQData_Extract.fmw?CountryCode=BE&CityName=&Pollutant=6001&Year_from=2016&Year_to=2016&Station=STA-BETN085&Samplingpoint=&Source=E1a&Output=HTML&UpdateDate="
"Belgium","NET-Flanders","Flanders","BETR710","44R710 - DESTELBERGE","SPO-BETR710_00007_100","O3","Ozone (air)","P1Y-dx-avg","1 year daymax average","2016","60.410","ug/m3","89.89","1","Background","Suburban","3.7753","51.0613","6.0","","","","E1a/validated data AQ e-Reporting","18/03/2023 22:27:48","http://fme.discomap.eea.europa.eu/fmedatastreaming/AirQualityDownload/AQData_Extract.fmw?CountryCode=BE&CityName=&Pollutant=7&Year_from=2016&Year_to=2016&Station=STA-BETR710&Samplingpoint=&Source=E1a&Output=HTML&UpdateDate="
"Belgium","NET-Flanders","Flanders","BETR710","44R710 - DESTELBERGE","SPO-BETR710_00008_100","NO2","Nitrogen dioxide (air)","P1Y-hr-max","1 year hour max","2016","85.500","ug/m3","95.39","1","Background","Suburban","3.7753","51.0613","6.0","","","","E1a/validated data AQ e-Reporting","18/03/2023 21:57:02","http://fme.discomap.eea.europa.eu/fmedatastreaming/AirQualityDownload/AQData_Extract.fmw?CountryCode=BE&CityName=&Pollutant=8&Year_from=2016&Year_to=2016&Station=STA-BETR710&Samplingpoint=&Source=E1a&Output=HTML&UpdateDate="
"Belgium","NET-Wallonia","Wallonia","BETN085","43N085 - VIELSALM","SPO-BETN085_00009_100","NOX as NO2","Nitrogen oxides (air)","P3Y","3 subsequent calendar years mean","2016","7.146","ug/m3","95.95","1","Background","Rural","6.0017","50.3032","490.0","","","","E1a/validated data AQ e-Reporting","18/03/2023 21:36:00","http://fme.discomap.eea.europa.eu/fmedatastreaming/AirQualityDownload/AQData_Extract.fmw?CountryCode=BE&CityName=&Pollutant=9&Year_from=2016&Year_to=2016&Station=STA-BETN085&Samplingpoint=&Source=E1a&Output=HTML&UpdateDate="
"Belgium","NET-Wallonia","Wallonia","BETN085","43N085 - VIELSALM","SPO-BETN085_00010_100","CO","Carbon monoxide (air)","P1Y-hr-min","1 year hour min","2016","0.085","mg/m3","96.72","1","Background","Rural","6.0017","50.3032","490.0","","","","E1a/validated data AQ e-Reporting","18/03/2023 22:31:20","http://fme.discomap.eea.europa.eu/fmedatastreaming/AirQualityDownload/AQData_Extract.fmw?CountryCode=BE&CityName=&Pollutant=10&Year_from=2016&Year_to=2016&Station=STA-BETN085&Samplingpoint=&Source=E1a&Output=HTML&UpdateDate="
"Belgium","NET-Wallonia","Wallonia","BETN070","43N070 - MONS","SPO-BETN070_00010_100","CO","Carbon monoxide (air)","P1Y-P1D-per99","1 year 99 percentile of daily means (P1D) or .../aq/primaryObservation/day","2016","0.727","mg/m3","100.00","1","Background","Suburban","3.9397","50.4652","30.0","Mons                                                                            ","BE009C1                                           ","95922","E1a/validated data AQ e-Reporting","18/03/2023 22:11:26","http://fme.discomap.eea.europa.eu/fmedatastreaming/AirQualityDownload/AQData_Extract.fmw?CountryCode=BE&CityName=&Pollutant=10&Year_from=2016&Year_to=2016&Station=STA-BETN070&Samplingpoint=&Source=E1a&Output=HTML&UpdateDate="
"Belgium","NET-Flanders","Flanders","BETN027","42N027 - BREE","SPO-BETN027_00008_100","NO2","Nitrogen dioxide (air)","P1Y-hr-min","1 year hour min","2016","1.000","ug/m3","96.24","1","Background","Rural","5.6067","51.1337","48.0","","","","E1a/validated data AQ e-Reporting","18/03/2023 22:31:20","http://fme.discomap.eea.europa.eu/fmedatastreaming/AirQualityDownload/AQData_Extract.fmw?CountryCode=BE&CityName=&Pollutant=8&Year_from=2016&Year_to=2016&Station=STA-BETN027&Samplingpoint=&Source=E1a&Output=HTML&UpdateDate="
"Belgium","NET-Wallonia","Wallonia","BETN073","43N073 - VEZIN","SPO-BETN073_00005_100","PM10","Particulate matter < 10 µm (aerosol)","P3Y","3 subsequent calendar years mean","2016","15.234","ug/m3","98.10","1","Background","Rural","4.9884","50.5027","160.0","","","","E1a/validated data AQ e-Reporting","18/03/2023 21:36:00","http://fme.discomap.eea.europa.eu/fmedatastreaming/AirQualityDownload/AQData_Extract.fmw?CountryCode=BE&CityName=&Pollutant=5&Year_from=2016&Year_to=2016&Station=STA-BETN073&Samplingpoint=&Source=E1a&Output=HTML&UpdateDate="
"Belgium","NET-Flanders","Flanders","BETN054","42N054 - WALSHOUTEM","SPO-BETN054_00007_100","O3","Ozone (air)","SOMO35","Sum of Ozone Means Over 35 ppb","2016","2977.439","ug/m3","92.62","1","Background","Rural","5.1032","50.7117","135.0","","","","E1a/validated data AQ e-Reporting","18/03/2023 22:59:23","http://fme.discomap.eea.europa.eu/fmedatastreaming/AirQualityDownload/AQData_Extract.fmw?CountryCode=BE&CityName=&Pollutant=7&Year_from=2016&Year_to=2016&Station=STA-BETN054&Samplingpoint=&Source=E1a&Output=HTML&UpdateDate="
"Belgium","NET-Flanders","Flanders","BELHB23","40HB23 - HOBOKEN","SPO-BELHB23_00005_100","PM10","Particulate matter < 10 µm (aerosol)","P1Y-day-max36","1 year day max 36","2016","38.558","ug/m3","96.99","1","Industrial","Suburban","4.3410","51.1703","13.0","Antwerpen                                                                       ","BE002C1                                           ","530014","E1a/validated data AQ e-Reporting","18/03/2023 22:32:47","http://fme.discomap.eea.europa.eu/fmedatastreaming/AirQualityDownload/AQData_Extract.fmw?CountryCode=BE&CityName=&Pollutant=5&Year_from=2016&Year_to=2016&Station=STA-BELHB23&Samplingpoint=&Source=E1a&Output=HTML&UpdateDate="
"Belgium","NET-Flanders","Flanders","BETN054","42N054 - WALSHOUTEM","SPO-BETN054_00005_100","PM10","Particulate matter < 10 µm (aerosol)","P1Y-day-min","1 year day min","2016","5.079","ug/m3","97.81","1","Background","Rural","5.1032","50.7117","135.0","","","","E1a/validated data AQ e-Reporting","18/03/2023 21:55:13","http://fme.discomap.eea.europa.eu/fmedatastreaming/AirQualityDownload/AQData_Extract.fmw?CountryCode=BE&CityName=&Pollutant=5&Year_from=2016&Year_to=2016&Station=STA-BETN054&Samplingpoint=&Source=E1a&Output=HTML&UpdateDate="
"Belgium","NET-Flanders","Flanders","BETN054","42N054 - WALSHOUTEM","SPO-BETN054_00005_100","PM10","Particulate matter < 10 µm (aerosol)","P1Y-hr-max","1 year hour max","2016","166.100","ug/m3","98.13","1","Background","Rural","5.1032","50.7117","135.0","","","","E1a/validated data AQ e-Reporting","18/03/2023 21:57:02","http://fme.discomap.eea.europa.eu/fmedatastreaming/AirQualityDownload/AQData_Extract.fmw?CountryCode=BE&CityName=&Pollutant=5&Year_from=2016&Year_to=2016&Station=STA-BETN054&Samplingpoint=&Source=E1a&Output=HTML&UpdateDate="
"Belgium","NET-Flanders","Flanders","BETN035","42N035 - AARSCHOT","SPO-BETN035_00008_100","NO2","Nitrogen dioxide (air)","P1Y-day-max","1 year day max","2016","62.063","ug/m3","99.18","1","Background","Rural","4.8376","50.9775","55.0","","","","E1a/validated data AQ e-Reporting","18/03/2023 21:43:56","http://fme.discomap.eea.europa.eu/fmedatastreaming/AirQualityDownload/AQData_Extract.fmw?CountryCode=BE&CityName=&Pollutant=8&Year_from=2016&Year_to=2016&Station=STA-BETN035&Samplingpoint=&Source=E1a&Output=HTML&UpdateDate="
"Belgium","NET-Flanders","Flanders","BETN035","42N035 - AARSCHOT","SPO-BETN035_00007_100","O3","Ozone (air)","P1Y-hr-max","1 year hour max","2016","193.000","ug/m3","93.53","1","Background","Rural","4.8376","50.9775","55.0","","","","E1a/validated data AQ e-Reporting","18/03/2023 21:57:02","http://fme.discomap.eea.europa.eu/fmedatastreaming/AirQualityDownload/AQData_Extract.fmw?CountryCode=BE&CityName=&Pollutant=7&Year_from=2016&Year_to=2016&Station=STA-BETN035&Samplingpoint=&Source=E1a&Output=HTML&UpdateDate="
"Belgium","NET-Flanders","Flanders","BETE814","47E814 - Ham","SPO-BETE814_00008_100","NO2","Nitrogen dioxide (air)","P1Y-hrsAbove400","1 year hour exceed 400","2016","0.000","count","96.31","1","Industrial","Rural","5.1297","51.0822","0.0","","","","E1a/validated data AQ e-Reporting","18/03/2023 21:54:38","http://fme.discomap.eea.europa.eu/fmedatastreaming/AirQualityDownload/AQData_Extract.fmw?CountryCode=BE&CityName=&Pollutant=8&Year_from=2016&Year_to=2016&Station=STA-BETE814&Samplingpoint=&Source=E1a&Output=HTML&UpdateDate="
"Belgium","NET-Flanders","Flanders","BELRL01","40RL01 - ROESELARE","SPO-BELRL01_06001_100","PM2.5","Particulate matter < 2.5 µm (aerosol)","P1Y-day-max","1 year day max","2016","54.000","ug/m3","100.00","1","Background","Urban","3.1212","50.9532","20.0","","","","E1a/validated data AQ e-Reporting","18/03/2023 21:43:22","http://fme.discomap.eea.europa.eu/fmedatastreaming/AirQualityDownload/AQData_Extract.fmw?CountryCode=BE&CityName=&Pollutant=6001&Year_from=2016&Year_to=2016&Station=STA-BELRL01&Samplingpoint=&Source=E1a&Output=HTML&UpdateDate="
"Belgium","NET-Flanders","Flanders","BELHB23","40HB23 - HOBOKEN","SPO-BELHB23_06001_100","PM2.5","Particulate matter < 2.5 µm (aerosol)","P1Y-P1D-per99","1 year 99 percentile of daily means (P1D) or .../aq/primaryObservation/day","2016","48.708","ug/m3","96.99","1","Industrial","Suburban","4.3410","51.1703","13.0","Antwerpen                                                                       ","BE002C1                                           ","530014","E1a/validated data AQ e-Reporting","18/03/2023 22:10:03","http://fme.discomap.eea.europa.eu/fmedatastreaming/AirQualityDownload/AQData_Extract.fmw?CountryCode=BE&CityName=&Pollutant=6001&Year_from=2016&Year_to=2016&Station=STA-BELHB23&Samplingpoint=&Source=E1a&Output=HTML&UpdateDate="
"Belgium","NET-Flanders","Flanders","BETE716","47E716 - MARIAKERKE","SPO-BETE716_00008_100","NO2","Nitrogen dioxide (air)","P1Y-hrsAbove400","1 year hour exceed 400","2016","0.000","count","96.22","1","Industrial","Suburban","3.6828","51.0670","8.0","Gent                                                                            ","BE003C1                                           ","263687","E1a/validated data AQ e-Reporting","18/03/2023 21:54:38","http://fme.discomap.eea.europa.eu/fmedatastreaming/AirQualityDownload/AQData_Extract.fmw?CountryCode=BE&CityName=&Pollutant=8&Year_from=2016&Year_to=2016&Station=STA-BETE716&Samplingpoint=&Source=E1a&Output=HTML&UpdateDate="
"Belgium","NET-Flanders","Flanders","BETE811","47E811 - DIEPENBEEK","SPO-BETE811_00001_100","SO2","Sulphur dioxide (air)","P1Y","Annual mean / 1 calendar year","2016","1.414","ug/m3","45.92","1","Industrial","Rural","5.4182","50.8969","59.0","","","","E1a/validated data AQ e-Reporting","18/03/2023 21:08:58","http://fme.discomap.eea.europa.eu/fmedatastreaming/AirQualityDownload/AQData_Extract.fmw?CountryCode=BE&CityName=&Pollutant=1&Year_from=2016&Year_to=2016&Station=STA-BETE811&Samplingpoint=&Source=E1a&Output=HTML&UpdateDate="
"Belgium","NET-Flanders","Flanders","BETE814","47E814 - Ham","SPO-BETE814_00008_100","NO2","Nitrogen dioxide (air)","P1Y-hr-max19","1 year hour max19","2016","91.500","ug/m3","96.31","1","Industrial","Rural","5.1297","51.0822","0.0","","","","E1a/validated data AQ e-Reporting","18/03/2023 22:34:35","http://fme.discomap.eea.europa.eu/fmedatastreaming/AirQualityDownload/AQData_Extract.fmw?CountryCode=BE&CityName=&Pollutant=8&Year_from=2016&Year_to=2016&Station=STA-BETE814&Samplingpoint=&Source=E1a&Output=HTML&UpdateDate="
"Belgium","NET-Flanders","Flanders","BEMHB17","00HB17 - HOBOKEN","SPO-BEMHB17_05015_100","Ni in PM10","Nickel in PM10 (aerosol)","P1Y","Annual mean / 1 calendar year","2016","3.634","ng/m3","97.81","1","Industrial","Suburban","4.3379","51.1703","10.0","Antwerpen                                                                       ","BE002C1                                           ","530014","E1a/validated data AQ e-Reporting","18/03/2023 21:08:58","http://fme.discomap.eea.europa.eu/fmedatastreaming/AirQualityDownload/AQData_Extract.fmw?CountryCode=BE&CityName=&Pollutant=5015&Year_from=2016&Year_to=2016&Station=STA-BEMHB17&Samplingpoint=&Source=E1a&Output=HTML&UpdateDate="
"Belgium","NET-Flanders","Flanders","BETN035","42N035 - AARSCHOT","SPO-BETN035_00001_100","SO2","Sulphur dioxide (air)","P1Y-hr-max","1 year hour max","2016","16.500","ug/m3","96.78","1","Background","Rural","4.8376","50.9775","55.0","","","","E1a/validated data AQ e-Reporting","18/03/2023 21:57:02","http://fme.discomap.eea.europa.eu/fmedatastreaming/AirQualityDownload/AQData_Extract.fmw?CountryCode=BE&CityName=&Pollutant=1&Year_from=2016&Year_to=2016&Station=STA-BETN035&Samplingpoint=&Source=E1a&Output=HTML&UpdateDate="
"Belgium","NET-Flanders","Flanders","BETM705","44M705 - ROESELARE","SPO-BETM705_00005_100","PM10","Particulate matter < 10 µm (aerosol)","P3Y","3 subsequent calendar years mean","2016","25.379","ug/m3","94.08","1","Industrial","Suburban","3.1524","50.9454","19.0","","","","E1a/validated data AQ e-Reporting","18/03/2023 21:36:00","http://fme.discomap.eea.europa.eu/fmedatastreaming/AirQualityDownload/AQData_Extract.fmw?CountryCode=BE&CityName=&Pollutant=5&Year_from=2016&Year_to=2016&Station=STA-BETM705&Samplingpoint=&Source=E1a&Output=HTML&UpdateDate="
"Belgium","NET-Flanders","Flanders","BETE716","47E716 - MARIAKERKE","SPO-BETE716_00008_100","NO2","Nitrogen dioxide (air)","P1Y-hr-max-per99.79","1 year 99.79 %ile of hourly values in a given year","2016","80.500","ug/m3","96.22","1","Industrial","Suburban","3.6828","51.0670","8.0","Gent                                                                            ","BE003C1                                           ","263687","E1a/validated data AQ e-Reporting","18/03/2023 22:07:35","http://fme.discomap.eea.europa.eu/fmedatastreaming/AirQualityDownload/AQData_Extract.fmw?CountryCode=BE&CityName=&Pollutant=8&Year_from=2016&Year_to=2016&Station=STA-BETE716&Samplingpoint=&Source=E1a&Output=HTML&UpdateDate="
"Belgium","NET-Flanders","Flanders","BETE812","47E812 - GENK","SPO-BETE812_00001_100","SO2","Sulphur dioxide (air)","P1Y-day-max4","1 year day max 4","2016","2.891","ug/m3","47.27","1","Industrial","Suburban","5.5377","50.9680","82.0","","","","E1a/validated data AQ e-Reporting","18/03/2023 22:31:46","http://fme.discomap.eea.europa.eu/fmedatastreaming/AirQualityDownload/AQData_Extract.fmw?CountryCode=BE&CityName=&Pollutant=1&Year_from=2016&Year_to=2016&Station=STA-BETE812&Samplingpoint=&Source=E1a&Output=HTML&UpdateDate="
"Belgium","NET-Flanders","Flanders","BETM802","42M802 - ANTWERPEN","SPO-BETM802_00001_100","SO2","Sulphur dioxide (air)","P1Y-daysAbove125","1 year day exceed 125","2016","0.000","count","97.54","1","Industrial","Suburban","4.4244","51.2610","3.0","Antwerpen                                                                       ","BE002C1                                           ","530014","E1a/validated data AQ e-Reporting","18/03/2023 22:23:37","http://fme.discomap.eea.europa.eu/fmedatastreaming/AirQualityDownload/AQData_Extract.fmw?CountryCode=BE&CityName=&Pollutant=1&Year_from=2016&Year_to=2016&Station=STA-BETM802&Samplingpoint=&Source=E1a&Output=HTML&UpdateDate="
"Belgium","NET-Flanders","Flanders","BETN045","42N045 - HASSELT","SPO-BETN045_00007_100","O3","Ozone (air)","P1Y-day-min","1 year day min","2016","1.065","ug/m3","95.90","1","Background","Suburban","5.3684","50.9397","41.0","","","","E1a/validated data AQ e-Reporting","18/03/2023 21:56:21","http://fme.discomap.eea.europa.eu/fmedatastreaming/AirQualityDownload/AQData_Extract.fmw?CountryCode=BE&CityName=&Pollutant=7&Year_from=2016&Year_to=2016&Station=STA-BETN045&Samplingpoint=&Source=E1a&Output=HTML&UpdateDate="
"Belgium","NET-Flanders","Flanders","BETR831","42R831 - BERENDRECHT","SPO-BETR831_06001_100","PM2.5","Particulate matter < 2.5 µm (aerosol)","P1Y-hr-per50","1 year 50 percentile","2016","9.500","ug/m3","99.85","1","Industrial","Rural","4.3397","51.3488","3.0","Antwerpen                                                                       ","BE002C1                                           ","530014","E1a/validated data AQ e-Reporting","18/03/2023 22:05:49","http://fme.discomap.eea.europa.eu/fmedatastreaming/AirQualityDownload/AQData_Extract.fmw?CountryCode=BE&CityName=&Pollutant=6001&Year_from=2016&Year_to=2016&Station=STA-BETR831&Samplingpoint=&Source=E1a&Output=HTML&UpdateDate="
"Belgium","NET-Flanders","Flanders","BETR740","44R740 - ST.KRUIS-WI","SPO-BETR740_06001_100","PM2.5","Particulate matter < 2.5 µm (aerosol)","P1Y-day-max","1 year day max","2016","60.813","ug/m3","100.00","1","Industrial","Rural","3.8087","51.1501","5.0","Gent                                                                            ","BE003C1                                           ","263687","E1a/validated data AQ e-Reporting","18/03/2023 21:43:22","http://fme.discomap.eea.europa.eu/fmedatastreaming/AirQualityDownload/AQData_Extract.fmw?CountryCode=BE&CityName=&Pollutant=6001&Year_from=2016&Year_to=2016&Station=STA-BETR740&Samplingpoint=&Source=E1a&Output=HTML&UpdateDate="
"Belgium","NET-Flanders","Flanders","BETN035","42N035 - AARSCHOT","SPO-BETN035_00008_100","NO2","Nitrogen dioxide (air)","P1Y-hrsAbove400","1 year hour exceed 400","2016","0.000","count","96.98","1","Background","Rural","4.8376","50.9775","55.0","","","","E1a/validated data AQ e-Reporting","18/03/2023 21:54:38","http://fme.discomap.eea.europa.eu/fmedatastreaming/AirQualityDownload/AQData_Extract.fmw?CountryCode=BE&CityName=&Pollutant=8&Year_from=2016&Year_to=2016&Station=STA-BETN035&Samplingpoint=&Source=E1a&Output=HTML&UpdateDate="
"Belgium","NET-Flanders","Flanders","BETR801","42R801 - BORGERHOUT","SPO-BETR801_00007_100","O3","Ozone (air)","P3Y-dmaxAbove120","Daymax exceed 120 averaged over 3 consecutive years","2016","1.667","count","100.00","1","Background","Urban","4.4318","51.2097","6.0","Antwerpen                                                                       ","BE002C1                                           ","530014","E1a/validated data AQ e-Reporting","18/03/2023 22:34:54","http://fme.discomap.eea.europa.eu/fmedatastreaming/AirQualityDownload/AQData_Extract.fmw?CountryCode=BE&CityName=&Pollutant=7&Year_from=2016&Year_to=2016&Station=STA-BETR801&Samplingpoint=&Source=E1a&Output=HTML&UpdateDate="
"Belgium","NET-Flanders","Flanders","BETR841","42R841 - MECHELEN","SPO-BETR841_00005_100","PM10","Particulate matter < 10 µm (aerosol)","P1Y-P1D-per90.4","1 year 90.4 percentile - COMPLIANCE","2016","35.350","ug/m3","98.09","1","Background","Suburban","4.4693","51.0025","8.0","Mechelen                                                                        ","BE012C1                                           ","86911","E1a/validated data AQ e-Reporting","18/03/2023 22:08:35","http://fme.discomap.eea.europa.eu/fmedatastreaming/AirQualityDownload/AQData_Extract.fmw?CountryCode=BE&CityName=&Pollutant=5&Year_from=2016&Year_to=2016&Station=STA-BETR841&Samplingpoint=&Source=E1a&Output=HTML&UpdateDate="
"Belgium","NET-Flanders","Flanders","BETN029","44N029 - HOUTEM","SPO-BETN029_00001_100","SO2","Sulphur dioxide (air)","P1Y-daysAbove125","1 year day exceed 125","2016","0.000","count","98.63","1","Background","Rural","2.5823","51.0163","2.0","","","","E1a/validated data AQ e-Reporting","18/03/2023 22:23:37","http://fme.discomap.eea.europa.eu/fmedatastreaming/AirQualityDownload/AQData_Extract.fmw?CountryCode=BE&CityName=&Pollutant=1&Year_from=2016&Year_to=2016&Station=STA-BETN029&Samplingpoint=&Source=E1a&Output=HTML&UpdateDate="
"Belgium","NET-Flanders","Flanders","BETR740","44R740 - ST.KRUIS-WI","SPO-BETR740_00001_100","SO2","Sulphur dioxide (air)","P1Y-P1D-per99","1 year 99 percentile of daily means (P1D) or .../aq/primaryObservation/day","2016","7.761","ug/m3","99.45","1","Industrial","Rural","3.8087","51.1501","5.0","Gent                                                                            ","BE003C1                                           ","263687","E1a/validated data AQ e-Reporting","18/03/2023 22:11:00","http://fme.discomap.eea.europa.eu/fmedatastreaming/AirQualityDownload/AQData_Extract.fmw?CountryCode=BE&CityName=&Pollutant=1&Year_from=2016&Year_to=2016&Station=STA-BETR740&Samplingpoint=&Source=E1a&Output=HTML&UpdateDate="
"Belgium","NET-Wallonia","Wallonia","BEMN093","00N093 - SINSIN","SPO-BEMN093_05018_100","As in PM10","Arsenic in PM10 (aerosol)","P1Y","Annual mean / 1 calendar year","2016","0.247","ng/m3","91.52","1","Background","Rural","5.2352","50.2745","265.0","","","","E1a/validated data AQ e-Reporting","18/03/2023 21:08:58","http://fme.discomap.eea.europa.eu/fmedatastreaming/AirQualityDownload/AQData_Extract.fmw?CountryCode=BE&CityName=&Pollutant=5018&Year_from=2016&Year_to=2016&Station=STA-BEMN093&Samplingpoint=&Source=E1a&Output=HTML&UpdateDate="
"Belgium","NET-Flanders","Flanders","BETR740","44R740 - ST.KRUIS-WI","SPO-BETR740_00007_100","O3","Ozone (air)","P1Y-hr-min","1 year hour min","2016","1.000","ug/m3","89.96","1","Industrial","Rural","3.8087","51.1501","5.0","Gent                                                                            ","BE003C1                                           ","263687","E1a/validated data AQ e-Reporting","18/03/2023 22:31:20","http://fme.discomap.eea.europa.eu/fmedatastreaming/AirQualityDownload/AQData_Extract.fmw?CountryCode=BE&CityName=&Pollutant=7&Year_from=2016&Year_to=2016&Station=STA-BETR740&Samplingpoint=&Source=E1a&Output=HTML&UpdateDate="
"Belgium","NET-Flanders","Flanders","BETR805","42R805 - ANTWERPEN","SPO-BETR805_06001_100","PM2.5","Particulate matter < 2.5 µm (aerosol)","P1Y-hr-max","1 year hour max","2016","143.500","ug/m3","99.11","1","Traffic","Urban","4.4216","51.2082","6.0","Antwerpen                                                                       ","BE002C1                                           ","530014","E1a/validated data AQ e-Reporting","18/03/2023 21:57:02","http://fme.discomap.eea.europa.eu/fmedatastreaming/AirQualityDownload/AQData_Extract.fmw?CountryCode=BE&CityName=&Pollutant=6001&Year_from=2016&Year_to=2016&Station=STA-BETR805&Samplingpoint=&Source=E1a&Output=HTML&UpdateDate="
"Belgium","NET-Flanders","Flanders","BETN054","42N054 - WALSHOUTEM","SPO-BETN054_00005_100","PM10","Particulate matter < 10 µm (aerosol)","P1Y-daysAbove50","1 year day exceed 50","2016","3.000","count","97.81","1","Background","Rural","5.1032","50.7117","135.0","","","","E1a/validated data AQ e-Reporting","18/03/2023 22:27:00","http://fme.discomap.eea.europa.eu/fmedatastreaming/AirQualityDownload/AQData_Extract.fmw?CountryCode=BE&CityName=&Pollutant=5&Year_from=2016&Year_to=2016&Station=STA-BETN054&Samplingpoint=&Source=E1a&Output=HTML&UpdateDate="
"Belgium","NET-Flanders","Flanders","BETN054","42N054 - WALSHOUTEM","SPO-BETN054_00007_100","O3","Ozone (air)","P1Y-day-per50","1 year 50 %ile of daily values in a year","2016","47.348","ug/m3","93.17","1","Background","Rural","5.1032","50.7117","135.0","","","","E1a/validated data AQ e-Reporting","18/03/2023 22:15:13","http://fme.discomap.eea.europa.eu/fmedatastreaming/AirQualityDownload/AQData_Extract.fmw?CountryCode=BE&CityName=&Pollutant=7&Year_from=2016&Year_to=2016&Station=STA-BETN054&Samplingpoint=&Source=E1a&Output=HTML&UpdateDate="
"Belgium","NET-Flanders","Flanders","BESN045","59N045 - HASSELT","SPO-BESN045_00464_100","m,p-C6H4(CH3)2","m,p-Xylene (air)","P1Y","Annual mean / 1 calendar year","2016","0.001","ug/m3","87.99","1","Background","Suburban","5.3684","50.9397","0.0","","","","E1a/validated data AQ e-Reporting","18/03/2023 21:08:58","http://fme.discomap.eea.europa.eu/fmedatastreaming/AirQualityDownload/AQData_Extract.fmw?CountryCode=BE&CityName=&Pollutant=464&Year_from=2016&Year_to=2016&Station=STA-BESN045&Samplingpoint=&Source=E1a&Output=HTML&UpdateDate="
"Belgium","NET-Flanders","Flanders","BESN035","59N035 - AARSCHOT","SPO-BESN035_00020_100","C6H6","Benzene (air)","P1Y-day-min","1 year day min","2016","0.150","ug/m3","87.98","1","Background","Suburban","4.8376","50.9776","0.0","","","","E1a/validated data AQ e-Reporting","18/03/2023 21:55:46","http://fme.discomap.eea.europa.eu/fmedatastreaming/AirQualityDownload/AQData_Extract.fmw?CountryCode=BE&CityName=&Pollutant=20&Year_from=2016&Year_to=2016&Station=STA-BESN035&Samplingpoint=&Source=E1a&Output=HTML&UpdateDate="
"Belgium","NET-Flanders","Flanders","BESR801","59R801 - ANTWERPEN","SPO-BESR801_00475_100","C8H18","n-Octane (air)","P1Y","Annual mean / 1 calendar year","2016","0.000","ug/m3","68.86","1","Background","Suburban","4.4318","51.2097","0.0","Antwerpen                                                                       ","BE002C1                                           ","530014","E1a/validated data AQ e-Reporting","18/03/2023 21:08:58","http://fme.discomap.eea.europa.eu/fmedatastreaming/AirQualityDownload/AQData_Extract.fmw?CountryCode=BE&CityName=&Pollutant=475&Year_from=2016&Year_to=2016&Station=STA-BESR801&Samplingpoint=&Source=E1a&Output=HTML&UpdateDate="
"Belgium","NET-Flanders","Flanders","BESN045","59N045 - HASSELT","SPO-BESN045_00475_100","C8H18","n-Octane (air)","P1Y","Annual mean / 1 calendar year","2016","0.000","ug/m3","76.51","1","Background","Suburban","5.3684","50.9397","0.0","","","","E1a/validated data AQ e-Reporting","18/03/2023 21:08:58","http://fme.discomap.eea.europa.eu/fmedatastreaming/AirQualityDownload/AQData_Extract.fmw?CountryCode=BE&CityName=&Pollutant=475&Year_from=2016&Year_to=2016&Station=STA-BESN045&Samplingpoint=&Source=E1a&Output=HTML&UpdateDate="
"Belgium","NET-Flanders","Flanders","BETN054","42N054 - WALSHOUTEM","SPO-BETN054_00005_100","PM10","Particulate matter < 10 µm (aerosol)","P1Y-day-max","1 year day max","2016","57.128","ug/m3","97.81","1","Background","Rural","5.1032","50.7117","135.0","","","","E1a/validated data AQ e-Reporting","18/03/2023 21:43:06","http://fme.discomap.eea.europa.eu/fmedatastreaming/AirQualityDownload/AQData_Extract.fmw?CountryCode=BE&CityName=&Pollutant=5&Year_from=2016&Year_to=2016&Station=STA-BETN054&Samplingpoint=&Source=E1a&Output=HTML&UpdateDate="
"Belgium","NET-Flanders","Flanders","BETE814","47E814 - Ham","SPO-BETE814_00008_100","NO2","Nitrogen dioxide (air)","P1Y-P1D-per99","1 year 99 percentile of daily means (P1D) or .../aq/primaryObservation/day","2016","54.522","ug/m3","98.63","1","Industrial","Rural","5.1297","51.0822","0.0","","","","E1a/validated data AQ e-Reporting","18/03/2023 22:10:34","http://fme.discomap.eea.europa.eu/fmedatastreaming/AirQualityDownload/AQData_Extract.fmw?CountryCode=BE&CityName=&Pollutant=8&Year_from=2016&Year_to=2016&Station=STA-BETE814&Samplingpoint=&Source=E1a&Output=HTML&UpdateDate="
"Belgium","NET-Flanders","Flanders","BETN051","44N051 - IDEGEM","SPO-BETN051_00007_100","O3","Ozone (air)","P1Y-dmaxAbove120","1 year daymax exceed 120","2016","7.000","count","92.35","1","Background","Rural","3.9303","50.7989","15.0","","","","E1a/validated data AQ e-Reporting","18/03/2023 22:25:06","http://fme.discomap.eea.europa.eu/fmedatastreaming/AirQualityDownload/AQData_Extract.fmw?CountryCode=BE&CityName=&Pollutant=7&Year_from=2016&Year_to=2016&Station=STA-BETN051&Samplingpoint=&Source=E1a&Output=HTML&UpdateDate="
"Belgium","NET-Flanders","Flanders","BETE009","47E009 - Zemst","SPO-BETE009_00008_100","NO2","Nitrogen dioxide (air)","P1Y-day-per50","1 year 50 %ile of daily values in a year","2016","18.326","ug/m3","98.63","1","Industrial","Rural","4.4354","50.9549","43.0","","","","E1a/validated data AQ e-Reporting","18/03/2023 22:14:21","http://fme.discomap.eea.europa.eu/fmedatastreaming/AirQualityDownload/AQData_Extract.fmw?CountryCode=BE&CityName=&Pollutant=8&Year_from=2016&Year_to=2016&Station=STA-BETE009&Samplingpoint=&Source=E1a&Output=HTML&UpdateDate="
"Belgium","NET-Flanders","Flanders","BETN029","44N029 - HOUTEM","SPO-BETN029_00007_100","O3","Ozone (air)","P3Y","3 subsequent calendar years mean","2016","50.334","ug/m3","89.02","1","Background","Rural","2.5823","51.0163","2.0","","","","E1a/validated data AQ e-Reporting","18/03/2023 21:36:00","http://fme.discomap.eea.europa.eu/fmedatastreaming/AirQualityDownload/AQData_Extract.fmw?CountryCode=BE&CityName=&Pollutant=7&Year_from=2016&Year_to=2016&Station=STA-BETN029&Samplingpoint=&Source=E1a&Output=HTML&UpdateDate="
"Belgium","NET-Flanders","Flanders","BETN029","44N029 - HOUTEM","SPO-BETN029_00008_100","NO2","Nitrogen dioxide (air)","P1Y-hr-max","1 year hour max","2016","72.000","ug/m3","96.62","1","Background","Rural","2.5823","51.0163","2.0","","","","E1a/validated data AQ e-Reporting","18/03/2023 21:57:02","http://fme.discomap.eea.europa.eu/fmedatastreaming/AirQualityDownload/AQData_Extract.fmw?CountryCode=BE&CityName=&Pollutant=8&Year_from=2016&Year_to=2016&Station=STA-BETN029&Samplingpoint=&Source=E1a&Output=HTML&UpdateDate="
"Belgium","NET-Flanders","Flanders","BETR701","44R701 - GENT","SPO-BETR701_00010_100","CO","Carbon monoxide (air)","P1Y","Annual mean / 1 calendar year","2016","0.254","mg/m3","97.43","1","Background","Urban","3.7293","51.0583","5.0","Gent                                                                            ","BE003C1                                           ","263687","E1a/validated data AQ e-Reporting","18/03/2023 21:08:58","http://fme.discomap.eea.europa.eu/fmedatastreaming/AirQualityDownload/AQData_Extract.fmw?CountryCode=BE&CityName=&Pollutant=10&Year_from=2016&Year_to=2016&Station=STA-BETR701&Samplingpoint=&Source=E1a&Output=HTML&UpdateDate="
"Belgium","NET-Flanders","Flanders","BELSA04","40SA04 - Hoevenen","SPO-BELSA04_00008_100","NO2","Nitrogen dioxide (air)","P1Y-hrsAbove200","1 year hour exceed 200","2016","0.000","count","93.76","1","Industrial","Rural","4.4039","51.3139","6.0","","","","E1a/validated data AQ e-Reporting","18/03/2023 21:48:42","http://fme.discomap.eea.europa.eu/fmedatastreaming/AirQualityDownload/AQData_Extract.fmw?CountryCode=BE&CityName=&Pollutant=8&Year_from=2016&Year_to=2016&Station=STA-BELSA04&Samplingpoint=&Source=E1a&Output=HTML&UpdateDate="
"Belgium","NET-Wallonia","Wallonia","BEVN085","50N085 - VIELSALM","SPO-BEVN085_00020_100","C6H6","Benzene (air)","P1Y-day-per50","1 year 50 %ile of daily values in a year","2016","0.310","ug/m3","47.27","1","Background","Rural","6.0017","50.3032","490.0","","","","E1a/validated data AQ e-Reporting","18/03/2023 22:13:51","http://fme.discomap.eea.europa.eu/fmedatastreaming/AirQualityDownload/AQData_Extract.fmw?CountryCode=BE&CityName=&Pollutant=20&Year_from=2016&Year_to=2016&Station=STA-BEVN085&Samplingpoint=&Source=E1a&Output=HTML&UpdateDate="
"Belgium","NET-Flanders","Flanders","BETR702","44R702 - Gent (G.Carlierlaan)","SPO-BETR702_00391_100","Black Carbon","black_carbon (aerosol)","P1Y-hr-max","1 year hour max","2016","15.900","ug/m3","99.42","1","Traffic","Urban","3.7350","51.0407","8.0","Gent                                                                            ","BE003C1                                           ","263687","E1a/validated data AQ e-Reporting","18/03/2023 21:57:02","http://fme.discomap.eea.europa.eu/fmedatastreaming/AirQualityDownload/AQData_Extract.fmw?CountryCode=BE&CityName=&Pollutant=391&Year_from=2016&Year_to=2016&Station=STA-BETR702&Samplingpoint=&Source=E1a&Output=HTML&UpdateDate="
"Belgium","NET-Flanders","Flanders","BETR811","42R811 - SCHOTEN","SPO-BETR811_00008_100","NO2","Nitrogen dioxide (air)","P1Y-hrsAbove400","1 year hour exceed 400","2016","0.000","count","96.93","1","Background","Suburban","4.4914","51.2521","8.0","","","","E1a/validated data AQ e-Reporting","18/03/2023 21:54:38","http://fme.discomap.eea.europa.eu/fmedatastreaming/AirQualityDownload/AQData_Extract.fmw?CountryCode=BE&CityName=&Pollutant=8&Year_from=2016&Year_to=2016&Station=STA-BETR811&Samplingpoint=&Source=E1a&Output=HTML&UpdateDate="
"Belgium","NET-Flanders","Flanders","BETR020","42R020 - VILVOORDE","SPO-BETR020_00008_100","NO2","Nitrogen dioxide (air)","P1Y-hrsAbove400","1 year hour exceed 400","2016","0.000","count","94.13","1","Background","Suburban","4.4367","50.9414","12.0","","","","E1a/validated data AQ e-Reporting","18/03/2023 21:54:38","http://fme.discomap.eea.europa.eu/fmedatastreaming/AirQualityDownload/AQData_Extract.fmw?CountryCode=BE&CityName=&Pollutant=8&Year_from=2016&Year_to=2016&Station=STA-BETR020&Samplingpoint=&Source=E1a&Output=HTML&UpdateDate="
"Belgium","NET-Flanders","Flanders","BETM705","44M705 - ROESELARE","SPO-BETM705_00005_100","PM10","Particulate matter < 10 µm (aerosol)","P1Y","Annual mean / 1 calendar year","2016","25.251","ug/m3","97.21","1","Industrial","Suburban","3.1524","50.9454","19.0","","","","E1a/validated data AQ e-Reporting","18/03/2023 21:08:58","http://fme.discomap.eea.europa.eu/fmedatastreaming/AirQualityDownload/AQData_Extract.fmw?CountryCode=BE&CityName=&Pollutant=5&Year_from=2016&Year_to=2016&Station=STA-BETM705&Samplingpoint=&Source=E1a&Output=HTML&UpdateDate="
"Belgium","NET-Flanders","Flanders","BETN029","44N029 - HOUTEM","SPO-BETN029_00391_100","Black Carbon","black_carbon (aerosol)","P1Y-hr-max","1 year hour max","2016","7.755","ug/m3","99.37","1","Background","Rural","2.5823","51.0163","2.0","","","","E1a/validated data AQ e-Reporting","18/03/2023 21:57:02","http://fme.discomap.eea.europa.eu/fmedatastreaming/AirQualityDownload/AQData_Extract.fmw?CountryCode=BE&CityName=&Pollutant=391&Year_from=2016&Year_to=2016&Station=STA-BETN029&Samplingpoint=&Source=E1a&Output=HTML&UpdateDate="
"Belgium","NET-Flanders","Flanders","BETM802","42M802 - ANTWERPEN","SPO-BETM802_00005_100","PM10","Particulate matter < 10 µm (aerosol)","P1Y-hr-max","1 year hour max","2016","181.100","ug/m3","98.57","1","Industrial","Suburban","4.4244","51.2610","3.0","Antwerpen                                                                       ","BE002C1                                           ","530014","E1a/validated data AQ e-Reporting","18/03/2023 21:57:02","http://fme.discomap.eea.europa.eu/fmedatastreaming/AirQualityDownload/AQData_Extract.fmw?CountryCode=BE&CityName=&Pollutant=5&Year_from=2016&Year_to=2016&Station=STA-BETM802&Samplingpoint=&Source=E1a&Output=HTML&UpdateDate="
"Belgium","NET-Flanders","Flanders","BETR020","42R020 - VILVOORDE","SPO-BETR020_00010_100","CO","Carbon monoxide (air)","P1Y-dx-avg","1 year daymax average","2016","0.322","mg/m3","98.09","1","Background","Suburban","4.4367","50.9414","12.0","","","","E1a/validated data AQ e-Reporting","18/03/2023 22:27:48","http://fme.discomap.eea.europa.eu/fmedatastreaming/AirQualityDownload/AQData_Extract.fmw?CountryCode=BE&CityName=&Pollutant=10&Year_from=2016&Year_to=2016&Station=STA-BETR020&Samplingpoint=&Source=E1a&Output=HTML&UpdateDate="
"Belgium","NET-Flanders","Flanders","BETN012","44N012 - MOERKERKE","SPO-BETN012_00005_100","PM10","Particulate matter < 10 µm (aerosol)","P1Y","Annual mean / 1 calendar year","2016","18.810","ug/m3","99.57","1","Background","Rural","3.3625","51.2546","3.0","","","","E1a/validated data AQ e-Reporting","18/03/2023 21:08:58","http://fme.discomap.eea.europa.eu/fmedatastreaming/AirQualityDownload/AQData_Extract.fmw?CountryCode=BE&CityName=&Pollutant=5&Year_from=2016&Year_to=2016&Station=STA-BETN012&Samplingpoint=&Source=E1a&Output=HTML&UpdateDate="
"Belgium","NET-Flanders","Flanders","BETN035","42N035 - AARSCHOT","SPO-BETN035_00001_100","SO2","Sulphur dioxide (air)","P1Y-P1D-per99","1 year 99 percentile of daily means (P1D) or .../aq/primaryObservation/day","2016","4.413","ug/m3","98.91","1","Background","Rural","4.8376","50.9775","55.0","","","","E1a/validated data AQ e-Reporting","18/03/2023 22:11:00","http://fme.discomap.eea.europa.eu/fmedatastreaming/AirQualityDownload/AQData_Extract.fmw?CountryCode=BE&CityName=&Pollutant=1&Year_from=2016&Year_to=2016&Station=STA-BETN035&Samplingpoint=&Source=E1a&Output=HTML&UpdateDate="
"Belgium","NET-Flanders","Flanders","BETR731","44R731 - EVERGEM","SPO-BETR731_00008_100","NO2","Nitrogen dioxide (air)","P1Y-hr-max-per99.79","1 year 99.79 %ile of hourly values in a given year","2016","82.500","ug/m3","93.78","1","Industrial","Rural","3.7395","51.1247","6.0","","","","E1a/validated data AQ e-Reporting","18/03/2023 22:07:35","http://fme.discomap.eea.europa.eu/fmedatastreaming/AirQualityDownload/AQData_Extract.fmw?CountryCode=BE&CityName=&Pollutant=8&Year_from=2016&Year_to=2016&Station=STA-BETR731&Samplingpoint=&Source=E1a&Output=HTML&UpdateDate="
"Belgium","NET-Wallonia","Wallonia","BETH201","43H201 - LIEGE","SPO-BETH201_06001_100","PM2.5","Particulate matter < 2.5 µm (aerosol)","P1Y-P1D-per99","1 year 99 percentile of daily means (P1D) or .../aq/primaryObservation/day","2016","36.095","ug/m3","97.54","1","Background","Suburban","5.5475","50.6250","160.0","Liège                                                                           ","BE005C1                                           ","383700","E1a/validated data AQ e-Reporting","18/03/2023 22:10:03","http://fme.discomap.eea.europa.eu/fmedatastreaming/AirQualityDownload/AQData_Extract.fmw?CountryCode=BE&CityName=&Pollutant=6001&Year_from=2016&Year_to=2016&Station=STA-BETH201&Samplingpoint=&Source=E1a&Output=HTML&UpdateDate="
"Belgium","NET-Flanders","Flanders","BETR731","44R731 - EVERGEM","SPO-BETR731_06001_100","PM2.5","Particulate matter < 2.5 µm (aerosol)","P3Y","3 subsequent calendar years mean","2016","14.613","ug/m3","96.32","1","Industrial","Rural","3.7395","51.1247","6.0","","","","E1a/validated data AQ e-Reporting","18/03/2023 21:36:00","http://fme.discomap.eea.europa.eu/fmedatastreaming/AirQualityDownload/AQData_Extract.fmw?CountryCode=BE&CityName=&Pollutant=6001&Year_from=2016&Year_to=2016&Station=STA-BETR731&Samplingpoint=&Source=E1a&Output=HTML&UpdateDate="
"Belgium","NET-Flanders","Flanders","BETR817","42R817 - ANTWERPEN","SPO-BETR817_00005_100","PM10","Particulate matter < 10 µm (aerosol)","P1Y-day-max36","1 year day max 36","2016","41.058","ug/m3","100.00","1","Background","Suburban","4.4180","51.1771","6.0","Antwerpen                                                                       ","BE002C1                                           ","530014","E1a/validated data AQ e-Reporting","18/03/2023 22:32:47","http://fme.discomap.eea.europa.eu/fmedatastreaming/AirQualityDownload/AQData_Extract.fmw?CountryCode=BE&CityName=&Pollutant=5&Year_from=2016&Year_to=2016&Station=STA-BETR817&Samplingpoint=&Source=E1a&Output=HTML&UpdateDate="
"Belgium","NET-Wallonia","Wallonia","BETN085","43N085 - VIELSALM","SPO-BETN085_00001_100","SO2","Sulphur dioxide (air)","P1Y-3hAbove500","3 consecutive hours in exceedance of 500","2016","0.000","count","96.30","1","Background","Rural","6.0017","50.3032","490.0","","","","E1a/validated data AQ e-Reporting","18/03/2023 22:18:09","http://fme.discomap.eea.europa.eu/fmedatastreaming/AirQualityDownload/AQData_Extract.fmw?CountryCode=BE&CityName=&Pollutant=1&Year_from=2016&Year_to=2016&Station=STA-BETN085&Samplingpoint=&Source=E1a&Output=HTML&UpdateDate="
"Belgium","NET-Flanders","Flanders","BETN012","44N012 - MOERKERKE","SPO-BETN012_00007_100","O3","Ozone (air)","P1Y-dx-max","1 year day max max","2016","157.813","ug/m3","90.71","1","Background","Rural","3.3625","51.2546","3.0","","","","E1a/validated data AQ e-Reporting","18/03/2023 21:44:39","http://fme.discomap.eea.europa.eu/fmedatastreaming/AirQualityDownload/AQData_Extract.fmw?CountryCode=BE&CityName=&Pollutant=7&Year_from=2016&Year_to=2016&Station=STA-BETN012&Samplingpoint=&Source=E1a&Output=HTML&UpdateDate="
"Belgium","NET-Flanders","Flanders","BELLD01","40LD01 - LAAKDAL","SPO-BELLD01_00008_100","NO2","Nitrogen dioxide (air)","P1Y-day-min","1 year day min","2016","2.521","ug/m3","97.27","1","Industrial","Rural","5.0049","51.1100","20.0","","","","E1a/validated data AQ e-Reporting","18/03/2023 21:56:03","http://fme.discomap.eea.europa.eu/fmedatastreaming/AirQualityDownload/AQData_Extract.fmw?CountryCode=BE&CityName=&Pollutant=8&Year_from=2016&Year_to=2016&Station=STA-BELLD01&Samplingpoint=&Source=E1a&Output=HTML&UpdateDate="
"Belgium","NET-Flanders","Flanders","BELZL01","40ZL01 - ZELZATE","SPO-BELZL01_00020_100","C6H6","Benzene (air)","P1Y-day-min","1 year day min","2016","0.050","ug/m3","92.90","1","Industrial","Suburban","3.8084","51.2031","6.0","","","","E1a/validated data AQ e-Reporting","18/03/2023 21:55:46","http://fme.discomap.eea.europa.eu/fmedatastreaming/AirQualityDownload/AQData_Extract.fmw?CountryCode=BE&CityName=&Pollutant=20&Year_from=2016&Year_to=2016&Station=STA-BELZL01&Samplingpoint=&Source=E1a&Output=HTML&UpdateDate="
"Belgium","NET-Brussels","Brussels","BETR012","41R012 - UCCLE","SPO-BETR012_00005_100","PM10","Particulate matter < 10 µm (aerosol)","P1Y-day-max36","1 year day max 36","2016","29.625","ug/m3","91.53","1","Background","Suburban","4.3586","50.7966","101.0","Bruxelles / Brussel                                                             ","BE001C1                                           ","1223364","E1a/validated data AQ e-Reporting","18/03/2023 22:32:47","http://fme.discomap.eea.europa.eu/fmedatastreaming/AirQualityDownload/AQData_Extract.fmw?CountryCode=BE&CityName=&Pollutant=5&Year_from=2016&Year_to=2016&Station=STA-BETR012&Samplingpoint=&Source=E1a&Output=HTML&UpdateDate="
"Belgium","NET-Brussels","Brussels","BETR012","41R012 - UCCLE","SPO-BETR012_00008_100","NO2","Nitrogen dioxide (air)","P1Y-hr-max19","1 year hour max19","2016","80.000","ug/m3","96.13","1","Background","Suburban","4.3586","50.7966","101.0","Bruxelles / Brussel                                                             ","BE001C1                                           ","1223364","E1a/validated data AQ e-Reporting","18/03/2023 22:34:35","http://fme.discomap.eea.europa.eu/fmedatastreaming/AirQualityDownload/AQData_Extract.fmw?CountryCode=BE&CityName=&Pollutant=8&Year_from=2016&Year_to=2016&Station=STA-BETR012&Samplingpoint=&Source=E1a&Output=HTML&UpdateDate="
"Belgium","NET-Flanders","Flanders","BETN040","42N040 - ST.P.LEEUWG","SPO-BETN040_00007_100","O3","Ozone (air)","AOT40cmeasured","AOT40c UNCORRECTED for data capture","2016","7755.500","ug/m3","97.37","1","Background","Rural","4.2252","50.7681","20.0","","","","E1a/validated data AQ e-Reporting","18/03/2023 23:01:40","http://fme.discomap.eea.europa.eu/fmedatastreaming/AirQualityDownload/AQData_Extract.fmw?CountryCode=BE&CityName=&Pollutant=7&Year_from=2016&Year_to=2016&Station=STA-BETN040&Samplingpoint=&Source=E1a&Output=HTML&UpdateDate="
"Belgium","NET-Flanders","Flanders","BETR020","42R020 - VILVOORDE","SPO-BETR020_06001_100","PM2.5","Particulate matter < 2.5 µm (aerosol)","P1Y-hr-per50","1 year 50 percentile","2016","10.000","ug/m3","99.91","1","Background","Suburban","4.4367","50.9414","12.0","","","","E1a/validated data AQ e-Reporting","18/03/2023 22:05:49","http://fme.discomap.eea.europa.eu/fmedatastreaming/AirQualityDownload/AQData_Extract.fmw?CountryCode=BE&CityName=&Pollutant=6001&Year_from=2016&Year_to=2016&Station=STA-BETR020&Samplingpoint=&Source=E1a&Output=HTML&UpdateDate="
"Belgium","NET-Flanders","Flanders","BETR701","44R701 - GENT","SPO-BETR701_00005_100","PM10","Particulate matter < 10 µm (aerosol)","P1Y-hr-max","1 year hour max","2016","740.600","ug/m3","99.86","1","Background","Urban","3.7293","51.0583","5.0","Gent                                                                            ","BE003C1                                           ","263687","E1a/validated data AQ e-Reporting","18/03/2023 21:57:02","http://fme.discomap.eea.europa.eu/fmedatastreaming/AirQualityDownload/AQData_Extract.fmw?CountryCode=BE&CityName=&Pollutant=5&Year_from=2016&Year_to=2016&Station=STA-BETR701&Samplingpoint=&Source=E1a&Output=HTML&UpdateDate="
"Belgium","NET-Wallonia","Wallonia","BETN073","43N073 - VEZIN","SPO-BETN073_00008_100","NO2","Nitrogen dioxide (air)","P1Y-3hAbove400","3 consecutive hours in exceedance of 400","2016","0.000","count","97.44","1","Background","Rural","4.9884","50.5027","160.0","","","","E1a/validated data AQ e-Reporting","18/03/2023 22:22:30","http://fme.discomap.eea.europa.eu/fmedatastreaming/AirQualityDownload/AQData_Extract.fmw?CountryCode=BE&CityName=&Pollutant=8&Year_from=2016&Year_to=2016&Station=STA-BETN073&Samplingpoint=&Source=E1a&Output=HTML&UpdateDate="
"Belgium","NET-Flanders","Flanders","BETR892","42R892 - KALLO","SPO-BETR892_00008_100","NO2","Nitrogen dioxide (air)","P1Y-hr-per50","1 year 50 percentile","2016","31.500","ug/m3","96.80","1","Industrial","Rural","4.2789","51.2630","9.0","","","","E1a/validated data AQ e-Reporting","18/03/2023 22:05:49","http://fme.discomap.eea.europa.eu/fmedatastreaming/AirQualityDownload/AQData_Extract.fmw?CountryCode=BE&CityName=&Pollutant=8&Year_from=2016&Year_to=2016&Station=STA-BETR892&Samplingpoint=&Source=E1a&Output=HTML&UpdateDate="
"Belgium","NET-Wallonia","Wallonia","BETM204","43M204 - ANGLEUR","SPO-BETM204_06001_100","PM2.5","Particulate matter < 2.5 µm (aerosol)","P3Y","3 subsequent calendar years mean","2016","10.689","ug/m3","97.64","1","Background","Suburban","5.6112","50.6119","70.0","Liège                                                                           ","BE005C1                                           ","383700","E1a/validated data AQ e-Reporting","18/03/2023 21:36:00","http://fme.discomap.eea.europa.eu/fmedatastreaming/AirQualityDownload/AQData_Extract.fmw?CountryCode=BE&CityName=&Pollutant=6001&Year_from=2016&Year_to=2016&Station=STA-BETM204&Samplingpoint=&Source=E1a&Output=HTML&UpdateDate="
"Belgium","NET-Wallonia","Wallonia","BETN121","43N121 - OFFAGNE","SPO-BETN121_00007_100","O3","Ozone (air)","P1Y-dmaxAbove120","1 year daymax exceed 120","2016","10.000","count","96.99","1","Background","Rural","5.2024","49.8771","430.0","","","","E1a/validated data AQ e-Reporting","18/03/2023 22:25:06","http://fme.discomap.eea.europa.eu/fmedatastreaming/AirQualityDownload/AQData_Extract.fmw?CountryCode=BE&CityName=&Pollutant=7&Year_from=2016&Year_to=2016&Station=STA-BETN121&Samplingpoint=&Source=E1a&Output=HTML&UpdateDate="
"Belgium","NET-Flanders","Flanders","BETR740","44R740 - ST.KRUIS-WI","SPO-BETR740_06001_100","PM2.5","Particulate matter < 2.5 µm (aerosol)","P1Y-hr-per50","1 year 50 percentile","2016","11.000","ug/m3","99.80","1","Industrial","Rural","3.8087","51.1501","5.0","Gent                                                                            ","BE003C1                                           ","263687","E1a/validated data AQ e-Reporting","18/03/2023 22:05:49","http://fme.discomap.eea.europa.eu/fmedatastreaming/AirQualityDownload/AQData_Extract.fmw?CountryCode=BE&CityName=&Pollutant=6001&Year_from=2016&Year_to=2016&Station=STA-BETR740&Samplingpoint=&Source=E1a&Output=HTML&UpdateDate="
"Belgium","NET-Wallonia","Wallonia","BETN085","43N085 - VIELSALM","SPO-BETN085_00007_100","O3","Ozone (air)","P1Y-hrsAbove180","1 year hour exceed 180","2016","2.000","count","94.87","1","Background","Rural","6.0017","50.3032","490.0","","","","E1a/validated data AQ e-Reporting","18/03/2023 21:46:37","http://fme.discomap.eea.europa.eu/fmedatastreaming/AirQualityDownload/AQData_Extract.fmw?CountryCode=BE&CityName=&Pollutant=7&Year_from=2016&Year_to=2016&Station=STA-BETN085&Samplingpoint=&Source=E1a&Output=HTML&UpdateDate="
"Belgium","NET-Flanders","Flanders","BETR740","44R740 - ST.KRUIS-WI","SPO-BETR740_00007_100","O3","Ozone (air)","P1Y-dx-avg","1 year daymax average","2016","59.844","ug/m3","90.44","1","Industrial","Rural","3.8087","51.1501","5.0","Gent                                                                            ","BE003C1                                           ","263687","E1a/validated data AQ e-Reporting","18/03/2023 22:27:48","http://fme.discomap.eea.europa.eu/fmedatastreaming/AirQualityDownload/AQData_Extract.fmw?CountryCode=BE&CityName=&Pollutant=7&Year_from=2016&Year_to=2016&Station=STA-BETR740&Samplingpoint=&Source=E1a&Output=HTML&UpdateDate="
"Belgium","NET-Wallonia","Wallonia","BETN085","43N085 - VIELSALM","SPO-BETN085_00008_100","NO2","Nitrogen dioxide (air)","P1Y-day-per50","1 year 50 %ile of daily values in a year","2016","5.435","ug/m3","97.27","1","Background","Rural","6.0017","50.3032","490.0","","","","E1a/validated data AQ e-Reporting","18/03/2023 22:14:21","http://fme.discomap.eea.europa.eu/fmedatastreaming/AirQualityDownload/AQData_Extract.fmw?CountryCode=BE&CityName=&Pollutant=8&Year_from=2016&Year_to=2016&Station=STA-BETN085&Samplingpoint=&Source=E1a&Output=HTML&UpdateDate="
"Belgium","NET-Flanders","Flanders","BETR801","42R801 - BORGERHOUT","SPO-BETR801_00007_100","O3","Ozone (air)","P1Y-dx-max26","1 year daymax max 26","2016","80.875","ug/m3","95.36","1","Background","Urban","4.4318","51.2097","6.0","Antwerpen                                                                       ","BE002C1                                           ","530014","E1a/validated data AQ e-Reporting","18/03/2023 22:32:17","http://fme.discomap.eea.europa.eu/fmedatastreaming/AirQualityDownload/AQData_Extract.fmw?CountryCode=BE&CityName=&Pollutant=7&Year_from=2016&Year_to=2016&Station=STA-BETR801&Samplingpoint=&Source=E1a&Output=HTML&UpdateDate="
"Belgium","NET-Wallonia","Wallonia","BETR510","45R510 - CHATELINEAU","SPO-BETR510_00005_100","PM10","Particulate matter < 10 µm (aerosol)","P1Y-P1D-per99","1 year 99 percentile of daily means (P1D) or .../aq/primaryObservation/day","2016","54.979","ug/m3","100.00","1","Background","Suburban","4.5211","50.4164","118.0","Charleroi                                                                       ","BE004C1                                           ","203314","E1a/validated data AQ e-Reporting","18/03/2023 22:09:38","http://fme.discomap.eea.europa.eu/fmedatastreaming/AirQualityDownload/AQData_Extract.fmw?CountryCode=BE&CityName=&Pollutant=5&Year_from=2016&Year_to=2016&Station=STA-BETR510&Samplingpoint=&Source=E1a&Output=HTML&UpdateDate="
"Belgium","NET-Flanders","Flanders","BELSZ02","40SZ02 - STEENOKKERZ","SPO-BELSZ02_06001_100","PM2.5","Particulate matter < 2.5 µm (aerosol)","P1Y-hr-per50","1 year 50 percentile","2016","9.000","ug/m3","98.84","1","Industrial","Rural","4.5122","50.9130","15.0","","","","E1a/validated data AQ e-Reporting","18/03/2023 22:05:49","http://fme.discomap.eea.europa.eu/fmedatastreaming/AirQualityDownload/AQData_Extract.fmw?CountryCode=BE&CityName=&Pollutant=6001&Year_from=2016&Year_to=2016&Station=STA-BELSZ02&Samplingpoint=&Source=E1a&Output=HTML&UpdateDate="
"Belgium","NET-Flanders","Flanders","BETN016","42N016 - DESSEL","SPO-BETN016_00008_100","NO2","Nitrogen dioxide (air)","P1Y-day-min","1 year day min","2016","4.146","ug/m3","99.45","1","Background","Rural","5.1640","51.2337","30.0","","","","E1a/validated data AQ e-Reporting","18/03/2023 21:56:03","http://fme.discomap.eea.europa.eu/fmedatastreaming/AirQualityDownload/AQData_Extract.fmw?CountryCode=BE&CityName=&Pollutant=8&Year_from=2016&Year_to=2016&Station=STA-BETN016&Samplingpoint=&Source=E1a&Output=HTML&UpdateDate="
"Belgium","NET-Flanders","Flanders","BELWZ02","40WZ02 - MOL","SPO-BELWZ02_00001_100","SO2","Sulphur dioxide (air)","P1Y-day-max-per99.18","1 year 99.18 percentile of daily maximum","2016","92.813","ug/m3","99.45","1","Industrial","Rural","5.2215","51.1928","40.0","","","","E1a/validated data AQ e-Reporting","18/03/2023 22:12:16","http://fme.discomap.eea.europa.eu/fmedatastreaming/AirQualityDownload/AQData_Extract.fmw?CountryCode=BE&CityName=&Pollutant=1&Year_from=2016&Year_to=2016&Station=STA-BELWZ02&Samplingpoint=&Source=E1a&Output=HTML&UpdateDate="
"Belgium","NET-Brussels","Brussels","BETN043","41N043 - HAREN","SPO-BETN043_00007_100","O3","Ozone (air)","AOT40c","AOT40 vegetation protection","2016","2959.207","ug/m3","98.64","1","Industrial","Suburban","4.3830","50.8837","17.0","Bruxelles / Brussel                                                             ","BE001C1                                           ","1223364","E1a/validated data AQ e-Reporting","18/03/2023 23:06:29","http://fme.discomap.eea.europa.eu/fmedatastreaming/AirQualityDownload/AQData_Extract.fmw?CountryCode=BE&CityName=&Pollutant=7&Year_from=2016&Year_to=2016&Station=STA-BETN043&Samplingpoint=&Source=E1a&Output=HTML&UpdateDate="
"Belgium","NET-Flanders","Flanders","BETN027","42N027 - BREE","SPO-BETN027_00007_100","O3","Ozone (air)","P1Y-hr-min","1 year hour min","2016","1.000","ug/m3","93.66","1","Background","Rural","5.6067","51.1337","48.0","","","","E1a/validated data AQ e-Reporting","18/03/2023 22:31:20","http://fme.discomap.eea.europa.eu/fmedatastreaming/AirQualityDownload/AQData_Extract.fmw?CountryCode=BE&CityName=&Pollutant=7&Year_from=2016&Year_to=2016&Station=STA-BETN027&Samplingpoint=&Source=E1a&Output=HTML&UpdateDate="
"Belgium","NET-Brussels","Brussels","BETN043","41N043 - HAREN","SPO-BETN043_00007_100","O3","Ozone (air)","SOMO35","Sum of Ozone Means Over 35 ppb","2016","886.715","ug/m3","98.63","1","Industrial","Suburban","4.3830","50.8837","17.0","Bruxelles / Brussel                                                             ","BE001C1                                           ","1223364","E1a/validated data AQ e-Reporting","18/03/2023 22:59:23","http://fme.discomap.eea.europa.eu/fmedatastreaming/AirQualityDownload/AQData_Extract.fmw?CountryCode=BE&CityName=&Pollutant=7&Year_from=2016&Year_to=2016&Station=STA-BETN043&Samplingpoint=&Source=E1a&Output=HTML&UpdateDate="
"Belgium","NET-Flanders","Flanders","BETR731","44R731 - EVERGEM","SPO-BETR731_00005_100","PM10","Particulate matter < 10 µm (aerosol)","P1Y-day-max36","1 year day max 36","2016","39.121","ug/m3","98.36","1","Industrial","Rural","3.7395","51.1247","6.0","","","","E1a/validated data AQ e-Reporting","18/03/2023 22:32:47","http://fme.discomap.eea.europa.eu/fmedatastreaming/AirQualityDownload/AQData_Extract.fmw?CountryCode=BE&CityName=&Pollutant=5&Year_from=2016&Year_to=2016&Station=STA-BETR731&Samplingpoint=&Source=E1a&Output=HTML&UpdateDate="
"Belgium","NET-Flanders","Flanders","BETN029","44N029 - HOUTEM","SPO-BETN029_00001_100","SO2","Sulphur dioxide (air)","P1Y-hr-min","1 year hour min","2016","1.000","ug/m3","96.66","1","Background","Rural","2.5823","51.0163","2.0","","","","E1a/validated data AQ e-Reporting","18/03/2023 22:31:20","http://fme.discomap.eea.europa.eu/fmedatastreaming/AirQualityDownload/AQData_Extract.fmw?CountryCode=BE&CityName=&Pollutant=1&Year_from=2016&Year_to=2016&Station=STA-BETN029&Samplingpoint=&Source=E1a&Output=HTML&UpdateDate="
"Belgium","NET-Flanders","Flanders","BETR721","44R721 - WONDELGEM","SPO-BETR721_00001_100","SO2","Sulphur dioxide (air)","P1Y-day-min","1 year day min","2016","1.000","ug/m3","98.09","1","Industrial","Suburban","3.7161","51.0890","6.0","Gent                                                                            ","BE003C1                                           ","263687","E1a/validated data AQ e-Reporting","18/03/2023 21:54:56","http://fme.discomap.eea.europa.eu/fmedatastreaming/AirQualityDownload/AQData_Extract.fmw?CountryCode=BE&CityName=&Pollutant=1&Year_from=2016&Year_to=2016&Station=STA-BETR721&Samplingpoint=&Source=E1a&Output=HTML&UpdateDate="
"Belgium","NET-Flanders","Flanders","BETR721","44R721 - WONDELGEM","SPO-BETR721_00001_100","SO2","Sulphur dioxide (air)","P1Y-day-per50","1 year 50 %ile of daily values in a year","2016","1.000","ug/m3","98.09","1","Industrial","Suburban","3.7161","51.0890","6.0","Gent                                                                            ","BE003C1                                           ","263687","E1a/validated data AQ e-Reporting","18/03/2023 22:14:46","http://fme.discomap.eea.europa.eu/fmedatastreaming/AirQualityDownload/AQData_Extract.fmw?CountryCode=BE&CityName=&Pollutant=1&Year_from=2016&Year_to=2016&Station=STA-BETR721&Samplingpoint=&Source=E1a&Output=HTML&UpdateDate="
"Belgium","NET-Flanders","Flanders","BETN051","44N051 - IDEGEM","SPO-BETN051_00007_100","O3","Ozone (air)","P1Y-day-per50","1 year 50 %ile of daily values in a year","2016","46.565","ug/m3","92.62","1","Background","Rural","3.9303","50.7989","15.0","","","","E1a/validated data AQ e-Reporting","18/03/2023 22:15:13","http://fme.discomap.eea.europa.eu/fmedatastreaming/AirQualityDownload/AQData_Extract.fmw?CountryCode=BE&CityName=&Pollutant=7&Year_from=2016&Year_to=2016&Station=STA-BETN051&Samplingpoint=&Source=E1a&Output=HTML&UpdateDate="
"Belgium","NET-Flanders","Flanders","BETR750","44R750 - ZELZATE","SPO-BETR750_00005_100","PM10","Particulate matter < 10 µm (aerosol)","P1Y-day-max36","1 year day max 36","2016","41.746","ug/m3","98.36","1","Industrial","Rural","3.8229","51.1961","6.0","","","","E1a/validated data AQ e-Reporting","18/03/2023 22:32:47","http://fme.discomap.eea.europa.eu/fmedatastreaming/AirQualityDownload/AQData_Extract.fmw?CountryCode=BE&CityName=&Pollutant=5&Year_from=2016&Year_to=2016&Station=STA-BETR750&Samplingpoint=&Source=E1a&Output=HTML&UpdateDate="
"Belgium","NET-Flanders","Flanders","BETR823","42R823 - BEVEREN","SPO-BETR823_06001_100","PM2.5","Particulate matter < 2.5 µm (aerosol)","P1Y-hr-max","1 year hour max","2016","172.500","ug/m3","99.83","1","Background","Suburban","4.2399","51.2133","0.0","","","","E1a/validated data AQ e-Reporting","18/03/2023 21:57:02","http://fme.discomap.eea.europa.eu/fmedatastreaming/AirQualityDownload/AQData_Extract.fmw?CountryCode=BE&CityName=&Pollutant=6001&Year_from=2016&Year_to=2016&Station=STA-BETR823&Samplingpoint=&Source=E1a&Output=HTML&UpdateDate="
"Belgium","NET-Flanders","Flanders","BELSZ02","40SZ02 - STEENOKKERZ","SPO-BELSZ02_00008_100","NO2","Nitrogen dioxide (air)","P1Y-hrsAbove400","1 year hour exceed 400","2016","0.000","count","96.47","1","Industrial","Rural","4.5122","50.9130","15.0","","","","E1a/validated data AQ e-Reporting","18/03/2023 21:54:38","http://fme.discomap.eea.europa.eu/fmedatastreaming/AirQualityDownload/AQData_Extract.fmw?CountryCode=BE&CityName=&Pollutant=8&Year_from=2016&Year_to=2016&Station=STA-BELSZ02&Samplingpoint=&Source=E1a&Output=HTML&UpdateDate="
"Belgium","NET-Flanders","Flanders","BETR701","44R701 - GENT","SPO-BETR701_00391_100","Black Carbon","black_carbon (aerosol)","P1Y-hr-min","1 year hour min","2016","0.065","ug/m3","99.66","1","Background","Urban","3.7293","51.0583","5.0","Gent                                                                            ","BE003C1                                           ","263687","E1a/validated data AQ e-Reporting","18/03/2023 22:31:20","http://fme.discomap.eea.europa.eu/fmedatastreaming/AirQualityDownload/AQData_Extract.fmw?CountryCode=BE&CityName=&Pollutant=391&Year_from=2016&Year_to=2016&Station=STA-BETR701&Samplingpoint=&Source=E1a&Output=HTML&UpdateDate="
"Belgium","NET-Flanders","Flanders","BETN035","42N035 - AARSCHOT","SPO-BETN035_00007_100","O3","Ozone (air)","P1Y-hrsAbove180","1 year hour exceed 180","2016","2.000","count","93.53","1","Background","Rural","4.8376","50.9775","55.0","","","","E1a/validated data AQ e-Reporting","18/03/2023 21:46:37","http://fme.discomap.eea.europa.eu/fmedatastreaming/AirQualityDownload/AQData_Extract.fmw?CountryCode=BE&CityName=&Pollutant=7&Year_from=2016&Year_to=2016&Station=STA-BETN035&Samplingpoint=&Source=E1a&Output=HTML&UpdateDate="
"Belgium","NET-Flanders","Flanders","BETN035","42N035 - AARSCHOT","SPO-BETN035_00007_100","O3","Ozone (air)","P3Y-dmaxAbove120","Daymax exceed 120 averaged over 3 consecutive years","2016","14.000","count","100.00","1","Background","Rural","4.8376","50.9775","55.0","","","","E1a/validated data AQ e-Reporting","18/03/2023 22:34:54","http://fme.discomap.eea.europa.eu/fmedatastreaming/AirQualityDownload/AQData_Extract.fmw?CountryCode=BE&CityName=&Pollutant=7&Year_from=2016&Year_to=2016&Station=STA-BETN035&Samplingpoint=&Source=E1a&Output=HTML&UpdateDate="
"Belgium","NET-Flanders","Flanders","BETR841","42R841 - MECHELEN","SPO-BETR841_06001_100","PM2.5","Particulate matter < 2.5 µm (aerosol)","P1Y-day-per50","1 year 50 %ile of daily values in a year","2016","10.250","ug/m3","98.09","1","Background","Suburban","4.4693","51.0025","8.0","Mechelen                                                                        ","BE012C1                                           ","86911","E1a/validated data AQ e-Reporting","18/03/2023 22:11:51","http://fme.discomap.eea.europa.eu/fmedatastreaming/AirQualityDownload/AQData_Extract.fmw?CountryCode=BE&CityName=&Pollutant=6001&Year_from=2016&Year_to=2016&Station=STA-BETR841&Samplingpoint=&Source=E1a&Output=HTML&UpdateDate="
"Belgium","NET-Flanders","Flanders","BETR020","42R020 - VILVOORDE","SPO-BETR020_00005_100","PM10","Particulate matter < 10 µm (aerosol)","P1Y-P1D-per90.41","1 year 90.41 percentile","2016","37.829","ug/m3","100.00","1","Background","Suburban","4.4367","50.9414","12.0","","","","E1a/validated data AQ e-Reporting","18/03/2023 22:09:05","http://fme.discomap.eea.europa.eu/fmedatastreaming/AirQualityDownload/AQData_Extract.fmw?CountryCode=BE&CityName=&Pollutant=5&Year_from=2016&Year_to=2016&Station=STA-BETR020&Samplingpoint=&Source=E1a&Output=HTML&UpdateDate="
"Belgium","NET-Flanders","Flanders","BETN029","44N029 - HOUTEM","SPO-BETN029_00020_100","C6H6","Benzene (air)","P1Y-day-max","1 year day max","2016","1.597","ug/m3","6.56","1","Background","Rural","2.5823","51.0163","2.0","","","","E1a/validated data AQ e-Reporting","18/03/2023 21:43:39","http://fme.discomap.eea.europa.eu/fmedatastreaming/AirQualityDownload/AQData_Extract.fmw?CountryCode=BE&CityName=&Pollutant=20&Year_from=2016&Year_to=2016&Station=STA-BETN029&Samplingpoint=&Source=E1a&Output=HTML&UpdateDate="
"Belgium","NET-Flanders","Flanders","BETM705","44M705 - ROESELARE","SPO-BETM705_00008_100","NO2","Nitrogen dioxide (air)","P1Y-day-min","1 year day min","2016","2.826","ug/m3","99.18","1","Industrial","Suburban","3.1524","50.9454","19.0","","","","E1a/validated data AQ e-Reporting","18/03/2023 21:56:03","http://fme.discomap.eea.europa.eu/fmedatastreaming/AirQualityDownload/AQData_Extract.fmw?CountryCode=BE&CityName=&Pollutant=8&Year_from=2016&Year_to=2016&Station=STA-BETM705&Samplingpoint=&Source=E1a&Output=HTML&UpdateDate="
"Belgium","NET-Flanders","Flanders","BETR750","44R750 - ZELZATE","SPO-BETR750_00010_100","CO","Carbon monoxide (air)","P1Y-8hdmxAbove10","1 year daymax exceed 10","2016","0.000","count","98.09","1","Industrial","Rural","3.8229","51.1961","6.0","","","","E1a/validated data AQ e-Reporting","18/03/2023 22:27:43","http://fme.discomap.eea.europa.eu/fmedatastreaming/AirQualityDownload/AQData_Extract.fmw?CountryCode=BE&CityName=&Pollutant=10&Year_from=2016&Year_to=2016&Station=STA-BETR750&Samplingpoint=&Source=E1a&Output=HTML&UpdateDate="
"Belgium","NET-Flanders","Flanders","BETN040","42N040 - ST.P.LEEUWG","SPO-BETN040_00007_100","O3","Ozone (air)","SOMO10","Sum of Ozone Means Over 10 ppb","2016","16497.669","ug/m3","92.62","1","Background","Rural","4.2252","50.7681","20.0","","","","E1a/validated data AQ e-Reporting","18/03/2023 22:59:50","http://fme.discomap.eea.europa.eu/fmedatastreaming/AirQualityDownload/AQData_Extract.fmw?CountryCode=BE&CityName=&Pollutant=7&Year_from=2016&Year_to=2016&Station=STA-BETN040&Samplingpoint=&Source=E1a&Output=HTML&UpdateDate="
"Belgium","NET-Flanders","Flanders","BETR831","42R831 - BERENDRECHT","SPO-BETR831_00007_100","O3","Ozone (air)","AOT40c","AOT40 vegetation protection","2016","7299.186","ug/m3","96.20","1","Industrial","Rural","4.3397","51.3488","3.0","Antwerpen                                                                       ","BE002C1                                           ","530014","E1a/validated data AQ e-Reporting","18/03/2023 23:06:29","http://fme.discomap.eea.europa.eu/fmedatastreaming/AirQualityDownload/AQData_Extract.fmw?CountryCode=BE&CityName=&Pollutant=7&Year_from=2016&Year_to=2016&Station=STA-BETR831&Samplingpoint=&Source=E1a&Output=HTML&UpdateDate="
"Belgium","NET-Flanders","Flanders","BETN052","44N052 - ZWEVEGEM","SPO-BETN052_00005_100","PM10","Particulate matter < 10 µm (aerosol)","P1Y-hr-per50","1 year 50 percentile","2016","19.100","ug/m3","99.27","1","Background","Suburban","3.3225","50.8149","27.0","","","","E1a/validated data AQ e-Reporting","18/03/2023 22:05:49","http://fme.discomap.eea.europa.eu/fmedatastreaming/AirQualityDownload/AQData_Extract.fmw?CountryCode=BE&CityName=&Pollutant=5&Year_from=2016&Year_to=2016&Station=STA-BETN052&Samplingpoint=&Source=E1a&Output=HTML&UpdateDate="
"Belgium","NET-Flanders","Flanders","BETN029","44N029 - HOUTEM","SPO-BETN029_00001_100","SO2","Sulphur dioxide (air)","winter-avg","Winter mean","2016","1.092","ug/m3","96.29","1","Background","Rural","2.5823","51.0163","2.0","","","","E1a/validated data AQ e-Reporting","18/03/2023 22:50:43","http://fme.discomap.eea.europa.eu/fmedatastreaming/AirQualityDownload/AQData_Extract.fmw?CountryCode=BE&CityName=&Pollutant=1&Year_from=2016&Year_to=2016&Station=STA-BETN029&Samplingpoint=&Source=E1a&Output=HTML&UpdateDate="
"Belgium","NET-Flanders","Flanders","BETN051","44N051 - IDEGEM","SPO-BETN051_00008_100","NO2","Nitrogen dioxide (air)","P1Y-day-per50","1 year 50 %ile of daily values in a year","2016","10.773","ug/m3","98.36","1","Background","Rural","3.9303","50.7989","15.0","","","","E1a/validated data AQ e-Reporting","18/03/2023 22:14:21","http://fme.discomap.eea.europa.eu/fmedatastreaming/AirQualityDownload/AQData_Extract.fmw?CountryCode=BE&CityName=&Pollutant=8&Year_from=2016&Year_to=2016&Station=STA-BETN051&Samplingpoint=&Source=E1a&Output=HTML&UpdateDate="
"Belgium","NET-Flanders","Flanders","BELSZ02","40SZ02 - STEENOKKERZ","SPO-BELSZ02_00001_100","SO2","Sulphur dioxide (air)","P1Y-daysAbove125","1 year day exceed 125","2016","0.000","count","98.36","1","Industrial","Rural","4.5122","50.9130","15.0","","","","E1a/validated data AQ e-Reporting","18/03/2023 22:23:37","http://fme.discomap.eea.europa.eu/fmedatastreaming/AirQualityDownload/AQData_Extract.fmw?CountryCode=BE&CityName=&Pollutant=1&Year_from=2016&Year_to=2016&Station=STA-BELSZ02&Samplingpoint=&Source=E1a&Output=HTML&UpdateDate="
"Belgium","NET-Flanders","Flanders","BETE008","47E008 - Grimbergen","SPO-BETE008_00008_100","NO2","Nitrogen dioxide (air)","P3Y","3 subsequent calendar years mean","2016","24.403","ug/m3","95.58","1","Industrial","Rural","4.3959","50.9261","14.0","","","","E1a/validated data AQ e-Reporting","18/03/2023 21:36:00","http://fme.discomap.eea.europa.eu/fmedatastreaming/AirQualityDownload/AQData_Extract.fmw?CountryCode=BE&CityName=&Pollutant=8&Year_from=2016&Year_to=2016&Station=STA-BETE008&Samplingpoint=&Source=E1a&Output=HTML&UpdateDate="
"Belgium","NET-Flanders","Flanders","BETN016","42N016 - DESSEL","SPO-BETN016_00005_100","PM10","Particulate matter < 10 µm (aerosol)","P1Y-hr-per50","1 year 50 percentile","2016","17.600","ug/m3","99.86","1","Background","Rural","5.1640","51.2337","30.0","","","","E1a/validated data AQ e-Reporting","18/03/2023 22:05:49","http://fme.discomap.eea.europa.eu/fmedatastreaming/AirQualityDownload/AQData_Extract.fmw?CountryCode=BE&CityName=&Pollutant=5&Year_from=2016&Year_to=2016&Station=STA-BETN016&Samplingpoint=&Source=E1a&Output=HTML&UpdateDate="
"Belgium","NET-Wallonia","Wallonia","BETN121","43N121 - OFFAGNE","SPO-BETN121_00008_100","NO2","Nitrogen dioxide (air)","P1Y-hrsAbove400","1 year hour exceed 400","2016","0.000","count","97.02","1","Background","Rural","5.2024","49.8771","430.0","","","","E1a/validated data AQ e-Reporting","18/03/2023 21:54:38","http://fme.discomap.eea.europa.eu/fmedatastreaming/AirQualityDownload/AQData_Extract.fmw?CountryCode=BE&CityName=&Pollutant=8&Year_from=2016&Year_to=2016&Station=STA-BETN121&Samplingpoint=&Source=E1a&Output=HTML&UpdateDate="
"Belgium","NET-Wallonia","Wallonia","BETN066","43N066 - EUPEN","SPO-BETN066_00007_100","O3","Ozone (air)","P1Y-dx-max26","1 year daymax max 26","2016","105.125","ug/m3","97.54","1","Background","Rural","6.0023","50.6289","295.0","","","","E1a/validated data AQ e-Reporting","18/03/2023 22:32:17","http://fme.discomap.eea.europa.eu/fmedatastreaming/AirQualityDownload/AQData_Extract.fmw?CountryCode=BE&CityName=&Pollutant=7&Year_from=2016&Year_to=2016&Station=STA-BETN066&Samplingpoint=&Source=E1a&Output=HTML&UpdateDate="
"Belgium","NET-Flanders","Flanders","BETR815","42R815 - ZWIJNDRECHT","SPO-BETR815_00005_100","PM10","Particulate matter < 10 µm (aerosol)","P1Y-day-max36","1 year day max 36","2016","37.371","ug/m3","100.00","1","Industrial","Suburban","4.3322","51.2147","7.0","","","","E1a/validated data AQ e-Reporting","18/03/2023 22:32:47","http://fme.discomap.eea.europa.eu/fmedatastreaming/AirQualityDownload/AQData_Extract.fmw?CountryCode=BE&CityName=&Pollutant=5&Year_from=2016&Year_to=2016&Station=STA-BETR815&Samplingpoint=&Source=E1a&Output=HTML&UpdateDate="
"Belgium","NET-Wallonia","Wallonia","BETN132","43N132 - HABAY-LA-N.","SPO-BETN132_06001_100","PM2.5","Particulate matter < 2.5 µm (aerosol)","P1Y-day-min","1 year day min","2016","0.000","ug/m3","99.45","1","Background","Rural","5.6304","49.7193","375.0","","","","E1a/validated data AQ e-Reporting","18/03/2023 21:55:29","http://fme.discomap.eea.europa.eu/fmedatastreaming/AirQualityDownload/AQData_Extract.fmw?CountryCode=BE&CityName=&Pollutant=6001&Year_from=2016&Year_to=2016&Station=STA-BETN132&Samplingpoint=&Source=E1a&Output=HTML&UpdateDate="
"Belgium","NET-Flanders","Flanders","BETR893","42R893 - ANTWERPEN","SPO-BETR893_00008_100","NO2","Nitrogen dioxide (air)","P1Y","Annual mean / 1 calendar year","2016","34.645","ug/m3","96.82","1","Industrial","Suburban","4.3858","51.2814","6.0","Antwerpen                                                                       ","BE002C1                                           ","530014","E1a/validated data AQ e-Reporting","18/03/2023 21:08:58","http://fme.discomap.eea.europa.eu/fmedatastreaming/AirQualityDownload/AQData_Extract.fmw?CountryCode=BE&CityName=&Pollutant=8&Year_from=2016&Year_to=2016&Station=STA-BETR893&Samplingpoint=&Source=E1a&Output=HTML&UpdateDate="
"Belgium","NET-Wallonia","Wallonia","BETR222","43R222 - SERAING","SPO-BETR222_00008_100","NO2","Nitrogen dioxide (air)","P1Y-day-max","1 year day max","2016","67.643","ug/m3","94.54","1","Background","Suburban","5.5702","50.6134","65.0","Liège                                                                           ","BE005C1                                           ","383700","E1a/validated data AQ e-Reporting","18/03/2023 21:43:56","http://fme.discomap.eea.europa.eu/fmedatastreaming/AirQualityDownload/AQData_Extract.fmw?CountryCode=BE&CityName=&Pollutant=8&Year_from=2016&Year_to=2016&Station=STA-BETR222&Samplingpoint=&Source=E1a&Output=HTML&UpdateDate="
"Belgium","NET-Flanders","Flanders","BETE811","47E811 - DIEPENBEEK","SPO-BETE811_00001_100","SO2","Sulphur dioxide (air)","P1Y-hr-min","1 year hour min","2016","1.000","ug/m3","45.92","1","Industrial","Rural","5.4182","50.8969","59.0","","","","E1a/validated data AQ e-Reporting","18/03/2023 22:31:20","http://fme.discomap.eea.europa.eu/fmedatastreaming/AirQualityDownload/AQData_Extract.fmw?CountryCode=BE&CityName=&Pollutant=1&Year_from=2016&Year_to=2016&Station=STA-BETE811&Samplingpoint=&Source=E1a&Output=HTML&UpdateDate="
"Belgium","NET-Flanders","Flanders","BETR815","42R815 - ZWIJNDRECHT","SPO-BETR815_00001_100","SO2","Sulphur dioxide (air)","P1Y","Annual mean / 1 calendar year","2016","2.684","ug/m3","97.27","1","Industrial","Suburban","4.3322","51.2147","7.0","","","","E1a/validated data AQ e-Reporting","18/03/2023 21:08:58","http://fme.discomap.eea.europa.eu/fmedatastreaming/AirQualityDownload/AQData_Extract.fmw?CountryCode=BE&CityName=&Pollutant=1&Year_from=2016&Year_to=2016&Station=STA-BETR815&Samplingpoint=&Source=E1a&Output=HTML&UpdateDate="
"Belgium","NET-Flanders","Flanders","BETR815","42R815 - ZWIJNDRECHT","SPO-BETR815_00005_100","PM10","Particulate matter < 10 µm (aerosol)","P1Y-daysAbove50","1 year day exceed 50","2016","7.000","count","100.00","1","Industrial","Suburban","4.3322","51.2147","7.0","","","","E1a/validated data AQ e-Reporting","18/03/2023 22:27:00","http://fme.discomap.eea.europa.eu/fmedatastreaming/AirQualityDownload/AQData_Extract.fmw?CountryCode=BE&CityName=&Pollutant=5&Year_from=2016&Year_to=2016&Station=STA-BETR815&Samplingpoint=&Source=E1a&Output=HTML&UpdateDate="
"Belgium","NET-Flanders","Flanders","BESR801","59R801 - ANTWERPEN","SPO-BESR801_00441_100","C7H16","n-Heptane (air)","P1Y","Annual mean / 1 calendar year","2016","0.000","ug/m3","84.16","1","Background","Suburban","4.4318","51.2097","0.0","Antwerpen                                                                       ","BE002C1                                           ","530014","E1a/validated data AQ e-Reporting","18/03/2023 21:08:58","http://fme.discomap.eea.europa.eu/fmedatastreaming/AirQualityDownload/AQData_Extract.fmw?CountryCode=BE&CityName=&Pollutant=441&Year_from=2016&Year_to=2016&Station=STA-BESR801&Samplingpoint=&Source=E1a&Output=HTML&UpdateDate="
"Belgium","NET-Flanders","Flanders","BETR701","44R701 - GENT","SPO-BETR701_06001_100","PM2.5","Particulate matter < 2.5 µm (aerosol)","P3Y","3 subsequent calendar years mean","2016","14.920","ug/m3","98.44","1","Background","Urban","3.7293","51.0583","5.0","Gent                                                                            ","BE003C1                                           ","263687","E1a/validated data AQ e-Reporting","18/03/2023 21:36:00","http://fme.discomap.eea.europa.eu/fmedatastreaming/AirQualityDownload/AQData_Extract.fmw?CountryCode=BE&CityName=&Pollutant=6001&Year_from=2016&Year_to=2016&Station=STA-BETR701&Samplingpoint=&Source=E1a&Output=HTML&UpdateDate="
"Belgium","NET-Flanders","Flanders","BETE008","47E008 - Grimbergen","SPO-BETE008_00008_100","NO2","Nitrogen dioxide (air)","P1Y-hr-per50","1 year 50 percentile","2016","19.500","ug/m3","95.26","1","Industrial","Rural","4.3959","50.9261","14.0","","","","E1a/validated data AQ e-Reporting","18/03/2023 22:05:49","http://fme.discomap.eea.europa.eu/fmedatastreaming/AirQualityDownload/AQData_Extract.fmw?CountryCode=BE&CityName=&Pollutant=8&Year_from=2016&Year_to=2016&Station=STA-BETE008&Samplingpoint=&Source=E1a&Output=HTML&UpdateDate="
"Belgium","NET-Flanders","Flanders","BETM705","44M705 - ROESELARE","SPO-BETM705_00008_100","NO2","Nitrogen dioxide (air)","P1Y-day-max","1 year day max","2016","64.870","ug/m3","99.18","1","Industrial","Suburban","3.1524","50.9454","19.0","","","","E1a/validated data AQ e-Reporting","18/03/2023 21:43:56","http://fme.discomap.eea.europa.eu/fmedatastreaming/AirQualityDownload/AQData_Extract.fmw?CountryCode=BE&CityName=&Pollutant=8&Year_from=2016&Year_to=2016&Station=STA-BETM705&Samplingpoint=&Source=E1a&Output=HTML&UpdateDate="
"Belgium","NET-Flanders","Flanders","BEMHB23","0HOB23 - HOBOKEN","SPO-BEMHB23_05015_100","Ni in PM10","Nickel in PM10 (aerosol)","P1Y","Annual mean / 1 calendar year","2016","3.553","ng/m3","99.45","1","Background","Urban","4.3410","51.1703","10.0","Antwerpen                                                                       ","BE002C1                                           ","530014","E1a/validated data AQ e-Reporting","18/03/2023 21:08:58","http://fme.discomap.eea.europa.eu/fmedatastreaming/AirQualityDownload/AQData_Extract.fmw?CountryCode=BE&CityName=&Pollutant=5015&Year_from=2016&Year_to=2016&Station=STA-BEMHB23&Samplingpoint=&Source=E1a&Output=HTML&UpdateDate="
"Belgium","NET-Flanders","Flanders","BETR801","42R801 - BORGERHOUT","SPO-BETR801_00001_100","SO2","Sulphur dioxide (air)","P1Y","Annual mean / 1 calendar year","2016","2.137","ug/m3","97.19","1","Background","Urban","4.4318","51.2097","6.0","Antwerpen                                                                       ","BE002C1                                           ","530014","E1a/validated data AQ e-Reporting","18/03/2023 21:08:58","http://fme.discomap.eea.europa.eu/fmedatastreaming/AirQualityDownload/AQData_Extract.fmw?CountryCode=BE&CityName=&Pollutant=1&Year_from=2016&Year_to=2016&Station=STA-BETR801&Samplingpoint=&Source=E1a&Output=HTML&UpdateDate="
"Belgium","NET-Flanders","Flanders","BETN016","42N016 - DESSEL","SPO-BETN016_00007_100","O3","Ozone (air)","AOT40f","AOT40 for forest protection","2016","16936.393","ug/m3","97.45","1","Background","Rural","5.1640","51.2337","30.0","","","","E1a/validated data AQ e-Reporting","18/03/2023 23:06:40","http://fme.discomap.eea.europa.eu/fmedatastreaming/AirQualityDownload/AQData_Extract.fmw?CountryCode=BE&CityName=&Pollutant=7&Year_from=2016&Year_to=2016&Station=STA-BETN016&Samplingpoint=&Source=E1a&Output=HTML&UpdateDate="
"Belgium","NET-Flanders","Flanders","BETR721","44R721 - WONDELGEM","SPO-BETR721_00001_100","SO2","Sulphur dioxide (air)","P1Y-P1D-per99","1 year 99 percentile of daily means (P1D) or .../aq/primaryObservation/day","2016","35.196","ug/m3","98.09","1","Industrial","Suburban","3.7161","51.0890","6.0","Gent                                                                            ","BE003C1                                           ","263687","E1a/validated data AQ e-Reporting","18/03/2023 22:11:00","http://fme.discomap.eea.europa.eu/fmedatastreaming/AirQualityDownload/AQData_Extract.fmw?CountryCode=BE&CityName=&Pollutant=1&Year_from=2016&Year_to=2016&Station=STA-BETR721&Samplingpoint=&Source=E1a&Output=HTML&UpdateDate="
"Belgium","NET-Flanders","Flanders","BETR817","42R817 - ANTWERPEN","SPO-BETR817_06001_100","PM2.5","Particulate matter < 2.5 µm (aerosol)","P1Y-hr-per50","1 year 50 percentile","2016","10.000","ug/m3","99.70","1","Background","Suburban","4.4180","51.1771","6.0","Antwerpen                                                                       ","BE002C1                                           ","530014","E1a/validated data AQ e-Reporting","18/03/2023 22:05:49","http://fme.discomap.eea.europa.eu/fmedatastreaming/AirQualityDownload/AQData_Extract.fmw?CountryCode=BE&CityName=&Pollutant=6001&Year_from=2016&Year_to=2016&Station=STA-BETR817&Samplingpoint=&Source=E1a&Output=HTML&UpdateDate="
"Belgium","NET-Flanders","Flanders","BETN035","42N035 - AARSCHOT","SPO-BETN035_00007_100","O3","Ozone (air)","P1Y-day-min","1 year day min","2016","1.043","ug/m3","95.08","1","Background","Rural","4.8376","50.9775","55.0","","","","E1a/validated data AQ e-Reporting","18/03/2023 21:56:21","http://fme.discomap.eea.europa.eu/fmedatastreaming/AirQualityDownload/AQData_Extract.fmw?CountryCode=BE&CityName=&Pollutant=7&Year_from=2016&Year_to=2016&Station=STA-BETN035&Samplingpoint=&Source=E1a&Output=HTML&UpdateDate="
"Belgium","NET-Wallonia","Wallonia","BETN085","43N085 - VIELSALM","SPO-BETN085_00007_100","O3","Ozone (air)","P1Y-maxP6M-P8H-dmax","Yearly highest six monthly average of daily maximum 8-hour mean concentration","2016","73.708","ug/m3","100.00","1","Background","Rural","6.0017","50.3032","490.0","","","","E1a/validated data AQ e-Reporting","18/03/2023 22:58:54","http://fme.discomap.eea.europa.eu/fmedatastreaming/AirQualityDownload/AQData_Extract.fmw?CountryCode=BE&CityName=&Pollutant=7&Year_from=2016&Year_to=2016&Station=STA-BETN085&Samplingpoint=&Source=E1a&Output=HTML&UpdateDate="
"Belgium","NET-Wallonia","Wallonia","BETN063","43N063 - CORROY L.G.","SPO-BETN063_06001_100","PM2.5","Particulate matter < 2.5 µm (aerosol)","P1Y-day-per50","1 year 50 %ile of daily values in a year","2016","8.677","ug/m3","100.00","1","Background","Rural","4.6683","50.6554","145.0","","","","E1a/validated data AQ e-Reporting","18/03/2023 22:11:51","http://fme.discomap.eea.europa.eu/fmedatastreaming/AirQualityDownload/AQData_Extract.fmw?CountryCode=BE&CityName=&Pollutant=6001&Year_from=2016&Year_to=2016&Station=STA-BETN063&Samplingpoint=&Source=E1a&Output=HTML&UpdateDate="
"Belgium","NET-Flanders","Flanders","BETR020","42R020 - VILVOORDE","SPO-BETR020_00005_100","PM10","Particulate matter < 10 µm (aerosol)","P1Y-P1D-per90.4","1 year 90.4 percentile - COMPLIANCE","2016","37.829","ug/m3","100.00","1","Background","Suburban","4.4367","50.9414","12.0","","","","E1a/validated data AQ e-Reporting","18/03/2023 22:08:35","http://fme.discomap.eea.europa.eu/fmedatastreaming/AirQualityDownload/AQData_Extract.fmw?CountryCode=BE&CityName=&Pollutant=5&Year_from=2016&Year_to=2016&Station=STA-BETR020&Samplingpoint=&Source=E1a&Output=HTML&UpdateDate="
"Belgium","NET-Flanders","Flanders","BETR820","42R820 - KAPELLEN","SPO-BETR820_00008_100","NO2","Nitrogen dioxide (air)","P1Y-hrsAbove200","1 year hour exceed 200","2016","0.000","count","96.49","1","Background","Suburban","4.4448","51.3204","11.0","","","","E1a/validated data AQ e-Reporting","18/03/2023 21:48:42","http://fme.discomap.eea.europa.eu/fmedatastreaming/AirQualityDownload/AQData_Extract.fmw?CountryCode=BE&CityName=&Pollutant=8&Year_from=2016&Year_to=2016&Station=STA-BETR820&Samplingpoint=&Source=E1a&Output=HTML&UpdateDate="
"Belgium","NET-Flanders","Flanders","BETN045","42N045 - HASSELT","SPO-BETN045_00008_100","NO2","Nitrogen dioxide (air)","P3Y","3 subsequent calendar years mean","2016","22.999","ug/m3","96.90","1","Background","Suburban","5.3684","50.9397","41.0","","","","E1a/validated data AQ e-Reporting","18/03/2023 21:36:00","http://fme.discomap.eea.europa.eu/fmedatastreaming/AirQualityDownload/AQData_Extract.fmw?CountryCode=BE&CityName=&Pollutant=8&Year_from=2016&Year_to=2016&Station=STA-BETN045&Samplingpoint=&Source=E1a&Output=HTML&UpdateDate="
"Belgium","NET-Brussels","Brussels","BETR001","41R001 - MOLENBEEK","SPO-BETR001_00001_100","SO2","Sulphur dioxide (air)","P1Y-day-min","1 year day min","2016","0.752","ug/m3","96.72","1","Background","Urban","4.3341","50.8497","20.0","Bruxelles / Brussel                                                             ","BE001C1                                           ","1223364","E1a/validated data AQ e-Reporting","18/03/2023 21:54:56","http://fme.discomap.eea.europa.eu/fmedatastreaming/AirQualityDownload/AQData_Extract.fmw?CountryCode=BE&CityName=&Pollutant=1&Year_from=2016&Year_to=2016&Station=STA-BETR001&Samplingpoint=&Source=E1a&Output=HTML&UpdateDate="
"Belgium","NET-Flanders","Flanders","BESMA01","59MA01 - MAASMECHELEN","SPO-BESMA01_00441_100","C7H16","n-Heptane (air)","P1Y","Annual mean / 1 calendar year","2016","0.000","ug/m3","86.62","1","Background","Suburban","5.7256","50.9816","0.0","","","","E1a/validated data AQ e-Reporting","18/03/2023 21:08:58","http://fme.discomap.eea.europa.eu/fmedatastreaming/AirQualityDownload/AQData_Extract.fmw?CountryCode=BE&CityName=&Pollutant=441&Year_from=2016&Year_to=2016&Station=STA-BESMA01&Samplingpoint=&Source=E1a&Output=HTML&UpdateDate="
"Belgium","NET-Flanders","Flanders","BESN029","59N029 - VEURNE","SPO-BESN029_00443_100","C6H14","n-Hexane (air)","P1Y","Annual mean / 1 calendar year","2016","0.000","ug/m3","87.99","1","Background","Suburban","2.5823","51.0163","0.0","","","","E1a/validated data AQ e-Reporting","18/03/2023 21:08:58","http://fme.discomap.eea.europa.eu/fmedatastreaming/AirQualityDownload/AQData_Extract.fmw?CountryCode=BE&CityName=&Pollutant=443&Year_from=2016&Year_to=2016&Station=STA-BESN029&Samplingpoint=&Source=E1a&Output=HTML&UpdateDate="
"Belgium","NET-Flanders","Flanders","BETR710","44R710 - DESTELBERGE","SPO-BETR710_00007_100","O3","Ozone (air)","AOT40cmeasured","AOT40c UNCORRECTED for data capture","2016","5510.000","ug/m3","95.92","1","Background","Suburban","3.7753","51.0613","6.0","","","","E1a/validated data AQ e-Reporting","18/03/2023 23:01:40","http://fme.discomap.eea.europa.eu/fmedatastreaming/AirQualityDownload/AQData_Extract.fmw?CountryCode=BE&CityName=&Pollutant=7&Year_from=2016&Year_to=2016&Station=STA-BETR710&Samplingpoint=&Source=E1a&Output=HTML&UpdateDate="
"Belgium","NET-Flanders","Flanders","BETR710","44R710 - DESTELBERGE","SPO-BETR710_00007_100","O3","Ozone (air)","P1Y-hrsAbove240","1 year hour exceed 240","2016","0.000","count","87.15","1","Background","Suburban","3.7753","51.0613","6.0","","","","E1a/validated data AQ e-Reporting","18/03/2023 21:50:25","http://fme.discomap.eea.europa.eu/fmedatastreaming/AirQualityDownload/AQData_Extract.fmw?CountryCode=BE&CityName=&Pollutant=7&Year_from=2016&Year_to=2016&Station=STA-BETR710&Samplingpoint=&Source=E1a&Output=HTML&UpdateDate="
"Belgium","NET-Flanders","Flanders","BETR721","44R721 - WONDELGEM","SPO-BETR721_00001_100","SO2","Sulphur dioxide (air)","P1Y-day-max","1 year day max","2016","57.583","ug/m3","98.09","1","Industrial","Suburban","3.7161","51.0890","6.0","Gent                                                                            ","BE003C1                                           ","263687","E1a/validated data AQ e-Reporting","18/03/2023 21:42:48","http://fme.discomap.eea.europa.eu/fmedatastreaming/AirQualityDownload/AQData_Extract.fmw?CountryCode=BE&CityName=&Pollutant=1&Year_from=2016&Year_to=2016&Station=STA-BETR721&Samplingpoint=&Source=E1a&Output=HTML&UpdateDate="
"Belgium","NET-Flanders","Flanders","BETR817","42R817 - ANTWERPEN","SPO-BETR817_00005_100","PM10","Particulate matter < 10 µm (aerosol)","P1Y-day-max","1 year day max","2016","65.163","ug/m3","100.00","1","Background","Suburban","4.4180","51.1771","6.0","Antwerpen                                                                       ","BE002C1                                           ","530014","E1a/validated data AQ e-Reporting","18/03/2023 21:43:06","http://fme.discomap.eea.europa.eu/fmedatastreaming/AirQualityDownload/AQData_Extract.fmw?CountryCode=BE&CityName=&Pollutant=5&Year_from=2016&Year_to=2016&Station=STA-BETR817&Samplingpoint=&Source=E1a&Output=HTML&UpdateDate="
"Belgium","NET-Flanders","Flanders","BETR701","44R701 - GENT","SPO-BETR701_00001_100","SO2","Sulphur dioxide (air)","P1Y-day-max","1 year day max","2016","7.674","ug/m3","98.91","1","Background","Urban","3.7293","51.0583","5.0","Gent                                                                            ","BE003C1                                           ","263687","E1a/validated data AQ e-Reporting","18/03/2023 21:42:48","http://fme.discomap.eea.europa.eu/fmedatastreaming/AirQualityDownload/AQData_Extract.fmw?CountryCode=BE&CityName=&Pollutant=1&Year_from=2016&Year_to=2016&Station=STA-BETR701&Samplingpoint=&Source=E1a&Output=HTML&UpdateDate="
"Belgium","NET-Flanders","Flanders","BETR701","44R701 - GENT","SPO-BETR701_00001_100","SO2","Sulphur dioxide (air)","P1Y-daysAbove125","1 year day exceed 125","2016","0.000","count","98.91","1","Background","Urban","3.7293","51.0583","5.0","Gent                                                                            ","BE003C1                                           ","263687","E1a/validated data AQ e-Reporting","18/03/2023 22:23:37","http://fme.discomap.eea.europa.eu/fmedatastreaming/AirQualityDownload/AQData_Extract.fmw?CountryCode=BE&CityName=&Pollutant=1&Year_from=2016&Year_to=2016&Station=STA-BETR701&Samplingpoint=&Source=E1a&Output=HTML&UpdateDate="
"Belgium","NET-Flanders","Flanders","BETR801","42R801 - BORGERHOUT","SPO-BETR801_00391_100","Black Carbon","black_carbon (aerosol)","P1Y-hr-per50","1 year 50 percentile","2016","1.430","ug/m3","97.67","1","Background","Urban","4.4318","51.2097","6.0","Antwerpen                                                                       ","BE002C1                                           ","530014","E1a/validated data AQ e-Reporting","18/03/2023 22:05:49","http://fme.discomap.eea.europa.eu/fmedatastreaming/AirQualityDownload/AQData_Extract.fmw?CountryCode=BE&CityName=&Pollutant=391&Year_from=2016&Year_to=2016&Station=STA-BETR801&Samplingpoint=&Source=E1a&Output=HTML&UpdateDate="
"Belgium","NET-Flanders","Flanders","BETM705","44M705 - ROESELARE","SPO-BETM705_00391_100","Black Carbon","black_carbon (aerosol)","P1Y-hr-min","1 year hour min","2016","0.035","ug/m3","96.95","1","Industrial","Suburban","3.1524","50.9454","19.0","","","","E1a/validated data AQ e-Reporting","18/03/2023 22:31:20","http://fme.discomap.eea.europa.eu/fmedatastreaming/AirQualityDownload/AQData_Extract.fmw?CountryCode=BE&CityName=&Pollutant=391&Year_from=2016&Year_to=2016&Station=STA-BETM705&Samplingpoint=&Source=E1a&Output=HTML&UpdateDate="
"Belgium","NET-Flanders","Flanders","BETM802","42M802 - ANTWERPEN","SPO-BETM802_00001_100","SO2","Sulphur dioxide (air)","P1Y-hrsAbove350","1 year hour exceed 350","2016","0.000","count","96.02","1","Industrial","Suburban","4.4244","51.2610","3.0","Antwerpen                                                                       ","BE002C1                                           ","530014","E1a/validated data AQ e-Reporting","18/03/2023 21:52:12","http://fme.discomap.eea.europa.eu/fmedatastreaming/AirQualityDownload/AQData_Extract.fmw?CountryCode=BE&CityName=&Pollutant=1&Year_from=2016&Year_to=2016&Station=STA-BETM802&Samplingpoint=&Source=E1a&Output=HTML&UpdateDate="
"Belgium","NET-Flanders","Flanders","BETE812","47E812 - GENK","SPO-BETE812_00008_100","NO2","Nitrogen dioxide (air)","P1Y-3hAbove400","3 consecutive hours in exceedance of 400","2016","0.000","count","54.46","1","Industrial","Suburban","5.5377","50.9680","82.0","","","","E1a/validated data AQ e-Reporting","18/03/2023 22:22:30","http://fme.discomap.eea.europa.eu/fmedatastreaming/AirQualityDownload/AQData_Extract.fmw?CountryCode=BE&CityName=&Pollutant=8&Year_from=2016&Year_to=2016&Station=STA-BETE812&Samplingpoint=&Source=E1a&Output=HTML&UpdateDate="
"Belgium","NET-Flanders","Flanders","BETE812","47E812 - GENK","SPO-BETE812_00001_100","SO2","Sulphur dioxide (air)","P1Y","Annual mean / 1 calendar year","2016","1.275","ug/m3","46.22","1","Industrial","Suburban","5.5377","50.9680","82.0","","","","E1a/validated data AQ e-Reporting","18/03/2023 21:08:58","http://fme.discomap.eea.europa.eu/fmedatastreaming/AirQualityDownload/AQData_Extract.fmw?CountryCode=BE&CityName=&Pollutant=1&Year_from=2016&Year_to=2016&Station=STA-BETE812&Samplingpoint=&Source=E1a&Output=HTML&UpdateDate="
"Belgium","NET-Flanders","Flanders","BETR020","42R020 - VILVOORDE","SPO-BETR020_00005_100","PM10","Particulate matter < 10 µm (aerosol)","P1Y-day-max","1 year day max","2016","95.142","ug/m3","100.00","1","Background","Suburban","4.4367","50.9414","12.0","","","","E1a/validated data AQ e-Reporting","18/03/2023 21:43:06","http://fme.discomap.eea.europa.eu/fmedatastreaming/AirQualityDownload/AQData_Extract.fmw?CountryCode=BE&CityName=&Pollutant=5&Year_from=2016&Year_to=2016&Station=STA-BETR020&Samplingpoint=&Source=E1a&Output=HTML&UpdateDate="
"Belgium","NET-Flanders","Flanders","BETN016","42N016 - DESSEL","SPO-BETN016_00001_100","SO2","Sulphur dioxide (air)","P1Y-P1D-per99","1 year 99 percentile of daily means (P1D) or .../aq/primaryObservation/day","2016","5.833","ug/m3","99.45","1","Background","Rural","5.1640","51.2337","30.0","","","","E1a/validated data AQ e-Reporting","18/03/2023 22:11:00","http://fme.discomap.eea.europa.eu/fmedatastreaming/AirQualityDownload/AQData_Extract.fmw?CountryCode=BE&CityName=&Pollutant=1&Year_from=2016&Year_to=2016&Station=STA-BETN016&Samplingpoint=&Source=E1a&Output=HTML&UpdateDate="
"Belgium","NET-Flanders","Flanders","BETN054","42N054 - WALSHOUTEM","SPO-BETN054_00005_100","PM10","Particulate matter < 10 µm (aerosol)","P1Y-day-per50","1 year 50 %ile of daily values in a year","2016","19.329","ug/m3","97.81","1","Background","Rural","5.1032","50.7117","135.0","","","","E1a/validated data AQ e-Reporting","18/03/2023 22:08:05","http://fme.discomap.eea.europa.eu/fmedatastreaming/AirQualityDownload/AQData_Extract.fmw?CountryCode=BE&CityName=&Pollutant=5&Year_from=2016&Year_to=2016&Station=STA-BETN054&Samplingpoint=&Source=E1a&Output=HTML&UpdateDate="
"Belgium","NET-Flanders","Flanders","BETR841","42R841 - MECHELEN","SPO-BETR841_00008_100","NO2","Nitrogen dioxide (air)","P1Y-hr-min","1 year hour min","2016","1.500","ug/m3","95.06","1","Background","Suburban","4.4693","51.0025","8.0","Mechelen                                                                        ","BE012C1                                           ","86911","E1a/validated data AQ e-Reporting","18/03/2023 22:31:20","http://fme.discomap.eea.europa.eu/fmedatastreaming/AirQualityDownload/AQData_Extract.fmw?CountryCode=BE&CityName=&Pollutant=8&Year_from=2016&Year_to=2016&Station=STA-BETR841&Samplingpoint=&Source=E1a&Output=HTML&UpdateDate="
"Belgium","NET-Flanders","Flanders","BETN054","42N054 - WALSHOUTEM","SPO-BETN054_00007_100","O3","Ozone (air)","P3Y","3 subsequent calendar years mean","2016","48.628","ug/m3","90.66","1","Background","Rural","5.1032","50.7117","135.0","","","","E1a/validated data AQ e-Reporting","18/03/2023 21:36:00","http://fme.discomap.eea.europa.eu/fmedatastreaming/AirQualityDownload/AQData_Extract.fmw?CountryCode=BE&CityName=&Pollutant=7&Year_from=2016&Year_to=2016&Station=STA-BETN054&Samplingpoint=&Source=E1a&Output=HTML&UpdateDate="
"Belgium","NET-Wallonia","Wallonia","BETN085","43N085 - VIELSALM","SPO-BETN085_00005_100","PM10","Particulate matter < 10 µm (aerosol)","P1Y-hr-per50","1 year 50 percentile","2016","6.271","ug/m3","98.95","1","Background","Rural","6.0017","50.3032","490.0","","","","E1a/validated data AQ e-Reporting","18/03/2023 22:05:49","http://fme.discomap.eea.europa.eu/fmedatastreaming/AirQualityDownload/AQData_Extract.fmw?CountryCode=BE&CityName=&Pollutant=5&Year_from=2016&Year_to=2016&Station=STA-BETN085&Samplingpoint=&Source=E1a&Output=HTML&UpdateDate="
"Belgium","NET-Wallonia","Wallonia","BETN085","43N085 - VIELSALM","SPO-BETN085_00007_100","O3","Ozone (air)","P1Y-hr-max","1 year hour max","2016","196.000","ug/m3","94.87","1","Background","Rural","6.0017","50.3032","490.0","","","","E1a/validated data AQ e-Reporting","18/03/2023 21:57:02","http://fme.discomap.eea.europa.eu/fmedatastreaming/AirQualityDownload/AQData_Extract.fmw?CountryCode=BE&CityName=&Pollutant=7&Year_from=2016&Year_to=2016&Station=STA-BETN085&Samplingpoint=&Source=E1a&Output=HTML&UpdateDate="
"Belgium","NET-Flanders","Flanders","BETR811","42R811 - SCHOTEN","SPO-BETR811_00005_100","PM10","Particulate matter < 10 µm (aerosol)","P1Y-day-max","1 year day max","2016","74.433","ug/m3","99.73","1","Background","Suburban","4.4914","51.2521","8.0","","","","E1a/validated data AQ e-Reporting","18/03/2023 21:43:06","http://fme.discomap.eea.europa.eu/fmedatastreaming/AirQualityDownload/AQData_Extract.fmw?CountryCode=BE&CityName=&Pollutant=5&Year_from=2016&Year_to=2016&Station=STA-BETR811&Samplingpoint=&Source=E1a&Output=HTML&UpdateDate="
"Belgium","NET-Flanders","Flanders","BETR731","44R731 - EVERGEM","SPO-BETR731_00005_100","PM10","Particulate matter < 10 µm (aerosol)","P3Y","3 subsequent calendar years mean","2016","24.467","ug/m3","94.66","1","Industrial","Rural","3.7395","51.1247","6.0","","","","E1a/validated data AQ e-Reporting","18/03/2023 21:36:00","http://fme.discomap.eea.europa.eu/fmedatastreaming/AirQualityDownload/AQData_Extract.fmw?CountryCode=BE&CityName=&Pollutant=5&Year_from=2016&Year_to=2016&Station=STA-BETR731&Samplingpoint=&Source=E1a&Output=HTML&UpdateDate="
"Belgium","NET-Flanders","Flanders","BETR731","44R731 - EVERGEM","SPO-BETR731_00008_100","NO2","Nitrogen dioxide (air)","P1Y","Annual mean / 1 calendar year","2016","25.122","ug/m3","93.78","1","Industrial","Rural","3.7395","51.1247","6.0","","","","E1a/validated data AQ e-Reporting","18/03/2023 21:08:58","http://fme.discomap.eea.europa.eu/fmedatastreaming/AirQualityDownload/AQData_Extract.fmw?CountryCode=BE&CityName=&Pollutant=8&Year_from=2016&Year_to=2016&Station=STA-BETR731&Samplingpoint=&Source=E1a&Output=HTML&UpdateDate="
"Belgium","NET-Wallonia","Wallonia","BETN060","43N060 - HAVINNES","SPO-BETN060_00007_100","O3","Ozone (air)","P1Y-hrsAbove240","1 year hour exceed 240","2016","0.000","count","96.17","1","Background","Rural","3.4576","50.6167","0.0","","","","E1a/validated data AQ e-Reporting","18/03/2023 21:50:25","http://fme.discomap.eea.europa.eu/fmedatastreaming/AirQualityDownload/AQData_Extract.fmw?CountryCode=BE&CityName=&Pollutant=7&Year_from=2016&Year_to=2016&Station=STA-BETN060&Samplingpoint=&Source=E1a&Output=HTML&UpdateDate="
"Belgium","NET-Flanders","Flanders","BETR815","42R815 - ZWIJNDRECHT","SPO-BETR815_00391_100","Black Carbon","black_carbon (aerosol)","P1Y-hr-max","1 year hour max","2016","14.680","ug/m3","98.88","1","Industrial","Suburban","4.3322","51.2147","7.0","","","","E1a/validated data AQ e-Reporting","18/03/2023 21:57:02","http://fme.discomap.eea.europa.eu/fmedatastreaming/AirQualityDownload/AQData_Extract.fmw?CountryCode=BE&CityName=&Pollutant=391&Year_from=2016&Year_to=2016&Station=STA-BETR815&Samplingpoint=&Source=E1a&Output=HTML&UpdateDate="
"Belgium","NET-Flanders","Flanders","BETR817","42R817 - ANTWERPEN","SPO-BETR817_00008_100","NO2","Nitrogen dioxide (air)","P1Y-hrsAbove200","1 year hour exceed 200","2016","0.000","count","95.00","1","Background","Suburban","4.4180","51.1771","6.0","Antwerpen                                                                       ","BE002C1                                           ","530014","E1a/validated data AQ e-Reporting","18/03/2023 21:48:42","http://fme.discomap.eea.europa.eu/fmedatastreaming/AirQualityDownload/AQData_Extract.fmw?CountryCode=BE&CityName=&Pollutant=8&Year_from=2016&Year_to=2016&Station=STA-BETR817&Samplingpoint=&Source=E1a&Output=HTML&UpdateDate="
"Belgium","NET-Flanders","Flanders","BETN040","42N040 - ST.P.LEEUWG","SPO-BETN040_00007_100","O3","Ozone (air)","AOT40c","AOT40 vegetation protection","2016","7964.718","ug/m3","97.37","1","Background","Rural","4.2252","50.7681","20.0","","","","E1a/validated data AQ e-Reporting","18/03/2023 23:06:29","http://fme.discomap.eea.europa.eu/fmedatastreaming/AirQualityDownload/AQData_Extract.fmw?CountryCode=BE&CityName=&Pollutant=7&Year_from=2016&Year_to=2016&Station=STA-BETN040&Samplingpoint=&Source=E1a&Output=HTML&UpdateDate="
"Belgium","NET-Flanders","Flanders","BETE715","47E715 - ZUIENKERKE","SPO-BETE715_00008_100","NO2","Nitrogen dioxide (air)","P1Y-hr-per50","1 year 50 percentile","2016","11.000","ug/m3","96.56","1","Industrial","Rural","3.1750","51.2459","4.0","","","","E1a/validated data AQ e-Reporting","18/03/2023 22:05:49","http://fme.discomap.eea.europa.eu/fmedatastreaming/AirQualityDownload/AQData_Extract.fmw?CountryCode=BE&CityName=&Pollutant=8&Year_from=2016&Year_to=2016&Station=STA-BETE715&Samplingpoint=&Source=E1a&Output=HTML&UpdateDate="
"Belgium","NET-Flanders","Flanders","BETN035","42N035 - AARSCHOT","SPO-BETN035_00007_100","O3","Ozone (air)","P1Y-dx-max26","1 year daymax max 26","2016","109.813","ug/m3","94.81","1","Background","Rural","4.8376","50.9775","55.0","","","","E1a/validated data AQ e-Reporting","18/03/2023 22:32:17","http://fme.discomap.eea.europa.eu/fmedatastreaming/AirQualityDownload/AQData_Extract.fmw?CountryCode=BE&CityName=&Pollutant=7&Year_from=2016&Year_to=2016&Station=STA-BETN035&Samplingpoint=&Source=E1a&Output=HTML&UpdateDate="
"Belgium","NET-Flanders","Flanders","BETM802","42M802 - ANTWERPEN","SPO-BETM802_00008_100","NO2","Nitrogen dioxide (air)","P1Y-day-max","1 year day max","2016","93.087","ug/m3","96.45","1","Industrial","Suburban","4.4244","51.2610","3.0","Antwerpen                                                                       ","BE002C1                                           ","530014","E1a/validated data AQ e-Reporting","18/03/2023 21:43:56","http://fme.discomap.eea.europa.eu/fmedatastreaming/AirQualityDownload/AQData_Extract.fmw?CountryCode=BE&CityName=&Pollutant=8&Year_from=2016&Year_to=2016&Station=STA-BETM802&Samplingpoint=&Source=E1a&Output=HTML&UpdateDate="
"Belgium","NET-Flanders","Flanders","BETM802","42M802 - ANTWERPEN","SPO-BETM802_06001_100","PM2.5","Particulate matter < 2.5 µm (aerosol)","P1Y-day-per50","1 year 50 %ile of daily values in a year","2016","10.563","ug/m3","98.09","1","Industrial","Suburban","4.4244","51.2610","3.0","Antwerpen                                                                       ","BE002C1                                           ","530014","E1a/validated data AQ e-Reporting","18/03/2023 22:11:51","http://fme.discomap.eea.europa.eu/fmedatastreaming/AirQualityDownload/AQData_Extract.fmw?CountryCode=BE&CityName=&Pollutant=6001&Year_from=2016&Year_to=2016&Station=STA-BETM802&Samplingpoint=&Source=E1a&Output=HTML&UpdateDate="
"Belgium","NET-Flanders","Flanders","BETN016","42N016 - DESSEL","SPO-BETN016_00391_100","Black Carbon","black_carbon (aerosol)","P1Y-hr-max","1 year hour max","2016","14.300","ug/m3","99.43","1","Background","Rural","5.1640","51.2337","30.0","","","","E1a/validated data AQ e-Reporting","18/03/2023 21:57:02","http://fme.discomap.eea.europa.eu/fmedatastreaming/AirQualityDownload/AQData_Extract.fmw?CountryCode=BE&CityName=&Pollutant=391&Year_from=2016&Year_to=2016&Station=STA-BETN016&Samplingpoint=&Source=E1a&Output=HTML&UpdateDate="
"Belgium","NET-Flanders","Flanders","BETN052","44N052 - ZWEVEGEM","SPO-BETN052_00007_100","O3","Ozone (air)","P3Y","3 subsequent calendar years mean","2016","40.288","ug/m3","90.60","1","Background","Suburban","3.3225","50.8149","27.0","","","","E1a/validated data AQ e-Reporting","18/03/2023 21:36:00","http://fme.discomap.eea.europa.eu/fmedatastreaming/AirQualityDownload/AQData_Extract.fmw?CountryCode=BE&CityName=&Pollutant=7&Year_from=2016&Year_to=2016&Station=STA-BETN052&Samplingpoint=&Source=E1a&Output=HTML&UpdateDate="
"Belgium","NET-Flanders","Flanders","BETN040","42N040 - ST.P.LEEUWG","SPO-BETN040_00008_100","NO2","Nitrogen dioxide (air)","P1Y-hr-max19","1 year hour max19","2016","68.500","ug/m3","96.65","1","Background","Rural","4.2252","50.7681","20.0","","","","E1a/validated data AQ e-Reporting","18/03/2023 22:34:35","http://fme.discomap.eea.europa.eu/fmedatastreaming/AirQualityDownload/AQData_Extract.fmw?CountryCode=BE&CityName=&Pollutant=8&Year_from=2016&Year_to=2016&Station=STA-BETN040&Samplingpoint=&Source=E1a&Output=HTML&UpdateDate="
"Belgium","NET-Wallonia","Wallonia","BETN113","43N113 - SAINT-ODE","SPO-BETN113_00008_100","NO2","Nitrogen dioxide (air)","P1Y-day-max","1 year day max","2016","31.208","ug/m3","91.26","1","Background","Rural","5.5930","50.0270","510.0","","","","E1a/validated data AQ e-Reporting","18/03/2023 21:43:56","http://fme.discomap.eea.europa.eu/fmedatastreaming/AirQualityDownload/AQData_Extract.fmw?CountryCode=BE&CityName=&Pollutant=8&Year_from=2016&Year_to=2016&Station=STA-BETN113&Samplingpoint=&Source=E1a&Output=HTML&UpdateDate="
"Belgium","NET-Flanders","Flanders","BETR801","42R801 - BORGERHOUT","SPO-BETR801_00001_100","SO2","Sulphur dioxide (air)","P1Y-hr-per50","1 year 50 percentile","2016","1.000","ug/m3","97.19","1","Background","Urban","4.4318","51.2097","6.0","Antwerpen                                                                       ","BE002C1                                           ","530014","E1a/validated data AQ e-Reporting","18/03/2023 22:05:49","http://fme.discomap.eea.europa.eu/fmedatastreaming/AirQualityDownload/AQData_Extract.fmw?CountryCode=BE&CityName=&Pollutant=1&Year_from=2016&Year_to=2016&Station=STA-BETR801&Samplingpoint=&Source=E1a&Output=HTML&UpdateDate="
"Belgium","NET-Wallonia","Wallonia","BETR222","43R222 - SERAING","SPO-BETR222_00010_100","CO","Carbon monoxide (air)","P1Y-dx-avg","1 year daymax average","2016","0.300","mg/m3","92.62","1","Background","Suburban","5.5702","50.6134","65.0","Liège                                                                           ","BE005C1                                           ","383700","E1a/validated data AQ e-Reporting","18/03/2023 22:27:48","http://fme.discomap.eea.europa.eu/fmedatastreaming/AirQualityDownload/AQData_Extract.fmw?CountryCode=BE&CityName=&Pollutant=10&Year_from=2016&Year_to=2016&Station=STA-BETR222&Samplingpoint=&Source=E1a&Output=HTML&UpdateDate="
"Belgium","NET-Flanders","Flanders","BETR817","42R817 - ANTWERPEN","SPO-BETR817_00008_100","NO2","Nitrogen dioxide (air)","P1Y-day-max","1 year day max","2016","77.563","ug/m3","96.72","1","Background","Suburban","4.4180","51.1771","6.0","Antwerpen                                                                       ","BE002C1                                           ","530014","E1a/validated data AQ e-Reporting","18/03/2023 21:43:56","http://fme.discomap.eea.europa.eu/fmedatastreaming/AirQualityDownload/AQData_Extract.fmw?CountryCode=BE&CityName=&Pollutant=8&Year_from=2016&Year_to=2016&Station=STA-BETR817&Samplingpoint=&Source=E1a&Output=HTML&UpdateDate="
"Belgium","NET-Wallonia","Wallonia","BETN121","43N121 - OFFAGNE","SPO-BETN121_00005_100","PM10","Particulate matter < 10 µm (aerosol)","P3Y","3 subsequent calendar years mean","2016","12.154","ug/m3","98.91","1","Background","Rural","5.2024","49.8771","430.0","","","","E1a/validated data AQ e-Reporting","18/03/2023 21:36:00","http://fme.discomap.eea.europa.eu/fmedatastreaming/AirQualityDownload/AQData_Extract.fmw?CountryCode=BE&CityName=&Pollutant=5&Year_from=2016&Year_to=2016&Station=STA-BETN121&Samplingpoint=&Source=E1a&Output=HTML&UpdateDate="
"Belgium","NET-Flanders","Flanders","BETN012","44N012 - MOERKERKE","SPO-BETN012_00007_100","O3","Ozone (air)","P1Y-hr-max","1 year hour max","2016","181.000","ug/m3","89.63","1","Background","Rural","3.3625","51.2546","3.0","","","","E1a/validated data AQ e-Reporting","18/03/2023 21:57:02","http://fme.discomap.eea.europa.eu/fmedatastreaming/AirQualityDownload/AQData_Extract.fmw?CountryCode=BE&CityName=&Pollutant=7&Year_from=2016&Year_to=2016&Station=STA-BETN012&Samplingpoint=&Source=E1a&Output=HTML&UpdateDate="
"Belgium","NET-Flanders","Flanders","BETN040","42N040 - ST.P.LEEUWG","SPO-BETN040_00007_100","O3","Ozone (air)","P1Y-dmaxAbove120","1 year daymax exceed 120","2016","12.000","count","92.62","1","Background","Rural","4.2252","50.7681","20.0","","","","E1a/validated data AQ e-Reporting","18/03/2023 22:25:06","http://fme.discomap.eea.europa.eu/fmedatastreaming/AirQualityDownload/AQData_Extract.fmw?CountryCode=BE&CityName=&Pollutant=7&Year_from=2016&Year_to=2016&Station=STA-BETN040&Samplingpoint=&Source=E1a&Output=HTML&UpdateDate="
"Belgium","NET-Flanders","Flanders","BETR803","42R803 - ANTWERPEN","SPO-BETR803_00005_100","PM10","Particulate matter < 10 µm (aerosol)","P1Y-day-max36","1 year day max 36","2016","37.767","ug/m3","95.90","1","Background","Urban","4.4285","51.2286","0.0","Antwerpen                                                                       ","BE002C1                                           ","530014","E1a/validated data AQ e-Reporting","18/03/2023 22:32:47","http://fme.discomap.eea.europa.eu/fmedatastreaming/AirQualityDownload/AQData_Extract.fmw?CountryCode=BE&CityName=&Pollutant=5&Year_from=2016&Year_to=2016&Station=STA-BETR803&Samplingpoint=&Source=E1a&Output=HTML&UpdateDate="
"Belgium","NET-Flanders","Flanders","BELSZ02","40SZ02 - STEENOKKERZ","SPO-BELSZ02_00008_100","NO2","Nitrogen dioxide (air)","P1Y-day-min","1 year day min","2016","5.283","ug/m3","97.81","1","Industrial","Rural","4.5122","50.9130","15.0","","","","E1a/validated data AQ e-Reporting","18/03/2023 21:56:03","http://fme.discomap.eea.europa.eu/fmedatastreaming/AirQualityDownload/AQData_Extract.fmw?CountryCode=BE&CityName=&Pollutant=8&Year_from=2016&Year_to=2016&Station=STA-BELSZ02&Samplingpoint=&Source=E1a&Output=HTML&UpdateDate="
"Belgium","NET-Flanders","Flanders","BETN029","44N029 - HOUTEM","SPO-BETN029_00005_100","PM10","Particulate matter < 10 µm (aerosol)","P1Y","Annual mean / 1 calendar year","2016","18.485","ug/m3","99.29","1","Background","Rural","2.5823","51.0163","2.0","","","","E1a/validated data AQ e-Reporting","18/03/2023 21:08:58","http://fme.discomap.eea.europa.eu/fmedatastreaming/AirQualityDownload/AQData_Extract.fmw?CountryCode=BE&CityName=&Pollutant=5&Year_from=2016&Year_to=2016&Station=STA-BETN029&Samplingpoint=&Source=E1a&Output=HTML&UpdateDate="
"Belgium","NET-Flanders","Flanders","BELWZ02","40WZ02 - MOL","SPO-BELWZ02_00001_100","SO2","Sulphur dioxide (air)","P1Y-hr-per50","1 year 50 percentile","2016","1.000","ug/m3","97.42","1","Industrial","Rural","5.2215","51.1928","40.0","","","","E1a/validated data AQ e-Reporting","18/03/2023 22:05:49","http://fme.discomap.eea.europa.eu/fmedatastreaming/AirQualityDownload/AQData_Extract.fmw?CountryCode=BE&CityName=&Pollutant=1&Year_from=2016&Year_to=2016&Station=STA-BELWZ02&Samplingpoint=&Source=E1a&Output=HTML&UpdateDate="
"Belgium","NET-Flanders","Flanders","BETN046","42N046 - GELLIK","SPO-BETN046_00008_100","NO2","Nitrogen dioxide (air)","P1Y-day-max","1 year day max","2016","49.375","ug/m3","95.63","1","Background","Rural","5.6189","50.8823","70.0","","","","E1a/validated data AQ e-Reporting","18/03/2023 21:43:56","http://fme.discomap.eea.europa.eu/fmedatastreaming/AirQualityDownload/AQData_Extract.fmw?CountryCode=BE&CityName=&Pollutant=8&Year_from=2016&Year_to=2016&Station=STA-BETN046&Samplingpoint=&Source=E1a&Output=HTML&UpdateDate="
"Belgium","NET-Flanders","Flanders","BETR820","42R820 - KAPELLEN","SPO-BETR820_00001_100","SO2","Sulphur dioxide (air)","P1Y-day-max4","1 year day max 4","2016","10.813","ug/m3","99.45","1","Background","Suburban","4.4448","51.3204","11.0","","","","E1a/validated data AQ e-Reporting","18/03/2023 22:31:46","http://fme.discomap.eea.europa.eu/fmedatastreaming/AirQualityDownload/AQData_Extract.fmw?CountryCode=BE&CityName=&Pollutant=1&Year_from=2016&Year_to=2016&Station=STA-BETR820&Samplingpoint=&Source=E1a&Output=HTML&UpdateDate="
"Belgium","NET-Flanders","Flanders","BETR830","42R830 - DOEL","SPO-BETR830_00008_100","NO2","Nitrogen dioxide (air)","P1Y-hr-max","1 year hour max","2016","134.500","ug/m3","96.77","1","Industrial","Rural","4.2626","51.3182","5.0","","","","E1a/validated data AQ e-Reporting","18/03/2023 21:57:02","http://fme.discomap.eea.europa.eu/fmedatastreaming/AirQualityDownload/AQData_Extract.fmw?CountryCode=BE&CityName=&Pollutant=8&Year_from=2016&Year_to=2016&Station=STA-BETR830&Samplingpoint=&Source=E1a&Output=HTML&UpdateDate="
"Belgium","NET-Flanders","Flanders","BETE007","47E007 - Sint-Pieters-Leeuw","SPO-BETE007_00008_100","NO2","Nitrogen dioxide (air)","P1Y-day-min","1 year day min","2016","2.625","ug/m3","98.91","1","Industrial","Rural","4.2526","50.7953","54.0","","","","E1a/validated data AQ e-Reporting","18/03/2023 21:56:03","http://fme.discomap.eea.europa.eu/fmedatastreaming/AirQualityDownload/AQData_Extract.fmw?CountryCode=BE&CityName=&Pollutant=8&Year_from=2016&Year_to=2016&Station=STA-BETE007&Samplingpoint=&Source=E1a&Output=HTML&UpdateDate="
"Belgium","NET-Flanders","Flanders","BETN045","42N045 - HASSELT","SPO-BETN045_06001_100","PM2.5","Particulate matter < 2.5 µm (aerosol)","P1Y-P1D-per99","1 year 99 percentile of daily means (P1D) or .../aq/primaryObservation/day","2016","41.188","ug/m3","99.45","1","Background","Suburban","5.3684","50.9397","41.0","","","","E1a/validated data AQ e-Reporting","18/03/2023 22:10:03","http://fme.discomap.eea.europa.eu/fmedatastreaming/AirQualityDownload/AQData_Extract.fmw?CountryCode=BE&CityName=&Pollutant=6001&Year_from=2016&Year_to=2016&Station=STA-BETN045&Samplingpoint=&Source=E1a&Output=HTML&UpdateDate="
"Belgium","NET-Flanders","Flanders","BETN012","44N012 - MOERKERKE","SPO-BETN012_06001_100","PM2.5","Particulate matter < 2.5 µm (aerosol)","P1Y-day-min","1 year day min","2016","2.813","ug/m3","99.45","1","Background","Rural","3.3625","51.2546","3.0","","","","E1a/validated data AQ e-Reporting","18/03/2023 21:55:29","http://fme.discomap.eea.europa.eu/fmedatastreaming/AirQualityDownload/AQData_Extract.fmw?CountryCode=BE&CityName=&Pollutant=6001&Year_from=2016&Year_to=2016&Station=STA-BETN012&Samplingpoint=&Source=E1a&Output=HTML&UpdateDate="
"Belgium","NET-Wallonia","Wallonia","BEMJMP1","0JMP01 - JEMEPPE","SPO-BEMJMP1_05012_100","Pb in PM10","Lead in PM10 (aerosol)","P1Y","Annual mean / 1 calendar year","2016","0.015","ug/m3","97.26","1","Industrial","Suburban","5.5164","50.6207","80.0","Liège                                                                           ","BE005C1                                           ","383700","E1a/validated data AQ e-Reporting","18/03/2023 21:08:58","http://fme.discomap.eea.europa.eu/fmedatastreaming/AirQualityDownload/AQData_Extract.fmw?CountryCode=BE&CityName=&Pollutant=5012&Year_from=2016&Year_to=2016&Station=STA-BEMJMP1&Samplingpoint=&Source=E1a&Output=HTML&UpdateDate="
"Belgium","NET-Wallonia","Wallonia","BETN063","43N063 - CORROY L.G.","SPO-BETN063_00001_100","SO2","Sulphur dioxide (air)","P1Y-hr-max-per99.73","1 year 99.73 %ile of hourly values in a given year","2016","4.500","ug/m3","92.54","1","Background","Rural","4.6683","50.6554","145.0","","","","E1a/validated data AQ e-Reporting","18/03/2023 22:06:23","http://fme.discomap.eea.europa.eu/fmedatastreaming/AirQualityDownload/AQData_Extract.fmw?CountryCode=BE&CityName=&Pollutant=1&Year_from=2016&Year_to=2016&Station=STA-BETN063&Samplingpoint=&Source=E1a&Output=HTML&UpdateDate="
"Belgium","NET-Wallonia","Wallonia","BEVN100","50N100 - DOURBES","SPO-BEVN100_00486_100","H3C-(CH2)3-CH3","n-Pentane (air)","P1Y","Annual mean / 1 calendar year","2016","0.000","ug/m3","48.36","1","Background","Rural","4.5948","50.0957","225.0","","","","E1a/validated data AQ e-Reporting","18/03/2023 21:08:58","http://fme.discomap.eea.europa.eu/fmedatastreaming/AirQualityDownload/AQData_Extract.fmw?CountryCode=BE&CityName=&Pollutant=486&Year_from=2016&Year_to=2016&Station=STA-BEVN100&Samplingpoint=&Source=E1a&Output=HTML&UpdateDate="
"Belgium","NET-Flanders","Flanders","BETR740","44R740 - ST.KRUIS-WI","SPO-BETR740_00001_100","SO2","Sulphur dioxide (air)","winter-avg","Winter mean","2016","1.476","ug/m3","96.86","1","Industrial","Rural","3.8087","51.1501","5.0","Gent                                                                            ","BE003C1                                           ","263687","E1a/validated data AQ e-Reporting","18/03/2023 22:50:43","http://fme.discomap.eea.europa.eu/fmedatastreaming/AirQualityDownload/AQData_Extract.fmw?CountryCode=BE&CityName=&Pollutant=1&Year_from=2016&Year_to=2016&Station=STA-BETR740&Samplingpoint=&Source=E1a&Output=HTML&UpdateDate="
"Belgium","NET-Wallonia","Wallonia","BETN100","43N100 - DOURBES","SPO-BETN100_00007_100","O3","Ozone (air)","P1Y-day-max","1 year day max","2016","119.391","ug/m3","98.36","1","Background","Rural","4.5948","50.0957","225.0","","","","E1a/validated data AQ e-Reporting","18/03/2023 21:44:13","http://fme.discomap.eea.europa.eu/fmedatastreaming/AirQualityDownload/AQData_Extract.fmw?CountryCode=BE&CityName=&Pollutant=7&Year_from=2016&Year_to=2016&Station=STA-BETN100&Samplingpoint=&Source=E1a&Output=HTML&UpdateDate="
"Belgium","NET-Wallonia","Wallonia","BEMN100","00N100 - DOURBES","SPO-BEMN100_05015_100","Ni in PM10","Nickel in PM10 (aerosol)","P1Y","Annual mean / 1 calendar year","2016","0.559","ng/m3","62.83","1","Background","Rural","4.5948","50.0957","225.0","","","","E1a/validated data AQ e-Reporting","18/03/2023 21:08:58","http://fme.discomap.eea.europa.eu/fmedatastreaming/AirQualityDownload/AQData_Extract.fmw?CountryCode=BE&CityName=&Pollutant=5015&Year_from=2016&Year_to=2016&Station=STA-BEMN100&Samplingpoint=&Source=E1a&Output=HTML&UpdateDate="
"Belgium","NET-Flanders","Flanders","BETR820","42R820 - KAPELLEN","SPO-BETR820_00001_100","SO2","Sulphur dioxide (air)","P1Y-hr-per50","1 year 50 percentile","2016","1.000","ug/m3","97.19","1","Background","Suburban","4.4448","51.3204","11.0","","","","E1a/validated data AQ e-Reporting","18/03/2023 22:05:49","http://fme.discomap.eea.europa.eu/fmedatastreaming/AirQualityDownload/AQData_Extract.fmw?CountryCode=BE&CityName=&Pollutant=1&Year_from=2016&Year_to=2016&Station=STA-BETR820&Samplingpoint=&Source=E1a&Output=HTML&UpdateDate="
"Belgium","NET-Flanders","Flanders","BETR820","42R820 - KAPELLEN","SPO-BETR820_00001_100","SO2","Sulphur dioxide (air)","winter-avg","Winter mean","2016","2.953","ug/m3","96.88","1","Background","Suburban","4.4448","51.3204","11.0","","","","E1a/validated data AQ e-Reporting","18/03/2023 22:50:43","http://fme.discomap.eea.europa.eu/fmedatastreaming/AirQualityDownload/AQData_Extract.fmw?CountryCode=BE&CityName=&Pollutant=1&Year_from=2016&Year_to=2016&Station=STA-BETR820&Samplingpoint=&Source=E1a&Output=HTML&UpdateDate="
"Belgium","NET-Wallonia","Wallonia","BETN060","43N060 - HAVINNES","SPO-BETN060_00007_100","O3","Ozone (air)","P1Y-hr-per50","1 year 50 percentile","2016","39.000","ug/m3","96.17","1","Background","Rural","3.4576","50.6167","0.0","","","","E1a/validated data AQ e-Reporting","18/03/2023 22:05:49","http://fme.discomap.eea.europa.eu/fmedatastreaming/AirQualityDownload/AQData_Extract.fmw?CountryCode=BE&CityName=&Pollutant=7&Year_from=2016&Year_to=2016&Station=STA-BETN060&Samplingpoint=&Source=E1a&Output=HTML&UpdateDate="
"Belgium","NET-Wallonia","Wallonia","BETN060","43N060 - HAVINNES","SPO-BETN060_00007_100","O3","Ozone (air)","P3Y","3 subsequent calendar years mean","2016","40.894","ug/m3","95.41","1","Background","Rural","3.4576","50.6167","0.0","","","","E1a/validated data AQ e-Reporting","18/03/2023 21:36:00","http://fme.discomap.eea.europa.eu/fmedatastreaming/AirQualityDownload/AQData_Extract.fmw?CountryCode=BE&CityName=&Pollutant=7&Year_from=2016&Year_to=2016&Station=STA-BETN060&Samplingpoint=&Source=E1a&Output=HTML&UpdateDate="
"Belgium","NET-Wallonia","Wallonia","BETN063","43N063 - CORROY L.G.","SPO-BETN063_00007_100","O3","Ozone (air)","P1Y-maxP6M-P8H-dmax","Yearly highest six monthly average of daily maximum 8-hour mean concentration","2016","77.770","ug/m3","100.00","1","Background","Rural","4.6683","50.6554","145.0","","","","E1a/validated data AQ e-Reporting","18/03/2023 22:58:54","http://fme.discomap.eea.europa.eu/fmedatastreaming/AirQualityDownload/AQData_Extract.fmw?CountryCode=BE&CityName=&Pollutant=7&Year_from=2016&Year_to=2016&Station=STA-BETN063&Samplingpoint=&Source=E1a&Output=HTML&UpdateDate="
"Belgium","NET-Flanders","Flanders","BETM802","42M802 - ANTWERPEN","SPO-BETM802_00005_100","PM10","Particulate matter < 10 µm (aerosol)","P1Y-hr-per50","1 year 50 percentile","2016","20.100","ug/m3","98.57","1","Industrial","Suburban","4.4244","51.2610","3.0","Antwerpen                                                                       ","BE002C1                                           ","530014","E1a/validated data AQ e-Reporting","18/03/2023 22:05:49","http://fme.discomap.eea.europa.eu/fmedatastreaming/AirQualityDownload/AQData_Extract.fmw?CountryCode=BE&CityName=&Pollutant=5&Year_from=2016&Year_to=2016&Station=STA-BETM802&Samplingpoint=&Source=E1a&Output=HTML&UpdateDate="
"Belgium","NET-Flanders","Flanders","BETR740","44R740 - ST.KRUIS-WI","SPO-BETR740_00007_100","O3","Ozone (air)","AOT40cmeasured","AOT40c UNCORRECTED for data capture","2016","5235.500","ug/m3","97.46","1","Industrial","Rural","3.8087","51.1501","5.0","Gent                                                                            ","BE003C1                                           ","263687","E1a/validated data AQ e-Reporting","18/03/2023 23:01:40","http://fme.discomap.eea.europa.eu/fmedatastreaming/AirQualityDownload/AQData_Extract.fmw?CountryCode=BE&CityName=&Pollutant=7&Year_from=2016&Year_to=2016&Station=STA-BETR740&Samplingpoint=&Source=E1a&Output=HTML&UpdateDate="
"Belgium","NET-Flanders","Flanders","BETR020","42R020 - VILVOORDE","SPO-BETR020_00010_100","CO","Carbon monoxide (air)","P1Y-dx-max","1 year day max max","2016","1.214","mg/m3","98.09","1","Background","Suburban","4.4367","50.9414","12.0","","","","E1a/validated data AQ e-Reporting","18/03/2023 21:44:39","http://fme.discomap.eea.europa.eu/fmedatastreaming/AirQualityDownload/AQData_Extract.fmw?CountryCode=BE&CityName=&Pollutant=10&Year_from=2016&Year_to=2016&Station=STA-BETR020&Samplingpoint=&Source=E1a&Output=HTML&UpdateDate="
"Belgium","NET-Flanders","Flanders","BETR740","44R740 - ST.KRUIS-WI","SPO-BETR740_00007_100","O3","Ozone (air)","P1Y-day-max","1 year day max","2016","99.021","ug/m3","90.71","1","Industrial","Rural","3.8087","51.1501","5.0","Gent                                                                            ","BE003C1                                           ","263687","E1a/validated data AQ e-Reporting","18/03/2023 21:44:13","http://fme.discomap.eea.europa.eu/fmedatastreaming/AirQualityDownload/AQData_Extract.fmw?CountryCode=BE&CityName=&Pollutant=7&Year_from=2016&Year_to=2016&Station=STA-BETR740&Samplingpoint=&Source=E1a&Output=HTML&UpdateDate="
"Belgium","NET-Flanders","Flanders","BETR020","42R020 - VILVOORDE","SPO-BETR020_00001_100","SO2","Sulphur dioxide (air)","P1Y-P1D-per99","1 year 99 percentile of daily means (P1D) or .../aq/primaryObservation/day","2016","4.565","ug/m3","99.45","1","Background","Suburban","4.4367","50.9414","12.0","","","","E1a/validated data AQ e-Reporting","18/03/2023 22:11:00","http://fme.discomap.eea.europa.eu/fmedatastreaming/AirQualityDownload/AQData_Extract.fmw?CountryCode=BE&CityName=&Pollutant=1&Year_from=2016&Year_to=2016&Station=STA-BETR020&Samplingpoint=&Source=E1a&Output=HTML&UpdateDate="
"Belgium","NET-Flanders","Flanders","BETR020","42R020 - VILVOORDE","SPO-BETR020_00008_100","NO2","Nitrogen dioxide (air)","P1Y","Annual mean / 1 calendar year","2016","28.015","ug/m3","94.13","1","Background","Suburban","4.4367","50.9414","12.0","","","","E1a/validated data AQ e-Reporting","18/03/2023 21:08:58","http://fme.discomap.eea.europa.eu/fmedatastreaming/AirQualityDownload/AQData_Extract.fmw?CountryCode=BE&CityName=&Pollutant=8&Year_from=2016&Year_to=2016&Station=STA-BETR020&Samplingpoint=&Source=E1a&Output=HTML&UpdateDate="
"Belgium","NET-Flanders","Flanders","BETR831","42R831 - BERENDRECHT","SPO-BETR831_00008_100","NO2","Nitrogen dioxide (air)","P1Y-hrsAbove400","1 year hour exceed 400","2016","0.000","count","88.85","1","Industrial","Rural","4.3397","51.3488","3.0","Antwerpen                                                                       ","BE002C1                                           ","530014","E1a/validated data AQ e-Reporting","18/03/2023 21:54:38","http://fme.discomap.eea.europa.eu/fmedatastreaming/AirQualityDownload/AQData_Extract.fmw?CountryCode=BE&CityName=&Pollutant=8&Year_from=2016&Year_to=2016&Station=STA-BETR831&Samplingpoint=&Source=E1a&Output=HTML&UpdateDate="
"Belgium","NET-Flanders","Flanders","BETR802","42R802 - BORGERHOUT","SPO-BETR802_06001_100","PM2.5","Particulate matter < 2.5 µm (aerosol)","P1Y-day-min","1 year day min","2016","2.729","ug/m3","98.91","1","Traffic","Urban","4.4318","51.2095","6.0","Antwerpen                                                                       ","BE002C1                                           ","530014","E1a/validated data AQ e-Reporting","18/03/2023 21:55:29","http://fme.discomap.eea.europa.eu/fmedatastreaming/AirQualityDownload/AQData_Extract.fmw?CountryCode=BE&CityName=&Pollutant=6001&Year_from=2016&Year_to=2016&Station=STA-BETR802&Samplingpoint=&Source=E1a&Output=HTML&UpdateDate="
"Belgium","NET-Wallonia","Wallonia","BETN093","43N093 - SINSIN","SPO-BETN093_00008_100","NO2","Nitrogen dioxide (air)","P1Y-hr-min","1 year hour min","2016","0.000","ug/m3","95.36","1","Background","Rural","5.2352","50.2745","265.0","","","","E1a/validated data AQ e-Reporting","18/03/2023 22:31:20","http://fme.discomap.eea.europa.eu/fmedatastreaming/AirQualityDownload/AQData_Extract.fmw?CountryCode=BE&CityName=&Pollutant=8&Year_from=2016&Year_to=2016&Station=STA-BETN093&Samplingpoint=&Source=E1a&Output=HTML&UpdateDate="
"Belgium","NET-Flanders","Flanders","BETR823","42R823 - BEVEREN","SPO-BETR823_00005_100","PM10","Particulate matter < 10 µm (aerosol)","P1Y-day-max","1 year day max","2016","113.100","ug/m3","100.00","1","Background","Suburban","4.2399","51.2133","0.0","","","","E1a/validated data AQ e-Reporting","18/03/2023 21:43:06","http://fme.discomap.eea.europa.eu/fmedatastreaming/AirQualityDownload/AQData_Extract.fmw?CountryCode=BE&CityName=&Pollutant=5&Year_from=2016&Year_to=2016&Station=STA-BETR823&Samplingpoint=&Source=E1a&Output=HTML&UpdateDate="
"Belgium","NET-Wallonia","Wallonia","BETR221","43R221 - LIEGE","SPO-BETR221_00007_100","O3","Ozone (air)","summer-avg","Summer mean","2016","44.397","ug/m3","96.93","1","Background","Urban","5.6278","50.6584","65.0","Liège                                                                           ","BE005C1                                           ","383700","E1a/validated data AQ e-Reporting","18/03/2023 22:50:22","http://fme.discomap.eea.europa.eu/fmedatastreaming/AirQualityDownload/AQData_Extract.fmw?CountryCode=BE&CityName=&Pollutant=7&Year_from=2016&Year_to=2016&Station=STA-BETR221&Samplingpoint=&Source=E1a&Output=HTML&UpdateDate="
"Belgium","NET-Wallonia","Wallonia","BETN085","43N085 - VIELSALM","SPO-BETN085_00008_100","NO2","Nitrogen dioxide (air)","P3Y","3 subsequent calendar years mean","2016","6.464","ug/m3","95.96","1","Background","Rural","6.0017","50.3032","490.0","","","","E1a/validated data AQ e-Reporting","18/03/2023 21:36:00","http://fme.discomap.eea.europa.eu/fmedatastreaming/AirQualityDownload/AQData_Extract.fmw?CountryCode=BE&CityName=&Pollutant=8&Year_from=2016&Year_to=2016&Station=STA-BETN085&Samplingpoint=&Source=E1a&Output=HTML&UpdateDate="
"Belgium","NET-Wallonia","Wallonia","BEVN060","50N060 - HAVINNES","SPO-BEVN060_00082_100","trans-H3C-HC=CH-CH2-CH3","trans-2-Pentene (air)","P1Y","Annual mean / 1 calendar year","2016","0.000","ug/m3","49.73","1","Background","Suburban","3.4576","50.6167","0.0","","","","E1a/validated data AQ e-Reporting","18/03/2023 21:08:58","http://fme.discomap.eea.europa.eu/fmedatastreaming/AirQualityDownload/AQData_Extract.fmw?CountryCode=BE&CityName=&Pollutant=82&Year_from=2016&Year_to=2016&Station=STA-BEVN060&Samplingpoint=&Source=E1a&Output=HTML&UpdateDate="
"Belgium","NET-Flanders","Flanders","BETR831","42R831 - BERENDRECHT","SPO-BETR831_00005_100","PM10","Particulate matter < 10 µm (aerosol)","P1Y-day-min","1 year day min","2016","6.146","ug/m3","97.81","1","Industrial","Rural","4.3397","51.3488","3.0","Antwerpen                                                                       ","BE002C1                                           ","530014","E1a/validated data AQ e-Reporting","18/03/2023 21:55:13","http://fme.discomap.eea.europa.eu/fmedatastreaming/AirQualityDownload/AQData_Extract.fmw?CountryCode=BE&CityName=&Pollutant=5&Year_from=2016&Year_to=2016&Station=STA-BETR831&Samplingpoint=&Source=E1a&Output=HTML&UpdateDate="
"Belgium","NET-Flanders","Flanders","BETR803","42R803 - ANTWERPEN","SPO-BETR803_00391_100","Black Carbon","black_carbon (aerosol)","P1Y-hr-min","1 year hour min","2016","0.080","ug/m3","96.61","1","Background","Urban","4.4285","51.2286","0.0","Antwerpen                                                                       ","BE002C1                                           ","530014","E1a/validated data AQ e-Reporting","18/03/2023 22:31:20","http://fme.discomap.eea.europa.eu/fmedatastreaming/AirQualityDownload/AQData_Extract.fmw?CountryCode=BE&CityName=&Pollutant=391&Year_from=2016&Year_to=2016&Station=STA-BETR803&Samplingpoint=&Source=E1a&Output=HTML&UpdateDate="
"Belgium","NET-Flanders","Flanders","BETM705","44M705 - ROESELARE","SPO-BETM705_00391_100","Black Carbon","black_carbon (aerosol)","P1Y-hr-max","1 year hour max","2016","13.705","ug/m3","96.95","1","Industrial","Suburban","3.1524","50.9454","19.0","","","","E1a/validated data AQ e-Reporting","18/03/2023 21:57:02","http://fme.discomap.eea.europa.eu/fmedatastreaming/AirQualityDownload/AQData_Extract.fmw?CountryCode=BE&CityName=&Pollutant=391&Year_from=2016&Year_to=2016&Station=STA-BETM705&Samplingpoint=&Source=E1a&Output=HTML&UpdateDate="
"Belgium","NET-Brussels","Brussels","BETWOL1","41WOL1 - WOL.ST.L.","SPO-BETWOL1_00008_100","NO2","Nitrogen dioxide (air)","P1Y-P1D-per99","1 year 99 percentile of daily means (P1D) or .../aq/primaryObservation/day","2016","61.833","ug/m3","98.09","1","Traffic","Suburban","4.4258","50.8567","78.0","Bruxelles / Brussel                                                             ","BE001C1                                           ","1223364","E1a/validated data AQ e-Reporting","18/03/2023 22:10:34","http://fme.discomap.eea.europa.eu/fmedatastreaming/AirQualityDownload/AQData_Extract.fmw?CountryCode=BE&CityName=&Pollutant=8&Year_from=2016&Year_to=2016&Station=STA-BETWOL1&Samplingpoint=&Source=E1a&Output=HTML&UpdateDate="
"Belgium","NET-Flanders","Flanders","BETR823","42R823 - BEVEREN","SPO-BETR823_00008_100","NO2","Nitrogen dioxide (air)","P1Y-hr-per50","1 year 50 percentile","2016","19.000","ug/m3","97.12","1","Background","Suburban","4.2399","51.2133","0.0","","","","E1a/validated data AQ e-Reporting","18/03/2023 22:05:49","http://fme.discomap.eea.europa.eu/fmedatastreaming/AirQualityDownload/AQData_Extract.fmw?CountryCode=BE&CityName=&Pollutant=8&Year_from=2016&Year_to=2016&Station=STA-BETR823&Samplingpoint=&Source=E1a&Output=HTML&UpdateDate="
"Belgium","NET-Flanders","Flanders","BETR830","42R830 - DOEL","SPO-BETR830_00001_100","SO2","Sulphur dioxide (air)","P1Y-hr-max-per99.73","1 year 99.73 %ile of hourly values in a given year","2016","38.500","ug/m3","97.24","1","Industrial","Rural","4.2626","51.3182","5.0","","","","E1a/validated data AQ e-Reporting","18/03/2023 22:06:23","http://fme.discomap.eea.europa.eu/fmedatastreaming/AirQualityDownload/AQData_Extract.fmw?CountryCode=BE&CityName=&Pollutant=1&Year_from=2016&Year_to=2016&Station=STA-BETR830&Samplingpoint=&Source=E1a&Output=HTML&UpdateDate="
"Belgium","NET-Flanders","Flanders","BETN046","42N046 - GELLIK","SPO-BETN046_00008_100","NO2","Nitrogen dioxide (air)","P1Y-hrsAbove200","1 year hour exceed 200","2016","0.000","count","94.64","1","Background","Rural","5.6189","50.8823","70.0","","","","E1a/validated data AQ e-Reporting","18/03/2023 21:48:42","http://fme.discomap.eea.europa.eu/fmedatastreaming/AirQualityDownload/AQData_Extract.fmw?CountryCode=BE&CityName=&Pollutant=8&Year_from=2016&Year_to=2016&Station=STA-BETN046&Samplingpoint=&Source=E1a&Output=HTML&UpdateDate="
"Belgium","NET-Flanders","Flanders","BETE009","47E009 - Zemst","SPO-BETE009_00008_100","NO2","Nitrogen dioxide (air)","P1Y-hr-max","1 year hour max","2016","98.000","ug/m3","96.73","1","Industrial","Rural","4.4354","50.9549","43.0","","","","E1a/validated data AQ e-Reporting","18/03/2023 21:57:02","http://fme.discomap.eea.europa.eu/fmedatastreaming/AirQualityDownload/AQData_Extract.fmw?CountryCode=BE&CityName=&Pollutant=8&Year_from=2016&Year_to=2016&Station=STA-BETE009&Samplingpoint=&Source=E1a&Output=HTML&UpdateDate="
"Belgium","NET-Flanders","Flanders","BETN052","44N052 - ZWEVEGEM","SPO-BETN052_00005_100","PM10","Particulate matter < 10 µm (aerosol)","P1Y-daysAbove50","1 year day exceed 50","2016","11.000","count","99.18","1","Background","Suburban","3.3225","50.8149","27.0","","","","E1a/validated data AQ e-Reporting","18/03/2023 22:27:00","http://fme.discomap.eea.europa.eu/fmedatastreaming/AirQualityDownload/AQData_Extract.fmw?CountryCode=BE&CityName=&Pollutant=5&Year_from=2016&Year_to=2016&Station=STA-BETN052&Samplingpoint=&Source=E1a&Output=HTML&UpdateDate="
"Belgium","NET-Flanders","Flanders","BETR010","42R010 - ST.STEVENSW","SPO-BETR010_00008_100","NO2","Nitrogen dioxide (air)","P1Y-hr-max","1 year hour max","2016","129.500","ug/m3","97.14","1","Background","Suburban","4.4284","50.8651","68.0","","","","E1a/validated data AQ e-Reporting","18/03/2023 21:57:02","http://fme.discomap.eea.europa.eu/fmedatastreaming/AirQualityDownload/AQData_Extract.fmw?CountryCode=BE&CityName=&Pollutant=8&Year_from=2016&Year_to=2016&Station=STA-BETR010&Samplingpoint=&Source=E1a&Output=HTML&UpdateDate="
"Belgium","NET-Flanders","Flanders","BETN029","44N029 - HOUTEM","SPO-BETN029_00001_100","SO2","Sulphur dioxide (air)","P1Y-day-per50","1 year 50 %ile of daily values in a year","2016","1.000","ug/m3","98.63","1","Background","Rural","2.5823","51.0163","2.0","","","","E1a/validated data AQ e-Reporting","18/03/2023 22:14:46","http://fme.discomap.eea.europa.eu/fmedatastreaming/AirQualityDownload/AQData_Extract.fmw?CountryCode=BE&CityName=&Pollutant=1&Year_from=2016&Year_to=2016&Station=STA-BETN029&Samplingpoint=&Source=E1a&Output=HTML&UpdateDate="
"Belgium","NET-Flanders","Flanders","BETR831","42R831 - BERENDRECHT","SPO-BETR831_00008_100","NO2","Nitrogen dioxide (air)","P1Y-hr-max19","1 year hour max19","2016","80.000","ug/m3","88.85","1","Industrial","Rural","4.3397","51.3488","3.0","Antwerpen                                                                       ","BE002C1                                           ","530014","E1a/validated data AQ e-Reporting","18/03/2023 22:34:35","http://fme.discomap.eea.europa.eu/fmedatastreaming/AirQualityDownload/AQData_Extract.fmw?CountryCode=BE&CityName=&Pollutant=8&Year_from=2016&Year_to=2016&Station=STA-BETR831&Samplingpoint=&Source=E1a&Output=HTML&UpdateDate="
"Belgium","NET-Flanders","Flanders","BETR831","42R831 - BERENDRECHT","SPO-BETR831_06001_100","PM2.5","Particulate matter < 2.5 µm (aerosol)","P1Y-hr-min","1 year hour min","2016","1.000","ug/m3","99.85","1","Industrial","Rural","4.3397","51.3488","3.0","Antwerpen                                                                       ","BE002C1                                           ","530014","E1a/validated data AQ e-Reporting","18/03/2023 22:31:20","http://fme.discomap.eea.europa.eu/fmedatastreaming/AirQualityDownload/AQData_Extract.fmw?CountryCode=BE&CityName=&Pollutant=6001&Year_from=2016&Year_to=2016&Station=STA-BETR831&Samplingpoint=&Source=E1a&Output=HTML&UpdateDate="
"Belgium","NET-Wallonia","Wallonia","BETN132","43N132 - HABAY-LA-N.","SPO-BETN132_00007_100","O3","Ozone (air)","P1Y-hr-min","1 year hour min","2016","0.000","ug/m3","95.17","1","Background","Rural","5.6304","49.7193","375.0","","","","E1a/validated data AQ e-Reporting","18/03/2023 22:31:20","http://fme.discomap.eea.europa.eu/fmedatastreaming/AirQualityDownload/AQData_Extract.fmw?CountryCode=BE&CityName=&Pollutant=7&Year_from=2016&Year_to=2016&Station=STA-BETN132&Samplingpoint=&Source=E1a&Output=HTML&UpdateDate="
"Belgium","NET-Flanders","Flanders","BETR811","42R811 - SCHOTEN","SPO-BETR811_06001_100","PM2.5","Particulate matter < 2.5 µm (aerosol)","P1Y","Annual mean / 1 calendar year","2016","14.099","ug/m3","99.64","1","Background","Suburban","4.4914","51.2521","8.0","","","","E1a/validated data AQ e-Reporting","18/03/2023 21:08:58","http://fme.discomap.eea.europa.eu/fmedatastreaming/AirQualityDownload/AQData_Extract.fmw?CountryCode=BE&CityName=&Pollutant=6001&Year_from=2016&Year_to=2016&Station=STA-BETR811&Samplingpoint=&Source=E1a&Output=HTML&UpdateDate="
"Belgium","NET-Flanders","Flanders","BETR020","42R020 - VILVOORDE","SPO-BETR020_00008_100","NO2","Nitrogen dioxide (air)","P1Y-day-min","1 year day min","2016","4.250","ug/m3","98.36","1","Background","Suburban","4.4367","50.9414","12.0","","","","E1a/validated data AQ e-Reporting","18/03/2023 21:56:03","http://fme.discomap.eea.europa.eu/fmedatastreaming/AirQualityDownload/AQData_Extract.fmw?CountryCode=BE&CityName=&Pollutant=8&Year_from=2016&Year_to=2016&Station=STA-BETR020&Samplingpoint=&Source=E1a&Output=HTML&UpdateDate="
"Belgium","NET-Flanders","Flanders","BETR750","44R750 - ZELZATE","SPO-BETR750_00001_100","SO2","Sulphur dioxide (air)","P1Y-hr-max","1 year hour max","2016","125.000","ug/m3","96.46","1","Industrial","Rural","3.8229","51.1961","6.0","","","","E1a/validated data AQ e-Reporting","18/03/2023 21:57:02","http://fme.discomap.eea.europa.eu/fmedatastreaming/AirQualityDownload/AQData_Extract.fmw?CountryCode=BE&CityName=&Pollutant=1&Year_from=2016&Year_to=2016&Station=STA-BETR750&Samplingpoint=&Source=E1a&Output=HTML&UpdateDate="
"Belgium","NET-Brussels","Brussels","BEVR002","51R002 - IXELLES","SPO-BEVR002_00020_100","C6H6","Benzene (air)","P1Y-day-per50","1 year 50 %ile of daily values in a year","2016","0.700","ug/m3","89.07","1","Traffic","Suburban","4.3847","50.8251","70.0","Bruxelles / Brussel                                                             ","BE001C1                                           ","1223364","E1a/validated data AQ e-Reporting","18/03/2023 22:13:51","http://fme.discomap.eea.europa.eu/fmedatastreaming/AirQualityDownload/AQData_Extract.fmw?CountryCode=BE&CityName=&Pollutant=20&Year_from=2016&Year_to=2016&Station=STA-BEVR002&Samplingpoint=&Source=E1a&Output=HTML&UpdateDate="
"Belgium","NET-Brussels","Brussels","BETR012","41R012 - UCCLE","SPO-BETR012_00001_100","SO2","Sulphur dioxide (air)","P1Y-3hAbove500","3 consecutive hours in exceedance of 500","2016","0.000","count","88.72","1","Background","Suburban","4.3586","50.7966","101.0","Bruxelles / Brussel                                                             ","BE001C1                                           ","1223364","E1a/validated data AQ e-Reporting","18/03/2023 22:18:09","http://fme.discomap.eea.europa.eu/fmedatastreaming/AirQualityDownload/AQData_Extract.fmw?CountryCode=BE&CityName=&Pollutant=1&Year_from=2016&Year_to=2016&Station=STA-BETR012&Samplingpoint=&Source=E1a&Output=HTML&UpdateDate="
"Belgium","NET-Brussels","Brussels","BETR001","41R001 - MOLENBEEK","SPO-BETR001_00001_100","SO2","Sulphur dioxide (air)","P1Y-day-max-per99.18","1 year 99.18 percentile of daily maximum","2016","5.854","ug/m3","96.72","1","Background","Urban","4.3341","50.8497","20.0","Bruxelles / Brussel                                                             ","BE001C1                                           ","1223364","E1a/validated data AQ e-Reporting","18/03/2023 22:12:16","http://fme.discomap.eea.europa.eu/fmedatastreaming/AirQualityDownload/AQData_Extract.fmw?CountryCode=BE&CityName=&Pollutant=1&Year_from=2016&Year_to=2016&Station=STA-BETR001&Samplingpoint=&Source=E1a&Output=HTML&UpdateDate="
"Belgium","NET-Flanders","Flanders","BELAL01","40AL01 - LINKEROEVER","SPO-BELAL01_06001_100","PM2.5","Particulate matter < 2.5 µm (aerosol)","P3Y","3 subsequent calendar years mean","2016","13.312","ug/m3","83.19","1","Industrial","Suburban","4.3852","51.2362","10.0","Antwerpen                                                                       ","BE002C1                                           ","530014","E1a/validated data AQ e-Reporting","18/03/2023 21:36:00","http://fme.discomap.eea.europa.eu/fmedatastreaming/AirQualityDownload/AQData_Extract.fmw?CountryCode=BE&CityName=&Pollutant=6001&Year_from=2016&Year_to=2016&Station=STA-BELAL01&Samplingpoint=&Source=E1a&Output=HTML&UpdateDate="
"Belgium","NET-Flanders","Flanders","BELAL05","40AL05 - BEVEREN","SPO-BELAL05_00005_100","PM10","Particulate matter < 10 µm (aerosol)","P1Y-hr-min","1 year hour min","2016","3.000","ug/m3","94.73","1","Industrial","Rural","4.2789","51.2631","8.0","","","","E1a/validated data AQ e-Reporting","18/03/2023 22:31:20","http://fme.discomap.eea.europa.eu/fmedatastreaming/AirQualityDownload/AQData_Extract.fmw?CountryCode=BE&CityName=&Pollutant=5&Year_from=2016&Year_to=2016&Station=STA-BELAL05&Samplingpoint=&Source=E1a&Output=HTML&UpdateDate="
"Belgium","NET-Flanders","Flanders","BETR831","42R831 - BERENDRECHT","SPO-BETR831_00007_100","O3","Ozone (air)","summer-avg","Summer mean","2016","48.050","ug/m3","96.81","1","Industrial","Rural","4.3397","51.3488","3.0","Antwerpen                                                                       ","BE002C1                                           ","530014","E1a/validated data AQ e-Reporting","18/03/2023 22:50:22","http://fme.discomap.eea.europa.eu/fmedatastreaming/AirQualityDownload/AQData_Extract.fmw?CountryCode=BE&CityName=&Pollutant=7&Year_from=2016&Year_to=2016&Station=STA-BETR831&Samplingpoint=&Source=E1a&Output=HTML&UpdateDate="
"Belgium","NET-Flanders","Flanders","BETR831","42R831 - BERENDRECHT","SPO-BETR831_00008_100","NO2","Nitrogen dioxide (air)","P1Y-hr-max","1 year hour max","2016","142.500","ug/m3","88.85","1","Industrial","Rural","4.3397","51.3488","3.0","Antwerpen                                                                       ","BE002C1                                           ","530014","E1a/validated data AQ e-Reporting","18/03/2023 21:57:02","http://fme.discomap.eea.europa.eu/fmedatastreaming/AirQualityDownload/AQData_Extract.fmw?CountryCode=BE&CityName=&Pollutant=8&Year_from=2016&Year_to=2016&Station=STA-BETR831&Samplingpoint=&Source=E1a&Output=HTML&UpdateDate="
"Belgium","NET-Wallonia","Wallonia","BETN085","43N085 - VIELSALM","SPO-BETN085_00001_100","SO2","Sulphur dioxide (air)","P1Y-hr-max-per99.73","1 year 99.73 %ile of hourly values in a given year","2016","1.000","ug/m3","96.30","1","Background","Rural","6.0017","50.3032","490.0","","","","E1a/validated data AQ e-Reporting","18/03/2023 22:06:23","http://fme.discomap.eea.europa.eu/fmedatastreaming/AirQualityDownload/AQData_Extract.fmw?CountryCode=BE&CityName=&Pollutant=1&Year_from=2016&Year_to=2016&Station=STA-BETN085&Samplingpoint=&Source=E1a&Output=HTML&UpdateDate="
"Belgium","NET-Wallonia","Wallonia","BETN085","43N085 - VIELSALM","SPO-BETN085_00005_100","PM10","Particulate matter < 10 µm (aerosol)","P1Y-hr-max","1 year hour max","2016","66.771","ug/m3","98.95","1","Background","Rural","6.0017","50.3032","490.0","","","","E1a/validated data AQ e-Reporting","18/03/2023 21:57:02","http://fme.discomap.eea.europa.eu/fmedatastreaming/AirQualityDownload/AQData_Extract.fmw?CountryCode=BE&CityName=&Pollutant=5&Year_from=2016&Year_to=2016&Station=STA-BETN085&Samplingpoint=&Source=E1a&Output=HTML&UpdateDate="
"Belgium","NET-Flanders","Flanders","BETR834","42R834 - Boom","SPO-BETR834_00008_100","NO2","Nitrogen dioxide (air)","P1Y-day-max","1 year day max","2016","71.938","ug/m3","98.91","1","Background","Suburban","4.3801","51.0920","0.0","","","","E1a/validated data AQ e-Reporting","18/03/2023 21:43:56","http://fme.discomap.eea.europa.eu/fmedatastreaming/AirQualityDownload/AQData_Extract.fmw?CountryCode=BE&CityName=&Pollutant=8&Year_from=2016&Year_to=2016&Station=STA-BETR834&Samplingpoint=&Source=E1a&Output=HTML&UpdateDate="
"Belgium","NET-Flanders","Flanders","BETR701","44R701 - GENT","SPO-BETR701_00007_100","O3","Ozone (air)","P1Y-day-max","1 year day max","2016","98.396","ug/m3","90.16","1","Background","Urban","3.7293","51.0583","5.0","Gent                                                                            ","BE003C1                                           ","263687","E1a/validated data AQ e-Reporting","18/03/2023 21:44:13","http://fme.discomap.eea.europa.eu/fmedatastreaming/AirQualityDownload/AQData_Extract.fmw?CountryCode=BE&CityName=&Pollutant=7&Year_from=2016&Year_to=2016&Station=STA-BETR701&Samplingpoint=&Source=E1a&Output=HTML&UpdateDate="
"Belgium","NET-Flanders","Flanders","BETR750","44R750 - ZELZATE","SPO-BETR750_00001_100","SO2","Sulphur dioxide (air)","P1Y","Annual mean / 1 calendar year","2016","2.822","ug/m3","96.46","1","Industrial","Rural","3.8229","51.1961","6.0","","","","E1a/validated data AQ e-Reporting","18/03/2023 21:08:58","http://fme.discomap.eea.europa.eu/fmedatastreaming/AirQualityDownload/AQData_Extract.fmw?CountryCode=BE&CityName=&Pollutant=1&Year_from=2016&Year_to=2016&Station=STA-BETR750&Samplingpoint=&Source=E1a&Output=HTML&UpdateDate="
"Belgium","NET-Flanders","Flanders","BETM705","44M705 - ROESELARE","SPO-BETM705_00008_100","NO2","Nitrogen dioxide (air)","P1Y-P1D-per99","1 year 99 percentile of daily means (P1D) or .../aq/primaryObservation/day","2016","58.761","ug/m3","99.18","1","Industrial","Suburban","3.1524","50.9454","19.0","","","","E1a/validated data AQ e-Reporting","18/03/2023 22:10:34","http://fme.discomap.eea.europa.eu/fmedatastreaming/AirQualityDownload/AQData_Extract.fmw?CountryCode=BE&CityName=&Pollutant=8&Year_from=2016&Year_to=2016&Station=STA-BETM705&Samplingpoint=&Source=E1a&Output=HTML&UpdateDate="
"Belgium","NET-Flanders","Flanders","BETM802","42M802 - ANTWERPEN","SPO-BETM802_00001_100","SO2","Sulphur dioxide (air)","P1Y-hr-max","1 year hour max","2016","54.500","ug/m3","96.02","1","Industrial","Suburban","4.4244","51.2610","3.0","Antwerpen                                                                       ","BE002C1                                           ","530014","E1a/validated data AQ e-Reporting","18/03/2023 21:57:02","http://fme.discomap.eea.europa.eu/fmedatastreaming/AirQualityDownload/AQData_Extract.fmw?CountryCode=BE&CityName=&Pollutant=1&Year_from=2016&Year_to=2016&Station=STA-BETM802&Samplingpoint=&Source=E1a&Output=HTML&UpdateDate="
"Belgium","NET-Flanders","Flanders","BETN045","42N045 - HASSELT","SPO-BETN045_00008_100","NO2","Nitrogen dioxide (air)","P1Y-3hAbove400","3 consecutive hours in exceedance of 400","2016","0.000","count","96.78","1","Background","Suburban","5.3684","50.9397","41.0","","","","E1a/validated data AQ e-Reporting","18/03/2023 22:22:30","http://fme.discomap.eea.europa.eu/fmedatastreaming/AirQualityDownload/AQData_Extract.fmw?CountryCode=BE&CityName=&Pollutant=8&Year_from=2016&Year_to=2016&Station=STA-BETN045&Samplingpoint=&Source=E1a&Output=HTML&UpdateDate="
"Belgium","NET-Flanders","Flanders","BETM705","44M705 - ROESELARE","SPO-BETM705_00008_100","NO2","Nitrogen dioxide (air)","P3Y","3 subsequent calendar years mean","2016","23.956","ug/m3","96.34","1","Industrial","Suburban","3.1524","50.9454","19.0","","","","E1a/validated data AQ e-Reporting","18/03/2023 21:36:00","http://fme.discomap.eea.europa.eu/fmedatastreaming/AirQualityDownload/AQData_Extract.fmw?CountryCode=BE&CityName=&Pollutant=8&Year_from=2016&Year_to=2016&Station=STA-BETM705&Samplingpoint=&Source=E1a&Output=HTML&UpdateDate="
"Belgium","NET-Flanders","Flanders","BETR801","42R801 - BORGERHOUT","SPO-BETR801_00008_100","NO2","Nitrogen dioxide (air)","P1Y-3hAbove400","3 consecutive hours in exceedance of 400","2016","0.000","count","94.97","1","Background","Urban","4.4318","51.2097","6.0","Antwerpen                                                                       ","BE002C1                                           ","530014","E1a/validated data AQ e-Reporting","18/03/2023 22:22:30","http://fme.discomap.eea.europa.eu/fmedatastreaming/AirQualityDownload/AQData_Extract.fmw?CountryCode=BE&CityName=&Pollutant=8&Year_from=2016&Year_to=2016&Station=STA-BETR801&Samplingpoint=&Source=E1a&Output=HTML&UpdateDate="
"Belgium","NET-Flanders","Flanders","BELSZ02","40SZ02 - STEENOKKERZ","SPO-BELSZ02_00001_100","SO2","Sulphur dioxide (air)","P1Y-hr-max-per99.73","1 year 99.73 %ile of hourly values in a given year","2016","9.000","ug/m3","96.88","1","Industrial","Rural","4.5122","50.9130","15.0","","","","E1a/validated data AQ e-Reporting","18/03/2023 22:06:23","http://fme.discomap.eea.europa.eu/fmedatastreaming/AirQualityDownload/AQData_Extract.fmw?CountryCode=BE&CityName=&Pollutant=1&Year_from=2016&Year_to=2016&Station=STA-BELSZ02&Samplingpoint=&Source=E1a&Output=HTML&UpdateDate="
"Belgium","NET-Flanders","Flanders","BETR740","44R740 - ST.KRUIS-WI","SPO-BETR740_00005_100","PM10","Particulate matter < 10 µm (aerosol)","P1Y-P1D-per90.41","1 year 90.41 percentile","2016","40.767","ug/m3","100.00","1","Industrial","Rural","3.8087","51.1501","5.0","Gent                                                                            ","BE003C1                                           ","263687","E1a/validated data AQ e-Reporting","18/03/2023 22:09:05","http://fme.discomap.eea.europa.eu/fmedatastreaming/AirQualityDownload/AQData_Extract.fmw?CountryCode=BE&CityName=&Pollutant=5&Year_from=2016&Year_to=2016&Station=STA-BETR740&Samplingpoint=&Source=E1a&Output=HTML&UpdateDate="
"Belgium","NET-Wallonia","Wallonia","BETN121","43N121 - OFFAGNE","SPO-BETN121_00007_100","O3","Ozone (air)","P1Y-day-per50","1 year 50 %ile of daily values in a year","2016","50.283","ug/m3","96.99","1","Background","Rural","5.2024","49.8771","430.0","","","","E1a/validated data AQ e-Reporting","18/03/2023 22:15:13","http://fme.discomap.eea.europa.eu/fmedatastreaming/AirQualityDownload/AQData_Extract.fmw?CountryCode=BE&CityName=&Pollutant=7&Year_from=2016&Year_to=2016&Station=STA-BETN121&Samplingpoint=&Source=E1a&Output=HTML&UpdateDate="
"Belgium","NET-Flanders","Flanders","BETR892","42R892 - KALLO","SPO-BETR892_00008_100","NO2","Nitrogen dioxide (air)","P1Y-hr-max-per99.79","1 year 99.79 %ile of hourly values in a given year","2016","105.500","ug/m3","96.80","1","Industrial","Rural","4.2789","51.2630","9.0","","","","E1a/validated data AQ e-Reporting","18/03/2023 22:07:35","http://fme.discomap.eea.europa.eu/fmedatastreaming/AirQualityDownload/AQData_Extract.fmw?CountryCode=BE&CityName=&Pollutant=8&Year_from=2016&Year_to=2016&Station=STA-BETR892&Samplingpoint=&Source=E1a&Output=HTML&UpdateDate="
"Belgium","NET-Wallonia","Wallonia","BETN121","43N121 - OFFAGNE","SPO-BETN121_00007_100","O3","Ozone (air)","P3Y","3 subsequent calendar years mean","2016","53.858","ug/m3","92.47","1","Background","Rural","5.2024","49.8771","430.0","","","","E1a/validated data AQ e-Reporting","18/03/2023 21:36:00","http://fme.discomap.eea.europa.eu/fmedatastreaming/AirQualityDownload/AQData_Extract.fmw?CountryCode=BE&CityName=&Pollutant=7&Year_from=2016&Year_to=2016&Station=STA-BETN121&Samplingpoint=&Source=E1a&Output=HTML&UpdateDate="
"Belgium","NET-Flanders","Flanders","BETR815","42R815 - ZWIJNDRECHT","SPO-BETR815_00005_100","PM10","Particulate matter < 10 µm (aerosol)","P1Y-day-min","1 year day min","2016","5.808","ug/m3","100.00","1","Industrial","Suburban","4.3322","51.2147","7.0","","","","E1a/validated data AQ e-Reporting","18/03/2023 21:55:13","http://fme.discomap.eea.europa.eu/fmedatastreaming/AirQualityDownload/AQData_Extract.fmw?CountryCode=BE&CityName=&Pollutant=5&Year_from=2016&Year_to=2016&Station=STA-BETR815&Samplingpoint=&Source=E1a&Output=HTML&UpdateDate="
"Belgium","NET-Flanders","Flanders","BETN016","42N016 - DESSEL","SPO-BETN016_00005_100","PM10","Particulate matter < 10 µm (aerosol)","P1Y-P1D-per90.4","1 year 90.4 percentile - COMPLIANCE","2016","32.767","ug/m3","100.00","1","Background","Rural","5.1640","51.2337","30.0","","","","E1a/validated data AQ e-Reporting","18/03/2023 22:08:35","http://fme.discomap.eea.europa.eu/fmedatastreaming/AirQualityDownload/AQData_Extract.fmw?CountryCode=BE&CityName=&Pollutant=5&Year_from=2016&Year_to=2016&Station=STA-BETN016&Samplingpoint=&Source=E1a&Output=HTML&UpdateDate="
"Belgium","NET-Flanders","Flanders","BETN016","42N016 - DESSEL","SPO-BETN016_00005_100","PM10","Particulate matter < 10 µm (aerosol)","P1Y-P1D-per99","1 year 99 percentile of daily means (P1D) or .../aq/primaryObservation/day","2016","47.683","ug/m3","100.00","1","Background","Rural","5.1640","51.2337","30.0","","","","E1a/validated data AQ e-Reporting","18/03/2023 22:09:38","http://fme.discomap.eea.europa.eu/fmedatastreaming/AirQualityDownload/AQData_Extract.fmw?CountryCode=BE&CityName=&Pollutant=5&Year_from=2016&Year_to=2016&Station=STA-BETN016&Samplingpoint=&Source=E1a&Output=HTML&UpdateDate="
"Belgium","NET-Brussels","Brussels","BETWOL1","41WOL1 - WOL.ST.L.","SPO-BETWOL1_00007_100","O3","Ozone (air)","P1Y-day-max","1 year day max","2016","92.688","ug/m3","97.81","1","Traffic","Suburban","4.4258","50.8567","78.0","Bruxelles / Brussel                                                             ","BE001C1                                           ","1223364","E1a/validated data AQ e-Reporting","18/03/2023 21:44:13","http://fme.discomap.eea.europa.eu/fmedatastreaming/AirQualityDownload/AQData_Extract.fmw?CountryCode=BE&CityName=&Pollutant=7&Year_from=2016&Year_to=2016&Station=STA-BETWOL1&Samplingpoint=&Source=E1a&Output=HTML&UpdateDate="
"Belgium","NET-Brussels","Brussels","BETWOL1","41WOL1 - WOL.ST.L.","SPO-BETWOL1_00007_100","O3","Ozone (air)","SOMO35","Sum of Ozone Means Over 35 ppb","2016","654.734","ug/m3","97.54","1","Traffic","Suburban","4.4258","50.8567","78.0","Bruxelles / Brussel                                                             ","BE001C1                                           ","1223364","E1a/validated data AQ e-Reporting","18/03/2023 22:59:23","http://fme.discomap.eea.europa.eu/fmedatastreaming/AirQualityDownload/AQData_Extract.fmw?CountryCode=BE&CityName=&Pollutant=7&Year_from=2016&Year_to=2016&Station=STA-BETWOL1&Samplingpoint=&Source=E1a&Output=HTML&UpdateDate="
"Belgium","NET-Flanders","Flanders","BESN035","59N035 - AARSCHOT","SPO-BESN035_00454_100","C9H20","n-Nonane (air)","P1Y","Annual mean / 1 calendar year","2016","0.000","ug/m3","84.15","1","Background","Suburban","4.8376","50.9776","0.0","","","","E1a/validated data AQ e-Reporting","18/03/2023 21:08:58","http://fme.discomap.eea.europa.eu/fmedatastreaming/AirQualityDownload/AQData_Extract.fmw?CountryCode=BE&CityName=&Pollutant=454&Year_from=2016&Year_to=2016&Station=STA-BESN035&Samplingpoint=&Source=E1a&Output=HTML&UpdateDate="
"Belgium","NET-Flanders","Flanders","BETR750","44R750 - ZELZATE","SPO-BETR750_00008_100","NO2","Nitrogen dioxide (air)","P1Y-3hAbove400","3 consecutive hours in exceedance of 400","2016","0.000","count","94.17","1","Industrial","Rural","3.8229","51.1961","6.0","","","","E1a/validated data AQ e-Reporting","18/03/2023 22:22:30","http://fme.discomap.eea.europa.eu/fmedatastreaming/AirQualityDownload/AQData_Extract.fmw?CountryCode=BE&CityName=&Pollutant=8&Year_from=2016&Year_to=2016&Station=STA-BETR750&Samplingpoint=&Source=E1a&Output=HTML&UpdateDate="
"Belgium","NET-Flanders","Flanders","BETR710","44R710 - DESTELBERGE","SPO-BETR710_00005_100","PM10","Particulate matter < 10 µm (aerosol)","P1Y-hr-max","1 year hour max","2016","119.100","ug/m3","99.42","1","Background","Suburban","3.7753","51.0613","6.0","","","","E1a/validated data AQ e-Reporting","18/03/2023 21:57:02","http://fme.discomap.eea.europa.eu/fmedatastreaming/AirQualityDownload/AQData_Extract.fmw?CountryCode=BE&CityName=&Pollutant=5&Year_from=2016&Year_to=2016&Station=STA-BETR710&Samplingpoint=&Source=E1a&Output=HTML&UpdateDate="
"Belgium","NET-Wallonia","Wallonia","BETM204","43M204 - ANGLEUR","SPO-BETM204_00005_100","PM10","Particulate matter < 10 µm (aerosol)","P1Y-day-per50","1 year 50 %ile of daily values in a year","2016","16.334","ug/m3","98.09","1","Background","Suburban","5.6112","50.6119","70.0","Liège                                                                           ","BE005C1                                           ","383700","E1a/validated data AQ e-Reporting","18/03/2023 22:08:05","http://fme.discomap.eea.europa.eu/fmedatastreaming/AirQualityDownload/AQData_Extract.fmw?CountryCode=BE&CityName=&Pollutant=5&Year_from=2016&Year_to=2016&Station=STA-BETM204&Samplingpoint=&Source=E1a&Output=HTML&UpdateDate="
"Belgium","NET-Wallonia","Wallonia","BETR222","43R222 - SERAING","SPO-BETR222_00010_100","CO","Carbon monoxide (air)","P1Y-dx-max","1 year day max max","2016","1.069","mg/m3","92.62","1","Background","Suburban","5.5702","50.6134","65.0","Liège                                                                           ","BE005C1                                           ","383700","E1a/validated data AQ e-Reporting","18/03/2023 21:44:39","http://fme.discomap.eea.europa.eu/fmedatastreaming/AirQualityDownload/AQData_Extract.fmw?CountryCode=BE&CityName=&Pollutant=10&Year_from=2016&Year_to=2016&Station=STA-BETR222&Samplingpoint=&Source=E1a&Output=HTML&UpdateDate="
"Belgium","NET-Wallonia","Wallonia","BETN067","43N067 - MEMBACH","SPO-BETN067_00005_100","PM10","Particulate matter < 10 µm (aerosol)","P1Y-hr-max","1 year hour max","2016","176.771","ug/m3","99.80","1","Background","Suburban","5.9928","50.6123","0.0","","","","E1a/validated data AQ e-Reporting","18/03/2023 21:57:02","http://fme.discomap.eea.europa.eu/fmedatastreaming/AirQualityDownload/AQData_Extract.fmw?CountryCode=BE&CityName=&Pollutant=5&Year_from=2016&Year_to=2016&Station=STA-BETN067&Samplingpoint=&Source=E1a&Output=HTML&UpdateDate="
"Belgium","NET-Wallonia","Wallonia","BETN060","43N060 - HAVINNES","SPO-BETN060_00001_100","SO2","Sulphur dioxide (air)","P1Y-hr-min","1 year hour min","2016","0.000","ug/m3","95.67","1","Background","Rural","3.4576","50.6167","0.0","","","","E1a/validated data AQ e-Reporting","18/03/2023 22:31:20","http://fme.discomap.eea.europa.eu/fmedatastreaming/AirQualityDownload/AQData_Extract.fmw?CountryCode=BE&CityName=&Pollutant=1&Year_from=2016&Year_to=2016&Station=STA-BETN060&Samplingpoint=&Source=E1a&Output=HTML&UpdateDate="
"Belgium","NET-Flanders","Flanders","BETR801","42R801 - BORGERHOUT","SPO-BETR801_00007_100","O3","Ozone (air)","summer-avg","Summer mean","2016","38.024","ug/m3","97.65","1","Background","Urban","4.4318","51.2097","6.0","Antwerpen                                                                       ","BE002C1                                           ","530014","E1a/validated data AQ e-Reporting","18/03/2023 22:50:22","http://fme.discomap.eea.europa.eu/fmedatastreaming/AirQualityDownload/AQData_Extract.fmw?CountryCode=BE&CityName=&Pollutant=7&Year_from=2016&Year_to=2016&Station=STA-BETR801&Samplingpoint=&Source=E1a&Output=HTML&UpdateDate="
"Belgium","NET-Flanders","Flanders","BETM705","44M705 - ROESELARE","SPO-BETM705_00005_100","PM10","Particulate matter < 10 µm (aerosol)","P1Y-P1D-per99","1 year 99 percentile of daily means (P1D) or .../aq/primaryObservation/day","2016","65.913","ug/m3","96.99","1","Industrial","Suburban","3.1524","50.9454","19.0","","","","E1a/validated data AQ e-Reporting","18/03/2023 22:09:38","http://fme.discomap.eea.europa.eu/fmedatastreaming/AirQualityDownload/AQData_Extract.fmw?CountryCode=BE&CityName=&Pollutant=5&Year_from=2016&Year_to=2016&Station=STA-BETM705&Samplingpoint=&Source=E1a&Output=HTML&UpdateDate="
"Belgium","NET-Flanders","Flanders","BETR020","42R020 - VILVOORDE","SPO-BETR020_00008_100","NO2","Nitrogen dioxide (air)","P3Y","3 subsequent calendar years mean","2016","28.623","ug/m3","93.80","1","Background","Suburban","4.4367","50.9414","12.0","","","","E1a/validated data AQ e-Reporting","18/03/2023 21:36:00","http://fme.discomap.eea.europa.eu/fmedatastreaming/AirQualityDownload/AQData_Extract.fmw?CountryCode=BE&CityName=&Pollutant=8&Year_from=2016&Year_to=2016&Station=STA-BETR020&Samplingpoint=&Source=E1a&Output=HTML&UpdateDate="
"Belgium","NET-Flanders","Flanders","BETN040","42N040 - ST.P.LEEUWG","SPO-BETN040_00008_100","NO2","Nitrogen dioxide (air)","P1Y-day-per50","1 year 50 %ile of daily values in a year","2016","12.283","ug/m3","98.36","1","Background","Rural","4.2252","50.7681","20.0","","","","E1a/validated data AQ e-Reporting","18/03/2023 22:14:21","http://fme.discomap.eea.europa.eu/fmedatastreaming/AirQualityDownload/AQData_Extract.fmw?CountryCode=BE&CityName=&Pollutant=8&Year_from=2016&Year_to=2016&Station=STA-BETN040&Samplingpoint=&Source=E1a&Output=HTML&UpdateDate="
"Belgium","NET-Flanders","Flanders","BETN040","42N040 - ST.P.LEEUWG","SPO-BETN040_00008_100","NO2","Nitrogen dioxide (air)","P1Y-hrsAbove400","1 year hour exceed 400","2016","0.000","count","96.65","1","Background","Rural","4.2252","50.7681","20.0","","","","E1a/validated data AQ e-Reporting","18/03/2023 21:54:38","http://fme.discomap.eea.europa.eu/fmedatastreaming/AirQualityDownload/AQData_Extract.fmw?CountryCode=BE&CityName=&Pollutant=8&Year_from=2016&Year_to=2016&Station=STA-BETN040&Samplingpoint=&Source=E1a&Output=HTML&UpdateDate="
"Belgium","NET-Flanders","Flanders","BEMR802","00R802 - BORGERHOUT","SPO-BEMR802_05014_100","Cd in PM10","Cadmium in PM10 (aerosol)","P1Y","Annual mean / 1 calendar year","2016","0.425","ng/m3","96.99","1","Traffic","Urban","4.4318","51.2097","5.0","Antwerpen                                                                       ","BE002C1                                           ","530014","E1a/validated data AQ e-Reporting","18/03/2023 21:08:58","http://fme.discomap.eea.europa.eu/fmedatastreaming/AirQualityDownload/AQData_Extract.fmw?CountryCode=BE&CityName=&Pollutant=5014&Year_from=2016&Year_to=2016&Station=STA-BEMR802&Samplingpoint=&Source=E1a&Output=HTML&UpdateDate="
"Belgium","NET-Flanders","Flanders","BETN029","44N029 - HOUTEM","SPO-BETN029_00001_100","SO2","Sulphur dioxide (air)","P1Y-P1D-per99","1 year 99 percentile of daily means (P1D) or .../aq/primaryObservation/day","2016","2.087","ug/m3","98.63","1","Background","Rural","2.5823","51.0163","2.0","","","","E1a/validated data AQ e-Reporting","18/03/2023 22:11:00","http://fme.discomap.eea.europa.eu/fmedatastreaming/AirQualityDownload/AQData_Extract.fmw?CountryCode=BE&CityName=&Pollutant=1&Year_from=2016&Year_to=2016&Station=STA-BETN029&Samplingpoint=&Source=E1a&Output=HTML&UpdateDate="
"Belgium","NET-Wallonia","Wallonia","BEMATH1","0ATH01 - ATH","SPO-BEMATH1_05018_100","As in PM10","Arsenic in PM10 (aerosol)","P1Y","Annual mean / 1 calendar year","2016","0.457","ng/m3","75.13","1","Industrial","Urban","3.7752","50.6351","32.0","","","","E1a/validated data AQ e-Reporting","18/03/2023 21:08:58","http://fme.discomap.eea.europa.eu/fmedatastreaming/AirQualityDownload/AQData_Extract.fmw?CountryCode=BE&CityName=&Pollutant=5018&Year_from=2016&Year_to=2016&Station=STA-BEMATH1&Samplingpoint=&Source=E1a&Output=HTML&UpdateDate="
"Belgium","NET-Wallonia","Wallonia","BEMN132","00N132 - HABAY-L-N","SPO-BEMN132_05015_100","Ni in PM10","Nickel in PM10 (aerosol)","P1Y","Annual mean / 1 calendar year","2016","0.470","ng/m3","93.43","1","Background","Rural","5.6303","49.7190","375.0","","","","E1a/validated data AQ e-Reporting","18/03/2023 21:08:58","http://fme.discomap.eea.europa.eu/fmedatastreaming/AirQualityDownload/AQData_Extract.fmw?CountryCode=BE&CityName=&Pollutant=5015&Year_from=2016&Year_to=2016&Station=STA-BEMN132&Samplingpoint=&Source=E1a&Output=HTML&UpdateDate="
"Belgium","NET-Flanders","Flanders","BETR834","42R834 - Boom","SPO-BETR834_00008_100","NO2","Nitrogen dioxide (air)","P1Y","Annual mean / 1 calendar year","2016","23.077","ug/m3","94.79","1","Background","Suburban","4.3801","51.0920","0.0","","","","E1a/validated data AQ e-Reporting","18/03/2023 21:08:58","http://fme.discomap.eea.europa.eu/fmedatastreaming/AirQualityDownload/AQData_Extract.fmw?CountryCode=BE&CityName=&Pollutant=8&Year_from=2016&Year_to=2016&Station=STA-BETR834&Samplingpoint=&Source=E1a&Output=HTML&UpdateDate="
"Belgium","NET-Flanders","Flanders","BETR834","42R834 - Boom","SPO-BETR834_06001_100","PM2.5","Particulate matter < 2.5 µm (aerosol)","P1Y-day-max","1 year day max","2016","53.854","ug/m3","99.45","1","Background","Suburban","4.3801","51.0920","0.0","","","","E1a/validated data AQ e-Reporting","18/03/2023 21:43:22","http://fme.discomap.eea.europa.eu/fmedatastreaming/AirQualityDownload/AQData_Extract.fmw?CountryCode=BE&CityName=&Pollutant=6001&Year_from=2016&Year_to=2016&Station=STA-BETR834&Samplingpoint=&Source=E1a&Output=HTML&UpdateDate="
"Belgium","NET-Wallonia","Wallonia","BETN100","43N100 - DOURBES","SPO-BETN100_06001_100","PM2.5","Particulate matter < 2.5 µm (aerosol)","P1Y-hr-max","1 year hour max","2016","78.203","ug/m3","99.57","1","Background","Rural","4.5948","50.0957","225.0","","","","E1a/validated data AQ e-Reporting","18/03/2023 21:57:02","http://fme.discomap.eea.europa.eu/fmedatastreaming/AirQualityDownload/AQData_Extract.fmw?CountryCode=BE&CityName=&Pollutant=6001&Year_from=2016&Year_to=2016&Station=STA-BETN100&Samplingpoint=&Source=E1a&Output=HTML&UpdateDate="
"Belgium","NET-Wallonia","Wallonia","BETN070","43N070 - MONS","SPO-BETN070_00007_100","O3","Ozone (air)","P1Y-dmaxAbove120","1 year daymax exceed 120","2016","2.000","count","97.27","1","Background","Suburban","3.9397","50.4652","30.0","Mons                                                                            ","BE009C1                                           ","95922","E1a/validated data AQ e-Reporting","18/03/2023 22:25:06","http://fme.discomap.eea.europa.eu/fmedatastreaming/AirQualityDownload/AQData_Extract.fmw?CountryCode=BE&CityName=&Pollutant=7&Year_from=2016&Year_to=2016&Station=STA-BETN070&Samplingpoint=&Source=E1a&Output=HTML&UpdateDate="
"Belgium","NET-Flanders","Flanders","BETR750","44R750 - ZELZATE","SPO-BETR750_00010_100","CO","Carbon monoxide (air)","P1Y-hr-per50","1 year 50 percentile","2016","0.220","mg/m3","96.40","1","Industrial","Rural","3.8229","51.1961","6.0","","","","E1a/validated data AQ e-Reporting","18/03/2023 22:05:49","http://fme.discomap.eea.europa.eu/fmedatastreaming/AirQualityDownload/AQData_Extract.fmw?CountryCode=BE&CityName=&Pollutant=10&Year_from=2016&Year_to=2016&Station=STA-BETR750&Samplingpoint=&Source=E1a&Output=HTML&UpdateDate="
"Belgium","NET-Flanders","Flanders","BESR893","59N893 - ANTWERPEN","SPO-BESR893_00020_100","C6H6","Benzene (air)","P1Y-day-per50","1 year 50 %ile of daily values in a year","2016","1.800","ug/m3","91.80","1","Background","Suburban","3.8084","51.2032","0.0","","","","E1a/validated data AQ e-Reporting","18/03/2023 22:13:51","http://fme.discomap.eea.europa.eu/fmedatastreaming/AirQualityDownload/AQData_Extract.fmw?CountryCode=BE&CityName=&Pollutant=20&Year_from=2016&Year_to=2016&Station=STA-BESR893&Samplingpoint=&Source=E1a&Output=HTML&UpdateDate="
"Belgium","NET-Flanders","Flanders","BETN012","44N012 - MOERKERKE","SPO-BETN012_06001_100","PM2.5","Particulate matter < 2.5 µm (aerosol)","P3Y","3 subsequent calendar years mean","2016","11.984","ug/m3","74.87","1","Background","Rural","3.3625","51.2546","3.0","","","","E1a/validated data AQ e-Reporting","18/03/2023 21:36:00","http://fme.discomap.eea.europa.eu/fmedatastreaming/AirQualityDownload/AQData_Extract.fmw?CountryCode=BE&CityName=&Pollutant=6001&Year_from=2016&Year_to=2016&Station=STA-BETN012&Samplingpoint=&Source=E1a&Output=HTML&UpdateDate="
"Belgium","NET-Flanders","Flanders","BESN045","59N045 - HASSELT","SPO-BESN045_06016_100","C6H12","1-Hexene (air)","P1Y","Annual mean / 1 calendar year","2016","0.000","ug/m3","87.98","1","Background","Suburban","5.3684","50.9397","0.0","","","","E1a/validated data AQ e-Reporting","18/03/2023 21:08:58","http://fme.discomap.eea.europa.eu/fmedatastreaming/AirQualityDownload/AQData_Extract.fmw?CountryCode=BE&CityName=&Pollutant=6016&Year_from=2016&Year_to=2016&Station=STA-BESN045&Samplingpoint=&Source=E1a&Output=HTML&UpdateDate="
"Belgium","NET-Flanders","Flanders","BETN051","44N051 - IDEGEM","SPO-BETN051_00007_100","O3","Ozone (air)","P1Y-day-max","1 year day max","2016","93.792","ug/m3","92.62","1","Background","Rural","3.9303","50.7989","15.0","","","","E1a/validated data AQ e-Reporting","18/03/2023 21:44:13","http://fme.discomap.eea.europa.eu/fmedatastreaming/AirQualityDownload/AQData_Extract.fmw?CountryCode=BE&CityName=&Pollutant=7&Year_from=2016&Year_to=2016&Station=STA-BETN051&Samplingpoint=&Source=E1a&Output=HTML&UpdateDate="
"Belgium","NET-Flanders","Flanders","BETN029","44N029 - HOUTEM","SPO-BETN029_00007_100","O3","Ozone (air)","P1Y-dmax-per99","1 year 99 percentile daily 8h maximum","2016","121.625","ug/m3","92.62","1","Background","Rural","2.5823","51.0163","2.0","","","","E1a/validated data AQ e-Reporting","18/03/2023 22:13:26","http://fme.discomap.eea.europa.eu/fmedatastreaming/AirQualityDownload/AQData_Extract.fmw?CountryCode=BE&CityName=&Pollutant=7&Year_from=2016&Year_to=2016&Station=STA-BETN029&Samplingpoint=&Source=E1a&Output=HTML&UpdateDate="
"Belgium","NET-Flanders","Flanders","BETR803","42R803 - ANTWERPEN","SPO-BETR803_00008_100","NO2","Nitrogen dioxide (air)","P1Y-hr-max","1 year hour max","2016","211.000","ug/m3","93.34","1","Background","Urban","4.4285","51.2286","0.0","Antwerpen                                                                       ","BE002C1                                           ","530014","E1a/validated data AQ e-Reporting","18/03/2023 21:57:02","http://fme.discomap.eea.europa.eu/fmedatastreaming/AirQualityDownload/AQData_Extract.fmw?CountryCode=BE&CityName=&Pollutant=8&Year_from=2016&Year_to=2016&Station=STA-BETR803&Samplingpoint=&Source=E1a&Output=HTML&UpdateDate="
"Belgium","NET-Flanders","Flanders","BETE703","47E703 - OOSTEEKLO","SPO-BETE703_00008_100","NO2","Nitrogen dioxide (air)","P1Y-day-max","1 year day max","2016","59.500","ug/m3","97.27","1","Industrial","Rural","3.6873","51.1903","0.0","","","","E1a/validated data AQ e-Reporting","18/03/2023 21:43:56","http://fme.discomap.eea.europa.eu/fmedatastreaming/AirQualityDownload/AQData_Extract.fmw?CountryCode=BE&CityName=&Pollutant=8&Year_from=2016&Year_to=2016&Station=STA-BETE703&Samplingpoint=&Source=E1a&Output=HTML&UpdateDate="
"Belgium","NET-Flanders","Flanders","BETE703","47E703 - OOSTEEKLO","SPO-BETE703_00008_100","NO2","Nitrogen dioxide (air)","P1Y-hr-max19","1 year hour max19","2016","69.500","ug/m3","93.21","1","Industrial","Rural","3.6873","51.1903","0.0","","","","E1a/validated data AQ e-Reporting","18/03/2023 22:34:35","http://fme.discomap.eea.europa.eu/fmedatastreaming/AirQualityDownload/AQData_Extract.fmw?CountryCode=BE&CityName=&Pollutant=8&Year_from=2016&Year_to=2016&Station=STA-BETE703&Samplingpoint=&Source=E1a&Output=HTML&UpdateDate="
"Belgium","NET-Flanders","Flanders","BETE703","47E703 - OOSTEEKLO","SPO-BETE703_00008_100","NO2","Nitrogen dioxide (air)","P1Y-hr-per50","1 year 50 percentile","2016","14.000","ug/m3","93.21","1","Industrial","Rural","3.6873","51.1903","0.0","","","","E1a/validated data AQ e-Reporting","18/03/2023 22:05:49","http://fme.discomap.eea.europa.eu/fmedatastreaming/AirQualityDownload/AQData_Extract.fmw?CountryCode=BE&CityName=&Pollutant=8&Year_from=2016&Year_to=2016&Station=STA-BETE703&Samplingpoint=&Source=E1a&Output=HTML&UpdateDate="
"Belgium","NET-Flanders","Flanders","BETR831","42R831 - BERENDRECHT","SPO-BETR831_00007_100","O3","Ozone (air)","P1Y-dmax-per93.15","1 year 93.15 percentile daily 8h maximum","2016","100.000","ug/m3","95.36","1","Industrial","Rural","4.3397","51.3488","3.0","Antwerpen                                                                       ","BE002C1                                           ","530014","E1a/validated data AQ e-Reporting","18/03/2023 22:12:55","http://fme.discomap.eea.europa.eu/fmedatastreaming/AirQualityDownload/AQData_Extract.fmw?CountryCode=BE&CityName=&Pollutant=7&Year_from=2016&Year_to=2016&Station=STA-BETR831&Samplingpoint=&Source=E1a&Output=HTML&UpdateDate="
"Belgium","NET-Flanders","Flanders","BETN051","44N051 - IDEGEM","SPO-BETN051_00007_100","O3","Ozone (air)","SOMO10","Sum of Ozone Means Over 10 ppb","2016","16548.773","ug/m3","92.35","1","Background","Rural","3.9303","50.7989","15.0","","","","E1a/validated data AQ e-Reporting","18/03/2023 22:59:50","http://fme.discomap.eea.europa.eu/fmedatastreaming/AirQualityDownload/AQData_Extract.fmw?CountryCode=BE&CityName=&Pollutant=7&Year_from=2016&Year_to=2016&Station=STA-BETN051&Samplingpoint=&Source=E1a&Output=HTML&UpdateDate="
"Belgium","NET-Flanders","Flanders","BETM802","42M802 - ANTWERPEN","SPO-BETM802_00001_100","SO2","Sulphur dioxide (air)","P1Y-day-min","1 year day min","2016","1.000","ug/m3","97.54","1","Industrial","Suburban","4.4244","51.2610","3.0","Antwerpen                                                                       ","BE002C1                                           ","530014","E1a/validated data AQ e-Reporting","18/03/2023 21:54:56","http://fme.discomap.eea.europa.eu/fmedatastreaming/AirQualityDownload/AQData_Extract.fmw?CountryCode=BE&CityName=&Pollutant=1&Year_from=2016&Year_to=2016&Station=STA-BETM802&Samplingpoint=&Source=E1a&Output=HTML&UpdateDate="
"Belgium","NET-Flanders","Flanders","BELLD02","40LD02 - LAAKDAL","SPO-BELLD02_00020_100","C6H6","Benzene (air)","P1Y-hr-per50","1 year 50 percentile","2016","0.395","ug/m3","92.95","1","Industrial","Rural","5.0216","51.1204","22.0","","","","E1a/validated data AQ e-Reporting","18/03/2023 22:05:49","http://fme.discomap.eea.europa.eu/fmedatastreaming/AirQualityDownload/AQData_Extract.fmw?CountryCode=BE&CityName=&Pollutant=20&Year_from=2016&Year_to=2016&Station=STA-BELLD02&Samplingpoint=&Source=E1a&Output=HTML&UpdateDate="
"Belgium","NET-Flanders","Flanders","BETN045","42N045 - HASSELT","SPO-BETN045_00005_100","PM10","Particulate matter < 10 µm (aerosol)","P1Y-P1D-per90.41","1 year 90.41 percentile","2016","32.871","ug/m3","99.45","1","Background","Suburban","5.3684","50.9397","41.0","","","","E1a/validated data AQ e-Reporting","18/03/2023 22:09:05","http://fme.discomap.eea.europa.eu/fmedatastreaming/AirQualityDownload/AQData_Extract.fmw?CountryCode=BE&CityName=&Pollutant=5&Year_from=2016&Year_to=2016&Station=STA-BETN045&Samplingpoint=&Source=E1a&Output=HTML&UpdateDate="
"Belgium","NET-Flanders","Flanders","BELMN01","40MN01 - MENEN","SPO-BELMN01_00005_100","PM10","Particulate matter < 10 µm (aerosol)","P1Y-hr-per50","1 year 50 percentile","2016","20.600","ug/m3","98.36","1","Industrial","Rural","3.1096","50.7935","10.0","","","","E1a/validated data AQ e-Reporting","18/03/2023 22:05:49","http://fme.discomap.eea.europa.eu/fmedatastreaming/AirQualityDownload/AQData_Extract.fmw?CountryCode=BE&CityName=&Pollutant=5&Year_from=2016&Year_to=2016&Station=STA-BELMN01&Samplingpoint=&Source=E1a&Output=HTML&UpdateDate="
"Belgium","NET-Flanders","Flanders","BETN054","42N054 - WALSHOUTEM","SPO-BETN054_00005_100","PM10","Particulate matter < 10 µm (aerosol)","P1Y-P1D-per90.4","1 year 90.4 percentile - COMPLIANCE","2016","33.183","ug/m3","97.81","1","Background","Rural","5.1032","50.7117","135.0","","","","E1a/validated data AQ e-Reporting","18/03/2023 22:08:35","http://fme.discomap.eea.europa.eu/fmedatastreaming/AirQualityDownload/AQData_Extract.fmw?CountryCode=BE&CityName=&Pollutant=5&Year_from=2016&Year_to=2016&Station=STA-BETN054&Samplingpoint=&Source=E1a&Output=HTML&UpdateDate="
"Belgium","NET-Flanders","Flanders","BESN029","59N029 - VEURNE","SPO-BESN029_00020_100","C6H6","Benzene (air)","P1Y-day-per50","1 year 50 %ile of daily values in a year","2016","0.680","ug/m3","87.98","1","Background","Suburban","2.5823","51.0163","0.0","","","","E1a/validated data AQ e-Reporting","18/03/2023 22:13:51","http://fme.discomap.eea.europa.eu/fmedatastreaming/AirQualityDownload/AQData_Extract.fmw?CountryCode=BE&CityName=&Pollutant=20&Year_from=2016&Year_to=2016&Station=STA-BESN029&Samplingpoint=&Source=E1a&Output=HTML&UpdateDate="
"Belgium","NET-Flanders","Flanders","BETR803","42R803 - ANTWERPEN","SPO-BETR803_00008_100","NO2","Nitrogen dioxide (air)","P1Y-P1D-per99","1 year 99 percentile of daily means (P1D) or .../aq/primaryObservation/day","2016","66.435","ug/m3","94.54","1","Background","Urban","4.4285","51.2286","0.0","Antwerpen                                                                       ","BE002C1                                           ","530014","E1a/validated data AQ e-Reporting","18/03/2023 22:10:34","http://fme.discomap.eea.europa.eu/fmedatastreaming/AirQualityDownload/AQData_Extract.fmw?CountryCode=BE&CityName=&Pollutant=8&Year_from=2016&Year_to=2016&Station=STA-BETR803&Samplingpoint=&Source=E1a&Output=HTML&UpdateDate="
"Belgium","NET-Wallonia","Wallonia","BETN085","43N085 - VIELSALM","SPO-BETN085_00008_100","NO2","Nitrogen dioxide (air)","P1Y-hrsAbove400","1 year hour exceed 400","2016","0.000","count","95.73","1","Background","Rural","6.0017","50.3032","490.0","","","","E1a/validated data AQ e-Reporting","18/03/2023 21:54:38","http://fme.discomap.eea.europa.eu/fmedatastreaming/AirQualityDownload/AQData_Extract.fmw?CountryCode=BE&CityName=&Pollutant=8&Year_from=2016&Year_to=2016&Station=STA-BETN085&Samplingpoint=&Source=E1a&Output=HTML&UpdateDate="
"Belgium","NET-Flanders","Flanders","BETR803","42R803 - ANTWERPEN","SPO-BETR803_00391_100","Black Carbon","black_carbon (aerosol)","P1Y-hr-max","1 year hour max","2016","14.590","ug/m3","96.61","1","Background","Urban","4.4285","51.2286","0.0","Antwerpen                                                                       ","BE002C1                                           ","530014","E1a/validated data AQ e-Reporting","18/03/2023 21:57:02","http://fme.discomap.eea.europa.eu/fmedatastreaming/AirQualityDownload/AQData_Extract.fmw?CountryCode=BE&CityName=&Pollutant=391&Year_from=2016&Year_to=2016&Station=STA-BETR803&Samplingpoint=&Source=E1a&Output=HTML&UpdateDate="
"Belgium","NET-Wallonia","Wallonia","BETN093","43N093 - SINSIN","SPO-BETN093_00001_100","SO2","Sulphur dioxide (air)","P1Y-hr-max25","1 year hour max 25","2016","3.000","ug/m3","94.90","1","Background","Rural","5.2352","50.2745","265.0","","","","E1a/validated data AQ e-Reporting","18/03/2023 22:33:20","http://fme.discomap.eea.europa.eu/fmedatastreaming/AirQualityDownload/AQData_Extract.fmw?CountryCode=BE&CityName=&Pollutant=1&Year_from=2016&Year_to=2016&Station=STA-BETN093&Samplingpoint=&Source=E1a&Output=HTML&UpdateDate="
"Belgium","NET-Wallonia","Wallonia","BETR222","43R222 - SERAING","SPO-BETR222_00007_100","O3","Ozone (air)","P1Y-hrsAbove240","1 year hour exceed 240","2016","0.000","count","94.17","1","Background","Suburban","5.5702","50.6134","65.0","Liège                                                                           ","BE005C1                                           ","383700","E1a/validated data AQ e-Reporting","18/03/2023 21:50:25","http://fme.discomap.eea.europa.eu/fmedatastreaming/AirQualityDownload/AQData_Extract.fmw?CountryCode=BE&CityName=&Pollutant=7&Year_from=2016&Year_to=2016&Station=STA-BETR222&Samplingpoint=&Source=E1a&Output=HTML&UpdateDate="
"Belgium","NET-Wallonia","Wallonia","BETR221","43R221 - LIEGE","SPO-BETR221_00005_100","PM10","Particulate matter < 10 µm (aerosol)","P1Y-day-max","1 year day max","2016","121.728","ug/m3","100.00","1","Background","Urban","5.6278","50.6584","65.0","Liège                                                                           ","BE005C1                                           ","383700","E1a/validated data AQ e-Reporting","18/03/2023 21:43:06","http://fme.discomap.eea.europa.eu/fmedatastreaming/AirQualityDownload/AQData_Extract.fmw?CountryCode=BE&CityName=&Pollutant=5&Year_from=2016&Year_to=2016&Station=STA-BETR221&Samplingpoint=&Source=E1a&Output=HTML&UpdateDate="
"Belgium","NET-Wallonia","Wallonia","BETR221","43R221 - LIEGE","SPO-BETR221_00007_100","O3","Ozone (air)","P1Y-dmax-per99","1 year 99 percentile daily 8h maximum","2016","116.375","ug/m3","96.45","1","Background","Urban","5.6278","50.6584","65.0","Liège                                                                           ","BE005C1                                           ","383700","E1a/validated data AQ e-Reporting","18/03/2023 22:13:26","http://fme.discomap.eea.europa.eu/fmedatastreaming/AirQualityDownload/AQData_Extract.fmw?CountryCode=BE&CityName=&Pollutant=7&Year_from=2016&Year_to=2016&Station=STA-BETR221&Samplingpoint=&Source=E1a&Output=HTML&UpdateDate="
"Belgium","NET-Wallonia","Wallonia","BETN121","43N121 - OFFAGNE","SPO-BETN121_00008_100","NO2","Nitrogen dioxide (air)","P1Y","Annual mean / 1 calendar year","2016","6.599","ug/m3","97.02","1","Background","Rural","5.2024","49.8771","430.0","","","","E1a/validated data AQ e-Reporting","18/03/2023 21:08:58","http://fme.discomap.eea.europa.eu/fmedatastreaming/AirQualityDownload/AQData_Extract.fmw?CountryCode=BE&CityName=&Pollutant=8&Year_from=2016&Year_to=2016&Station=STA-BETN121&Samplingpoint=&Source=E1a&Output=HTML&UpdateDate="
"Belgium","NET-Wallonia","Wallonia","BETN132","43N132 - HABAY-LA-N.","SPO-BETN132_06001_100","PM2.5","Particulate matter < 2.5 µm (aerosol)","P1Y-P1D-per99","1 year 99 percentile of daily means (P1D) or .../aq/primaryObservation/day","2016","29.648","ug/m3","99.45","1","Background","Rural","5.6304","49.7193","375.0","","","","E1a/validated data AQ e-Reporting","18/03/2023 22:10:03","http://fme.discomap.eea.europa.eu/fmedatastreaming/AirQualityDownload/AQData_Extract.fmw?CountryCode=BE&CityName=&Pollutant=6001&Year_from=2016&Year_to=2016&Station=STA-BETN132&Samplingpoint=&Source=E1a&Output=HTML&UpdateDate="
"Belgium","NET-Wallonia","Wallonia","BETR221","43R221 - LIEGE","SPO-BETR221_00001_100","SO2","Sulphur dioxide (air)","P1Y-day-per50","1 year 50 %ile of daily values in a year","2016","1.000","ug/m3","87.98","1","Background","Urban","5.6278","50.6584","65.0","Liège                                                                           ","BE005C1                                           ","383700","E1a/validated data AQ e-Reporting","18/03/2023 22:14:46","http://fme.discomap.eea.europa.eu/fmedatastreaming/AirQualityDownload/AQData_Extract.fmw?CountryCode=BE&CityName=&Pollutant=1&Year_from=2016&Year_to=2016&Station=STA-BETR221&Samplingpoint=&Source=E1a&Output=HTML&UpdateDate="
"Belgium","NET-Flanders","Flanders","BETN035","42N035 - AARSCHOT","SPO-BETN035_00001_100","SO2","Sulphur dioxide (air)","winter-avg","Winter mean","2016","1.437","ug/m3","96.77","1","Background","Rural","4.8376","50.9775","55.0","","","","E1a/validated data AQ e-Reporting","18/03/2023 22:50:43","http://fme.discomap.eea.europa.eu/fmedatastreaming/AirQualityDownload/AQData_Extract.fmw?CountryCode=BE&CityName=&Pollutant=1&Year_from=2016&Year_to=2016&Station=STA-BETN035&Samplingpoint=&Source=E1a&Output=HTML&UpdateDate="
"Belgium","NET-Flanders","Flanders","BETN052","44N052 - ZWEVEGEM","SPO-BETN052_00007_100","O3","Ozone (air)","P1Y-day-min","1 year day min","2016","1.000","ug/m3","90.71","1","Background","Suburban","3.3225","50.8149","27.0","","","","E1a/validated data AQ e-Reporting","18/03/2023 21:56:21","http://fme.discomap.eea.europa.eu/fmedatastreaming/AirQualityDownload/AQData_Extract.fmw?CountryCode=BE&CityName=&Pollutant=7&Year_from=2016&Year_to=2016&Station=STA-BETN052&Samplingpoint=&Source=E1a&Output=HTML&UpdateDate="
"Belgium","NET-Flanders","Flanders","BETR750","44R750 - ZELZATE","SPO-BETR750_00005_100","PM10","Particulate matter < 10 µm (aerosol)","P1Y-P1D-per90.4","1 year 90.4 percentile - COMPLIANCE","2016","41.746","ug/m3","98.36","1","Industrial","Rural","3.8229","51.1961","6.0","","","","E1a/validated data AQ e-Reporting","18/03/2023 22:08:35","http://fme.discomap.eea.europa.eu/fmedatastreaming/AirQualityDownload/AQData_Extract.fmw?CountryCode=BE&CityName=&Pollutant=5&Year_from=2016&Year_to=2016&Station=STA-BETR750&Samplingpoint=&Source=E1a&Output=HTML&UpdateDate="
"Belgium","NET-Flanders","Flanders","BETM705","44M705 - ROESELARE","SPO-BETM705_00008_100","NO2","Nitrogen dioxide (air)","P1Y-hr-max-per99.79","1 year 99.79 %ile of hourly values in a given year","2016","88.000","ug/m3","96.85","1","Industrial","Suburban","3.1524","50.9454","19.0","","","","E1a/validated data AQ e-Reporting","18/03/2023 22:07:35","http://fme.discomap.eea.europa.eu/fmedatastreaming/AirQualityDownload/AQData_Extract.fmw?CountryCode=BE&CityName=&Pollutant=8&Year_from=2016&Year_to=2016&Station=STA-BETM705&Samplingpoint=&Source=E1a&Output=HTML&UpdateDate="
"Belgium","NET-Flanders","Flanders","BETM705","44M705 - ROESELARE","SPO-BETM705_06001_100","PM2.5","Particulate matter < 2.5 µm (aerosol)","P1Y","Annual mean / 1 calendar year","2016","14.827","ug/m3","97.21","1","Industrial","Suburban","3.1524","50.9454","19.0","","","","E1a/validated data AQ e-Reporting","18/03/2023 21:08:58","http://fme.discomap.eea.europa.eu/fmedatastreaming/AirQualityDownload/AQData_Extract.fmw?CountryCode=BE&CityName=&Pollutant=6001&Year_from=2016&Year_to=2016&Station=STA-BETM705&Samplingpoint=&Source=E1a&Output=HTML&UpdateDate="
"Belgium","NET-Flanders","Flanders","BETR830","42R830 - DOEL","SPO-BETR830_00001_100","SO2","Sulphur dioxide (air)","P1Y-day-min","1 year day min","2016","1.000","ug/m3","99.45","1","Industrial","Rural","4.2626","51.3182","5.0","","","","E1a/validated data AQ e-Reporting","18/03/2023 21:54:56","http://fme.discomap.eea.europa.eu/fmedatastreaming/AirQualityDownload/AQData_Extract.fmw?CountryCode=BE&CityName=&Pollutant=1&Year_from=2016&Year_to=2016&Station=STA-BETR830&Samplingpoint=&Source=E1a&Output=HTML&UpdateDate="
"Belgium","NET-Flanders","Flanders","BETR811","42R811 - SCHOTEN","SPO-BETR811_00007_100","O3","Ozone (air)","P1Y-hr-min","1 year hour min","2016","1.000","ug/m3","93.39","1","Background","Suburban","4.4914","51.2521","8.0","","","","E1a/validated data AQ e-Reporting","18/03/2023 22:31:20","http://fme.discomap.eea.europa.eu/fmedatastreaming/AirQualityDownload/AQData_Extract.fmw?CountryCode=BE&CityName=&Pollutant=7&Year_from=2016&Year_to=2016&Station=STA-BETR811&Samplingpoint=&Source=E1a&Output=HTML&UpdateDate="
"Belgium","NET-Flanders","Flanders","BETE715","47E715 - ZUIENKERKE","SPO-BETE715_00008_100","NO2","Nitrogen dioxide (air)","P1Y-hr-max-per99.79","1 year 99.79 %ile of hourly values in a given year","2016","66.500","ug/m3","96.56","1","Industrial","Rural","3.1750","51.2459","4.0","","","","E1a/validated data AQ e-Reporting","18/03/2023 22:07:35","http://fme.discomap.eea.europa.eu/fmedatastreaming/AirQualityDownload/AQData_Extract.fmw?CountryCode=BE&CityName=&Pollutant=8&Year_from=2016&Year_to=2016&Station=STA-BETE715&Samplingpoint=&Source=E1a&Output=HTML&UpdateDate="
"Belgium","NET-Flanders","Flanders","BETE812","47E812 - GENK","SPO-BETE812_00001_100","SO2","Sulphur dioxide (air)","P1Y-daysAbove125","1 year day exceed 125","2016","0.000","count","47.27","1","Industrial","Suburban","5.5377","50.9680","82.0","","","","E1a/validated data AQ e-Reporting","18/03/2023 22:23:37","http://fme.discomap.eea.europa.eu/fmedatastreaming/AirQualityDownload/AQData_Extract.fmw?CountryCode=BE&CityName=&Pollutant=1&Year_from=2016&Year_to=2016&Station=STA-BETE812&Samplingpoint=&Source=E1a&Output=HTML&UpdateDate="
"Belgium","NET-Flanders","Flanders","BETN045","42N045 - HASSELT","SPO-BETN045_00005_100","PM10","Particulate matter < 10 µm (aerosol)","P1Y-day-per50","1 year 50 %ile of daily values in a year","2016","17.642","ug/m3","99.45","1","Background","Suburban","5.3684","50.9397","41.0","","","","E1a/validated data AQ e-Reporting","18/03/2023 22:08:05","http://fme.discomap.eea.europa.eu/fmedatastreaming/AirQualityDownload/AQData_Extract.fmw?CountryCode=BE&CityName=&Pollutant=5&Year_from=2016&Year_to=2016&Station=STA-BETN045&Samplingpoint=&Source=E1a&Output=HTML&UpdateDate="
"Belgium","NET-Flanders","Flanders","BETE008","47E008 - Grimbergen","SPO-BETE008_00008_100","NO2","Nitrogen dioxide (air)","P1Y-hr-max","1 year hour max","2016","130.500","ug/m3","95.26","1","Industrial","Rural","4.3959","50.9261","14.0","","","","E1a/validated data AQ e-Reporting","18/03/2023 21:57:02","http://fme.discomap.eea.europa.eu/fmedatastreaming/AirQualityDownload/AQData_Extract.fmw?CountryCode=BE&CityName=&Pollutant=8&Year_from=2016&Year_to=2016&Station=STA-BETE008&Samplingpoint=&Source=E1a&Output=HTML&UpdateDate="
"Belgium","NET-Flanders","Flanders","BETE703","47E703 - OOSTEEKLO","SPO-BETE703_00008_100","NO2","Nitrogen dioxide (air)","P1Y-hr-min","1 year hour min","2016","1.000","ug/m3","93.21","1","Industrial","Rural","3.6873","51.1903","0.0","","","","E1a/validated data AQ e-Reporting","18/03/2023 22:31:20","http://fme.discomap.eea.europa.eu/fmedatastreaming/AirQualityDownload/AQData_Extract.fmw?CountryCode=BE&CityName=&Pollutant=8&Year_from=2016&Year_to=2016&Station=STA-BETE703&Samplingpoint=&Source=E1a&Output=HTML&UpdateDate="
"Belgium","NET-Flanders","Flanders","BETM802","42M802 - ANTWERPEN","SPO-BETM802_00001_100","SO2","Sulphur dioxide (air)","P1Y-day-per50","1 year 50 %ile of daily values in a year","2016","1.717","ug/m3","97.54","1","Industrial","Suburban","4.4244","51.2610","3.0","Antwerpen                                                                       ","BE002C1                                           ","530014","E1a/validated data AQ e-Reporting","18/03/2023 22:14:46","http://fme.discomap.eea.europa.eu/fmedatastreaming/AirQualityDownload/AQData_Extract.fmw?CountryCode=BE&CityName=&Pollutant=1&Year_from=2016&Year_to=2016&Station=STA-BETM802&Samplingpoint=&Source=E1a&Output=HTML&UpdateDate="
"Belgium","NET-Flanders","Flanders","BETR702","44R702 - Gent (G.Carlierlaan)","SPO-BETR702_00391_100","Black Carbon","black_carbon (aerosol)","P1Y-hr-min","1 year hour min","2016","0.075","ug/m3","99.42","1","Traffic","Urban","3.7350","51.0407","8.0","Gent                                                                            ","BE003C1                                           ","263687","E1a/validated data AQ e-Reporting","18/03/2023 22:31:20","http://fme.discomap.eea.europa.eu/fmedatastreaming/AirQualityDownload/AQData_Extract.fmw?CountryCode=BE&CityName=&Pollutant=391&Year_from=2016&Year_to=2016&Station=STA-BETR702&Samplingpoint=&Source=E1a&Output=HTML&UpdateDate="
"Belgium","NET-Flanders","Flanders","BETR702","44R702 - Gent (G.Carlierlaan)","SPO-BETR702_06001_100","PM2.5","Particulate matter < 2.5 µm (aerosol)","P1Y-day-per50","1 year 50 %ile of daily values in a year","2016","11.063","ug/m3","100.00","1","Traffic","Urban","3.7350","51.0407","8.0","Gent                                                                            ","BE003C1                                           ","263687","E1a/validated data AQ e-Reporting","18/03/2023 22:11:51","http://fme.discomap.eea.europa.eu/fmedatastreaming/AirQualityDownload/AQData_Extract.fmw?CountryCode=BE&CityName=&Pollutant=6001&Year_from=2016&Year_to=2016&Station=STA-BETR702&Samplingpoint=&Source=E1a&Output=HTML&UpdateDate="
"Belgium","NET-Flanders","Flanders","BETE814","47E814 - Ham","SPO-BETE814_00008_100","NO2","Nitrogen dioxide (air)","P1Y-hr-max-per99.79","1 year 99.79 %ile of hourly values in a given year","2016","91.500","ug/m3","96.31","1","Industrial","Rural","5.1297","51.0822","0.0","","","","E1a/validated data AQ e-Reporting","18/03/2023 22:07:35","http://fme.discomap.eea.europa.eu/fmedatastreaming/AirQualityDownload/AQData_Extract.fmw?CountryCode=BE&CityName=&Pollutant=8&Year_from=2016&Year_to=2016&Station=STA-BETE814&Samplingpoint=&Source=E1a&Output=HTML&UpdateDate="
"Belgium","NET-Flanders","Flanders","BETM802","42M802 - ANTWERPEN","SPO-BETM802_06001_100","PM2.5","Particulate matter < 2.5 µm (aerosol)","P1Y-hr-max","1 year hour max","2016","125.000","ug/m3","98.57","1","Industrial","Suburban","4.4244","51.2610","3.0","Antwerpen                                                                       ","BE002C1                                           ","530014","E1a/validated data AQ e-Reporting","18/03/2023 21:57:02","http://fme.discomap.eea.europa.eu/fmedatastreaming/AirQualityDownload/AQData_Extract.fmw?CountryCode=BE&CityName=&Pollutant=6001&Year_from=2016&Year_to=2016&Station=STA-BETM802&Samplingpoint=&Source=E1a&Output=HTML&UpdateDate="
"Belgium","NET-Wallonia","Wallonia","BETN121","43N121 - OFFAGNE","SPO-BETN121_06001_100","PM2.5","Particulate matter < 2.5 µm (aerosol)","P1Y-P1D-per99","1 year 99 percentile of daily means (P1D) or .../aq/primaryObservation/day","2016","25.196","ug/m3","98.09","1","Background","Rural","5.2024","49.8771","430.0","","","","E1a/validated data AQ e-Reporting","18/03/2023 22:10:03","http://fme.discomap.eea.europa.eu/fmedatastreaming/AirQualityDownload/AQData_Extract.fmw?CountryCode=BE&CityName=&Pollutant=6001&Year_from=2016&Year_to=2016&Station=STA-BETN121&Samplingpoint=&Source=E1a&Output=HTML&UpdateDate="
"Belgium","NET-Wallonia","Wallonia","BETN132","43N132 - HABAY-LA-N.","SPO-BETN132_00007_100","O3","Ozone (air)","P1Y-dx-avg","1 year daymax average","2016","64.809","ug/m3","96.72","1","Background","Rural","5.6304","49.7193","375.0","","","","E1a/validated data AQ e-Reporting","18/03/2023 22:27:48","http://fme.discomap.eea.europa.eu/fmedatastreaming/AirQualityDownload/AQData_Extract.fmw?CountryCode=BE&CityName=&Pollutant=7&Year_from=2016&Year_to=2016&Station=STA-BETN132&Samplingpoint=&Source=E1a&Output=HTML&UpdateDate="
"Belgium","NET-Wallonia","Wallonia","BETN085","43N085 - VIELSALM","SPO-BETN085_06001_100","PM2.5","Particulate matter < 2.5 µm (aerosol)","P1Y-P1D-per99","1 year 99 percentile of daily means (P1D) or .../aq/primaryObservation/day","2016","21.751","ug/m3","98.63","1","Background","Rural","6.0017","50.3032","490.0","","","","E1a/validated data AQ e-Reporting","18/03/2023 22:10:03","http://fme.discomap.eea.europa.eu/fmedatastreaming/AirQualityDownload/AQData_Extract.fmw?CountryCode=BE&CityName=&Pollutant=6001&Year_from=2016&Year_to=2016&Station=STA-BETN085&Samplingpoint=&Source=E1a&Output=HTML&UpdateDate="
"Belgium","NET-Flanders","Flanders","BEVLU11","59LU11 - LEUVEN","SPO-BEVLU11_00020_100","C6H6","Benzene (air)","P1Y","Annual mean / 1 calendar year","2016","0.960","ug/m3","91.81","1","Background","Suburban","4.6911","50.8797","0.0","Leuven                                                                          ","BE008C1                                           ","101625","E1a/validated data AQ e-Reporting","18/03/2023 21:08:58","http://fme.discomap.eea.europa.eu/fmedatastreaming/AirQualityDownload/AQData_Extract.fmw?CountryCode=BE&CityName=&Pollutant=20&Year_from=2016&Year_to=2016&Station=STA-BEVLU11&Samplingpoint=&Source=E1a&Output=HTML&UpdateDate="
"Belgium","NET-Flanders","Flanders","BETN035","42N035 - AARSCHOT","SPO-BETN035_00008_100","NO2","Nitrogen dioxide (air)","P1Y-hr-per50","1 year 50 percentile","2016","15.500","ug/m3","96.98","1","Background","Rural","4.8376","50.9775","55.0","","","","E1a/validated data AQ e-Reporting","18/03/2023 22:05:49","http://fme.discomap.eea.europa.eu/fmedatastreaming/AirQualityDownload/AQData_Extract.fmw?CountryCode=BE&CityName=&Pollutant=8&Year_from=2016&Year_to=2016&Station=STA-BETN035&Samplingpoint=&Source=E1a&Output=HTML&UpdateDate="
"Belgium","NET-Flanders","Flanders","BEVLU11","59LU11 - LEUVEN","SPO-BEVLU11_00020_100","C6H6","Benzene (air)","P1Y-day-min","1 year day min","2016","0.190","ug/m3","91.80","1","Background","Suburban","4.6911","50.8797","0.0","Leuven                                                                          ","BE008C1                                           ","101625","E1a/validated data AQ e-Reporting","18/03/2023 21:55:46","http://fme.discomap.eea.europa.eu/fmedatastreaming/AirQualityDownload/AQData_Extract.fmw?CountryCode=BE&CityName=&Pollutant=20&Year_from=2016&Year_to=2016&Station=STA-BEVLU11&Samplingpoint=&Source=E1a&Output=HTML&UpdateDate="
"Belgium","NET-Flanders","Flanders","BETE812","47E812 - GENK","SPO-BETE812_00008_100","NO2","Nitrogen dioxide (air)","P1Y-day-per50","1 year 50 %ile of daily values in a year","2016","15.886","ug/m3","56.83","1","Industrial","Suburban","5.5377","50.9680","82.0","","","","E1a/validated data AQ e-Reporting","18/03/2023 22:14:21","http://fme.discomap.eea.europa.eu/fmedatastreaming/AirQualityDownload/AQData_Extract.fmw?CountryCode=BE&CityName=&Pollutant=8&Year_from=2016&Year_to=2016&Station=STA-BETE812&Samplingpoint=&Source=E1a&Output=HTML&UpdateDate="
"Belgium","NET-Wallonia","Wallonia","BETN093","43N093 - SINSIN","SPO-BETN093_00009_100","NOX as NO2","Nitrogen oxides (air)","P1Y-hr-max","1 year hour max","2016","226.729","ug/m3","95.36","1","Background","Rural","5.2352","50.2745","265.0","","","","E1a/validated data AQ e-Reporting","18/03/2023 21:57:02","http://fme.discomap.eea.europa.eu/fmedatastreaming/AirQualityDownload/AQData_Extract.fmw?CountryCode=BE&CityName=&Pollutant=9&Year_from=2016&Year_to=2016&Station=STA-BETN093&Samplingpoint=&Source=E1a&Output=HTML&UpdateDate="
"Belgium","NET-Flanders","Flanders","BETR020","42R020 - VILVOORDE","SPO-BETR020_06001_100","PM2.5","Particulate matter < 2.5 µm (aerosol)","P3Y","3 subsequent calendar years mean","2016","14.523","ug/m3","80.61","1","Background","Suburban","4.4367","50.9414","12.0","","","","E1a/validated data AQ e-Reporting","18/03/2023 21:36:00","http://fme.discomap.eea.europa.eu/fmedatastreaming/AirQualityDownload/AQData_Extract.fmw?CountryCode=BE&CityName=&Pollutant=6001&Year_from=2016&Year_to=2016&Station=STA-BETR020&Samplingpoint=&Source=E1a&Output=HTML&UpdateDate="
"Belgium","NET-Flanders","Flanders","BETE814","47E814 - Ham","SPO-BETE814_00008_100","NO2","Nitrogen dioxide (air)","P3Y","3 subsequent calendar years mean","2016","22.479","ug/m3","62.94","1","Industrial","Rural","5.1297","51.0822","0.0","","","","E1a/validated data AQ e-Reporting","18/03/2023 21:36:00","http://fme.discomap.eea.europa.eu/fmedatastreaming/AirQualityDownload/AQData_Extract.fmw?CountryCode=BE&CityName=&Pollutant=8&Year_from=2016&Year_to=2016&Station=STA-BETE814&Samplingpoint=&Source=E1a&Output=HTML&UpdateDate="
"Belgium","NET-Wallonia","Wallonia","BETN100","43N100 - DOURBES","SPO-BETN100_00008_100","NO2","Nitrogen dioxide (air)","P1Y-hrsAbove200","1 year hour exceed 200","2016","0.000","count","97.32","1","Background","Rural","4.5948","50.0957","225.0","","","","E1a/validated data AQ e-Reporting","18/03/2023 21:48:42","http://fme.discomap.eea.europa.eu/fmedatastreaming/AirQualityDownload/AQData_Extract.fmw?CountryCode=BE&CityName=&Pollutant=8&Year_from=2016&Year_to=2016&Station=STA-BETN100&Samplingpoint=&Source=E1a&Output=HTML&UpdateDate="
"Belgium","NET-Wallonia","Wallonia","BETM204","43M204 - ANGLEUR","SPO-BETM204_06001_100","PM2.5","Particulate matter < 2.5 µm (aerosol)","P1Y-hr-per50","1 year 50 percentile","2016","7.972","ug/m3","98.47","1","Background","Suburban","5.6112","50.6119","70.0","Liège                                                                           ","BE005C1                                           ","383700","E1a/validated data AQ e-Reporting","18/03/2023 22:05:49","http://fme.discomap.eea.europa.eu/fmedatastreaming/AirQualityDownload/AQData_Extract.fmw?CountryCode=BE&CityName=&Pollutant=6001&Year_from=2016&Year_to=2016&Station=STA-BETM204&Samplingpoint=&Source=E1a&Output=HTML&UpdateDate="
"Belgium","NET-Flanders","Flanders","BETR811","42R811 - SCHOTEN","SPO-BETR811_00007_100","O3","Ozone (air)","P1Y-day-min","1 year day min","2016","1.000","ug/m3","95.36","1","Background","Suburban","4.4914","51.2521","8.0","","","","E1a/validated data AQ e-Reporting","18/03/2023 21:56:21","http://fme.discomap.eea.europa.eu/fmedatastreaming/AirQualityDownload/AQData_Extract.fmw?CountryCode=BE&CityName=&Pollutant=7&Year_from=2016&Year_to=2016&Station=STA-BETR811&Samplingpoint=&Source=E1a&Output=HTML&UpdateDate="
"Belgium","NET-Flanders","Flanders","BETR802","42R802 - BORGERHOUT","SPO-BETR802_00005_100","PM10","Particulate matter < 10 µm (aerosol)","P1Y-P1D-per99","1 year 99 percentile of daily means (P1D) or .../aq/primaryObservation/day","2016","57.558","ug/m3","98.91","1","Traffic","Urban","4.4318","51.2095","6.0","Antwerpen                                                                       ","BE002C1                                           ","530014","E1a/validated data AQ e-Reporting","18/03/2023 22:09:38","http://fme.discomap.eea.europa.eu/fmedatastreaming/AirQualityDownload/AQData_Extract.fmw?CountryCode=BE&CityName=&Pollutant=5&Year_from=2016&Year_to=2016&Station=STA-BETR802&Samplingpoint=&Source=E1a&Output=HTML&UpdateDate="
"Belgium","NET-Flanders","Flanders","BETN029","44N029 - HOUTEM","SPO-BETN029_00005_100","PM10","Particulate matter < 10 µm (aerosol)","P1Y-P1D-per90.4","1 year 90.4 percentile - COMPLIANCE","2016","32.475","ug/m3","99.18","1","Background","Rural","2.5823","51.0163","2.0","","","","E1a/validated data AQ e-Reporting","18/03/2023 22:08:35","http://fme.discomap.eea.europa.eu/fmedatastreaming/AirQualityDownload/AQData_Extract.fmw?CountryCode=BE&CityName=&Pollutant=5&Year_from=2016&Year_to=2016&Station=STA-BETN029&Samplingpoint=&Source=E1a&Output=HTML&UpdateDate="
"Belgium","NET-Flanders","Flanders","BETN045","42N045 - HASSELT","SPO-BETN045_00020_100","C6H6","Benzene (air)","P1Y-day-max","1 year day max","2016","1.681","ug/m3","8.47","1","Background","Suburban","5.3684","50.9397","41.0","","","","E1a/validated data AQ e-Reporting","18/03/2023 21:43:39","http://fme.discomap.eea.europa.eu/fmedatastreaming/AirQualityDownload/AQData_Extract.fmw?CountryCode=BE&CityName=&Pollutant=20&Year_from=2016&Year_to=2016&Station=STA-BETN045&Samplingpoint=&Source=E1a&Output=HTML&UpdateDate="
"Belgium","NET-Flanders","Flanders","BETR701","44R701 - GENT","SPO-BETR701_00005_100","PM10","Particulate matter < 10 µm (aerosol)","P1Y-day-per50","1 year 50 %ile of daily values in a year","2016","22.350","ug/m3","100.00","1","Background","Urban","3.7293","51.0583","5.0","Gent                                                                            ","BE003C1                                           ","263687","E1a/validated data AQ e-Reporting","18/03/2023 22:08:05","http://fme.discomap.eea.europa.eu/fmedatastreaming/AirQualityDownload/AQData_Extract.fmw?CountryCode=BE&CityName=&Pollutant=5&Year_from=2016&Year_to=2016&Station=STA-BETR701&Samplingpoint=&Source=E1a&Output=HTML&UpdateDate="
"Belgium","NET-Flanders","Flanders","BETR811","42R811 - SCHOTEN","SPO-BETR811_00005_100","PM10","Particulate matter < 10 µm (aerosol)","P1Y-daysAbove50","1 year day exceed 50","2016","9.000","count","99.73","1","Background","Suburban","4.4914","51.2521","8.0","","","","E1a/validated data AQ e-Reporting","18/03/2023 22:27:00","http://fme.discomap.eea.europa.eu/fmedatastreaming/AirQualityDownload/AQData_Extract.fmw?CountryCode=BE&CityName=&Pollutant=5&Year_from=2016&Year_to=2016&Station=STA-BETR811&Samplingpoint=&Source=E1a&Output=HTML&UpdateDate="
"Belgium","NET-Flanders","Flanders","BETR805","42R805 - ANTWERPEN","SPO-BETR805_00008_100","NO2","Nitrogen dioxide (air)","P1Y-day-per50","1 year 50 %ile of daily values in a year","2016","41.457","ug/m3","97.81","1","Traffic","Urban","4.4216","51.2082","6.0","Antwerpen                                                                       ","BE002C1                                           ","530014","E1a/validated data AQ e-Reporting","18/03/2023 22:14:21","http://fme.discomap.eea.europa.eu/fmedatastreaming/AirQualityDownload/AQData_Extract.fmw?CountryCode=BE&CityName=&Pollutant=8&Year_from=2016&Year_to=2016&Station=STA-BETR805&Samplingpoint=&Source=E1a&Output=HTML&UpdateDate="
"Belgium","NET-Flanders","Flanders","BETR893","42R893 - ANTWERPEN","SPO-BETR893_00001_100","SO2","Sulphur dioxide (air)","P1Y-day-max-per99.18","1 year 99.18 percentile of daily maximum","2016","12.783","ug/m3","98.91","1","Industrial","Suburban","4.3858","51.2814","6.0","Antwerpen                                                                       ","BE002C1                                           ","530014","E1a/validated data AQ e-Reporting","18/03/2023 22:12:16","http://fme.discomap.eea.europa.eu/fmedatastreaming/AirQualityDownload/AQData_Extract.fmw?CountryCode=BE&CityName=&Pollutant=1&Year_from=2016&Year_to=2016&Station=STA-BETR893&Samplingpoint=&Source=E1a&Output=HTML&UpdateDate="
"Belgium","NET-Wallonia","Wallonia","BETN121","43N121 - OFFAGNE","SPO-BETN121_00007_100","O3","Ozone (air)","P1Y-day-min","1 year day min","2016","9.813","ug/m3","96.99","1","Background","Rural","5.2024","49.8771","430.0","","","","E1a/validated data AQ e-Reporting","18/03/2023 21:56:21","http://fme.discomap.eea.europa.eu/fmedatastreaming/AirQualityDownload/AQData_Extract.fmw?CountryCode=BE&CityName=&Pollutant=7&Year_from=2016&Year_to=2016&Station=STA-BETN121&Samplingpoint=&Source=E1a&Output=HTML&UpdateDate="
"Belgium","NET-Flanders","Flanders","BELSZ02","40SZ02 - STEENOKKERZ","SPO-BELSZ02_00001_100","SO2","Sulphur dioxide (air)","P1Y-day-max","1 year day max","2016","6.250","ug/m3","98.36","1","Industrial","Rural","4.5122","50.9130","15.0","","","","E1a/validated data AQ e-Reporting","18/03/2023 21:42:48","http://fme.discomap.eea.europa.eu/fmedatastreaming/AirQualityDownload/AQData_Extract.fmw?CountryCode=BE&CityName=&Pollutant=1&Year_from=2016&Year_to=2016&Station=STA-BELSZ02&Samplingpoint=&Source=E1a&Output=HTML&UpdateDate="
"Belgium","NET-Flanders","Flanders","BETR701","44R701 - GENT","SPO-BETR701_00007_100","O3","Ozone (air)","P1Y-dmax-per99","1 year 99 percentile daily 8h maximum","2016","126.563","ug/m3","89.34","1","Background","Urban","3.7293","51.0583","5.0","Gent                                                                            ","BE003C1                                           ","263687","E1a/validated data AQ e-Reporting","18/03/2023 22:13:26","http://fme.discomap.eea.europa.eu/fmedatastreaming/AirQualityDownload/AQData_Extract.fmw?CountryCode=BE&CityName=&Pollutant=7&Year_from=2016&Year_to=2016&Station=STA-BETR701&Samplingpoint=&Source=E1a&Output=HTML&UpdateDate="
"Belgium","NET-Flanders","Flanders","BELSZ02","40SZ02 - STEENOKKERZ","SPO-BELSZ02_00005_100","PM10","Particulate matter < 10 µm (aerosol)","P1Y-hr-max","1 year hour max","2016","2201.100","ug/m3","98.84","1","Industrial","Rural","4.5122","50.9130","15.0","","","","E1a/validated data AQ e-Reporting","18/03/2023 21:57:02","http://fme.discomap.eea.europa.eu/fmedatastreaming/AirQualityDownload/AQData_Extract.fmw?CountryCode=BE&CityName=&Pollutant=5&Year_from=2016&Year_to=2016&Station=STA-BELSZ02&Samplingpoint=&Source=E1a&Output=HTML&UpdateDate="
"Belgium","NET-Flanders","Flanders","BETR801","42R801 - BORGERHOUT","SPO-BETR801_00008_100","NO2","Nitrogen dioxide (air)","P1Y-hr-max19","1 year hour max19","2016","117.000","ug/m3","94.97","1","Background","Urban","4.4318","51.2097","6.0","Antwerpen                                                                       ","BE002C1                                           ","530014","E1a/validated data AQ e-Reporting","18/03/2023 22:34:35","http://fme.discomap.eea.europa.eu/fmedatastreaming/AirQualityDownload/AQData_Extract.fmw?CountryCode=BE&CityName=&Pollutant=8&Year_from=2016&Year_to=2016&Station=STA-BETR801&Samplingpoint=&Source=E1a&Output=HTML&UpdateDate="
"Belgium","NET-Flanders","Flanders","BETN046","42N046 - GELLIK","SPO-BETN046_00008_100","NO2","Nitrogen dioxide (air)","P1Y-hr-max19","1 year hour max19","2016","65.000","ug/m3","94.64","1","Background","Rural","5.6189","50.8823","70.0","","","","E1a/validated data AQ e-Reporting","18/03/2023 22:34:35","http://fme.discomap.eea.europa.eu/fmedatastreaming/AirQualityDownload/AQData_Extract.fmw?CountryCode=BE&CityName=&Pollutant=8&Year_from=2016&Year_to=2016&Station=STA-BETN046&Samplingpoint=&Source=E1a&Output=HTML&UpdateDate="
"Belgium","NET-Flanders","Flanders","BETR841","42R841 - MECHELEN","SPO-BETR841_00007_100","O3","Ozone (air)","P3Y-dmaxAbove120","Daymax exceed 120 averaged over 3 consecutive years","2016","8.000","count","100.00","1","Background","Suburban","4.4693","51.0025","8.0","Mechelen                                                                        ","BE012C1                                           ","86911","E1a/validated data AQ e-Reporting","18/03/2023 22:34:54","http://fme.discomap.eea.europa.eu/fmedatastreaming/AirQualityDownload/AQData_Extract.fmw?CountryCode=BE&CityName=&Pollutant=7&Year_from=2016&Year_to=2016&Station=STA-BETR841&Samplingpoint=&Source=E1a&Output=HTML&UpdateDate="
"Belgium","NET-Flanders","Flanders","BETM705","44M705 - ROESELARE","SPO-BETM705_00007_100","O3","Ozone (air)","SOMO10","Sum of Ozone Means Over 10 ppb","2016","15387.163","ug/m3","92.35","1","Industrial","Suburban","3.1524","50.9454","19.0","","","","E1a/validated data AQ e-Reporting","18/03/2023 22:59:50","http://fme.discomap.eea.europa.eu/fmedatastreaming/AirQualityDownload/AQData_Extract.fmw?CountryCode=BE&CityName=&Pollutant=7&Year_from=2016&Year_to=2016&Station=STA-BETM705&Samplingpoint=&Source=E1a&Output=HTML&UpdateDate="
"Belgium","NET-Flanders","Flanders","BETN045","42N045 - HASSELT","SPO-BETN045_00001_100","SO2","Sulphur dioxide (air)","P1Y-day-per50","1 year 50 %ile of daily values in a year","2016","1.000","ug/m3","98.36","1","Background","Suburban","5.3684","50.9397","41.0","","","","E1a/validated data AQ e-Reporting","18/03/2023 22:14:46","http://fme.discomap.eea.europa.eu/fmedatastreaming/AirQualityDownload/AQData_Extract.fmw?CountryCode=BE&CityName=&Pollutant=1&Year_from=2016&Year_to=2016&Station=STA-BETN045&Samplingpoint=&Source=E1a&Output=HTML&UpdateDate="
"Belgium","NET-Flanders","Flanders","BETR830","42R830 - DOEL","SPO-BETR830_00008_100","NO2","Nitrogen dioxide (air)","P1Y-day-min","1 year day min","2016","3.083","ug/m3","98.91","1","Industrial","Rural","4.2626","51.3182","5.0","","","","E1a/validated data AQ e-Reporting","18/03/2023 21:56:03","http://fme.discomap.eea.europa.eu/fmedatastreaming/AirQualityDownload/AQData_Extract.fmw?CountryCode=BE&CityName=&Pollutant=8&Year_from=2016&Year_to=2016&Station=STA-BETR830&Samplingpoint=&Source=E1a&Output=HTML&UpdateDate="
"Belgium","NET-Flanders","Flanders","BETR710","44R710 - DESTELBERGE","SPO-BETR710_00005_100","PM10","Particulate matter < 10 µm (aerosol)","P1Y-day-min","1 year day min","2016","7.038","ug/m3","99.45","1","Background","Suburban","3.7753","51.0613","6.0","","","","E1a/validated data AQ e-Reporting","18/03/2023 21:55:13","http://fme.discomap.eea.europa.eu/fmedatastreaming/AirQualityDownload/AQData_Extract.fmw?CountryCode=BE&CityName=&Pollutant=5&Year_from=2016&Year_to=2016&Station=STA-BETR710&Samplingpoint=&Source=E1a&Output=HTML&UpdateDate="
"Belgium","NET-Flanders","Flanders","BETR710","44R710 - DESTELBERGE","SPO-BETR710_00005_100","PM10","Particulate matter < 10 µm (aerosol)","P1Y-P1D-per90.41","1 year 90.41 percentile","2016","36.621","ug/m3","99.45","1","Background","Suburban","3.7753","51.0613","6.0","","","","E1a/validated data AQ e-Reporting","18/03/2023 22:09:05","http://fme.discomap.eea.europa.eu/fmedatastreaming/AirQualityDownload/AQData_Extract.fmw?CountryCode=BE&CityName=&Pollutant=5&Year_from=2016&Year_to=2016&Station=STA-BETR710&Samplingpoint=&Source=E1a&Output=HTML&UpdateDate="
"Belgium","NET-Flanders","Flanders","BETE007","47E007 - Sint-Pieters-Leeuw","SPO-BETE007_00008_100","NO2","Nitrogen dioxide (air)","P3Y","3 subsequent calendar years mean","2016","19.348","ug/m3","97.07","1","Industrial","Rural","4.2526","50.7953","54.0","","","","E1a/validated data AQ e-Reporting","18/03/2023 21:36:00","http://fme.discomap.eea.europa.eu/fmedatastreaming/AirQualityDownload/AQData_Extract.fmw?CountryCode=BE&CityName=&Pollutant=8&Year_from=2016&Year_to=2016&Station=STA-BETE007&Samplingpoint=&Source=E1a&Output=HTML&UpdateDate="
"Belgium","NET-Flanders","Flanders","BETN051","44N051 - IDEGEM","SPO-BETN051_00008_100","NO2","Nitrogen dioxide (air)","P1Y-hr-max19","1 year hour max19","2016","50.500","ug/m3","94.59","1","Background","Rural","3.9303","50.7989","15.0","","","","E1a/validated data AQ e-Reporting","18/03/2023 22:34:35","http://fme.discomap.eea.europa.eu/fmedatastreaming/AirQualityDownload/AQData_Extract.fmw?CountryCode=BE&CityName=&Pollutant=8&Year_from=2016&Year_to=2016&Station=STA-BETN051&Samplingpoint=&Source=E1a&Output=HTML&UpdateDate="
"Belgium","NET-Flanders","Flanders","BETR710","44R710 - DESTELBERGE","SPO-BETR710_00007_100","O3","Ozone (air)","P1Y-dx-max26","1 year daymax max 26","2016","95.313","ug/m3","89.89","1","Background","Suburban","3.7753","51.0613","6.0","","","","E1a/validated data AQ e-Reporting","18/03/2023 22:32:17","http://fme.discomap.eea.europa.eu/fmedatastreaming/AirQualityDownload/AQData_Extract.fmw?CountryCode=BE&CityName=&Pollutant=7&Year_from=2016&Year_to=2016&Station=STA-BETR710&Samplingpoint=&Source=E1a&Output=HTML&UpdateDate="
"Belgium","NET-Flanders","Flanders","BETR811","42R811 - SCHOTEN","SPO-BETR811_00007_100","O3","Ozone (air)","P1Y-dx-max26","1 year daymax max 26","2016","104.571","ug/m3","95.08","1","Background","Suburban","4.4914","51.2521","8.0","","","","E1a/validated data AQ e-Reporting","18/03/2023 22:32:17","http://fme.discomap.eea.europa.eu/fmedatastreaming/AirQualityDownload/AQData_Extract.fmw?CountryCode=BE&CityName=&Pollutant=7&Year_from=2016&Year_to=2016&Station=STA-BETR811&Samplingpoint=&Source=E1a&Output=HTML&UpdateDate="
"Belgium","NET-Flanders","Flanders","BETR020","42R020 - VILVOORDE","SPO-BETR020_06001_100","PM2.5","Particulate matter < 2.5 µm (aerosol)","P1Y-day-max","1 year day max","2016","80.021","ug/m3","100.00","1","Background","Suburban","4.4367","50.9414","12.0","","","","E1a/validated data AQ e-Reporting","18/03/2023 21:43:22","http://fme.discomap.eea.europa.eu/fmedatastreaming/AirQualityDownload/AQData_Extract.fmw?CountryCode=BE&CityName=&Pollutant=6001&Year_from=2016&Year_to=2016&Station=STA-BETR020&Samplingpoint=&Source=E1a&Output=HTML&UpdateDate="
"Belgium","NET-Flanders","Flanders","BETR740","44R740 - ST.KRUIS-WI","SPO-BETR740_00007_100","O3","Ozone (air)","P1Y","Annual mean / 1 calendar year","2016","40.779","ug/m3","89.96","1","Industrial","Rural","3.8087","51.1501","5.0","Gent                                                                            ","BE003C1                                           ","263687","E1a/validated data AQ e-Reporting","18/03/2023 21:08:58","http://fme.discomap.eea.europa.eu/fmedatastreaming/AirQualityDownload/AQData_Extract.fmw?CountryCode=BE&CityName=&Pollutant=7&Year_from=2016&Year_to=2016&Station=STA-BETR740&Samplingpoint=&Source=E1a&Output=HTML&UpdateDate="
"Belgium","NET-Flanders","Flanders","BETR831","42R831 - BERENDRECHT","SPO-BETR831_00007_100","O3","Ozone (air)","P1Y-day-min","1 year day min","2016","1.000","ug/m3","96.17","1","Industrial","Rural","4.3397","51.3488","3.0","Antwerpen                                                                       ","BE002C1                                           ","530014","E1a/validated data AQ e-Reporting","18/03/2023 21:56:21","http://fme.discomap.eea.europa.eu/fmedatastreaming/AirQualityDownload/AQData_Extract.fmw?CountryCode=BE&CityName=&Pollutant=7&Year_from=2016&Year_to=2016&Station=STA-BETR831&Samplingpoint=&Source=E1a&Output=HTML&UpdateDate="
"Belgium","NET-Flanders","Flanders","BETR020","42R020 - VILVOORDE","SPO-BETR020_00001_100","SO2","Sulphur dioxide (air)","P1Y-day-max-per99.18","1 year 99.18 percentile of daily maximum","2016","4.652","ug/m3","99.45","1","Background","Suburban","4.4367","50.9414","12.0","","","","E1a/validated data AQ e-Reporting","18/03/2023 22:12:16","http://fme.discomap.eea.europa.eu/fmedatastreaming/AirQualityDownload/AQData_Extract.fmw?CountryCode=BE&CityName=&Pollutant=1&Year_from=2016&Year_to=2016&Station=STA-BETR020&Samplingpoint=&Source=E1a&Output=HTML&UpdateDate="
"Belgium","NET-Flanders","Flanders","BETN016","42N016 - DESSEL","SPO-BETN016_00391_100","Black Carbon","black_carbon (aerosol)","P1Y-hr-per50","1 year 50 percentile","2016","0.770","ug/m3","99.43","1","Background","Rural","5.1640","51.2337","30.0","","","","E1a/validated data AQ e-Reporting","18/03/2023 22:05:49","http://fme.discomap.eea.europa.eu/fmedatastreaming/AirQualityDownload/AQData_Extract.fmw?CountryCode=BE&CityName=&Pollutant=391&Year_from=2016&Year_to=2016&Station=STA-BETN016&Samplingpoint=&Source=E1a&Output=HTML&UpdateDate="
"Belgium","NET-Flanders","Flanders","BETN016","42N016 - DESSEL","SPO-BETN016_00005_100","PM10","Particulate matter < 10 µm (aerosol)","P1Y-P1D-per90.41","1 year 90.41 percentile","2016","32.767","ug/m3","100.00","1","Background","Rural","5.1640","51.2337","30.0","","","","E1a/validated data AQ e-Reporting","18/03/2023 22:09:05","http://fme.discomap.eea.europa.eu/fmedatastreaming/AirQualityDownload/AQData_Extract.fmw?CountryCode=BE&CityName=&Pollutant=5&Year_from=2016&Year_to=2016&Station=STA-BETN016&Samplingpoint=&Source=E1a&Output=HTML&UpdateDate="
"Belgium","NET-Flanders","Flanders","BETN045","42N045 - HASSELT","SPO-BETN045_00001_100","SO2","Sulphur dioxide (air)","P1Y-hr-max","1 year hour max","2016","13.000","ug/m3","96.54","1","Background","Suburban","5.3684","50.9397","41.0","","","","E1a/validated data AQ e-Reporting","18/03/2023 21:57:02","http://fme.discomap.eea.europa.eu/fmedatastreaming/AirQualityDownload/AQData_Extract.fmw?CountryCode=BE&CityName=&Pollutant=1&Year_from=2016&Year_to=2016&Station=STA-BETN045&Samplingpoint=&Source=E1a&Output=HTML&UpdateDate="
"Belgium","NET-Flanders","Flanders","BETN045","42N045 - HASSELT","SPO-BETN045_00005_100","PM10","Particulate matter < 10 µm (aerosol)","P3Y","3 subsequent calendar years mean","2016","20.727","ug/m3","97.28","1","Background","Suburban","5.3684","50.9397","41.0","","","","E1a/validated data AQ e-Reporting","18/03/2023 21:36:00","http://fme.discomap.eea.europa.eu/fmedatastreaming/AirQualityDownload/AQData_Extract.fmw?CountryCode=BE&CityName=&Pollutant=5&Year_from=2016&Year_to=2016&Station=STA-BETN045&Samplingpoint=&Source=E1a&Output=HTML&UpdateDate="
"Belgium","NET-Flanders","Flanders","BETR731","44R731 - EVERGEM","SPO-BETR731_06001_100","PM2.5","Particulate matter < 2.5 µm (aerosol)","P1Y-day-per50","1 year 50 %ile of daily values in a year","2016","10.375","ug/m3","98.36","1","Industrial","Rural","3.7395","51.1247","6.0","","","","E1a/validated data AQ e-Reporting","18/03/2023 22:11:51","http://fme.discomap.eea.europa.eu/fmedatastreaming/AirQualityDownload/AQData_Extract.fmw?CountryCode=BE&CityName=&Pollutant=6001&Year_from=2016&Year_to=2016&Station=STA-BETR731&Samplingpoint=&Source=E1a&Output=HTML&UpdateDate="
"Belgium","NET-Flanders","Flanders","BETM802","42M802 - ANTWERPEN","SPO-BETM802_00001_100","SO2","Sulphur dioxide (air)","P1Y-P1D-per99","1 year 99 percentile of daily means (P1D) or .../aq/primaryObservation/day","2016","8.854","ug/m3","97.54","1","Industrial","Suburban","4.4244","51.2610","3.0","Antwerpen                                                                       ","BE002C1                                           ","530014","E1a/validated data AQ e-Reporting","18/03/2023 22:11:00","http://fme.discomap.eea.europa.eu/fmedatastreaming/AirQualityDownload/AQData_Extract.fmw?CountryCode=BE&CityName=&Pollutant=1&Year_from=2016&Year_to=2016&Station=STA-BETM802&Samplingpoint=&Source=E1a&Output=HTML&UpdateDate="
"Belgium","NET-Flanders","Flanders","BETR841","42R841 - MECHELEN","SPO-BETR841_06001_100","PM2.5","Particulate matter < 2.5 µm (aerosol)","P1Y","Annual mean / 1 calendar year","2016","13.558","ug/m3","98.84","1","Background","Suburban","4.4693","51.0025","8.0","Mechelen                                                                        ","BE012C1                                           ","86911","E1a/validated data AQ e-Reporting","18/03/2023 21:08:58","http://fme.discomap.eea.europa.eu/fmedatastreaming/AirQualityDownload/AQData_Extract.fmw?CountryCode=BE&CityName=&Pollutant=6001&Year_from=2016&Year_to=2016&Station=STA-BETR841&Samplingpoint=&Source=E1a&Output=HTML&UpdateDate="
"Belgium","NET-Flanders","Flanders","BETN040","42N040 - ST.P.LEEUWG","SPO-BETN040_00007_100","O3","Ozone (air)","P1Y-hr-max","1 year hour max","2016","165.000","ug/m3","91.03","1","Background","Rural","4.2252","50.7681","20.0","","","","E1a/validated data AQ e-Reporting","18/03/2023 21:57:02","http://fme.discomap.eea.europa.eu/fmedatastreaming/AirQualityDownload/AQData_Extract.fmw?CountryCode=BE&CityName=&Pollutant=7&Year_from=2016&Year_to=2016&Station=STA-BETN040&Samplingpoint=&Source=E1a&Output=HTML&UpdateDate="
"Belgium","NET-Flanders","Flanders","BETR710","44R710 - DESTELBERGE","SPO-BETR710_00005_100","PM10","Particulate matter < 10 µm (aerosol)","P1Y-P1D-per90.4","1 year 90.4 percentile - COMPLIANCE","2016","36.621","ug/m3","99.45","1","Background","Suburban","3.7753","51.0613","6.0","","","","E1a/validated data AQ e-Reporting","18/03/2023 22:08:35","http://fme.discomap.eea.europa.eu/fmedatastreaming/AirQualityDownload/AQData_Extract.fmw?CountryCode=BE&CityName=&Pollutant=5&Year_from=2016&Year_to=2016&Station=STA-BETR710&Samplingpoint=&Source=E1a&Output=HTML&UpdateDate="
"Belgium","NET-Flanders","Flanders","BETR801","42R801 - BORGERHOUT","SPO-BETR801_00007_100","O3","Ozone (air)","AOT40cmeasured","AOT40c UNCORRECTED for data capture","2016","1780.500","ug/m3","97.10","1","Background","Urban","4.4318","51.2097","6.0","Antwerpen                                                                       ","BE002C1                                           ","530014","E1a/validated data AQ e-Reporting","18/03/2023 23:01:40","http://fme.discomap.eea.europa.eu/fmedatastreaming/AirQualityDownload/AQData_Extract.fmw?CountryCode=BE&CityName=&Pollutant=7&Year_from=2016&Year_to=2016&Station=STA-BETR801&Samplingpoint=&Source=E1a&Output=HTML&UpdateDate="
"Belgium","NET-Flanders","Flanders","BETR801","42R801 - BORGERHOUT","SPO-BETR801_00007_100","O3","Ozone (air)","P1Y-dmax-per93.15","1 year 93.15 percentile daily 8h maximum","2016","82.500","ug/m3","95.36","1","Background","Urban","4.4318","51.2097","6.0","Antwerpen                                                                       ","BE002C1                                           ","530014","E1a/validated data AQ e-Reporting","18/03/2023 22:12:55","http://fme.discomap.eea.europa.eu/fmedatastreaming/AirQualityDownload/AQData_Extract.fmw?CountryCode=BE&CityName=&Pollutant=7&Year_from=2016&Year_to=2016&Station=STA-BETR801&Samplingpoint=&Source=E1a&Output=HTML&UpdateDate="
"Belgium","NET-Wallonia","Wallonia","BEMN060","00N060 - TOURNAI","SPO-BEMN060_05012_100","Pb in PM10","Lead in PM10 (aerosol)","P1Y","Annual mean / 1 calendar year","2016","0.006","ug/m3","93.43","1","Background","Suburban","3.4576","50.6167","0.0","","","","E1a/validated data AQ e-Reporting","18/03/2023 21:08:58","http://fme.discomap.eea.europa.eu/fmedatastreaming/AirQualityDownload/AQData_Extract.fmw?CountryCode=BE&CityName=&Pollutant=5012&Year_from=2016&Year_to=2016&Station=STA-BEMN060&Samplingpoint=&Source=E1a&Output=HTML&UpdateDate="
"Belgium","NET-Flanders","Flanders","BETR815","42R815 - ZWIJNDRECHT","SPO-BETR815_00005_100","PM10","Particulate matter < 10 µm (aerosol)","P1Y-hr-min","1 year hour min","2016","3.600","ug/m3","99.80","1","Industrial","Suburban","4.3322","51.2147","7.0","","","","E1a/validated data AQ e-Reporting","18/03/2023 22:31:20","http://fme.discomap.eea.europa.eu/fmedatastreaming/AirQualityDownload/AQData_Extract.fmw?CountryCode=BE&CityName=&Pollutant=5&Year_from=2016&Year_to=2016&Station=STA-BETR815&Samplingpoint=&Source=E1a&Output=HTML&UpdateDate="
"Belgium","NET-Flanders","Flanders","BETR701","44R701 - GENT","SPO-BETR701_00010_100","CO","Carbon monoxide (air)","P1Y-8hdmxAbove10","1 year daymax exceed 10","2016","0.000","count","99.45","1","Background","Urban","3.7293","51.0583","5.0","Gent                                                                            ","BE003C1                                           ","263687","E1a/validated data AQ e-Reporting","18/03/2023 22:27:43","http://fme.discomap.eea.europa.eu/fmedatastreaming/AirQualityDownload/AQData_Extract.fmw?CountryCode=BE&CityName=&Pollutant=10&Year_from=2016&Year_to=2016&Station=STA-BETR701&Samplingpoint=&Source=E1a&Output=HTML&UpdateDate="
"Belgium","NET-Wallonia","Wallonia","BETN070","43N070 - MONS","SPO-BETN070_00007_100","O3","Ozone (air)","P3Y","3 subsequent calendar years mean","2016","33.258","ug/m3","95.52","1","Background","Suburban","3.9397","50.4652","30.0","Mons                                                                            ","BE009C1                                           ","95922","E1a/validated data AQ e-Reporting","18/03/2023 21:36:00","http://fme.discomap.eea.europa.eu/fmedatastreaming/AirQualityDownload/AQData_Extract.fmw?CountryCode=BE&CityName=&Pollutant=7&Year_from=2016&Year_to=2016&Station=STA-BETN070&Samplingpoint=&Source=E1a&Output=HTML&UpdateDate="
"Belgium","NET-Wallonia","Wallonia","BETN070","43N070 - MONS","SPO-BETN070_00010_100","CO","Carbon monoxide (air)","P1Y","Annual mean / 1 calendar year","2016","0.227","mg/m3","97.36","1","Background","Suburban","3.9397","50.4652","30.0","Mons                                                                            ","BE009C1                                           ","95922","E1a/validated data AQ e-Reporting","18/03/2023 21:08:58","http://fme.discomap.eea.europa.eu/fmedatastreaming/AirQualityDownload/AQData_Extract.fmw?CountryCode=BE&CityName=&Pollutant=10&Year_from=2016&Year_to=2016&Station=STA-BETN070&Samplingpoint=&Source=E1a&Output=HTML&UpdateDate="
"Belgium","NET-Flanders","Flanders","BETR841","42R841 - MECHELEN","SPO-BETR841_00007_100","O3","Ozone (air)","P1Y-dmaxAbove120","1 year daymax exceed 120","2016","9.000","count","93.99","1","Background","Suburban","4.4693","51.0025","8.0","Mechelen                                                                        ","BE012C1                                           ","86911","E1a/validated data AQ e-Reporting","18/03/2023 22:25:06","http://fme.discomap.eea.europa.eu/fmedatastreaming/AirQualityDownload/AQData_Extract.fmw?CountryCode=BE&CityName=&Pollutant=7&Year_from=2016&Year_to=2016&Station=STA-BETR841&Samplingpoint=&Source=E1a&Output=HTML&UpdateDate="
"Belgium","NET-Flanders","Flanders","BETR841","42R841 - MECHELEN","SPO-BETR841_06001_100","PM2.5","Particulate matter < 2.5 µm (aerosol)","P1Y-hr-min","1 year hour min","2016","1.000","ug/m3","98.84","1","Background","Suburban","4.4693","51.0025","8.0","Mechelen                                                                        ","BE012C1                                           ","86911","E1a/validated data AQ e-Reporting","18/03/2023 22:31:20","http://fme.discomap.eea.europa.eu/fmedatastreaming/AirQualityDownload/AQData_Extract.fmw?CountryCode=BE&CityName=&Pollutant=6001&Year_from=2016&Year_to=2016&Station=STA-BETR841&Samplingpoint=&Source=E1a&Output=HTML&UpdateDate="
"Belgium","NET-Flanders","Flanders","BETR731","44R731 - EVERGEM","SPO-BETR731_00001_100","SO2","Sulphur dioxide (air)","P1Y-day-max","1 year day max","2016","32.688","ug/m3","98.36","1","Industrial","Rural","3.7395","51.1247","6.0","","","","E1a/validated data AQ e-Reporting","18/03/2023 21:42:48","http://fme.discomap.eea.europa.eu/fmedatastreaming/AirQualityDownload/AQData_Extract.fmw?CountryCode=BE&CityName=&Pollutant=1&Year_from=2016&Year_to=2016&Station=STA-BETR731&Samplingpoint=&Source=E1a&Output=HTML&UpdateDate="
"Belgium","NET-Flanders","Flanders","BETN052","44N052 - ZWEVEGEM","SPO-BETN052_00008_100","NO2","Nitrogen dioxide (air)","P1Y-hrsAbove200","1 year hour exceed 200","2016","0.000","count","94.73","1","Background","Suburban","3.3225","50.8149","27.0","","","","E1a/validated data AQ e-Reporting","18/03/2023 21:48:42","http://fme.discomap.eea.europa.eu/fmedatastreaming/AirQualityDownload/AQData_Extract.fmw?CountryCode=BE&CityName=&Pollutant=8&Year_from=2016&Year_to=2016&Station=STA-BETN052&Samplingpoint=&Source=E1a&Output=HTML&UpdateDate="
"Belgium","NET-Flanders","Flanders","BETR710","44R710 - DESTELBERGE","SPO-BETR710_00005_100","PM10","Particulate matter < 10 µm (aerosol)","P1Y-daysAbove50","1 year day exceed 50","2016","10.000","count","99.45","1","Background","Suburban","3.7753","51.0613","6.0","","","","E1a/validated data AQ e-Reporting","18/03/2023 22:27:00","http://fme.discomap.eea.europa.eu/fmedatastreaming/AirQualityDownload/AQData_Extract.fmw?CountryCode=BE&CityName=&Pollutant=5&Year_from=2016&Year_to=2016&Station=STA-BETR710&Samplingpoint=&Source=E1a&Output=HTML&UpdateDate="
"Belgium","NET-Flanders","Flanders","BETN052","44N052 - ZWEVEGEM","SPO-BETN052_06001_100","PM2.5","Particulate matter < 2.5 µm (aerosol)","P1Y-day-min","1 year day min","2016","2.000","ug/m3","99.18","1","Background","Suburban","3.3225","50.8149","27.0","","","","E1a/validated data AQ e-Reporting","18/03/2023 21:55:29","http://fme.discomap.eea.europa.eu/fmedatastreaming/AirQualityDownload/AQData_Extract.fmw?CountryCode=BE&CityName=&Pollutant=6001&Year_from=2016&Year_to=2016&Station=STA-BETN052&Samplingpoint=&Source=E1a&Output=HTML&UpdateDate="
"Belgium","NET-Flanders","Flanders","BEMBE07","00BE07 - BEERSE","SPO-BEMBE07_05014_100","Cd in PM10","Cadmium in PM10 (aerosol)","P1Y","Annual mean / 1 calendar year","2016","4.600","ng/m3","0.01","1","Industrial","Suburban","4.8217","51.3251","35.0","","","","E1a/validated data AQ e-Reporting","18/03/2023 21:08:58","http://fme.discomap.eea.europa.eu/fmedatastreaming/AirQualityDownload/AQData_Extract.fmw?CountryCode=BE&CityName=&Pollutant=5014&Year_from=2016&Year_to=2016&Station=STA-BEMBE07&Samplingpoint=&Source=E1a&Output=HTML&UpdateDate="
"Belgium","NET-Flanders","Flanders","BETN052","44N052 - ZWEVEGEM","SPO-BETN052_00007_100","O3","Ozone (air)","P1Y-day-max","1 year day max","2016","97.188","ug/m3","90.71","1","Background","Suburban","3.3225","50.8149","27.0","","","","E1a/validated data AQ e-Reporting","18/03/2023 21:44:13","http://fme.discomap.eea.europa.eu/fmedatastreaming/AirQualityDownload/AQData_Extract.fmw?CountryCode=BE&CityName=&Pollutant=7&Year_from=2016&Year_to=2016&Station=STA-BETN052&Samplingpoint=&Source=E1a&Output=HTML&UpdateDate="
"Belgium","NET-Flanders","Flanders","BETR897","42R897 - ANTWERPEN","SPO-BETR897_00008_100","NO2","Nitrogen dioxide (air)","P1Y-hrsAbove200","1 year hour exceed 200","2016","0.000","count","96.27","1","Industrial","Suburban","4.3421","51.2501","5.0","Antwerpen                                                                       ","BE002C1                                           ","530014","E1a/validated data AQ e-Reporting","18/03/2023 21:48:42","http://fme.discomap.eea.europa.eu/fmedatastreaming/AirQualityDownload/AQData_Extract.fmw?CountryCode=BE&CityName=&Pollutant=8&Year_from=2016&Year_to=2016&Station=STA-BETR897&Samplingpoint=&Source=E1a&Output=HTML&UpdateDate="
"Belgium","NET-Wallonia","Wallonia","BEMATH1","0ATH01 - ATH","SPO-BEMATH1_05015_100","Ni in PM10","Nickel in PM10 (aerosol)","P1Y","Annual mean / 1 calendar year","2016","5.264","ng/m3","75.13","1","Industrial","Urban","3.7752","50.6351","32.0","","","","E1a/validated data AQ e-Reporting","18/03/2023 21:08:58","http://fme.discomap.eea.europa.eu/fmedatastreaming/AirQualityDownload/AQData_Extract.fmw?CountryCode=BE&CityName=&Pollutant=5015&Year_from=2016&Year_to=2016&Station=STA-BEMATH1&Samplingpoint=&Source=E1a&Output=HTML&UpdateDate="
"Belgium","NET-Wallonia","Wallonia","BEVN132","50N132 - HABAY-LA-N.","SPO-BEVN132_00020_100","C6H6","Benzene (air)","P1Y","Annual mean / 1 calendar year","2016","0.631","ug/m3","47.27","1","Background","Rural","5.6304","49.7193","375.0","","","","E1a/validated data AQ e-Reporting","18/03/2023 21:08:58","http://fme.discomap.eea.europa.eu/fmedatastreaming/AirQualityDownload/AQData_Extract.fmw?CountryCode=BE&CityName=&Pollutant=20&Year_from=2016&Year_to=2016&Station=STA-BEVN132&Samplingpoint=&Source=E1a&Output=HTML&UpdateDate="
"Belgium","NET-Flanders","Flanders","BETR801","42R801 - BORGERHOUT","SPO-BETR801_00005_100","PM10","Particulate matter < 10 µm (aerosol)","P1Y-hr-max","1 year hour max","2016","159.600","ug/m3","99.80","1","Background","Urban","4.4318","51.2097","6.0","Antwerpen                                                                       ","BE002C1                                           ","530014","E1a/validated data AQ e-Reporting","18/03/2023 21:57:02","http://fme.discomap.eea.europa.eu/fmedatastreaming/AirQualityDownload/AQData_Extract.fmw?CountryCode=BE&CityName=&Pollutant=5&Year_from=2016&Year_to=2016&Station=STA-BETR801&Samplingpoint=&Source=E1a&Output=HTML&UpdateDate="
"Belgium","NET-Flanders","Flanders","BETR801","42R801 - BORGERHOUT","SPO-BETR801_00007_100","O3","Ozone (air)","P1Y-day-max","1 year day max","2016","80.000","ug/m3","95.90","1","Background","Urban","4.4318","51.2097","6.0","Antwerpen                                                                       ","BE002C1                                           ","530014","E1a/validated data AQ e-Reporting","18/03/2023 21:44:13","http://fme.discomap.eea.europa.eu/fmedatastreaming/AirQualityDownload/AQData_Extract.fmw?CountryCode=BE&CityName=&Pollutant=7&Year_from=2016&Year_to=2016&Station=STA-BETR801&Samplingpoint=&Source=E1a&Output=HTML&UpdateDate="
"Belgium","NET-Wallonia","Wallonia","BETN060","43N060 - HAVINNES","SPO-BETN060_00007_100","O3","Ozone (air)","P1Y-dx-max","1 year day max max","2016","140.313","ug/m3","97.27","1","Background","Rural","3.4576","50.6167","0.0","","","","E1a/validated data AQ e-Reporting","18/03/2023 21:44:39","http://fme.discomap.eea.europa.eu/fmedatastreaming/AirQualityDownload/AQData_Extract.fmw?CountryCode=BE&CityName=&Pollutant=7&Year_from=2016&Year_to=2016&Station=STA-BETN060&Samplingpoint=&Source=E1a&Output=HTML&UpdateDate="
"Belgium","NET-Wallonia","Wallonia","BETN070","43N070 - MONS","SPO-BETN070_00008_100","NO2","Nitrogen dioxide (air)","P1Y-hrsAbove200","1 year hour exceed 200","2016","0.000","count","97.34","1","Background","Suburban","3.9397","50.4652","30.0","Mons                                                                            ","BE009C1                                           ","95922","E1a/validated data AQ e-Reporting","18/03/2023 21:48:42","http://fme.discomap.eea.europa.eu/fmedatastreaming/AirQualityDownload/AQData_Extract.fmw?CountryCode=BE&CityName=&Pollutant=8&Year_from=2016&Year_to=2016&Station=STA-BETN070&Samplingpoint=&Source=E1a&Output=HTML&UpdateDate="
"Belgium","NET-Wallonia","Wallonia","BETR221","43R221 - LIEGE","SPO-BETR221_00007_100","O3","Ozone (air)","SOMO35","Sum of Ozone Means Over 35 ppb","2016","1503.816","ug/m3","96.45","1","Background","Urban","5.6278","50.6584","65.0","Liège                                                                           ","BE005C1                                           ","383700","E1a/validated data AQ e-Reporting","18/03/2023 22:59:23","http://fme.discomap.eea.europa.eu/fmedatastreaming/AirQualityDownload/AQData_Extract.fmw?CountryCode=BE&CityName=&Pollutant=7&Year_from=2016&Year_to=2016&Station=STA-BETR221&Samplingpoint=&Source=E1a&Output=HTML&UpdateDate="
"Belgium","NET-Flanders","Flanders","BETR897","42R897 - ANTWERPEN","SPO-BETR897_00001_100","SO2","Sulphur dioxide (air)","P1Y","Annual mean / 1 calendar year","2016","3.996","ug/m3","97.20","1","Industrial","Suburban","4.3421","51.2501","5.0","Antwerpen                                                                       ","BE002C1                                           ","530014","E1a/validated data AQ e-Reporting","18/03/2023 21:08:58","http://fme.discomap.eea.europa.eu/fmedatastreaming/AirQualityDownload/AQData_Extract.fmw?CountryCode=BE&CityName=&Pollutant=1&Year_from=2016&Year_to=2016&Station=STA-BETR897&Samplingpoint=&Source=E1a&Output=HTML&UpdateDate="
"Belgium","NET-Wallonia","Wallonia","BETR221","43R221 - LIEGE","SPO-BETR221_00008_100","NO2","Nitrogen dioxide (air)","P1Y-hr-max19","1 year hour max19","2016","87.500","ug/m3","97.02","1","Background","Urban","5.6278","50.6584","65.0","Liège                                                                           ","BE005C1                                           ","383700","E1a/validated data AQ e-Reporting","18/03/2023 22:34:35","http://fme.discomap.eea.europa.eu/fmedatastreaming/AirQualityDownload/AQData_Extract.fmw?CountryCode=BE&CityName=&Pollutant=8&Year_from=2016&Year_to=2016&Station=STA-BETR221&Samplingpoint=&Source=E1a&Output=HTML&UpdateDate="
"Belgium","NET-Wallonia","Wallonia","BETR221","43R221 - LIEGE","SPO-BETR221_00391_100","Black Carbon","black_carbon (aerosol)","P1Y-hr-max","1 year hour max","2016","14.515","ug/m3","85.17","1","Background","Urban","5.6278","50.6584","65.0","Liège                                                                           ","BE005C1                                           ","383700","E1a/validated data AQ e-Reporting","18/03/2023 21:57:02","http://fme.discomap.eea.europa.eu/fmedatastreaming/AirQualityDownload/AQData_Extract.fmw?CountryCode=BE&CityName=&Pollutant=391&Year_from=2016&Year_to=2016&Station=STA-BETR221&Samplingpoint=&Source=E1a&Output=HTML&UpdateDate="
"Belgium","NET-Wallonia","Wallonia","BETN073","43N073 - VEZIN","SPO-BETN073_00005_100","PM10","Particulate matter < 10 µm (aerosol)","P1Y-P1D-per90.41","1 year 90.41 percentile","2016","28.479","ug/m3","100.00","1","Background","Rural","4.9884","50.5027","160.0","","","","E1a/validated data AQ e-Reporting","18/03/2023 22:09:05","http://fme.discomap.eea.europa.eu/fmedatastreaming/AirQualityDownload/AQData_Extract.fmw?CountryCode=BE&CityName=&Pollutant=5&Year_from=2016&Year_to=2016&Station=STA-BETN073&Samplingpoint=&Source=E1a&Output=HTML&UpdateDate="
"Belgium","NET-Wallonia","Wallonia","BETN060","43N060 - HAVINNES","SPO-BETN060_06001_100","PM2.5","Particulate matter < 2.5 µm (aerosol)","P3Y","3 subsequent calendar years mean","2016","11.713","ug/m3","99.11","1","Background","Rural","3.4576","50.6167","0.0","","","","E1a/validated data AQ e-Reporting","18/03/2023 21:36:00","http://fme.discomap.eea.europa.eu/fmedatastreaming/AirQualityDownload/AQData_Extract.fmw?CountryCode=BE&CityName=&Pollutant=6001&Year_from=2016&Year_to=2016&Station=STA-BETN060&Samplingpoint=&Source=E1a&Output=HTML&UpdateDate="
"Belgium","NET-Wallonia","Wallonia","BETN063","43N063 - CORROY L.G.","SPO-BETN063_06001_100","PM2.5","Particulate matter < 2.5 µm (aerosol)","P1Y","Annual mean / 1 calendar year","2016","11.443","ug/m3","99.66","1","Background","Rural","4.6683","50.6554","145.0","","","","E1a/validated data AQ e-Reporting","18/03/2023 21:08:58","http://fme.discomap.eea.europa.eu/fmedatastreaming/AirQualityDownload/AQData_Extract.fmw?CountryCode=BE&CityName=&Pollutant=6001&Year_from=2016&Year_to=2016&Station=STA-BETN063&Samplingpoint=&Source=E1a&Output=HTML&UpdateDate="
"Belgium","NET-Wallonia","Wallonia","BETN066","43N066 - EUPEN","SPO-BETN066_00007_100","O3","Ozone (air)","P1Y-day-max","1 year day max","2016","125.229","ug/m3","98.09","1","Background","Rural","6.0023","50.6289","295.0","","","","E1a/validated data AQ e-Reporting","18/03/2023 21:44:13","http://fme.discomap.eea.europa.eu/fmedatastreaming/AirQualityDownload/AQData_Extract.fmw?CountryCode=BE&CityName=&Pollutant=7&Year_from=2016&Year_to=2016&Station=STA-BETN066&Samplingpoint=&Source=E1a&Output=HTML&UpdateDate="
"Belgium","NET-Wallonia","Wallonia","BETR223","43R223 - JEMEPPE","SPO-BETR223_00005_100","PM10","Particulate matter < 10 µm (aerosol)","P3Y","3 subsequent calendar years mean","2016","21.256","ug/m3","95.02","1","Industrial","Suburban","5.5164","50.6207","50.0","Liège                                                                           ","BE005C1                                           ","383700","E1a/validated data AQ e-Reporting","18/03/2023 21:36:00","http://fme.discomap.eea.europa.eu/fmedatastreaming/AirQualityDownload/AQData_Extract.fmw?CountryCode=BE&CityName=&Pollutant=5&Year_from=2016&Year_to=2016&Station=STA-BETR223&Samplingpoint=&Source=E1a&Output=HTML&UpdateDate="
"Belgium","NET-Wallonia","Wallonia","BETR223","43R223 - JEMEPPE","SPO-BETR223_00008_100","NO2","Nitrogen dioxide (air)","P1Y","Annual mean / 1 calendar year","2016","25.686","ug/m3","97.01","1","Industrial","Suburban","5.5164","50.6207","50.0","Liège                                                                           ","BE005C1                                           ","383700","E1a/validated data AQ e-Reporting","18/03/2023 21:08:58","http://fme.discomap.eea.europa.eu/fmedatastreaming/AirQualityDownload/AQData_Extract.fmw?CountryCode=BE&CityName=&Pollutant=8&Year_from=2016&Year_to=2016&Station=STA-BETR223&Samplingpoint=&Source=E1a&Output=HTML&UpdateDate="
"Belgium","NET-Flanders","Flanders","BETE704","47E704 - WACHTEBEKE","SPO-BETE704_00008_100","NO2","Nitrogen dioxide (air)","P1Y-P1D-per99","1 year 99 percentile of daily means (P1D) or .../aq/primaryObservation/day","2016","49.833","ug/m3","99.45","1","Industrial","Rural","3.8699","51.1761","0.0","","","","E1a/validated data AQ e-Reporting","18/03/2023 22:10:34","http://fme.discomap.eea.europa.eu/fmedatastreaming/AirQualityDownload/AQData_Extract.fmw?CountryCode=BE&CityName=&Pollutant=8&Year_from=2016&Year_to=2016&Station=STA-BETE704&Samplingpoint=&Source=E1a&Output=HTML&UpdateDate="
"Belgium","NET-Flanders","Flanders","BETR710","44R710 - DESTELBERGE","SPO-BETR710_06001_100","PM2.5","Particulate matter < 2.5 µm (aerosol)","P1Y-day-per50","1 year 50 %ile of daily values in a year","2016","10.646","ug/m3","99.45","1","Background","Suburban","3.7753","51.0613","6.0","","","","E1a/validated data AQ e-Reporting","18/03/2023 22:11:51","http://fme.discomap.eea.europa.eu/fmedatastreaming/AirQualityDownload/AQData_Extract.fmw?CountryCode=BE&CityName=&Pollutant=6001&Year_from=2016&Year_to=2016&Station=STA-BETR710&Samplingpoint=&Source=E1a&Output=HTML&UpdateDate="
"Belgium","NET-Flanders","Flanders","BETN029","44N029 - HOUTEM","SPO-BETN029_00007_100","O3","Ozone (air)","summer-avg","Summer mean","2016","54.927","ug/m3","95.22","1","Background","Rural","2.5823","51.0163","2.0","","","","E1a/validated data AQ e-Reporting","18/03/2023 22:50:22","http://fme.discomap.eea.europa.eu/fmedatastreaming/AirQualityDownload/AQData_Extract.fmw?CountryCode=BE&CityName=&Pollutant=7&Year_from=2016&Year_to=2016&Station=STA-BETN029&Samplingpoint=&Source=E1a&Output=HTML&UpdateDate="
"Belgium","NET-Flanders","Flanders","BETR802","42R802 - BORGERHOUT","SPO-BETR802_06001_100","PM2.5","Particulate matter < 2.5 µm (aerosol)","P1Y-hr-per50","1 year 50 percentile","2016","10.500","ug/m3","99.06","1","Traffic","Urban","4.4318","51.2095","6.0","Antwerpen                                                                       ","BE002C1                                           ","530014","E1a/validated data AQ e-Reporting","18/03/2023 22:05:49","http://fme.discomap.eea.europa.eu/fmedatastreaming/AirQualityDownload/AQData_Extract.fmw?CountryCode=BE&CityName=&Pollutant=6001&Year_from=2016&Year_to=2016&Station=STA-BETR802&Samplingpoint=&Source=E1a&Output=HTML&UpdateDate="
"Belgium","NET-Flanders","Flanders","BETR710","44R710 - DESTELBERGE","SPO-BETR710_00008_100","NO2","Nitrogen dioxide (air)","P1Y-day-per50","1 year 50 %ile of daily values in a year","2016","19.688","ug/m3","97.27","1","Background","Suburban","3.7753","51.0613","6.0","","","","E1a/validated data AQ e-Reporting","18/03/2023 22:14:21","http://fme.discomap.eea.europa.eu/fmedatastreaming/AirQualityDownload/AQData_Extract.fmw?CountryCode=BE&CityName=&Pollutant=8&Year_from=2016&Year_to=2016&Station=STA-BETR710&Samplingpoint=&Source=E1a&Output=HTML&UpdateDate="
"Belgium","NET-Flanders","Flanders","BETR811","42R811 - SCHOTEN","SPO-BETR811_00005_100","PM10","Particulate matter < 10 µm (aerosol)","P1Y-hr-min","1 year hour min","2016","3.600","ug/m3","99.64","1","Background","Suburban","4.4914","51.2521","8.0","","","","E1a/validated data AQ e-Reporting","18/03/2023 22:31:20","http://fme.discomap.eea.europa.eu/fmedatastreaming/AirQualityDownload/AQData_Extract.fmw?CountryCode=BE&CityName=&Pollutant=5&Year_from=2016&Year_to=2016&Station=STA-BETR811&Samplingpoint=&Source=E1a&Output=HTML&UpdateDate="
"Belgium","NET-Flanders","Flanders","BETR740","44R740 - ST.KRUIS-WI","SPO-BETR740_00001_100","SO2","Sulphur dioxide (air)","P1Y-hrsAbove350","1 year hour exceed 350","2016","0.000","count","97.11","1","Industrial","Rural","3.8087","51.1501","5.0","Gent                                                                            ","BE003C1                                           ","263687","E1a/validated data AQ e-Reporting","18/03/2023 21:52:12","http://fme.discomap.eea.europa.eu/fmedatastreaming/AirQualityDownload/AQData_Extract.fmw?CountryCode=BE&CityName=&Pollutant=1&Year_from=2016&Year_to=2016&Station=STA-BETR740&Samplingpoint=&Source=E1a&Output=HTML&UpdateDate="
"Belgium","NET-Flanders","Flanders","BETN054","42N054 - WALSHOUTEM","SPO-BETN054_06001_100","PM2.5","Particulate matter < 2.5 µm (aerosol)","P1Y-day-max","1 year day max","2016","47.708","ug/m3","97.81","1","Background","Rural","5.1032","50.7117","135.0","","","","E1a/validated data AQ e-Reporting","18/03/2023 21:43:22","http://fme.discomap.eea.europa.eu/fmedatastreaming/AirQualityDownload/AQData_Extract.fmw?CountryCode=BE&CityName=&Pollutant=6001&Year_from=2016&Year_to=2016&Station=STA-BETN054&Samplingpoint=&Source=E1a&Output=HTML&UpdateDate="
"Belgium","NET-Flanders","Flanders","BETN027","42N027 - BREE","SPO-BETN027_00008_100","NO2","Nitrogen dioxide (air)","P1Y-hr-max","1 year hour max","2016","72.500","ug/m3","96.24","1","Background","Rural","5.6067","51.1337","48.0","","","","E1a/validated data AQ e-Reporting","18/03/2023 21:57:02","http://fme.discomap.eea.europa.eu/fmedatastreaming/AirQualityDownload/AQData_Extract.fmw?CountryCode=BE&CityName=&Pollutant=8&Year_from=2016&Year_to=2016&Station=STA-BETN027&Samplingpoint=&Source=E1a&Output=HTML&UpdateDate="
"Belgium","NET-Flanders","Flanders","BETN027","42N027 - BREE","SPO-BETN027_00008_100","NO2","Nitrogen dioxide (air)","P1Y-hrsAbove400","1 year hour exceed 400","2016","0.000","count","96.24","1","Background","Rural","5.6067","51.1337","48.0","","","","E1a/validated data AQ e-Reporting","18/03/2023 21:54:38","http://fme.discomap.eea.europa.eu/fmedatastreaming/AirQualityDownload/AQData_Extract.fmw?CountryCode=BE&CityName=&Pollutant=8&Year_from=2016&Year_to=2016&Station=STA-BETN027&Samplingpoint=&Source=E1a&Output=HTML&UpdateDate="
"Belgium","NET-Flanders","Flanders","BETN027","42N027 - BREE","SPO-BETN027_00007_100","O3","Ozone (air)","P1Y-dmaxAbove120","1 year daymax exceed 120","2016","18.000","count","94.81","1","Background","Rural","5.6067","51.1337","48.0","","","","E1a/validated data AQ e-Reporting","18/03/2023 22:25:06","http://fme.discomap.eea.europa.eu/fmedatastreaming/AirQualityDownload/AQData_Extract.fmw?CountryCode=BE&CityName=&Pollutant=7&Year_from=2016&Year_to=2016&Station=STA-BETN027&Samplingpoint=&Source=E1a&Output=HTML&UpdateDate="
"Belgium","NET-Flanders","Flanders","BESMA01","59MA01 - MAASMECHELEN","SPO-BESMA01_00434_100","C9H12","Propylbenzene (air)","P1Y","Annual mean / 1 calendar year","2016","0.000","ug/m3","86.61","1","Background","Suburban","5.7256","50.9816","0.0","","","","E1a/validated data AQ e-Reporting","18/03/2023 21:08:58","http://fme.discomap.eea.europa.eu/fmedatastreaming/AirQualityDownload/AQData_Extract.fmw?CountryCode=BE&CityName=&Pollutant=434&Year_from=2016&Year_to=2016&Station=STA-BESMA01&Samplingpoint=&Source=E1a&Output=HTML&UpdateDate="
"Belgium","NET-Flanders","Flanders","BETR740","44R740 - ST.KRUIS-WI","SPO-BETR740_00007_100","O3","Ozone (air)","AOT40f","AOT40 for forest protection","2016","9609.864","ug/m3","95.17","1","Industrial","Rural","3.8087","51.1501","5.0","Gent                                                                            ","BE003C1                                           ","263687","E1a/validated data AQ e-Reporting","18/03/2023 23:06:40","http://fme.discomap.eea.europa.eu/fmedatastreaming/AirQualityDownload/AQData_Extract.fmw?CountryCode=BE&CityName=&Pollutant=7&Year_from=2016&Year_to=2016&Station=STA-BETR740&Samplingpoint=&Source=E1a&Output=HTML&UpdateDate="
"Belgium","NET-Flanders","Flanders","BETN035","42N035 - AARSCHOT","SPO-BETN035_06001_100","PM2.5","Particulate matter < 2.5 µm (aerosol)","P1Y-day-max","1 year day max","2016","51.313","ug/m3","99.73","1","Background","Rural","4.8376","50.9775","55.0","","","","E1a/validated data AQ e-Reporting","18/03/2023 21:43:22","http://fme.discomap.eea.europa.eu/fmedatastreaming/AirQualityDownload/AQData_Extract.fmw?CountryCode=BE&CityName=&Pollutant=6001&Year_from=2016&Year_to=2016&Station=STA-BETN035&Samplingpoint=&Source=E1a&Output=HTML&UpdateDate="
"Belgium","NET-Flanders","Flanders","BETN054","42N054 - WALSHOUTEM","SPO-BETN054_00007_100","O3","Ozone (air)","P1Y-hr-per50","1 year 50 percentile","2016","45.500","ug/m3","91.99","1","Background","Rural","5.1032","50.7117","135.0","","","","E1a/validated data AQ e-Reporting","18/03/2023 22:05:49","http://fme.discomap.eea.europa.eu/fmedatastreaming/AirQualityDownload/AQData_Extract.fmw?CountryCode=BE&CityName=&Pollutant=7&Year_from=2016&Year_to=2016&Station=STA-BETN054&Samplingpoint=&Source=E1a&Output=HTML&UpdateDate="
"Belgium","NET-Flanders","Flanders","BETR815","42R815 - ZWIJNDRECHT","SPO-BETR815_00005_100","PM10","Particulate matter < 10 µm (aerosol)","P1Y-day-per50","1 year 50 %ile of daily values in a year","2016","19.246","ug/m3","100.00","1","Industrial","Suburban","4.3322","51.2147","7.0","","","","E1a/validated data AQ e-Reporting","18/03/2023 22:08:05","http://fme.discomap.eea.europa.eu/fmedatastreaming/AirQualityDownload/AQData_Extract.fmw?CountryCode=BE&CityName=&Pollutant=5&Year_from=2016&Year_to=2016&Station=STA-BETR815&Samplingpoint=&Source=E1a&Output=HTML&UpdateDate="
"Belgium","NET-Flanders","Flanders","BETR750","44R750 - ZELZATE","SPO-BETR750_00001_100","SO2","Sulphur dioxide (air)","P1Y-day-per50","1 year 50 %ile of daily values in a year","2016","1.304","ug/m3","98.36","1","Industrial","Rural","3.8229","51.1961","6.0","","","","E1a/validated data AQ e-Reporting","18/03/2023 22:14:46","http://fme.discomap.eea.europa.eu/fmedatastreaming/AirQualityDownload/AQData_Extract.fmw?CountryCode=BE&CityName=&Pollutant=1&Year_from=2016&Year_to=2016&Station=STA-BETR750&Samplingpoint=&Source=E1a&Output=HTML&UpdateDate="
"Belgium","NET-Flanders","Flanders","BETR834","42R834 - Boom","SPO-BETR834_06001_100","PM2.5","Particulate matter < 2.5 µm (aerosol)","P1Y-day-min","1 year day min","2016","1.625","ug/m3","99.45","1","Background","Suburban","4.3801","51.0920","0.0","","","","E1a/validated data AQ e-Reporting","18/03/2023 21:55:29","http://fme.discomap.eea.europa.eu/fmedatastreaming/AirQualityDownload/AQData_Extract.fmw?CountryCode=BE&CityName=&Pollutant=6001&Year_from=2016&Year_to=2016&Station=STA-BETR834&Samplingpoint=&Source=E1a&Output=HTML&UpdateDate="
"Belgium","NET-Flanders","Flanders","BETR841","42R841 - MECHELEN","SPO-BETR841_00007_100","O3","Ozone (air)","P1Y-dmax-per93.15","1 year 93.15 percentile daily 8h maximum","2016","98.375","ug/m3","93.99","1","Background","Suburban","4.4693","51.0025","8.0","Mechelen                                                                        ","BE012C1                                           ","86911","E1a/validated data AQ e-Reporting","18/03/2023 22:12:55","http://fme.discomap.eea.europa.eu/fmedatastreaming/AirQualityDownload/AQData_Extract.fmw?CountryCode=BE&CityName=&Pollutant=7&Year_from=2016&Year_to=2016&Station=STA-BETR841&Samplingpoint=&Source=E1a&Output=HTML&UpdateDate="
"Belgium","NET-Flanders","Flanders","BETR841","42R841 - MECHELEN","SPO-BETR841_00008_100","NO2","Nitrogen dioxide (air)","P1Y","Annual mean / 1 calendar year","2016","26.610","ug/m3","95.06","1","Background","Suburban","4.4693","51.0025","8.0","Mechelen                                                                        ","BE012C1                                           ","86911","E1a/validated data AQ e-Reporting","18/03/2023 21:08:58","http://fme.discomap.eea.europa.eu/fmedatastreaming/AirQualityDownload/AQData_Extract.fmw?CountryCode=BE&CityName=&Pollutant=8&Year_from=2016&Year_to=2016&Station=STA-BETR841&Samplingpoint=&Source=E1a&Output=HTML&UpdateDate="
"Belgium","NET-Flanders","Flanders","BETR841","42R841 - MECHELEN","SPO-BETR841_00008_100","NO2","Nitrogen dioxide (air)","P1Y-P1D-per99","1 year 99 percentile of daily means (P1D) or .../aq/primaryObservation/day","2016","56.813","ug/m3","96.45","1","Background","Suburban","4.4693","51.0025","8.0","Mechelen                                                                        ","BE012C1                                           ","86911","E1a/validated data AQ e-Reporting","18/03/2023 22:10:34","http://fme.discomap.eea.europa.eu/fmedatastreaming/AirQualityDownload/AQData_Extract.fmw?CountryCode=BE&CityName=&Pollutant=8&Year_from=2016&Year_to=2016&Station=STA-BETR841&Samplingpoint=&Source=E1a&Output=HTML&UpdateDate="
"Belgium","NET-Flanders","Flanders","BETR841","42R841 - MECHELEN","SPO-BETR841_00008_100","NO2","Nitrogen dioxide (air)","P3Y","3 subsequent calendar years mean","2016","27.850","ug/m3","92.11","1","Background","Suburban","4.4693","51.0025","8.0","Mechelen                                                                        ","BE012C1                                           ","86911","E1a/validated data AQ e-Reporting","18/03/2023 21:36:00","http://fme.discomap.eea.europa.eu/fmedatastreaming/AirQualityDownload/AQData_Extract.fmw?CountryCode=BE&CityName=&Pollutant=8&Year_from=2016&Year_to=2016&Station=STA-BETR841&Samplingpoint=&Source=E1a&Output=HTML&UpdateDate="
"Belgium","NET-Flanders","Flanders","BETM705","44M705 - ROESELARE","SPO-BETM705_00007_100","O3","Ozone (air)","P1Y-hrsAbove180","1 year hour exceed 180","2016","0.000","count","92.11","1","Industrial","Suburban","3.1524","50.9454","19.0","","","","E1a/validated data AQ e-Reporting","18/03/2023 21:46:37","http://fme.discomap.eea.europa.eu/fmedatastreaming/AirQualityDownload/AQData_Extract.fmw?CountryCode=BE&CityName=&Pollutant=7&Year_from=2016&Year_to=2016&Station=STA-BETM705&Samplingpoint=&Source=E1a&Output=HTML&UpdateDate="
"Belgium","NET-Wallonia","Wallonia","BEVN132","50N132 - HABAY-LA-N.","SPO-BEVN132_00482_100","o-C6H4-(CH3)2","o-Xylene (air)","P1Y","Annual mean / 1 calendar year","2016","0.000","ug/m3","47.27","1","Background","Rural","5.6304","49.7193","375.0","","","","E1a/validated data AQ e-Reporting","18/03/2023 21:08:58","http://fme.discomap.eea.europa.eu/fmedatastreaming/AirQualityDownload/AQData_Extract.fmw?CountryCode=BE&CityName=&Pollutant=482&Year_from=2016&Year_to=2016&Station=STA-BEVN132&Samplingpoint=&Source=E1a&Output=HTML&UpdateDate="
"Belgium","NET-Wallonia","Wallonia","BETN063","43N063 - CORROY L.G.","SPO-BETN063_00007_100","O3","Ozone (air)","P1Y-hrsAbove180","1 year hour exceed 180","2016","3.000","count","94.52","1","Background","Rural","4.6683","50.6554","145.0","","","","E1a/validated data AQ e-Reporting","18/03/2023 21:46:37","http://fme.discomap.eea.europa.eu/fmedatastreaming/AirQualityDownload/AQData_Extract.fmw?CountryCode=BE&CityName=&Pollutant=7&Year_from=2016&Year_to=2016&Station=STA-BETN063&Samplingpoint=&Source=E1a&Output=HTML&UpdateDate="
"Belgium","NET-Wallonia","Wallonia","BEVN520","50N520 - PERUWELZ","SPO-BEVN520_00464_100","m,p-C6H4(CH3)2","m,p-Xylene (air)","P1Y","Annual mean / 1 calendar year","2016","0.000","ug/m3","48.09","1","Background","Suburban","3.5943","50.5055","30.0","","","","E1a/validated data AQ e-Reporting","18/03/2023 21:08:58","http://fme.discomap.eea.europa.eu/fmedatastreaming/AirQualityDownload/AQData_Extract.fmw?CountryCode=BE&CityName=&Pollutant=464&Year_from=2016&Year_to=2016&Station=STA-BEVN520&Samplingpoint=&Source=E1a&Output=HTML&UpdateDate="
"Belgium","NET-Flanders","Flanders","BETR801","42R801 - BORGERHOUT","SPO-BETR801_00007_100","O3","Ozone (air)","P1Y-maxP6M-P8H-dmax","Yearly highest six monthly average of daily maximum 8-hour mean concentration","2016","58.623","ug/m3","100.00","1","Background","Urban","4.4318","51.2097","6.0","Antwerpen                                                                       ","BE002C1                                           ","530014","E1a/validated data AQ e-Reporting","18/03/2023 22:58:54","http://fme.discomap.eea.europa.eu/fmedatastreaming/AirQualityDownload/AQData_Extract.fmw?CountryCode=BE&CityName=&Pollutant=7&Year_from=2016&Year_to=2016&Station=STA-BETR801&Samplingpoint=&Source=E1a&Output=HTML&UpdateDate="
"Belgium","NET-Wallonia","Wallonia","BETM204","43M204 - ANGLEUR","SPO-BETM204_00005_100","PM10","Particulate matter < 10 µm (aerosol)","P1Y","Annual mean / 1 calendar year","2016","18.607","ug/m3","98.47","1","Background","Suburban","5.6112","50.6119","70.0","Liège                                                                           ","BE005C1                                           ","383700","E1a/validated data AQ e-Reporting","18/03/2023 21:08:58","http://fme.discomap.eea.europa.eu/fmedatastreaming/AirQualityDownload/AQData_Extract.fmw?CountryCode=BE&CityName=&Pollutant=5&Year_from=2016&Year_to=2016&Station=STA-BETM204&Samplingpoint=&Source=E1a&Output=HTML&UpdateDate="
"Belgium","NET-Wallonia","Wallonia","BETR223","43R223 - JEMEPPE","SPO-BETR223_06001_100","PM2.5","Particulate matter < 2.5 µm (aerosol)","P1Y-day-per50","1 year 50 %ile of daily values in a year","2016","9.986","ug/m3","99.73","1","Industrial","Suburban","5.5164","50.6207","50.0","Liège                                                                           ","BE005C1                                           ","383700","E1a/validated data AQ e-Reporting","18/03/2023 22:11:51","http://fme.discomap.eea.europa.eu/fmedatastreaming/AirQualityDownload/AQData_Extract.fmw?CountryCode=BE&CityName=&Pollutant=6001&Year_from=2016&Year_to=2016&Station=STA-BETR223&Samplingpoint=&Source=E1a&Output=HTML&UpdateDate="
"Belgium","NET-Flanders","Flanders","BETN040","42N040 - ST.P.LEEUWG","SPO-BETN040_00007_100","O3","Ozone (air)","P1Y-hr-per50","1 year 50 percentile","2016","46.500","ug/m3","91.03","1","Background","Rural","4.2252","50.7681","20.0","","","","E1a/validated data AQ e-Reporting","18/03/2023 22:05:49","http://fme.discomap.eea.europa.eu/fmedatastreaming/AirQualityDownload/AQData_Extract.fmw?CountryCode=BE&CityName=&Pollutant=7&Year_from=2016&Year_to=2016&Station=STA-BETN040&Samplingpoint=&Source=E1a&Output=HTML&UpdateDate="
"Belgium","NET-Flanders","Flanders","BETR823","42R823 - BEVEREN","SPO-BETR823_00008_100","NO2","Nitrogen dioxide (air)","P1Y-P1D-per99","1 year 99 percentile of daily means (P1D) or .../aq/primaryObservation/day","2016","62.250","ug/m3","99.45","1","Background","Suburban","4.2399","51.2133","0.0","","","","E1a/validated data AQ e-Reporting","18/03/2023 22:10:34","http://fme.discomap.eea.europa.eu/fmedatastreaming/AirQualityDownload/AQData_Extract.fmw?CountryCode=BE&CityName=&Pollutant=8&Year_from=2016&Year_to=2016&Station=STA-BETR823&Samplingpoint=&Source=E1a&Output=HTML&UpdateDate="
"Belgium","NET-Flanders","Flanders","BESR801","59R801 - ANTWERPEN","SPO-BESR801_00443_100","C6H14","n-Hexane (air)","P1Y","Annual mean / 1 calendar year","2016","0.001","ug/m3","84.16","1","Background","Suburban","4.4318","51.2097","0.0","Antwerpen                                                                       ","BE002C1                                           ","530014","E1a/validated data AQ e-Reporting","18/03/2023 21:08:58","http://fme.discomap.eea.europa.eu/fmedatastreaming/AirQualityDownload/AQData_Extract.fmw?CountryCode=BE&CityName=&Pollutant=443&Year_from=2016&Year_to=2016&Station=STA-BESR801&Samplingpoint=&Source=E1a&Output=HTML&UpdateDate="
"Belgium","NET-Flanders","Flanders","BETN045","42N045 - HASSELT","SPO-BETN045_00007_100","O3","Ozone (air)","SOMO10","Sum of Ozone Means Over 10 ppb","2016","16534.224","ug/m3","95.63","1","Background","Suburban","5.3684","50.9397","41.0","","","","E1a/validated data AQ e-Reporting","18/03/2023 22:59:50","http://fme.discomap.eea.europa.eu/fmedatastreaming/AirQualityDownload/AQData_Extract.fmw?CountryCode=BE&CityName=&Pollutant=7&Year_from=2016&Year_to=2016&Station=STA-BETN045&Samplingpoint=&Source=E1a&Output=HTML&UpdateDate="
"Belgium","NET-Flanders","Flanders","BETR740","44R740 - ST.KRUIS-WI","SPO-BETR740_00005_100","PM10","Particulate matter < 10 µm (aerosol)","P1Y-P1D-per99","1 year 99 percentile of daily means (P1D) or .../aq/primaryObservation/day","2016","63.371","ug/m3","100.00","1","Industrial","Rural","3.8087","51.1501","5.0","Gent                                                                            ","BE003C1                                           ","263687","E1a/validated data AQ e-Reporting","18/03/2023 22:09:38","http://fme.discomap.eea.europa.eu/fmedatastreaming/AirQualityDownload/AQData_Extract.fmw?CountryCode=BE&CityName=&Pollutant=5&Year_from=2016&Year_to=2016&Station=STA-BETR740&Samplingpoint=&Source=E1a&Output=HTML&UpdateDate="
"Belgium","NET-Flanders","Flanders","BETR830","42R830 - DOEL","SPO-BETR830_00008_100","NO2","Nitrogen dioxide (air)","P1Y-hrsAbove400","1 year hour exceed 400","2016","0.000","count","96.77","1","Industrial","Rural","4.2626","51.3182","5.0","","","","E1a/validated data AQ e-Reporting","18/03/2023 21:54:38","http://fme.discomap.eea.europa.eu/fmedatastreaming/AirQualityDownload/AQData_Extract.fmw?CountryCode=BE&CityName=&Pollutant=8&Year_from=2016&Year_to=2016&Station=STA-BETR830&Samplingpoint=&Source=E1a&Output=HTML&UpdateDate="
"Belgium","NET-Flanders","Flanders","BETR740","44R740 - ST.KRUIS-WI","SPO-BETR740_00005_100","PM10","Particulate matter < 10 µm (aerosol)","P1Y","Annual mean / 1 calendar year","2016","25.014","ug/m3","99.80","1","Industrial","Rural","3.8087","51.1501","5.0","Gent                                                                            ","BE003C1                                           ","263687","E1a/validated data AQ e-Reporting","18/03/2023 21:08:58","http://fme.discomap.eea.europa.eu/fmedatastreaming/AirQualityDownload/AQData_Extract.fmw?CountryCode=BE&CityName=&Pollutant=5&Year_from=2016&Year_to=2016&Station=STA-BETR740&Samplingpoint=&Source=E1a&Output=HTML&UpdateDate="
"Belgium","NET-Flanders","Flanders","BETN016","42N016 - DESSEL","SPO-BETN016_00391_100","Black Carbon","black_carbon (aerosol)","P1Y","Annual mean / 1 calendar year","2016","1.111","ug/m3","99.43","1","Background","Rural","5.1640","51.2337","30.0","","","","E1a/validated data AQ e-Reporting","18/03/2023 21:08:58","http://fme.discomap.eea.europa.eu/fmedatastreaming/AirQualityDownload/AQData_Extract.fmw?CountryCode=BE&CityName=&Pollutant=391&Year_from=2016&Year_to=2016&Station=STA-BETN016&Samplingpoint=&Source=E1a&Output=HTML&UpdateDate="
"Belgium","NET-Flanders","Flanders","BETN016","42N016 - DESSEL","SPO-BETN016_06001_100","PM2.5","Particulate matter < 2.5 µm (aerosol)","P1Y-hr-max","1 year hour max","2016","206.500","ug/m3","99.86","1","Background","Rural","5.1640","51.2337","30.0","","","","E1a/validated data AQ e-Reporting","18/03/2023 21:57:02","http://fme.discomap.eea.europa.eu/fmedatastreaming/AirQualityDownload/AQData_Extract.fmw?CountryCode=BE&CityName=&Pollutant=6001&Year_from=2016&Year_to=2016&Station=STA-BETN016&Samplingpoint=&Source=E1a&Output=HTML&UpdateDate="
"Belgium","NET-Flanders","Flanders","BETM705","44M705 - ROESELARE","SPO-BETM705_00007_100","O3","Ozone (air)","P3Y-dmaxAbove120","Daymax exceed 120 averaged over 3 consecutive years","2016","4.333","count","100.00","1","Industrial","Suburban","3.1524","50.9454","19.0","","","","E1a/validated data AQ e-Reporting","18/03/2023 22:34:54","http://fme.discomap.eea.europa.eu/fmedatastreaming/AirQualityDownload/AQData_Extract.fmw?CountryCode=BE&CityName=&Pollutant=7&Year_from=2016&Year_to=2016&Station=STA-BETM705&Samplingpoint=&Source=E1a&Output=HTML&UpdateDate="
"Belgium","NET-Flanders","Flanders","BETR701","44R701 - GENT","SPO-BETR701_00001_100","SO2","Sulphur dioxide (air)","P1Y-day-max4","1 year day max 4","2016","5.565","ug/m3","98.91","1","Background","Urban","3.7293","51.0583","5.0","Gent                                                                            ","BE003C1                                           ","263687","E1a/validated data AQ e-Reporting","18/03/2023 22:31:46","http://fme.discomap.eea.europa.eu/fmedatastreaming/AirQualityDownload/AQData_Extract.fmw?CountryCode=BE&CityName=&Pollutant=1&Year_from=2016&Year_to=2016&Station=STA-BETR701&Samplingpoint=&Source=E1a&Output=HTML&UpdateDate="
"Belgium","NET-Flanders","Flanders","BETR701","44R701 - GENT","SPO-BETR701_00007_100","O3","Ozone (air)","P1Y-day-min","1 year day min","2016","1.000","ug/m3","90.16","1","Background","Urban","3.7293","51.0583","5.0","Gent                                                                            ","BE003C1                                           ","263687","E1a/validated data AQ e-Reporting","18/03/2023 21:56:21","http://fme.discomap.eea.europa.eu/fmedatastreaming/AirQualityDownload/AQData_Extract.fmw?CountryCode=BE&CityName=&Pollutant=7&Year_from=2016&Year_to=2016&Station=STA-BETR701&Samplingpoint=&Source=E1a&Output=HTML&UpdateDate="
"Belgium","NET-Flanders","Flanders","BETN046","42N046 - GELLIK","SPO-BETN046_00007_100","O3","Ozone (air)","P3Y-dmaxAbove120","Daymax exceed 120 averaged over 3 consecutive years","2016","14.667","count","100.00","1","Background","Rural","5.6189","50.8823","70.0","","","","E1a/validated data AQ e-Reporting","18/03/2023 22:34:54","http://fme.discomap.eea.europa.eu/fmedatastreaming/AirQualityDownload/AQData_Extract.fmw?CountryCode=BE&CityName=&Pollutant=7&Year_from=2016&Year_to=2016&Station=STA-BETN046&Samplingpoint=&Source=E1a&Output=HTML&UpdateDate="
"Belgium","NET-Flanders","Flanders","BETN045","42N045 - HASSELT","SPO-BETN045_00001_100","SO2","Sulphur dioxide (air)","P1Y-day-max-per99.18","1 year 99.18 percentile of daily maximum","2016","3.522","ug/m3","98.36","1","Background","Suburban","5.3684","50.9397","41.0","","","","E1a/validated data AQ e-Reporting","18/03/2023 22:12:16","http://fme.discomap.eea.europa.eu/fmedatastreaming/AirQualityDownload/AQData_Extract.fmw?CountryCode=BE&CityName=&Pollutant=1&Year_from=2016&Year_to=2016&Station=STA-BETN045&Samplingpoint=&Source=E1a&Output=HTML&UpdateDate="
"Belgium","NET-Flanders","Flanders","BETN045","42N045 - HASSELT","SPO-BETN045_00020_100","C6H6","Benzene (air)","P1Y-hr-min","1 year hour min","2016","0.050","ug/m3","8.36","1","Background","Suburban","5.3684","50.9397","41.0","","","","E1a/validated data AQ e-Reporting","18/03/2023 22:31:20","http://fme.discomap.eea.europa.eu/fmedatastreaming/AirQualityDownload/AQData_Extract.fmw?CountryCode=BE&CityName=&Pollutant=20&Year_from=2016&Year_to=2016&Station=STA-BETN045&Samplingpoint=&Source=E1a&Output=HTML&UpdateDate="
"Belgium","NET-Flanders","Flanders","BETR801","42R801 - BORGERHOUT","SPO-BETR801_06001_100","PM2.5","Particulate matter < 2.5 µm (aerosol)","P1Y-P1D-per99","1 year 99 percentile of daily means (P1D) or .../aq/primaryObservation/day","2016","44.729","ug/m3","100.00","1","Background","Urban","4.4318","51.2097","6.0","Antwerpen                                                                       ","BE002C1                                           ","530014","E1a/validated data AQ e-Reporting","18/03/2023 22:10:03","http://fme.discomap.eea.europa.eu/fmedatastreaming/AirQualityDownload/AQData_Extract.fmw?CountryCode=BE&CityName=&Pollutant=6001&Year_from=2016&Year_to=2016&Station=STA-BETR801&Samplingpoint=&Source=E1a&Output=HTML&UpdateDate="
"Belgium","NET-Flanders","Flanders","BETR802","42R802 - BORGERHOUT","SPO-BETR802_00008_100","NO2","Nitrogen dioxide (air)","P1Y-day-min","1 year day min","2016","12.854","ug/m3","98.09","1","Traffic","Urban","4.4318","51.2095","6.0","Antwerpen                                                                       ","BE002C1                                           ","530014","E1a/validated data AQ e-Reporting","18/03/2023 21:56:03","http://fme.discomap.eea.europa.eu/fmedatastreaming/AirQualityDownload/AQData_Extract.fmw?CountryCode=BE&CityName=&Pollutant=8&Year_from=2016&Year_to=2016&Station=STA-BETR802&Samplingpoint=&Source=E1a&Output=HTML&UpdateDate="
"Belgium","NET-Flanders","Flanders","BETR831","42R831 - BERENDRECHT","SPO-BETR831_06001_100","PM2.5","Particulate matter < 2.5 µm (aerosol)","P1Y-day-max","1 year day max","2016","55.750","ug/m3","100.00","1","Industrial","Rural","4.3397","51.3488","3.0","Antwerpen                                                                       ","BE002C1                                           ","530014","E1a/validated data AQ e-Reporting","18/03/2023 21:43:22","http://fme.discomap.eea.europa.eu/fmedatastreaming/AirQualityDownload/AQData_Extract.fmw?CountryCode=BE&CityName=&Pollutant=6001&Year_from=2016&Year_to=2016&Station=STA-BETR831&Samplingpoint=&Source=E1a&Output=HTML&UpdateDate="
"Belgium","NET-Flanders","Flanders","BETR823","42R823 - BEVEREN","SPO-BETR823_00001_100","SO2","Sulphur dioxide (air)","P1Y-P1D-per99","1 year 99 percentile of daily means (P1D) or .../aq/primaryObservation/day","2016","10.043","ug/m3","99.45","1","Background","Suburban","4.2399","51.2133","0.0","","","","E1a/validated data AQ e-Reporting","18/03/2023 22:11:00","http://fme.discomap.eea.europa.eu/fmedatastreaming/AirQualityDownload/AQData_Extract.fmw?CountryCode=BE&CityName=&Pollutant=1&Year_from=2016&Year_to=2016&Station=STA-BETR823&Samplingpoint=&Source=E1a&Output=HTML&UpdateDate="
"Belgium","NET-Flanders","Flanders","BETR823","42R823 - BEVEREN","SPO-BETR823_00008_100","NO2","Nitrogen dioxide (air)","P1Y-hrsAbove400","1 year hour exceed 400","2016","0.000","count","97.12","1","Background","Suburban","4.2399","51.2133","0.0","","","","E1a/validated data AQ e-Reporting","18/03/2023 21:54:38","http://fme.discomap.eea.europa.eu/fmedatastreaming/AirQualityDownload/AQData_Extract.fmw?CountryCode=BE&CityName=&Pollutant=8&Year_from=2016&Year_to=2016&Station=STA-BETR823&Samplingpoint=&Source=E1a&Output=HTML&UpdateDate="
"Belgium","NET-Flanders","Flanders","BETR830","42R830 - DOEL","SPO-BETR830_00008_100","NO2","Nitrogen dioxide (air)","P1Y-3hAbove400","3 consecutive hours in exceedance of 400","2016","0.000","count","96.77","1","Industrial","Rural","4.2626","51.3182","5.0","","","","E1a/validated data AQ e-Reporting","18/03/2023 22:22:30","http://fme.discomap.eea.europa.eu/fmedatastreaming/AirQualityDownload/AQData_Extract.fmw?CountryCode=BE&CityName=&Pollutant=8&Year_from=2016&Year_to=2016&Station=STA-BETR830&Samplingpoint=&Source=E1a&Output=HTML&UpdateDate="
"Belgium","NET-Flanders","Flanders","BETR831","42R831 - BERENDRECHT","SPO-BETR831_00005_100","PM10","Particulate matter < 10 µm (aerosol)","P1Y-daysAbove50","1 year day exceed 50","2016","8.000","count","97.81","1","Industrial","Rural","4.3397","51.3488","3.0","Antwerpen                                                                       ","BE002C1                                           ","530014","E1a/validated data AQ e-Reporting","18/03/2023 22:27:00","http://fme.discomap.eea.europa.eu/fmedatastreaming/AirQualityDownload/AQData_Extract.fmw?CountryCode=BE&CityName=&Pollutant=5&Year_from=2016&Year_to=2016&Station=STA-BETR831&Samplingpoint=&Source=E1a&Output=HTML&UpdateDate="
"Belgium","NET-Flanders","Flanders","BELOB01","40OB01 - OOSTROZEBEK","SPO-BELOB01_00005_100","PM10","Particulate matter < 10 µm (aerosol)","P1Y-P1D-per99","1 year 99 percentile of daily means (P1D) or .../aq/primaryObservation/day","2016","64.329","ug/m3","99.73","1","Industrial","Rural","3.3074","50.9172","44.0","","","","E1a/validated data AQ e-Reporting","18/03/2023 22:09:38","http://fme.discomap.eea.europa.eu/fmedatastreaming/AirQualityDownload/AQData_Extract.fmw?CountryCode=BE&CityName=&Pollutant=5&Year_from=2016&Year_to=2016&Station=STA-BELOB01&Samplingpoint=&Source=E1a&Output=HTML&UpdateDate="
"Belgium","NET-Flanders","Flanders","BETR010","42R010 - ST.STEVENSW","SPO-BETR010_00008_100","NO2","Nitrogen dioxide (air)","P1Y-day-min","1 year day min","2016","5.458","ug/m3","99.45","1","Background","Suburban","4.4284","50.8651","68.0","","","","E1a/validated data AQ e-Reporting","18/03/2023 21:56:03","http://fme.discomap.eea.europa.eu/fmedatastreaming/AirQualityDownload/AQData_Extract.fmw?CountryCode=BE&CityName=&Pollutant=8&Year_from=2016&Year_to=2016&Station=STA-BETR010&Samplingpoint=&Source=E1a&Output=HTML&UpdateDate="
"Belgium","NET-Flanders","Flanders","BETN016","42N016 - DESSEL","SPO-BETN016_00391_100","Black Carbon","black_carbon (aerosol)","P1Y-hr-min","1 year hour min","2016","0.065","ug/m3","99.43","1","Background","Rural","5.1640","51.2337","30.0","","","","E1a/validated data AQ e-Reporting","18/03/2023 22:31:20","http://fme.discomap.eea.europa.eu/fmedatastreaming/AirQualityDownload/AQData_Extract.fmw?CountryCode=BE&CityName=&Pollutant=391&Year_from=2016&Year_to=2016&Station=STA-BETN016&Samplingpoint=&Source=E1a&Output=HTML&UpdateDate="
"Belgium","NET-Flanders","Flanders","BETN016","42N016 - DESSEL","SPO-BETN016_00008_100","NO2","Nitrogen dioxide (air)","P1Y-hr-max19","1 year hour max19","2016","63.000","ug/m3","97.20","1","Background","Rural","5.1640","51.2337","30.0","","","","E1a/validated data AQ e-Reporting","18/03/2023 22:34:35","http://fme.discomap.eea.europa.eu/fmedatastreaming/AirQualityDownload/AQData_Extract.fmw?CountryCode=BE&CityName=&Pollutant=8&Year_from=2016&Year_to=2016&Station=STA-BETN016&Samplingpoint=&Source=E1a&Output=HTML&UpdateDate="
"Belgium","NET-Flanders","Flanders","BETR803","42R803 - ANTWERPEN","SPO-BETR803_06001_100","PM2.5","Particulate matter < 2.5 µm (aerosol)","P1Y-P1D-per99","1 year 99 percentile of daily means (P1D) or .../aq/primaryObservation/day","2016","43.813","ug/m3","95.90","1","Background","Urban","4.4285","51.2286","0.0","Antwerpen                                                                       ","BE002C1                                           ","530014","E1a/validated data AQ e-Reporting","18/03/2023 22:10:03","http://fme.discomap.eea.europa.eu/fmedatastreaming/AirQualityDownload/AQData_Extract.fmw?CountryCode=BE&CityName=&Pollutant=6001&Year_from=2016&Year_to=2016&Station=STA-BETR803&Samplingpoint=&Source=E1a&Output=HTML&UpdateDate="
"Belgium","NET-Flanders","Flanders","BETM802","42M802 - ANTWERPEN","SPO-BETM802_00001_100","SO2","Sulphur dioxide (air)","P1Y-hr-per50","1 year 50 percentile","2016","1.000","ug/m3","96.02","1","Industrial","Suburban","4.4244","51.2610","3.0","Antwerpen                                                                       ","BE002C1                                           ","530014","E1a/validated data AQ e-Reporting","18/03/2023 22:05:49","http://fme.discomap.eea.europa.eu/fmedatastreaming/AirQualityDownload/AQData_Extract.fmw?CountryCode=BE&CityName=&Pollutant=1&Year_from=2016&Year_to=2016&Station=STA-BETM802&Samplingpoint=&Source=E1a&Output=HTML&UpdateDate="
"Belgium","NET-Flanders","Flanders","BETR841","42R841 - MECHELEN","SPO-BETR841_00008_100","NO2","Nitrogen dioxide (air)","P1Y-day-min","1 year day min","2016","5.104","ug/m3","96.45","1","Background","Suburban","4.4693","51.0025","8.0","Mechelen                                                                        ","BE012C1                                           ","86911","E1a/validated data AQ e-Reporting","18/03/2023 21:56:03","http://fme.discomap.eea.europa.eu/fmedatastreaming/AirQualityDownload/AQData_Extract.fmw?CountryCode=BE&CityName=&Pollutant=8&Year_from=2016&Year_to=2016&Station=STA-BETR841&Samplingpoint=&Source=E1a&Output=HTML&UpdateDate="
"Belgium","NET-Flanders","Flanders","BETR892","42R892 - KALLO","SPO-BETR892_00001_100","SO2","Sulphur dioxide (air)","P1Y-day-max-per99.18","1 year 99.18 percentile of daily maximum","2016","15.813","ug/m3","96.99","1","Industrial","Rural","4.2789","51.2630","9.0","","","","E1a/validated data AQ e-Reporting","18/03/2023 22:12:16","http://fme.discomap.eea.europa.eu/fmedatastreaming/AirQualityDownload/AQData_Extract.fmw?CountryCode=BE&CityName=&Pollutant=1&Year_from=2016&Year_to=2016&Station=STA-BETR892&Samplingpoint=&Source=E1a&Output=HTML&UpdateDate="
"Belgium","NET-Wallonia","Wallonia","BETH201","43H201 - LIEGE","SPO-BETH201_00005_100","PM10","Particulate matter < 10 µm (aerosol)","P1Y-hr-max","1 year hour max","2016","169.771","ug/m3","98.27","1","Background","Suburban","5.5475","50.6250","160.0","Liège                                                                           ","BE005C1                                           ","383700","E1a/validated data AQ e-Reporting","18/03/2023 21:57:02","http://fme.discomap.eea.europa.eu/fmedatastreaming/AirQualityDownload/AQData_Extract.fmw?CountryCode=BE&CityName=&Pollutant=5&Year_from=2016&Year_to=2016&Station=STA-BETH201&Samplingpoint=&Source=E1a&Output=HTML&UpdateDate="
"Belgium","NET-Flanders","Flanders","BELR833","40R833 - STABROEK","SPO-BELR833_00008_100","NO2","Nitrogen dioxide (air)","P1Y-hr-max","1 year hour max","2016","101.000","ug/m3","94.67","1","Industrial","Rural","4.3623","51.3277","5.0","","","","E1a/validated data AQ e-Reporting","18/03/2023 21:57:02","http://fme.discomap.eea.europa.eu/fmedatastreaming/AirQualityDownload/AQData_Extract.fmw?CountryCode=BE&CityName=&Pollutant=8&Year_from=2016&Year_to=2016&Station=STA-BELR833&Samplingpoint=&Source=E1a&Output=HTML&UpdateDate="
"Belgium","NET-Flanders","Flanders","BETR802","42R802 - BORGERHOUT","SPO-BETR802_00008_100","NO2","Nitrogen dioxide (air)","P1Y-hr-per50","1 year 50 percentile","2016","42.000","ug/m3","96.17","1","Traffic","Urban","4.4318","51.2095","6.0","Antwerpen                                                                       ","BE002C1                                           ","530014","E1a/validated data AQ e-Reporting","18/03/2023 22:05:49","http://fme.discomap.eea.europa.eu/fmedatastreaming/AirQualityDownload/AQData_Extract.fmw?CountryCode=BE&CityName=&Pollutant=8&Year_from=2016&Year_to=2016&Station=STA-BETR802&Samplingpoint=&Source=E1a&Output=HTML&UpdateDate="
"Belgium","NET-Wallonia","Wallonia","BETH201","43H201 - LIEGE","SPO-BETH201_00005_100","PM10","Particulate matter < 10 µm (aerosol)","P1Y","Annual mean / 1 calendar year","2016","15.548","ug/m3","98.27","1","Background","Suburban","5.5475","50.6250","160.0","Liège                                                                           ","BE005C1                                           ","383700","E1a/validated data AQ e-Reporting","18/03/2023 21:08:58","http://fme.discomap.eea.europa.eu/fmedatastreaming/AirQualityDownload/AQData_Extract.fmw?CountryCode=BE&CityName=&Pollutant=5&Year_from=2016&Year_to=2016&Station=STA-BETH201&Samplingpoint=&Source=E1a&Output=HTML&UpdateDate="
"Belgium","NET-Flanders","Flanders","BETR803","42R803 - ANTWERPEN","SPO-BETR803_00005_100","PM10","Particulate matter < 10 µm (aerosol)","P1Y-P1D-per90.41","1 year 90.41 percentile","2016","37.767","ug/m3","95.90","1","Background","Urban","4.4285","51.2286","0.0","Antwerpen                                                                       ","BE002C1                                           ","530014","E1a/validated data AQ e-Reporting","18/03/2023 22:09:05","http://fme.discomap.eea.europa.eu/fmedatastreaming/AirQualityDownload/AQData_Extract.fmw?CountryCode=BE&CityName=&Pollutant=5&Year_from=2016&Year_to=2016&Station=STA-BETR803&Samplingpoint=&Source=E1a&Output=HTML&UpdateDate="
"Belgium","NET-Flanders","Flanders","BETR834","42R834 - Boom","SPO-BETR834_00005_100","PM10","Particulate matter < 10 µm (aerosol)","P1Y-P1D-per90.4","1 year 90.4 percentile - COMPLIANCE","2016","34.079","ug/m3","99.45","1","Background","Suburban","4.3801","51.0920","0.0","","","","E1a/validated data AQ e-Reporting","18/03/2023 22:08:35","http://fme.discomap.eea.europa.eu/fmedatastreaming/AirQualityDownload/AQData_Extract.fmw?CountryCode=BE&CityName=&Pollutant=5&Year_from=2016&Year_to=2016&Station=STA-BETR834&Samplingpoint=&Source=E1a&Output=HTML&UpdateDate="
"Belgium","NET-Flanders","Flanders","BETN029","44N029 - HOUTEM","SPO-BETN029_00020_100","C6H6","Benzene (air)","P1Y-day-per50","1 year 50 %ile of daily values in a year","2016","0.555","ug/m3","6.56","1","Background","Rural","2.5823","51.0163","2.0","","","","E1a/validated data AQ e-Reporting","18/03/2023 22:13:51","http://fme.discomap.eea.europa.eu/fmedatastreaming/AirQualityDownload/AQData_Extract.fmw?CountryCode=BE&CityName=&Pollutant=20&Year_from=2016&Year_to=2016&Station=STA-BETN029&Samplingpoint=&Source=E1a&Output=HTML&UpdateDate="
"Belgium","NET-Wallonia","Wallonia","BETM204","43M204 - ANGLEUR","SPO-BETM204_06001_100","PM2.5","Particulate matter < 2.5 µm (aerosol)","P1Y-day-min","1 year day min","2016","0.000","ug/m3","98.09","1","Background","Suburban","5.6112","50.6119","70.0","Liège                                                                           ","BE005C1                                           ","383700","E1a/validated data AQ e-Reporting","18/03/2023 21:55:29","http://fme.discomap.eea.europa.eu/fmedatastreaming/AirQualityDownload/AQData_Extract.fmw?CountryCode=BE&CityName=&Pollutant=6001&Year_from=2016&Year_to=2016&Station=STA-BETM204&Samplingpoint=&Source=E1a&Output=HTML&UpdateDate="
"Belgium","NET-Flanders","Flanders","BEVLU11","59LU11 - LEUVEN","SPO-BEVLU11_06013_100","1,3,5-C6H3(CH3)3","1,3,5-Trimethylbenzene (air)","P1Y","Annual mean / 1 calendar year","2016","0.000","ug/m3","87.99","1","Background","Suburban","4.6911","50.8797","0.0","Leuven                                                                          ","BE008C1                                           ","101625","E1a/validated data AQ e-Reporting","18/03/2023 21:08:58","http://fme.discomap.eea.europa.eu/fmedatastreaming/AirQualityDownload/AQData_Extract.fmw?CountryCode=BE&CityName=&Pollutant=6013&Year_from=2016&Year_to=2016&Station=STA-BEVLU11&Samplingpoint=&Source=E1a&Output=HTML&UpdateDate="
"Belgium","NET-Flanders","Flanders","BETR831","42R831 - BERENDRECHT","SPO-BETR831_00007_100","O3","Ozone (air)","P1Y-dmaxAbove120","1 year daymax exceed 120","2016","8.000","count","95.36","1","Industrial","Rural","4.3397","51.3488","3.0","Antwerpen                                                                       ","BE002C1                                           ","530014","E1a/validated data AQ e-Reporting","18/03/2023 22:25:06","http://fme.discomap.eea.europa.eu/fmedatastreaming/AirQualityDownload/AQData_Extract.fmw?CountryCode=BE&CityName=&Pollutant=7&Year_from=2016&Year_to=2016&Station=STA-BETR831&Samplingpoint=&Source=E1a&Output=HTML&UpdateDate="
"Belgium","NET-Flanders","Flanders","BETM802","42M802 - ANTWERPEN","SPO-BETM802_00001_100","SO2","Sulphur dioxide (air)","P1Y-day-max4","1 year day max 4","2016","9.152","ug/m3","97.54","1","Industrial","Suburban","4.4244","51.2610","3.0","Antwerpen                                                                       ","BE002C1                                           ","530014","E1a/validated data AQ e-Reporting","18/03/2023 22:31:46","http://fme.discomap.eea.europa.eu/fmedatastreaming/AirQualityDownload/AQData_Extract.fmw?CountryCode=BE&CityName=&Pollutant=1&Year_from=2016&Year_to=2016&Station=STA-BETM802&Samplingpoint=&Source=E1a&Output=HTML&UpdateDate="
"Belgium","NET-Wallonia","Wallonia","BETN060","43N060 - HAVINNES","SPO-BETN060_00008_100","NO2","Nitrogen dioxide (air)","P3Y","3 subsequent calendar years mean","2016","14.299","ug/m3","96.75","1","Background","Rural","3.4576","50.6167","0.0","","","","E1a/validated data AQ e-Reporting","18/03/2023 21:36:00","http://fme.discomap.eea.europa.eu/fmedatastreaming/AirQualityDownload/AQData_Extract.fmw?CountryCode=BE&CityName=&Pollutant=8&Year_from=2016&Year_to=2016&Station=STA-BETN060&Samplingpoint=&Source=E1a&Output=HTML&UpdateDate="
"Belgium","NET-Wallonia","Wallonia","BETN060","43N060 - HAVINNES","SPO-BETN060_06001_100","PM2.5","Particulate matter < 2.5 µm (aerosol)","P1Y","Annual mean / 1 calendar year","2016","12.097","ug/m3","99.60","1","Background","Rural","3.4576","50.6167","0.0","","","","E1a/validated data AQ e-Reporting","18/03/2023 21:08:58","http://fme.discomap.eea.europa.eu/fmedatastreaming/AirQualityDownload/AQData_Extract.fmw?CountryCode=BE&CityName=&Pollutant=6001&Year_from=2016&Year_to=2016&Station=STA-BETN060&Samplingpoint=&Source=E1a&Output=HTML&UpdateDate="
"Belgium","NET-Flanders","Flanders","BETM802","42M802 - ANTWERPEN","SPO-BETM802_00005_100","PM10","Particulate matter < 10 µm (aerosol)","P1Y-daysAbove50","1 year day exceed 50","2016","11.000","count","98.09","1","Industrial","Suburban","4.4244","51.2610","3.0","Antwerpen                                                                       ","BE002C1                                           ","530014","E1a/validated data AQ e-Reporting","18/03/2023 22:27:00","http://fme.discomap.eea.europa.eu/fmedatastreaming/AirQualityDownload/AQData_Extract.fmw?CountryCode=BE&CityName=&Pollutant=5&Year_from=2016&Year_to=2016&Station=STA-BETM802&Samplingpoint=&Source=E1a&Output=HTML&UpdateDate="
"Belgium","NET-Wallonia","Wallonia","BETR223","43R223 - JEMEPPE","SPO-BETR223_00005_100","PM10","Particulate matter < 10 µm (aerosol)","P1Y-P1D-per99","1 year 99 percentile of daily means (P1D) or .../aq/primaryObservation/day","2016","59.938","ug/m3","99.73","1","Industrial","Suburban","5.5164","50.6207","50.0","Liège                                                                           ","BE005C1                                           ","383700","E1a/validated data AQ e-Reporting","18/03/2023 22:09:38","http://fme.discomap.eea.europa.eu/fmedatastreaming/AirQualityDownload/AQData_Extract.fmw?CountryCode=BE&CityName=&Pollutant=5&Year_from=2016&Year_to=2016&Station=STA-BETR223&Samplingpoint=&Source=E1a&Output=HTML&UpdateDate="
"Belgium","NET-Wallonia","Wallonia","BETR223","43R223 - JEMEPPE","SPO-BETR223_00001_100","SO2","Sulphur dioxide (air)","P1Y-daysAbove125","1 year day exceed 125","2016","0.000","count","95.08","1","Industrial","Suburban","5.5164","50.6207","50.0","Liège                                                                           ","BE005C1                                           ","383700","E1a/validated data AQ e-Reporting","18/03/2023 22:23:37","http://fme.discomap.eea.europa.eu/fmedatastreaming/AirQualityDownload/AQData_Extract.fmw?CountryCode=BE&CityName=&Pollutant=1&Year_from=2016&Year_to=2016&Station=STA-BETR223&Samplingpoint=&Source=E1a&Output=HTML&UpdateDate="
"Belgium","NET-Flanders","Flanders","BETR731","44R731 - EVERGEM","SPO-BETR731_00001_100","SO2","Sulphur dioxide (air)","P1Y-hr-per50","1 year 50 percentile","2016","1.000","ug/m3","96.58","1","Industrial","Rural","3.7395","51.1247","6.0","","","","E1a/validated data AQ e-Reporting","18/03/2023 22:05:49","http://fme.discomap.eea.europa.eu/fmedatastreaming/AirQualityDownload/AQData_Extract.fmw?CountryCode=BE&CityName=&Pollutant=1&Year_from=2016&Year_to=2016&Station=STA-BETR731&Samplingpoint=&Source=E1a&Output=HTML&UpdateDate="
"Belgium","NET-Wallonia","Wallonia","BETN063","43N063 - CORROY L.G.","SPO-BETN063_00001_100","SO2","Sulphur dioxide (air)","P1Y-day-per50","1 year 50 %ile of daily values in a year","2016","0.804","ug/m3","95.08","1","Background","Rural","4.6683","50.6554","145.0","","","","E1a/validated data AQ e-Reporting","18/03/2023 22:14:46","http://fme.discomap.eea.europa.eu/fmedatastreaming/AirQualityDownload/AQData_Extract.fmw?CountryCode=BE&CityName=&Pollutant=1&Year_from=2016&Year_to=2016&Station=STA-BETN063&Samplingpoint=&Source=E1a&Output=HTML&UpdateDate="
"Belgium","NET-Wallonia","Wallonia","BEVR221","50R221 - LIEGE","SPO-BEVR221_00450_100","H3C-CH2-CH(CH3)2","i-Pentane (2-methylbutane) (air)","P1Y","Annual mean / 1 calendar year","2016","0.004","ug/m3","45.63","1","Background","Urban","5.6278","50.6584","65.0","Liège                                                                           ","BE005C1                                           ","383700","E1a/validated data AQ e-Reporting","18/03/2023 21:08:58","http://fme.discomap.eea.europa.eu/fmedatastreaming/AirQualityDownload/AQData_Extract.fmw?CountryCode=BE&CityName=&Pollutant=450&Year_from=2016&Year_to=2016&Station=STA-BEVR221&Samplingpoint=&Source=E1a&Output=HTML&UpdateDate="
"Belgium","NET-Wallonia","Wallonia","BETN100","43N100 - DOURBES","SPO-BETN100_00007_100","O3","Ozone (air)","P1Y-dmaxAbove120","1 year daymax exceed 120","2016","11.000","count","98.09","1","Background","Rural","4.5948","50.0957","225.0","","","","E1a/validated data AQ e-Reporting","18/03/2023 22:25:06","http://fme.discomap.eea.europa.eu/fmedatastreaming/AirQualityDownload/AQData_Extract.fmw?CountryCode=BE&CityName=&Pollutant=7&Year_from=2016&Year_to=2016&Station=STA-BETN100&Samplingpoint=&Source=E1a&Output=HTML&UpdateDate="
"Belgium","NET-Wallonia","Wallonia","BEVR231","50R231 - ANS","SPO-BEVR231_06008_100","H2C=CH-CH2-CH2-CH3","1-Pentene (air)","P1Y","Annual mean / 1 calendar year","2016","0.000","ug/m3","44.81","1","Background","Urban","5.5294","50.6601","160.0","Liège                                                                           ","BE005C1                                           ","383700","E1a/validated data AQ e-Reporting","18/03/2023 21:08:58","http://fme.discomap.eea.europa.eu/fmedatastreaming/AirQualityDownload/AQData_Extract.fmw?CountryCode=BE&CityName=&Pollutant=6008&Year_from=2016&Year_to=2016&Station=STA-BEVR231&Samplingpoint=&Source=E1a&Output=HTML&UpdateDate="
"Belgium","NET-Flanders","Flanders","BETR820","42R820 - KAPELLEN","SPO-BETR820_00001_100","SO2","Sulphur dioxide (air)","P1Y-day-per50","1 year 50 %ile of daily values in a year","2016","1.783","ug/m3","99.45","1","Background","Suburban","4.4448","51.3204","11.0","","","","E1a/validated data AQ e-Reporting","18/03/2023 22:14:46","http://fme.discomap.eea.europa.eu/fmedatastreaming/AirQualityDownload/AQData_Extract.fmw?CountryCode=BE&CityName=&Pollutant=1&Year_from=2016&Year_to=2016&Station=STA-BETR820&Samplingpoint=&Source=E1a&Output=HTML&UpdateDate="
"Belgium","NET-Flanders","Flanders","BETR802","42R802 - BORGERHOUT","SPO-BETR802_00008_100","NO2","Nitrogen dioxide (air)","P1Y","Annual mean / 1 calendar year","2016","45.001","ug/m3","96.17","1","Traffic","Urban","4.4318","51.2095","6.0","Antwerpen                                                                       ","BE002C1                                           ","530014","E1a/validated data AQ e-Reporting","18/03/2023 21:08:58","http://fme.discomap.eea.europa.eu/fmedatastreaming/AirQualityDownload/AQData_Extract.fmw?CountryCode=BE&CityName=&Pollutant=8&Year_from=2016&Year_to=2016&Station=STA-BETR802&Samplingpoint=&Source=E1a&Output=HTML&UpdateDate="
"Belgium","NET-Flanders","Flanders","BETM802","42M802 - ANTWERPEN","SPO-BETM802_00008_100","NO2","Nitrogen dioxide (air)","P3Y","3 subsequent calendar years mean","2016","36.198","ug/m3","93.98","1","Industrial","Suburban","4.4244","51.2610","3.0","Antwerpen                                                                       ","BE002C1                                           ","530014","E1a/validated data AQ e-Reporting","18/03/2023 21:36:00","http://fme.discomap.eea.europa.eu/fmedatastreaming/AirQualityDownload/AQData_Extract.fmw?CountryCode=BE&CityName=&Pollutant=8&Year_from=2016&Year_to=2016&Station=STA-BETM802&Samplingpoint=&Source=E1a&Output=HTML&UpdateDate="
"Belgium","NET-Wallonia","Wallonia","BETN093","43N093 - SINSIN","SPO-BETN093_00005_100","PM10","Particulate matter < 10 µm (aerosol)","P1Y","Annual mean / 1 calendar year","2016","13.559","ug/m3","97.67","1","Background","Rural","5.2352","50.2745","265.0","","","","E1a/validated data AQ e-Reporting","18/03/2023 21:08:58","http://fme.discomap.eea.europa.eu/fmedatastreaming/AirQualityDownload/AQData_Extract.fmw?CountryCode=BE&CityName=&Pollutant=5&Year_from=2016&Year_to=2016&Station=STA-BETN093&Samplingpoint=&Source=E1a&Output=HTML&UpdateDate="
"Belgium","NET-Flanders","Flanders","BETR802","42R802 - BORGERHOUT","SPO-BETR802_00391_100","Black Carbon","black_carbon (aerosol)","P1Y-hr-min","1 year hour min","2016","0.115","ug/m3","98.45","1","Traffic","Urban","4.4318","51.2095","6.0","Antwerpen                                                                       ","BE002C1                                           ","530014","E1a/validated data AQ e-Reporting","18/03/2023 22:31:20","http://fme.discomap.eea.europa.eu/fmedatastreaming/AirQualityDownload/AQData_Extract.fmw?CountryCode=BE&CityName=&Pollutant=391&Year_from=2016&Year_to=2016&Station=STA-BETR802&Samplingpoint=&Source=E1a&Output=HTML&UpdateDate="
"Belgium","NET-Flanders","Flanders","BETR802","42R802 - BORGERHOUT","SPO-BETR802_06001_100","PM2.5","Particulate matter < 2.5 µm (aerosol)","P3Y","3 subsequent calendar years mean","2016","15.215","ug/m3","97.86","1","Traffic","Urban","4.4318","51.2095","6.0","Antwerpen                                                                       ","BE002C1                                           ","530014","E1a/validated data AQ e-Reporting","18/03/2023 21:36:00","http://fme.discomap.eea.europa.eu/fmedatastreaming/AirQualityDownload/AQData_Extract.fmw?CountryCode=BE&CityName=&Pollutant=6001&Year_from=2016&Year_to=2016&Station=STA-BETR802&Samplingpoint=&Source=E1a&Output=HTML&UpdateDate="
"Belgium","NET-Flanders","Flanders","BETR811","42R811 - SCHOTEN","SPO-BETR811_00007_100","O3","Ozone (air)","AOT40f","AOT40 for forest protection","2016","15055.190","ug/m3","96.90","1","Background","Suburban","4.4914","51.2521","8.0","","","","E1a/validated data AQ e-Reporting","18/03/2023 23:06:40","http://fme.discomap.eea.europa.eu/fmedatastreaming/AirQualityDownload/AQData_Extract.fmw?CountryCode=BE&CityName=&Pollutant=7&Year_from=2016&Year_to=2016&Station=STA-BETR811&Samplingpoint=&Source=E1a&Output=HTML&UpdateDate="
"Belgium","NET-Flanders","Flanders","BETR710","44R710 - DESTELBERGE","SPO-BETR710_00008_100","NO2","Nitrogen dioxide (air)","P1Y-hr-per50","1 year 50 percentile","2016","18.000","ug/m3","95.39","1","Background","Suburban","3.7753","51.0613","6.0","","","","E1a/validated data AQ e-Reporting","18/03/2023 22:05:49","http://fme.discomap.eea.europa.eu/fmedatastreaming/AirQualityDownload/AQData_Extract.fmw?CountryCode=BE&CityName=&Pollutant=8&Year_from=2016&Year_to=2016&Station=STA-BETR710&Samplingpoint=&Source=E1a&Output=HTML&UpdateDate="
"Belgium","NET-Flanders","Flanders","BETE714","47E714 - DUDZELE","SPO-BETE714_00008_100","NO2","Nitrogen dioxide (air)","P1Y","Annual mean / 1 calendar year","2016","17.369","ug/m3","97.27","1","Industrial","Rural","3.2486","51.2790","11.0","Brugge                                                                          ","BE006C1                                           ","118916","E1a/validated data AQ e-Reporting","18/03/2023 21:08:58","http://fme.discomap.eea.europa.eu/fmedatastreaming/AirQualityDownload/AQData_Extract.fmw?CountryCode=BE&CityName=&Pollutant=8&Year_from=2016&Year_to=2016&Station=STA-BETE714&Samplingpoint=&Source=E1a&Output=HTML&UpdateDate="
"Belgium","NET-Flanders","Flanders","BETR701","44R701 - GENT","SPO-BETR701_00001_100","SO2","Sulphur dioxide (air)","P1Y-P1D-per99","1 year 99 percentile of daily means (P1D) or .../aq/primaryObservation/day","2016","5.375","ug/m3","98.91","1","Background","Urban","3.7293","51.0583","5.0","Gent                                                                            ","BE003C1                                           ","263687","E1a/validated data AQ e-Reporting","18/03/2023 22:11:00","http://fme.discomap.eea.europa.eu/fmedatastreaming/AirQualityDownload/AQData_Extract.fmw?CountryCode=BE&CityName=&Pollutant=1&Year_from=2016&Year_to=2016&Station=STA-BETR701&Samplingpoint=&Source=E1a&Output=HTML&UpdateDate="
"Belgium","NET-Flanders","Flanders","BETR811","42R811 - SCHOTEN","SPO-BETR811_00005_100","PM10","Particulate matter < 10 µm (aerosol)","P1Y","Annual mean / 1 calendar year","2016","21.645","ug/m3","99.64","1","Background","Suburban","4.4914","51.2521","8.0","","","","E1a/validated data AQ e-Reporting","18/03/2023 21:08:58","http://fme.discomap.eea.europa.eu/fmedatastreaming/AirQualityDownload/AQData_Extract.fmw?CountryCode=BE&CityName=&Pollutant=5&Year_from=2016&Year_to=2016&Station=STA-BETR811&Samplingpoint=&Source=E1a&Output=HTML&UpdateDate="
"Belgium","NET-Flanders","Flanders","BETR811","42R811 - SCHOTEN","SPO-BETR811_00005_100","PM10","Particulate matter < 10 µm (aerosol)","P3Y","3 subsequent calendar years mean","2016","22.061","ug/m3","97.03","1","Background","Suburban","4.4914","51.2521","8.0","","","","E1a/validated data AQ e-Reporting","18/03/2023 21:36:00","http://fme.discomap.eea.europa.eu/fmedatastreaming/AirQualityDownload/AQData_Extract.fmw?CountryCode=BE&CityName=&Pollutant=5&Year_from=2016&Year_to=2016&Station=STA-BETR811&Samplingpoint=&Source=E1a&Output=HTML&UpdateDate="
"Belgium","NET-Wallonia","Wallonia","BEVN060","50N060 - HAVINNES","SPO-BEVN060_00394_100","H3C-CH2-CH2-CH3","n-Butane (air)","P1Y","Annual mean / 1 calendar year","2016","0.001","ug/m3","49.73","1","Background","Suburban","3.4576","50.6167","0.0","","","","E1a/validated data AQ e-Reporting","18/03/2023 21:08:58","http://fme.discomap.eea.europa.eu/fmedatastreaming/AirQualityDownload/AQData_Extract.fmw?CountryCode=BE&CityName=&Pollutant=394&Year_from=2016&Year_to=2016&Station=STA-BEVN060&Samplingpoint=&Source=E1a&Output=HTML&UpdateDate="
"Belgium","NET-Wallonia","Wallonia","BEVN060","50N060 - HAVINNES","SPO-BEVN060_00451_100","CH2=CH-C(CH3)=CH2","Isoprene (2-methyl-1,3-butadiene) (air)","P1Y","Annual mean / 1 calendar year","2016","0.000","ug/m3","49.73","1","Background","Suburban","3.4576","50.6167","0.0","","","","E1a/validated data AQ e-Reporting","18/03/2023 21:08:58","http://fme.discomap.eea.europa.eu/fmedatastreaming/AirQualityDownload/AQData_Extract.fmw?CountryCode=BE&CityName=&Pollutant=451&Year_from=2016&Year_to=2016&Station=STA-BEVN060&Samplingpoint=&Source=E1a&Output=HTML&UpdateDate="
"Belgium","NET-Wallonia","Wallonia","BETN093","43N093 - SINSIN","SPO-BETN093_00001_100","SO2","Sulphur dioxide (air)","P1Y-day-max4","1 year day max 4","2016","2.130","ug/m3","96.17","1","Background","Rural","5.2352","50.2745","265.0","","","","E1a/validated data AQ e-Reporting","18/03/2023 22:31:46","http://fme.discomap.eea.europa.eu/fmedatastreaming/AirQualityDownload/AQData_Extract.fmw?CountryCode=BE&CityName=&Pollutant=1&Year_from=2016&Year_to=2016&Station=STA-BETN093&Samplingpoint=&Source=E1a&Output=HTML&UpdateDate="
"Belgium","NET-Flanders","Flanders","BETR811","42R811 - SCHOTEN","SPO-BETR811_00008_100","NO2","Nitrogen dioxide (air)","P1Y-hr-max","1 year hour max","2016","104.000","ug/m3","96.93","1","Background","Suburban","4.4914","51.2521","8.0","","","","E1a/validated data AQ e-Reporting","18/03/2023 21:57:02","http://fme.discomap.eea.europa.eu/fmedatastreaming/AirQualityDownload/AQData_Extract.fmw?CountryCode=BE&CityName=&Pollutant=8&Year_from=2016&Year_to=2016&Station=STA-BETR811&Samplingpoint=&Source=E1a&Output=HTML&UpdateDate="
"Belgium","NET-Wallonia","Wallonia","BETN093","43N093 - SINSIN","SPO-BETN093_00005_100","PM10","Particulate matter < 10 µm (aerosol)","P1Y-hr-per50","1 year 50 percentile","2016","10.771","ug/m3","97.67","1","Background","Rural","5.2352","50.2745","265.0","","","","E1a/validated data AQ e-Reporting","18/03/2023 22:05:49","http://fme.discomap.eea.europa.eu/fmedatastreaming/AirQualityDownload/AQData_Extract.fmw?CountryCode=BE&CityName=&Pollutant=5&Year_from=2016&Year_to=2016&Station=STA-BETN093&Samplingpoint=&Source=E1a&Output=HTML&UpdateDate="
"Belgium","NET-Flanders","Flanders","BETR815","42R815 - ZWIJNDRECHT","SPO-BETR815_00008_100","NO2","Nitrogen dioxide (air)","P1Y-day-per50","1 year 50 %ile of daily values in a year","2016","27.696","ug/m3","98.09","1","Industrial","Suburban","4.3322","51.2147","7.0","","","","E1a/validated data AQ e-Reporting","18/03/2023 22:14:21","http://fme.discomap.eea.europa.eu/fmedatastreaming/AirQualityDownload/AQData_Extract.fmw?CountryCode=BE&CityName=&Pollutant=8&Year_from=2016&Year_to=2016&Station=STA-BETR815&Samplingpoint=&Source=E1a&Output=HTML&UpdateDate="
"Belgium","NET-Flanders","Flanders","BETR811","42R811 - SCHOTEN","SPO-BETR811_00007_100","O3","Ozone (air)","P1Y-day-per50","1 year 50 %ile of daily values in a year","2016","40.000","ug/m3","95.36","1","Background","Suburban","4.4914","51.2521","8.0","","","","E1a/validated data AQ e-Reporting","18/03/2023 22:15:13","http://fme.discomap.eea.europa.eu/fmedatastreaming/AirQualityDownload/AQData_Extract.fmw?CountryCode=BE&CityName=&Pollutant=7&Year_from=2016&Year_to=2016&Station=STA-BETR811&Samplingpoint=&Source=E1a&Output=HTML&UpdateDate="
"Belgium","NET-Flanders","Flanders","BETN035","42N035 - AARSCHOT","SPO-BETN035_00005_100","PM10","Particulate matter < 10 µm (aerosol)","P1Y-hr-per50","1 year 50 percentile","2016","16.600","ug/m3","99.69","1","Background","Rural","4.8376","50.9775","55.0","","","","E1a/validated data AQ e-Reporting","18/03/2023 22:05:49","http://fme.discomap.eea.europa.eu/fmedatastreaming/AirQualityDownload/AQData_Extract.fmw?CountryCode=BE&CityName=&Pollutant=5&Year_from=2016&Year_to=2016&Station=STA-BETN035&Samplingpoint=&Source=E1a&Output=HTML&UpdateDate="
"Belgium","NET-Flanders","Flanders","BELGK06","40GK06 - GENK","SPO-BELGK06_06001_100","PM2.5","Particulate matter < 2.5 µm (aerosol)","P1Y-day-max","1 year day max","2016","46.063","ug/m3","100.00","1","Industrial","Suburban","5.4706","50.9279","44.0","","","","E1a/validated data AQ e-Reporting","18/03/2023 21:43:22","http://fme.discomap.eea.europa.eu/fmedatastreaming/AirQualityDownload/AQData_Extract.fmw?CountryCode=BE&CityName=&Pollutant=6001&Year_from=2016&Year_to=2016&Station=STA-BELGK06&Samplingpoint=&Source=E1a&Output=HTML&UpdateDate="
"Belgium","NET-Flanders","Flanders","BETR805","42R805 - ANTWERPEN","SPO-BETR805_06001_100","PM2.5","Particulate matter < 2.5 µm (aerosol)","P1Y-day-per50","1 year 50 %ile of daily values in a year","2016","9.917","ug/m3","98.63","1","Traffic","Urban","4.4216","51.2082","6.0","Antwerpen                                                                       ","BE002C1                                           ","530014","E1a/validated data AQ e-Reporting","18/03/2023 22:11:51","http://fme.discomap.eea.europa.eu/fmedatastreaming/AirQualityDownload/AQData_Extract.fmw?CountryCode=BE&CityName=&Pollutant=6001&Year_from=2016&Year_to=2016&Station=STA-BETR805&Samplingpoint=&Source=E1a&Output=HTML&UpdateDate="
"Belgium","NET-Flanders","Flanders","BETN035","42N035 - AARSCHOT","SPO-BETN035_00005_100","PM10","Particulate matter < 10 µm (aerosol)","P1Y-hr-min","1 year hour min","2016","3.600","ug/m3","99.69","1","Background","Rural","4.8376","50.9775","55.0","","","","E1a/validated data AQ e-Reporting","18/03/2023 22:31:20","http://fme.discomap.eea.europa.eu/fmedatastreaming/AirQualityDownload/AQData_Extract.fmw?CountryCode=BE&CityName=&Pollutant=5&Year_from=2016&Year_to=2016&Station=STA-BETN035&Samplingpoint=&Source=E1a&Output=HTML&UpdateDate="
"Belgium","NET-Flanders","Flanders","BETN054","42N054 - WALSHOUTEM","SPO-BETN054_00007_100","O3","Ozone (air)","P1Y-day-min","1 year day min","2016","1.196","ug/m3","93.17","1","Background","Rural","5.1032","50.7117","135.0","","","","E1a/validated data AQ e-Reporting","18/03/2023 21:56:21","http://fme.discomap.eea.europa.eu/fmedatastreaming/AirQualityDownload/AQData_Extract.fmw?CountryCode=BE&CityName=&Pollutant=7&Year_from=2016&Year_to=2016&Station=STA-BETN054&Samplingpoint=&Source=E1a&Output=HTML&UpdateDate="
"Belgium","NET-Flanders","Flanders","BETR817","42R817 - ANTWERPEN","SPO-BETR817_00005_100","PM10","Particulate matter < 10 µm (aerosol)","P1Y-daysAbove50","1 year day exceed 50","2016","15.000","count","100.00","1","Background","Suburban","4.4180","51.1771","6.0","Antwerpen                                                                       ","BE002C1                                           ","530014","E1a/validated data AQ e-Reporting","18/03/2023 22:27:00","http://fme.discomap.eea.europa.eu/fmedatastreaming/AirQualityDownload/AQData_Extract.fmw?CountryCode=BE&CityName=&Pollutant=5&Year_from=2016&Year_to=2016&Station=STA-BETR817&Samplingpoint=&Source=E1a&Output=HTML&UpdateDate="
"Belgium","NET-Wallonia","Wallonia","BETH201","43H201 - LIEGE","SPO-BETH201_06001_100","PM2.5","Particulate matter < 2.5 µm (aerosol)","P3Y","3 subsequent calendar years mean","2016","10.345","ug/m3","98.95","1","Background","Suburban","5.5475","50.6250","160.0","Liège                                                                           ","BE005C1                                           ","383700","E1a/validated data AQ e-Reporting","18/03/2023 21:36:00","http://fme.discomap.eea.europa.eu/fmedatastreaming/AirQualityDownload/AQData_Extract.fmw?CountryCode=BE&CityName=&Pollutant=6001&Year_from=2016&Year_to=2016&Station=STA-BETH201&Samplingpoint=&Source=E1a&Output=HTML&UpdateDate="
"Belgium","NET-Wallonia","Wallonia","BETN093","43N093 - SINSIN","SPO-BETN093_00007_100","O3","Ozone (air)","P1Y-maxP6M-P8H-dmax","Yearly highest six monthly average of daily maximum 8-hour mean concentration","2016","77.357","ug/m3","100.00","1","Background","Rural","5.2352","50.2745","265.0","","","","E1a/validated data AQ e-Reporting","18/03/2023 22:58:54","http://fme.discomap.eea.europa.eu/fmedatastreaming/AirQualityDownload/AQData_Extract.fmw?CountryCode=BE&CityName=&Pollutant=7&Year_from=2016&Year_to=2016&Station=STA-BETN093&Samplingpoint=&Source=E1a&Output=HTML&UpdateDate="
"Belgium","NET-Flanders","Flanders","BETR750","44R750 - ZELZATE","SPO-BETR750_00008_100","NO2","Nitrogen dioxide (air)","P1Y-hr-max","1 year hour max","2016","162.000","ug/m3","94.17","1","Industrial","Rural","3.8229","51.1961","6.0","","","","E1a/validated data AQ e-Reporting","18/03/2023 21:57:02","http://fme.discomap.eea.europa.eu/fmedatastreaming/AirQualityDownload/AQData_Extract.fmw?CountryCode=BE&CityName=&Pollutant=8&Year_from=2016&Year_to=2016&Station=STA-BETR750&Samplingpoint=&Source=E1a&Output=HTML&UpdateDate="
"Belgium","NET-Wallonia","Wallonia","BETN113","43N113 - SAINT-ODE","SPO-BETN113_00008_100","NO2","Nitrogen dioxide (air)","P1Y-hr-max","1 year hour max","2016","54.000","ug/m3","91.55","1","Background","Rural","5.5930","50.0270","510.0","","","","E1a/validated data AQ e-Reporting","18/03/2023 21:57:02","http://fme.discomap.eea.europa.eu/fmedatastreaming/AirQualityDownload/AQData_Extract.fmw?CountryCode=BE&CityName=&Pollutant=8&Year_from=2016&Year_to=2016&Station=STA-BETN113&Samplingpoint=&Source=E1a&Output=HTML&UpdateDate="
"Belgium","NET-Wallonia","Wallonia","BEMAND1","0AND01 - ANDENNE","SPO-BEMAND1_05018_100","As in PM10","Arsenic in PM10 (aerosol)","P1Y","Annual mean / 1 calendar year","2016","0.668","ng/m3","98.35","1","Industrial","Suburban","5.0420","50.4972","90.0","","","","E1a/validated data AQ e-Reporting","18/03/2023 21:08:58","http://fme.discomap.eea.europa.eu/fmedatastreaming/AirQualityDownload/AQData_Extract.fmw?CountryCode=BE&CityName=&Pollutant=5018&Year_from=2016&Year_to=2016&Station=STA-BEMAND1&Samplingpoint=&Source=E1a&Output=HTML&UpdateDate="
"Belgium","NET-Flanders","Flanders","BETN040","42N040 - ST.P.LEEUWG","SPO-BETN040_00007_100","O3","Ozone (air)","P1Y-day-max","1 year day max","2016","111.521","ug/m3","92.35","1","Background","Rural","4.2252","50.7681","20.0","","","","E1a/validated data AQ e-Reporting","18/03/2023 21:44:13","http://fme.discomap.eea.europa.eu/fmedatastreaming/AirQualityDownload/AQData_Extract.fmw?CountryCode=BE&CityName=&Pollutant=7&Year_from=2016&Year_to=2016&Station=STA-BETN040&Samplingpoint=&Source=E1a&Output=HTML&UpdateDate="
"Belgium","NET-Flanders","Flanders","BETN040","42N040 - ST.P.LEEUWG","SPO-BETN040_00008_100","NO2","Nitrogen dioxide (air)","P1Y-day-max","1 year day max","2016","53.833","ug/m3","98.36","1","Background","Rural","4.2252","50.7681","20.0","","","","E1a/validated data AQ e-Reporting","18/03/2023 21:43:56","http://fme.discomap.eea.europa.eu/fmedatastreaming/AirQualityDownload/AQData_Extract.fmw?CountryCode=BE&CityName=&Pollutant=8&Year_from=2016&Year_to=2016&Station=STA-BETN040&Samplingpoint=&Source=E1a&Output=HTML&UpdateDate="
"Belgium","NET-Flanders","Flanders","BETR801","42R801 - BORGERHOUT","SPO-BETR801_00008_100","NO2","Nitrogen dioxide (air)","P1Y-hr-max","1 year hour max","2016","172.500","ug/m3","94.97","1","Background","Urban","4.4318","51.2097","6.0","Antwerpen                                                                       ","BE002C1                                           ","530014","E1a/validated data AQ e-Reporting","18/03/2023 21:57:02","http://fme.discomap.eea.europa.eu/fmedatastreaming/AirQualityDownload/AQData_Extract.fmw?CountryCode=BE&CityName=&Pollutant=8&Year_from=2016&Year_to=2016&Station=STA-BETR801&Samplingpoint=&Source=E1a&Output=HTML&UpdateDate="
"Belgium","NET-Flanders","Flanders","BETN045","42N045 - HASSELT","SPO-BETN045_00007_100","O3","Ozone (air)","P1Y-hrsAbove240","1 year hour exceed 240","2016","0.000","count","94.31","1","Background","Suburban","5.3684","50.9397","41.0","","","","E1a/validated data AQ e-Reporting","18/03/2023 21:50:25","http://fme.discomap.eea.europa.eu/fmedatastreaming/AirQualityDownload/AQData_Extract.fmw?CountryCode=BE&CityName=&Pollutant=7&Year_from=2016&Year_to=2016&Station=STA-BETN045&Samplingpoint=&Source=E1a&Output=HTML&UpdateDate="
"Belgium","NET-Flanders","Flanders","BETR801","42R801 - BORGERHOUT","SPO-BETR801_00391_100","Black Carbon","black_carbon (aerosol)","P1Y-hr-min","1 year hour min","2016","0.095","ug/m3","97.67","1","Background","Urban","4.4318","51.2097","6.0","Antwerpen                                                                       ","BE002C1                                           ","530014","E1a/validated data AQ e-Reporting","18/03/2023 22:31:20","http://fme.discomap.eea.europa.eu/fmedatastreaming/AirQualityDownload/AQData_Extract.fmw?CountryCode=BE&CityName=&Pollutant=391&Year_from=2016&Year_to=2016&Station=STA-BETR801&Samplingpoint=&Source=E1a&Output=HTML&UpdateDate="
"Belgium","NET-Flanders","Flanders","BETR701","44R701 - GENT","SPO-BETR701_06001_100","PM2.5","Particulate matter < 2.5 µm (aerosol)","P1Y-day-per50","1 year 50 %ile of daily values in a year","2016","10.583","ug/m3","100.00","1","Background","Urban","3.7293","51.0583","5.0","Gent                                                                            ","BE003C1                                           ","263687","E1a/validated data AQ e-Reporting","18/03/2023 22:11:51","http://fme.discomap.eea.europa.eu/fmedatastreaming/AirQualityDownload/AQData_Extract.fmw?CountryCode=BE&CityName=&Pollutant=6001&Year_from=2016&Year_to=2016&Station=STA-BETR701&Samplingpoint=&Source=E1a&Output=HTML&UpdateDate="
"Belgium","NET-Flanders","Flanders","BETR831","42R831 - BERENDRECHT","SPO-BETR831_06001_100","PM2.5","Particulate matter < 2.5 µm (aerosol)","P1Y-day-min","1 year day min","2016","2.875","ug/m3","100.00","1","Industrial","Rural","4.3397","51.3488","3.0","Antwerpen                                                                       ","BE002C1                                           ","530014","E1a/validated data AQ e-Reporting","18/03/2023 21:55:29","http://fme.discomap.eea.europa.eu/fmedatastreaming/AirQualityDownload/AQData_Extract.fmw?CountryCode=BE&CityName=&Pollutant=6001&Year_from=2016&Year_to=2016&Station=STA-BETR831&Samplingpoint=&Source=E1a&Output=HTML&UpdateDate="
"Belgium","NET-Wallonia","Wallonia","BETH201","43H201 - LIEGE","SPO-BETH201_00005_100","PM10","Particulate matter < 10 µm (aerosol)","P1Y-day-per50","1 year 50 %ile of daily values in a year","2016","12.750","ug/m3","97.54","1","Background","Suburban","5.5475","50.6250","160.0","Liège                                                                           ","BE005C1                                           ","383700","E1a/validated data AQ e-Reporting","18/03/2023 22:08:05","http://fme.discomap.eea.europa.eu/fmedatastreaming/AirQualityDownload/AQData_Extract.fmw?CountryCode=BE&CityName=&Pollutant=5&Year_from=2016&Year_to=2016&Station=STA-BETH201&Samplingpoint=&Source=E1a&Output=HTML&UpdateDate="
"Belgium","NET-Flanders","Flanders","BETR815","42R815 - ZWIJNDRECHT","SPO-BETR815_00008_100","NO2","Nitrogen dioxide (air)","P1Y-hr-max","1 year hour max","2016","152.500","ug/m3","95.82","1","Industrial","Suburban","4.3322","51.2147","7.0","","","","E1a/validated data AQ e-Reporting","18/03/2023 21:57:02","http://fme.discomap.eea.europa.eu/fmedatastreaming/AirQualityDownload/AQData_Extract.fmw?CountryCode=BE&CityName=&Pollutant=8&Year_from=2016&Year_to=2016&Station=STA-BETR815&Samplingpoint=&Source=E1a&Output=HTML&UpdateDate="
"Belgium","NET-Flanders","Flanders","BETR817","42R817 - ANTWERPEN","SPO-BETR817_00005_100","PM10","Particulate matter < 10 µm (aerosol)","P1Y","Annual mean / 1 calendar year","2016","23.083","ug/m3","99.70","1","Background","Suburban","4.4180","51.1771","6.0","Antwerpen                                                                       ","BE002C1                                           ","530014","E1a/validated data AQ e-Reporting","18/03/2023 21:08:58","http://fme.discomap.eea.europa.eu/fmedatastreaming/AirQualityDownload/AQData_Extract.fmw?CountryCode=BE&CityName=&Pollutant=5&Year_from=2016&Year_to=2016&Station=STA-BETR817&Samplingpoint=&Source=E1a&Output=HTML&UpdateDate="
"Belgium","NET-Flanders","Flanders","BETR817","42R817 - ANTWERPEN","SPO-BETR817_00005_100","PM10","Particulate matter < 10 µm (aerosol)","P1Y-hr-min","1 year hour min","2016","4.100","ug/m3","99.70","1","Background","Suburban","4.4180","51.1771","6.0","Antwerpen                                                                       ","BE002C1                                           ","530014","E1a/validated data AQ e-Reporting","18/03/2023 22:31:20","http://fme.discomap.eea.europa.eu/fmedatastreaming/AirQualityDownload/AQData_Extract.fmw?CountryCode=BE&CityName=&Pollutant=5&Year_from=2016&Year_to=2016&Station=STA-BETR817&Samplingpoint=&Source=E1a&Output=HTML&UpdateDate="
"Belgium","NET-Flanders","Flanders","BETM705","44M705 - ROESELARE","SPO-BETM705_00005_100","PM10","Particulate matter < 10 µm (aerosol)","P1Y-day-per50","1 year 50 %ile of daily values in a year","2016","20.496","ug/m3","96.99","1","Industrial","Suburban","3.1524","50.9454","19.0","","","","E1a/validated data AQ e-Reporting","18/03/2023 22:08:05","http://fme.discomap.eea.europa.eu/fmedatastreaming/AirQualityDownload/AQData_Extract.fmw?CountryCode=BE&CityName=&Pollutant=5&Year_from=2016&Year_to=2016&Station=STA-BETM705&Samplingpoint=&Source=E1a&Output=HTML&UpdateDate="
"Belgium","NET-Flanders","Flanders","BETR815","42R815 - ZWIJNDRECHT","SPO-BETR815_06001_100","PM2.5","Particulate matter < 2.5 µm (aerosol)","P1Y-day-per50","1 year 50 %ile of daily values in a year","2016","10.208","ug/m3","100.00","1","Industrial","Suburban","4.3322","51.2147","7.0","","","","E1a/validated data AQ e-Reporting","18/03/2023 22:11:51","http://fme.discomap.eea.europa.eu/fmedatastreaming/AirQualityDownload/AQData_Extract.fmw?CountryCode=BE&CityName=&Pollutant=6001&Year_from=2016&Year_to=2016&Station=STA-BETR815&Samplingpoint=&Source=E1a&Output=HTML&UpdateDate="
"Belgium","NET-Flanders","Flanders","BETR841","42R841 - MECHELEN","SPO-BETR841_00005_100","PM10","Particulate matter < 10 µm (aerosol)","P1Y-hr-min","1 year hour min","2016","3.600","ug/m3","98.84","1","Background","Suburban","4.4693","51.0025","8.0","Mechelen                                                                        ","BE012C1                                           ","86911","E1a/validated data AQ e-Reporting","18/03/2023 22:31:20","http://fme.discomap.eea.europa.eu/fmedatastreaming/AirQualityDownload/AQData_Extract.fmw?CountryCode=BE&CityName=&Pollutant=5&Year_from=2016&Year_to=2016&Station=STA-BETR841&Samplingpoint=&Source=E1a&Output=HTML&UpdateDate="
"Belgium","NET-Flanders","Flanders","BETR841","42R841 - MECHELEN","SPO-BETR841_00007_100","O3","Ozone (air)","P1Y-dx-max26","1 year daymax max 26","2016","97.500","ug/m3","93.99","1","Background","Suburban","4.4693","51.0025","8.0","Mechelen                                                                        ","BE012C1                                           ","86911","E1a/validated data AQ e-Reporting","18/03/2023 22:32:17","http://fme.discomap.eea.europa.eu/fmedatastreaming/AirQualityDownload/AQData_Extract.fmw?CountryCode=BE&CityName=&Pollutant=7&Year_from=2016&Year_to=2016&Station=STA-BETR841&Samplingpoint=&Source=E1a&Output=HTML&UpdateDate="
"Belgium","NET-Flanders","Flanders","BETM705","44M705 - ROESELARE","SPO-BETM705_00007_100","O3","Ozone (air)","P1Y-hr-max","1 year hour max","2016","170.000","ug/m3","92.11","1","Industrial","Suburban","3.1524","50.9454","19.0","","","","E1a/validated data AQ e-Reporting","18/03/2023 21:57:02","http://fme.discomap.eea.europa.eu/fmedatastreaming/AirQualityDownload/AQData_Extract.fmw?CountryCode=BE&CityName=&Pollutant=7&Year_from=2016&Year_to=2016&Station=STA-BETM705&Samplingpoint=&Source=E1a&Output=HTML&UpdateDate="
"Belgium","NET-Flanders","Flanders","BETN040","42N040 - ST.P.LEEUWG","SPO-BETN040_00008_100","NO2","Nitrogen dioxide (air)","P1Y-3hAbove400","3 consecutive hours in exceedance of 400","2016","0.000","count","96.65","1","Background","Rural","4.2252","50.7681","20.0","","","","E1a/validated data AQ e-Reporting","18/03/2023 22:22:30","http://fme.discomap.eea.europa.eu/fmedatastreaming/AirQualityDownload/AQData_Extract.fmw?CountryCode=BE&CityName=&Pollutant=8&Year_from=2016&Year_to=2016&Station=STA-BETN040&Samplingpoint=&Source=E1a&Output=HTML&UpdateDate="
"Belgium","NET-Wallonia","Wallonia","BETN132","43N132 - HABAY-LA-N.","SPO-BETN132_00001_100","SO2","Sulphur dioxide (air)","P1Y-day-max","1 year day max","2016","2.396","ug/m3","99.45","1","Background","Rural","5.6304","49.7193","375.0","","","","E1a/validated data AQ e-Reporting","18/03/2023 21:42:48","http://fme.discomap.eea.europa.eu/fmedatastreaming/AirQualityDownload/AQData_Extract.fmw?CountryCode=BE&CityName=&Pollutant=1&Year_from=2016&Year_to=2016&Station=STA-BETN132&Samplingpoint=&Source=E1a&Output=HTML&UpdateDate="
"Belgium","NET-Wallonia","Wallonia","BETR223","43R223 - JEMEPPE","SPO-BETR223_06001_100","PM2.5","Particulate matter < 2.5 µm (aerosol)","P1Y-P1D-per99","1 year 99 percentile of daily means (P1D) or .../aq/primaryObservation/day","2016","43.831","ug/m3","99.73","1","Industrial","Suburban","5.5164","50.6207","50.0","Liège                                                                           ","BE005C1                                           ","383700","E1a/validated data AQ e-Reporting","18/03/2023 22:10:03","http://fme.discomap.eea.europa.eu/fmedatastreaming/AirQualityDownload/AQData_Extract.fmw?CountryCode=BE&CityName=&Pollutant=6001&Year_from=2016&Year_to=2016&Station=STA-BETR223&Samplingpoint=&Source=E1a&Output=HTML&UpdateDate="
"Belgium","NET-Wallonia","Wallonia","BETR240","43R240 - ENGIS","SPO-BETR240_00001_100","SO2","Sulphur dioxide (air)","P1Y-day-min","1 year day min","2016","0.000","ug/m3","96.45","1","Industrial","Suburban","5.3975","50.5836","135.0","","","","E1a/validated data AQ e-Reporting","18/03/2023 21:54:56","http://fme.discomap.eea.europa.eu/fmedatastreaming/AirQualityDownload/AQData_Extract.fmw?CountryCode=BE&CityName=&Pollutant=1&Year_from=2016&Year_to=2016&Station=STA-BETR240&Samplingpoint=&Source=E1a&Output=HTML&UpdateDate="
"Belgium","NET-Wallonia","Wallonia","BETR240","43R240 - ENGIS","SPO-BETR240_00007_100","O3","Ozone (air)","P1Y-hr-per50","1 year 50 percentile","2016","36.500","ug/m3","92.82","1","Industrial","Suburban","5.3975","50.5836","135.0","","","","E1a/validated data AQ e-Reporting","18/03/2023 22:05:49","http://fme.discomap.eea.europa.eu/fmedatastreaming/AirQualityDownload/AQData_Extract.fmw?CountryCode=BE&CityName=&Pollutant=7&Year_from=2016&Year_to=2016&Station=STA-BETR240&Samplingpoint=&Source=E1a&Output=HTML&UpdateDate="
"Belgium","NET-Flanders","Flanders","BETR830","42R830 - DOEL","SPO-BETR830_00001_100","SO2","Sulphur dioxide (air)","P1Y-day-max","1 year day max","2016","31.333","ug/m3","99.45","1","Industrial","Rural","4.2626","51.3182","5.0","","","","E1a/validated data AQ e-Reporting","18/03/2023 21:42:48","http://fme.discomap.eea.europa.eu/fmedatastreaming/AirQualityDownload/AQData_Extract.fmw?CountryCode=BE&CityName=&Pollutant=1&Year_from=2016&Year_to=2016&Station=STA-BETR830&Samplingpoint=&Source=E1a&Output=HTML&UpdateDate="
"Belgium","NET-Wallonia","Wallonia","BEVR522","50R222 - SERAING","SPO-BEVR522_00082_100","trans-H3C-HC=CH-CH2-CH3","trans-2-Pentene (air)","P1Y","Annual mean / 1 calendar year","2016","0.000","ug/m3","49.73","1","Background","Suburban","5.5713","50.6105","62.0","Liège                                                                           ","BE005C1                                           ","383700","E1a/validated data AQ e-Reporting","18/03/2023 21:08:58","http://fme.discomap.eea.europa.eu/fmedatastreaming/AirQualityDownload/AQData_Extract.fmw?CountryCode=BE&CityName=&Pollutant=82&Year_from=2016&Year_to=2016&Station=STA-BEVR522&Samplingpoint=&Source=E1a&Output=HTML&UpdateDate="
"Belgium","NET-Flanders","Flanders","BETR803","42R803 - ANTWERPEN","SPO-BETR803_00008_100","NO2","Nitrogen dioxide (air)","P1Y-day-per50","1 year 50 %ile of daily values in a year","2016","30.065","ug/m3","94.54","1","Background","Urban","4.4285","51.2286","0.0","Antwerpen                                                                       ","BE002C1                                           ","530014","E1a/validated data AQ e-Reporting","18/03/2023 22:14:21","http://fme.discomap.eea.europa.eu/fmedatastreaming/AirQualityDownload/AQData_Extract.fmw?CountryCode=BE&CityName=&Pollutant=8&Year_from=2016&Year_to=2016&Station=STA-BETR803&Samplingpoint=&Source=E1a&Output=HTML&UpdateDate="
"Belgium","NET-Flanders","Flanders","BETR803","42R803 - ANTWERPEN","SPO-BETR803_00391_100","Black Carbon","black_carbon (aerosol)","P1Y","Annual mean / 1 calendar year","2016","1.615","ug/m3","96.61","1","Background","Urban","4.4285","51.2286","0.0","Antwerpen                                                                       ","BE002C1                                           ","530014","E1a/validated data AQ e-Reporting","18/03/2023 21:08:58","http://fme.discomap.eea.europa.eu/fmedatastreaming/AirQualityDownload/AQData_Extract.fmw?CountryCode=BE&CityName=&Pollutant=391&Year_from=2016&Year_to=2016&Station=STA-BETR803&Samplingpoint=&Source=E1a&Output=HTML&UpdateDate="
"Belgium","NET-Wallonia","Wallonia","BETN121","43N121 - OFFAGNE","SPO-BETN121_00007_100","O3","Ozone (air)","P1Y-dmax-per93.15","1 year 93.15 percentile daily 8h maximum","2016","106.167","ug/m3","96.99","1","Background","Rural","5.2024","49.8771","430.0","","","","E1a/validated data AQ e-Reporting","18/03/2023 22:12:55","http://fme.discomap.eea.europa.eu/fmedatastreaming/AirQualityDownload/AQData_Extract.fmw?CountryCode=BE&CityName=&Pollutant=7&Year_from=2016&Year_to=2016&Station=STA-BETN121&Samplingpoint=&Source=E1a&Output=HTML&UpdateDate="
"Belgium","NET-Flanders","Flanders","BETR710","44R710 - DESTELBERGE","SPO-BETR710_00007_100","O3","Ozone (air)","P1Y-dmax-per93.15","1 year 93.15 percentile daily 8h maximum","2016","97.500","ug/m3","89.89","1","Background","Suburban","3.7753","51.0613","6.0","","","","E1a/validated data AQ e-Reporting","18/03/2023 22:12:55","http://fme.discomap.eea.europa.eu/fmedatastreaming/AirQualityDownload/AQData_Extract.fmw?CountryCode=BE&CityName=&Pollutant=7&Year_from=2016&Year_to=2016&Station=STA-BETR710&Samplingpoint=&Source=E1a&Output=HTML&UpdateDate="
"Belgium","NET-Wallonia","Wallonia","BETR222","43R222 - SERAING","SPO-BETR222_00008_100","NO2","Nitrogen dioxide (air)","P1Y-day-min","1 year day min","2016","4.283","ug/m3","94.54","1","Background","Suburban","5.5702","50.6134","65.0","Liège                                                                           ","BE005C1                                           ","383700","E1a/validated data AQ e-Reporting","18/03/2023 21:56:03","http://fme.discomap.eea.europa.eu/fmedatastreaming/AirQualityDownload/AQData_Extract.fmw?CountryCode=BE&CityName=&Pollutant=8&Year_from=2016&Year_to=2016&Station=STA-BETR222&Samplingpoint=&Source=E1a&Output=HTML&UpdateDate="
"Belgium","NET-Flanders","Flanders","BETR702","44R702 - Gent (G.Carlierlaan)","SPO-BETR702_00005_100","PM10","Particulate matter < 10 µm (aerosol)","P1Y-P1D-per99","1 year 99 percentile of daily means (P1D) or .../aq/primaryObservation/day","2016","61.683","ug/m3","100.00","1","Traffic","Urban","3.7350","51.0407","8.0","Gent                                                                            ","BE003C1                                           ","263687","E1a/validated data AQ e-Reporting","18/03/2023 22:09:38","http://fme.discomap.eea.europa.eu/fmedatastreaming/AirQualityDownload/AQData_Extract.fmw?CountryCode=BE&CityName=&Pollutant=5&Year_from=2016&Year_to=2016&Station=STA-BETR702&Samplingpoint=&Source=E1a&Output=HTML&UpdateDate="
"Belgium","NET-Wallonia","Wallonia","BETN060","43N060 - HAVINNES","SPO-BETN060_00007_100","O3","Ozone (air)","P1Y-hr-max","1 year hour max","2016","166.500","ug/m3","96.17","1","Background","Rural","3.4576","50.6167","0.0","","","","E1a/validated data AQ e-Reporting","18/03/2023 21:57:02","http://fme.discomap.eea.europa.eu/fmedatastreaming/AirQualityDownload/AQData_Extract.fmw?CountryCode=BE&CityName=&Pollutant=7&Year_from=2016&Year_to=2016&Station=STA-BETN060&Samplingpoint=&Source=E1a&Output=HTML&UpdateDate="
"Belgium","NET-Wallonia","Wallonia","BETR502","45R502 - LODELINSART","SPO-BETR502_00005_100","PM10","Particulate matter < 10 µm (aerosol)","P1Y-day-per50","1 year 50 %ile of daily values in a year","2016","16.938","ug/m3","100.00","1","Background","Suburban","4.4587","50.4290","135.0","Charleroi                                                                       ","BE004C1                                           ","203314","E1a/validated data AQ e-Reporting","18/03/2023 22:08:05","http://fme.discomap.eea.europa.eu/fmedatastreaming/AirQualityDownload/AQData_Extract.fmw?CountryCode=BE&CityName=&Pollutant=5&Year_from=2016&Year_to=2016&Station=STA-BETR502&Samplingpoint=&Source=E1a&Output=HTML&UpdateDate="
"Belgium","NET-Flanders","Flanders","BETR811","42R811 - SCHOTEN","SPO-BETR811_00007_100","O3","Ozone (air)","SOMO10","Sum of Ozone Means Over 10 ppb","2016","15069.285","ug/m3","95.08","1","Background","Suburban","4.4914","51.2521","8.0","","","","E1a/validated data AQ e-Reporting","18/03/2023 22:59:50","http://fme.discomap.eea.europa.eu/fmedatastreaming/AirQualityDownload/AQData_Extract.fmw?CountryCode=BE&CityName=&Pollutant=7&Year_from=2016&Year_to=2016&Station=STA-BETR811&Samplingpoint=&Source=E1a&Output=HTML&UpdateDate="
"Belgium","NET-Wallonia","Wallonia","BETN060","43N060 - HAVINNES","SPO-BETN060_00007_100","O3","Ozone (air)","P1Y-day-max","1 year day max","2016","106.208","ug/m3","98.36","1","Background","Rural","3.4576","50.6167","0.0","","","","E1a/validated data AQ e-Reporting","18/03/2023 21:44:13","http://fme.discomap.eea.europa.eu/fmedatastreaming/AirQualityDownload/AQData_Extract.fmw?CountryCode=BE&CityName=&Pollutant=7&Year_from=2016&Year_to=2016&Station=STA-BETN060&Samplingpoint=&Source=E1a&Output=HTML&UpdateDate="
"Belgium","NET-Flanders","Flanders","BETE714","47E714 - DUDZELE","SPO-BETE714_00008_100","NO2","Nitrogen dioxide (air)","P1Y-P1D-per99","1 year 99 percentile of daily means (P1D) or .../aq/primaryObservation/day","2016","46.435","ug/m3","99.45","1","Industrial","Rural","3.2486","51.2790","11.0","Brugge                                                                          ","BE006C1                                           ","118916","E1a/validated data AQ e-Reporting","18/03/2023 22:10:34","http://fme.discomap.eea.europa.eu/fmedatastreaming/AirQualityDownload/AQData_Extract.fmw?CountryCode=BE&CityName=&Pollutant=8&Year_from=2016&Year_to=2016&Station=STA-BETE714&Samplingpoint=&Source=E1a&Output=HTML&UpdateDate="
"Belgium","NET-Flanders","Flanders","BETR701","44R701 - GENT","SPO-BETR701_00001_100","SO2","Sulphur dioxide (air)","winter-avg","Winter mean","2016","1.491","ug/m3","96.04","1","Background","Urban","3.7293","51.0583","5.0","Gent                                                                            ","BE003C1                                           ","263687","E1a/validated data AQ e-Reporting","18/03/2023 22:50:43","http://fme.discomap.eea.europa.eu/fmedatastreaming/AirQualityDownload/AQData_Extract.fmw?CountryCode=BE&CityName=&Pollutant=1&Year_from=2016&Year_to=2016&Station=STA-BETR701&Samplingpoint=&Source=E1a&Output=HTML&UpdateDate="
"Belgium","NET-Flanders","Flanders","BETR815","42R815 - ZWIJNDRECHT","SPO-BETR815_00005_100","PM10","Particulate matter < 10 µm (aerosol)","P1Y-hr-max","1 year hour max","2016","147.100","ug/m3","99.80","1","Industrial","Suburban","4.3322","51.2147","7.0","","","","E1a/validated data AQ e-Reporting","18/03/2023 21:57:02","http://fme.discomap.eea.europa.eu/fmedatastreaming/AirQualityDownload/AQData_Extract.fmw?CountryCode=BE&CityName=&Pollutant=5&Year_from=2016&Year_to=2016&Station=STA-BETR815&Samplingpoint=&Source=E1a&Output=HTML&UpdateDate="
"Belgium","NET-Flanders","Flanders","BETR701","44R701 - GENT","SPO-BETR701_00005_100","PM10","Particulate matter < 10 µm (aerosol)","P3Y","3 subsequent calendar years mean","2016","26.531","ug/m3","94.46","1","Background","Urban","3.7293","51.0583","5.0","Gent                                                                            ","BE003C1                                           ","263687","E1a/validated data AQ e-Reporting","18/03/2023 21:36:00","http://fme.discomap.eea.europa.eu/fmedatastreaming/AirQualityDownload/AQData_Extract.fmw?CountryCode=BE&CityName=&Pollutant=5&Year_from=2016&Year_to=2016&Station=STA-BETR701&Samplingpoint=&Source=E1a&Output=HTML&UpdateDate="
"Belgium","NET-Wallonia","Wallonia","BETN073","43N073 - VEZIN","SPO-BETN073_00007_100","O3","Ozone (air)","summer-avg","Summer mean","2016","50.883","ug/m3","97.40","1","Background","Rural","4.9884","50.5027","160.0","","","","E1a/validated data AQ e-Reporting","18/03/2023 22:50:22","http://fme.discomap.eea.europa.eu/fmedatastreaming/AirQualityDownload/AQData_Extract.fmw?CountryCode=BE&CityName=&Pollutant=7&Year_from=2016&Year_to=2016&Station=STA-BETN073&Samplingpoint=&Source=E1a&Output=HTML&UpdateDate="
"Belgium","NET-Flanders","Flanders","BETR815","42R815 - ZWIJNDRECHT","SPO-BETR815_00008_100","NO2","Nitrogen dioxide (air)","P1Y","Annual mean / 1 calendar year","2016","29.297","ug/m3","95.82","1","Industrial","Suburban","4.3322","51.2147","7.0","","","","E1a/validated data AQ e-Reporting","18/03/2023 21:08:58","http://fme.discomap.eea.europa.eu/fmedatastreaming/AirQualityDownload/AQData_Extract.fmw?CountryCode=BE&CityName=&Pollutant=8&Year_from=2016&Year_to=2016&Station=STA-BETR815&Samplingpoint=&Source=E1a&Output=HTML&UpdateDate="
"Belgium","NET-Wallonia","Wallonia","BETN063","43N063 - CORROY L.G.","SPO-BETN063_00007_100","O3","Ozone (air)","P1Y-dmax-per99","1 year 99 percentile daily 8h maximum","2016","120.000","ug/m3","96.17","1","Background","Rural","4.6683","50.6554","145.0","","","","E1a/validated data AQ e-Reporting","18/03/2023 22:13:26","http://fme.discomap.eea.europa.eu/fmedatastreaming/AirQualityDownload/AQData_Extract.fmw?CountryCode=BE&CityName=&Pollutant=7&Year_from=2016&Year_to=2016&Station=STA-BETN063&Samplingpoint=&Source=E1a&Output=HTML&UpdateDate="
"Belgium","NET-Wallonia","Wallonia","BETN063","43N063 - CORROY L.G.","SPO-BETN063_00007_100","O3","Ozone (air)","AOT40f","AOT40 for forest protection","2016","12564.930","ug/m3","93.44","1","Background","Rural","4.6683","50.6554","145.0","","","","E1a/validated data AQ e-Reporting","18/03/2023 23:06:40","http://fme.discomap.eea.europa.eu/fmedatastreaming/AirQualityDownload/AQData_Extract.fmw?CountryCode=BE&CityName=&Pollutant=7&Year_from=2016&Year_to=2016&Station=STA-BETN063&Samplingpoint=&Source=E1a&Output=HTML&UpdateDate="
"Belgium","NET-Wallonia","Wallonia","BETR222","43R222 - SERAING","SPO-BETR222_00001_100","SO2","Sulphur dioxide (air)","P1Y-hrsAbove350","1 year hour exceed 350","2016","0.000","count","90.63","1","Background","Suburban","5.5702","50.6134","65.0","Liège                                                                           ","BE005C1                                           ","383700","E1a/validated data AQ e-Reporting","18/03/2023 21:52:12","http://fme.discomap.eea.europa.eu/fmedatastreaming/AirQualityDownload/AQData_Extract.fmw?CountryCode=BE&CityName=&Pollutant=1&Year_from=2016&Year_to=2016&Station=STA-BETR222&Samplingpoint=&Source=E1a&Output=HTML&UpdateDate="
"Belgium","NET-Flanders","Flanders","BETR817","42R817 - ANTWERPEN","SPO-BETR817_00005_100","PM10","Particulate matter < 10 µm (aerosol)","P1Y-P1D-per90.41","1 year 90.41 percentile","2016","41.058","ug/m3","100.00","1","Background","Suburban","4.4180","51.1771","6.0","Antwerpen                                                                       ","BE002C1                                           ","530014","E1a/validated data AQ e-Reporting","18/03/2023 22:09:05","http://fme.discomap.eea.europa.eu/fmedatastreaming/AirQualityDownload/AQData_Extract.fmw?CountryCode=BE&CityName=&Pollutant=5&Year_from=2016&Year_to=2016&Station=STA-BETR817&Samplingpoint=&Source=E1a&Output=HTML&UpdateDate="
"Belgium","NET-Wallonia","Wallonia","BETR240","43R240 - ENGIS","SPO-BETR240_00007_100","O3","Ozone (air)","P1Y-hr-max","1 year hour max","2016","220.000","ug/m3","92.82","1","Industrial","Suburban","5.3975","50.5836","135.0","","","","E1a/validated data AQ e-Reporting","18/03/2023 21:57:02","http://fme.discomap.eea.europa.eu/fmedatastreaming/AirQualityDownload/AQData_Extract.fmw?CountryCode=BE&CityName=&Pollutant=7&Year_from=2016&Year_to=2016&Station=STA-BETR240&Samplingpoint=&Source=E1a&Output=HTML&UpdateDate="
"Belgium","NET-Wallonia","Wallonia","BETN063","43N063 - CORROY L.G.","SPO-BETN063_00008_100","NO2","Nitrogen dioxide (air)","P1Y-day-min","1 year day min","2016","0.841","ug/m3","100.00","1","Background","Rural","4.6683","50.6554","145.0","","","","E1a/validated data AQ e-Reporting","18/03/2023 21:56:03","http://fme.discomap.eea.europa.eu/fmedatastreaming/AirQualityDownload/AQData_Extract.fmw?CountryCode=BE&CityName=&Pollutant=8&Year_from=2016&Year_to=2016&Station=STA-BETN063&Samplingpoint=&Source=E1a&Output=HTML&UpdateDate="
"Belgium","NET-Wallonia","Wallonia","BEVN070","50N070 - MONS","SPO-BEVN070_00450_100","H3C-CH2-CH(CH3)2","i-Pentane (2-methylbutane) (air)","P1Y","Annual mean / 1 calendar year","2016","0.001","ug/m3","47.80","1","Background","Suburban","3.9397","50.4652","30.0","Mons                                                                            ","BE009C1                                           ","95922","E1a/validated data AQ e-Reporting","18/03/2023 21:08:58","http://fme.discomap.eea.europa.eu/fmedatastreaming/AirQualityDownload/AQData_Extract.fmw?CountryCode=BE&CityName=&Pollutant=450&Year_from=2016&Year_to=2016&Station=STA-BEVN070&Samplingpoint=&Source=E1a&Output=HTML&UpdateDate="
"Belgium","NET-Flanders","Flanders","BETR811","42R811 - SCHOTEN","SPO-BETR811_06001_100","PM2.5","Particulate matter < 2.5 µm (aerosol)","P1Y-day-max","1 year day max","2016","64.063","ug/m3","99.73","1","Background","Suburban","4.4914","51.2521","8.0","","","","E1a/validated data AQ e-Reporting","18/03/2023 21:43:22","http://fme.discomap.eea.europa.eu/fmedatastreaming/AirQualityDownload/AQData_Extract.fmw?CountryCode=BE&CityName=&Pollutant=6001&Year_from=2016&Year_to=2016&Station=STA-BETR811&Samplingpoint=&Source=E1a&Output=HTML&UpdateDate="
"Belgium","NET-Flanders","Flanders","BETR710","44R710 - DESTELBERGE","SPO-BETR710_06001_100","PM2.5","Particulate matter < 2.5 µm (aerosol)","P3Y","3 subsequent calendar years mean","2016","14.531","ug/m3","72.12","1","Background","Suburban","3.7753","51.0613","6.0","","","","E1a/validated data AQ e-Reporting","18/03/2023 21:36:00","http://fme.discomap.eea.europa.eu/fmedatastreaming/AirQualityDownload/AQData_Extract.fmw?CountryCode=BE&CityName=&Pollutant=6001&Year_from=2016&Year_to=2016&Station=STA-BETR710&Samplingpoint=&Source=E1a&Output=HTML&UpdateDate="
"Belgium","NET-Flanders","Flanders","BETR892","42R892 - KALLO","SPO-BETR892_00008_100","NO2","Nitrogen dioxide (air)","P1Y-hrsAbove400","1 year hour exceed 400","2016","0.000","count","96.80","1","Industrial","Rural","4.2789","51.2630","9.0","","","","E1a/validated data AQ e-Reporting","18/03/2023 21:54:38","http://fme.discomap.eea.europa.eu/fmedatastreaming/AirQualityDownload/AQData_Extract.fmw?CountryCode=BE&CityName=&Pollutant=8&Year_from=2016&Year_to=2016&Station=STA-BETR892&Samplingpoint=&Source=E1a&Output=HTML&UpdateDate="
"Belgium","NET-Flanders","Flanders","BETR815","42R815 - ZWIJNDRECHT","SPO-BETR815_00005_100","PM10","Particulate matter < 10 µm (aerosol)","P1Y-day-max","1 year day max","2016","62.017","ug/m3","100.00","1","Industrial","Suburban","4.3322","51.2147","7.0","","","","E1a/validated data AQ e-Reporting","18/03/2023 21:43:06","http://fme.discomap.eea.europa.eu/fmedatastreaming/AirQualityDownload/AQData_Extract.fmw?CountryCode=BE&CityName=&Pollutant=5&Year_from=2016&Year_to=2016&Station=STA-BETR815&Samplingpoint=&Source=E1a&Output=HTML&UpdateDate="
"Belgium","NET-Flanders","Flanders","BELRB01","40RB01 - RUISBROEK","SPO-BELRB01_06001_100","PM2.5","Particulate matter < 2.5 µm (aerosol)","P1Y-day-per50","1 year 50 %ile of daily values in a year","2016","21.396","ug/m3","8.47","1","Industrial","Suburban","4.3312","51.0894","0.0","","","","E1a/validated data AQ e-Reporting","18/03/2023 22:11:51","http://fme.discomap.eea.europa.eu/fmedatastreaming/AirQualityDownload/AQData_Extract.fmw?CountryCode=BE&CityName=&Pollutant=6001&Year_from=2016&Year_to=2016&Station=STA-BELRB01&Samplingpoint=&Source=E1a&Output=HTML&UpdateDate="
"Belgium","NET-Flanders","Flanders","BETR897","42R897 - ANTWERPEN","SPO-BETR897_00001_100","SO2","Sulphur dioxide (air)","P1Y-3hAbove500","3 consecutive hours in exceedance of 500","2016","0.000","count","97.20","1","Industrial","Suburban","4.3421","51.2501","5.0","Antwerpen                                                                       ","BE002C1                                           ","530014","E1a/validated data AQ e-Reporting","18/03/2023 22:18:09","http://fme.discomap.eea.europa.eu/fmedatastreaming/AirQualityDownload/AQData_Extract.fmw?CountryCode=BE&CityName=&Pollutant=1&Year_from=2016&Year_to=2016&Station=STA-BETR897&Samplingpoint=&Source=E1a&Output=HTML&UpdateDate="
"Belgium","NET-Flanders","Flanders","BETR817","42R817 - ANTWERPEN","SPO-BETR817_00008_100","NO2","Nitrogen dioxide (air)","P1Y-day-min","1 year day min","2016","5.521","ug/m3","96.72","1","Background","Suburban","4.4180","51.1771","6.0","Antwerpen                                                                       ","BE002C1                                           ","530014","E1a/validated data AQ e-Reporting","18/03/2023 21:56:03","http://fme.discomap.eea.europa.eu/fmedatastreaming/AirQualityDownload/AQData_Extract.fmw?CountryCode=BE&CityName=&Pollutant=8&Year_from=2016&Year_to=2016&Station=STA-BETR817&Samplingpoint=&Source=E1a&Output=HTML&UpdateDate="
"Belgium","NET-Flanders","Flanders","BETTS21","40TS21 - TESSENDERLO","SPO-BETTS21_00001_100","SO2","Sulphur dioxide (air)","P1Y-P1D-per99","1 year 99 percentile of daily means (P1D) or .../aq/primaryObservation/day","2016","11.542","ug/m3","99.45","1","Industrial","Suburban","5.1075","51.0657","28.0","","","","E1a/validated data AQ e-Reporting","18/03/2023 22:11:00","http://fme.discomap.eea.europa.eu/fmedatastreaming/AirQualityDownload/AQData_Extract.fmw?CountryCode=BE&CityName=&Pollutant=1&Year_from=2016&Year_to=2016&Station=STA-BETTS21&Samplingpoint=&Source=E1a&Output=HTML&UpdateDate="
"Belgium","NET-Wallonia","Wallonia","BETN070","43N070 - MONS","SPO-BETN070_00005_100","PM10","Particulate matter < 10 µm (aerosol)","P1Y-day-per50","1 year 50 %ile of daily values in a year","2016","18.875","ug/m3","100.00","1","Background","Suburban","3.9397","50.4652","30.0","Mons                                                                            ","BE009C1                                           ","95922","E1a/validated data AQ e-Reporting","18/03/2023 22:08:05","http://fme.discomap.eea.europa.eu/fmedatastreaming/AirQualityDownload/AQData_Extract.fmw?CountryCode=BE&CityName=&Pollutant=5&Year_from=2016&Year_to=2016&Station=STA-BETN070&Samplingpoint=&Source=E1a&Output=HTML&UpdateDate="
"Belgium","NET-Flanders","Flanders","BETR710","44R710 - DESTELBERGE","SPO-BETR710_00007_100","O3","Ozone (air)","P3Y-dmaxAbove120","Daymax exceed 120 averaged over 3 consecutive years","2016","6.667","count","100.00","1","Background","Suburban","3.7753","51.0613","6.0","","","","E1a/validated data AQ e-Reporting","18/03/2023 22:34:54","http://fme.discomap.eea.europa.eu/fmedatastreaming/AirQualityDownload/AQData_Extract.fmw?CountryCode=BE&CityName=&Pollutant=7&Year_from=2016&Year_to=2016&Station=STA-BETR710&Samplingpoint=&Source=E1a&Output=HTML&UpdateDate="
"Belgium","NET-Wallonia","Wallonia","BETN060","43N060 - HAVINNES","SPO-BETN060_00007_100","O3","Ozone (air)","P1Y","Annual mean / 1 calendar year","2016","39.578","ug/m3","96.17","1","Background","Rural","3.4576","50.6167","0.0","","","","E1a/validated data AQ e-Reporting","18/03/2023 21:08:58","http://fme.discomap.eea.europa.eu/fmedatastreaming/AirQualityDownload/AQData_Extract.fmw?CountryCode=BE&CityName=&Pollutant=7&Year_from=2016&Year_to=2016&Station=STA-BETN060&Samplingpoint=&Source=E1a&Output=HTML&UpdateDate="
"Belgium","NET-Flanders","Flanders","BETR710","44R710 - DESTELBERGE","SPO-BETR710_06001_100","PM2.5","Particulate matter < 2.5 µm (aerosol)","P1Y-P1D-per99","1 year 99 percentile of daily means (P1D) or .../aq/primaryObservation/day","2016","49.250","ug/m3","99.45","1","Background","Suburban","3.7753","51.0613","6.0","","","","E1a/validated data AQ e-Reporting","18/03/2023 22:10:03","http://fme.discomap.eea.europa.eu/fmedatastreaming/AirQualityDownload/AQData_Extract.fmw?CountryCode=BE&CityName=&Pollutant=6001&Year_from=2016&Year_to=2016&Station=STA-BETR710&Samplingpoint=&Source=E1a&Output=HTML&UpdateDate="
"Belgium","NET-Flanders","Flanders","BETR020","42R020 - VILVOORDE","SPO-BETR020_06001_100","PM2.5","Particulate matter < 2.5 µm (aerosol)","P1Y-day-per50","1 year 50 %ile of daily values in a year","2016","10.521","ug/m3","100.00","1","Background","Suburban","4.4367","50.9414","12.0","","","","E1a/validated data AQ e-Reporting","18/03/2023 22:11:51","http://fme.discomap.eea.europa.eu/fmedatastreaming/AirQualityDownload/AQData_Extract.fmw?CountryCode=BE&CityName=&Pollutant=6001&Year_from=2016&Year_to=2016&Station=STA-BETR020&Samplingpoint=&Source=E1a&Output=HTML&UpdateDate="
"Belgium","NET-Flanders","Flanders","BETR834","42R834 - Boom","SPO-BETR834_06001_100","PM2.5","Particulate matter < 2.5 µm (aerosol)","P1Y-hr-per50","1 year 50 percentile","2016","9.500","ug/m3","99.56","1","Background","Suburban","4.3801","51.0920","0.0","","","","E1a/validated data AQ e-Reporting","18/03/2023 22:05:49","http://fme.discomap.eea.europa.eu/fmedatastreaming/AirQualityDownload/AQData_Extract.fmw?CountryCode=BE&CityName=&Pollutant=6001&Year_from=2016&Year_to=2016&Station=STA-BETR834&Samplingpoint=&Source=E1a&Output=HTML&UpdateDate="
"Belgium","NET-Flanders","Flanders","BETR841","42R841 - MECHELEN","SPO-BETR841_00005_100","PM10","Particulate matter < 10 µm (aerosol)","P1Y-hr-per50","1 year 50 percentile","2016","17.600","ug/m3","98.84","1","Background","Suburban","4.4693","51.0025","8.0","Mechelen                                                                        ","BE012C1                                           ","86911","E1a/validated data AQ e-Reporting","18/03/2023 22:05:49","http://fme.discomap.eea.europa.eu/fmedatastreaming/AirQualityDownload/AQData_Extract.fmw?CountryCode=BE&CityName=&Pollutant=5&Year_from=2016&Year_to=2016&Station=STA-BETR841&Samplingpoint=&Source=E1a&Output=HTML&UpdateDate="
"Belgium","NET-Wallonia","Wallonia","BETR501","45R501 - CHARLEROI","SPO-BETR501_00008_100","NO2","Nitrogen dioxide (air)","P1Y-hr-per50","1 year 50 percentile","2016","27.500","ug/m3","97.37","1","Background","Urban","4.4522","50.4093","115.0","Charleroi                                                                       ","BE004C1                                           ","203314","E1a/validated data AQ e-Reporting","18/03/2023 22:05:49","http://fme.discomap.eea.europa.eu/fmedatastreaming/AirQualityDownload/AQData_Extract.fmw?CountryCode=BE&CityName=&Pollutant=8&Year_from=2016&Year_to=2016&Station=STA-BETR501&Samplingpoint=&Source=E1a&Output=HTML&UpdateDate="
"Belgium","NET-Flanders","Flanders","BETR841","42R841 - MECHELEN","SPO-BETR841_06001_100","PM2.5","Particulate matter < 2.5 µm (aerosol)","P1Y-day-min","1 year day min","2016","1.688","ug/m3","98.09","1","Background","Suburban","4.4693","51.0025","8.0","Mechelen                                                                        ","BE012C1                                           ","86911","E1a/validated data AQ e-Reporting","18/03/2023 21:55:29","http://fme.discomap.eea.europa.eu/fmedatastreaming/AirQualityDownload/AQData_Extract.fmw?CountryCode=BE&CityName=&Pollutant=6001&Year_from=2016&Year_to=2016&Station=STA-BETR841&Samplingpoint=&Source=E1a&Output=HTML&UpdateDate="
"Belgium","NET-Flanders","Flanders","BETR721","44R721 - WONDELGEM","SPO-BETR721_00008_100","NO2","Nitrogen dioxide (air)","P1Y-hr-max-per99.79","1 year 99.79 %ile of hourly values in a given year","2016","84.500","ug/m3","91.84","1","Industrial","Suburban","3.7161","51.0890","6.0","Gent                                                                            ","BE003C1                                           ","263687","E1a/validated data AQ e-Reporting","18/03/2023 22:07:35","http://fme.discomap.eea.europa.eu/fmedatastreaming/AirQualityDownload/AQData_Extract.fmw?CountryCode=BE&CityName=&Pollutant=8&Year_from=2016&Year_to=2016&Station=STA-BETR721&Samplingpoint=&Source=E1a&Output=HTML&UpdateDate="
"Belgium","NET-Flanders","Flanders","BETN045","42N045 - HASSELT","SPO-BETN045_00001_100","SO2","Sulphur dioxide (air)","P1Y-daysAbove125","1 year day exceed 125","2016","0.000","count","98.36","1","Background","Suburban","5.3684","50.9397","41.0","","","","E1a/validated data AQ e-Reporting","18/03/2023 22:23:37","http://fme.discomap.eea.europa.eu/fmedatastreaming/AirQualityDownload/AQData_Extract.fmw?CountryCode=BE&CityName=&Pollutant=1&Year_from=2016&Year_to=2016&Station=STA-BETN045&Samplingpoint=&Source=E1a&Output=HTML&UpdateDate="
"Belgium","NET-Flanders","Flanders","BETR020","42R020 - VILVOORDE","SPO-BETR020_00001_100","SO2","Sulphur dioxide (air)","P1Y-hr-max25","1 year hour max 25","2016","7.000","ug/m3","97.30","1","Background","Suburban","4.4367","50.9414","12.0","","","","E1a/validated data AQ e-Reporting","18/03/2023 22:33:20","http://fme.discomap.eea.europa.eu/fmedatastreaming/AirQualityDownload/AQData_Extract.fmw?CountryCode=BE&CityName=&Pollutant=1&Year_from=2016&Year_to=2016&Station=STA-BETR020&Samplingpoint=&Source=E1a&Output=HTML&UpdateDate="
"Belgium","NET-Flanders","Flanders","BETR801","42R801 - BORGERHOUT","SPO-BETR801_00007_100","O3","Ozone (air)","P1Y-hr-min","1 year hour min","2016","1.000","ug/m3","94.02","1","Background","Urban","4.4318","51.2097","6.0","Antwerpen                                                                       ","BE002C1                                           ","530014","E1a/validated data AQ e-Reporting","18/03/2023 22:31:20","http://fme.discomap.eea.europa.eu/fmedatastreaming/AirQualityDownload/AQData_Extract.fmw?CountryCode=BE&CityName=&Pollutant=7&Year_from=2016&Year_to=2016&Station=STA-BETR801&Samplingpoint=&Source=E1a&Output=HTML&UpdateDate="
"Belgium","NET-Flanders","Flanders","BETR830","42R830 - DOEL","SPO-BETR830_00001_100","SO2","Sulphur dioxide (air)","P1Y-hr-max","1 year hour max","2016","141.500","ug/m3","97.24","1","Industrial","Rural","4.2626","51.3182","5.0","","","","E1a/validated data AQ e-Reporting","18/03/2023 21:57:02","http://fme.discomap.eea.europa.eu/fmedatastreaming/AirQualityDownload/AQData_Extract.fmw?CountryCode=BE&CityName=&Pollutant=1&Year_from=2016&Year_to=2016&Station=STA-BETR830&Samplingpoint=&Source=E1a&Output=HTML&UpdateDate="
"Belgium","NET-Flanders","Flanders","BETR801","42R801 - BORGERHOUT","SPO-BETR801_06001_100","PM2.5","Particulate matter < 2.5 µm (aerosol)","P1Y-hr-max","1 year hour max","2016","117.000","ug/m3","99.80","1","Background","Urban","4.4318","51.2097","6.0","Antwerpen                                                                       ","BE002C1                                           ","530014","E1a/validated data AQ e-Reporting","18/03/2023 21:57:02","http://fme.discomap.eea.europa.eu/fmedatastreaming/AirQualityDownload/AQData_Extract.fmw?CountryCode=BE&CityName=&Pollutant=6001&Year_from=2016&Year_to=2016&Station=STA-BETR801&Samplingpoint=&Source=E1a&Output=HTML&UpdateDate="
"Belgium","NET-Wallonia","Wallonia","BETR222","43R222 - SERAING","SPO-BETR222_06001_100","PM2.5","Particulate matter < 2.5 µm (aerosol)","P1Y","Annual mean / 1 calendar year","2016","10.927","ug/m3","97.51","1","Background","Suburban","5.5702","50.6134","65.0","Liège                                                                           ","BE005C1                                           ","383700","E1a/validated data AQ e-Reporting","18/03/2023 21:08:58","http://fme.discomap.eea.europa.eu/fmedatastreaming/AirQualityDownload/AQData_Extract.fmw?CountryCode=BE&CityName=&Pollutant=6001&Year_from=2016&Year_to=2016&Station=STA-BETR222&Samplingpoint=&Source=E1a&Output=HTML&UpdateDate="
"Belgium","NET-Wallonia","Wallonia","BETN066","43N066 - EUPEN","SPO-BETN066_00001_100","SO2","Sulphur dioxide (air)","P1Y-day-max","1 year day max","2016","2.771","ug/m3","98.63","1","Background","Rural","6.0023","50.6289","295.0","","","","E1a/validated data AQ e-Reporting","18/03/2023 21:42:48","http://fme.discomap.eea.europa.eu/fmedatastreaming/AirQualityDownload/AQData_Extract.fmw?CountryCode=BE&CityName=&Pollutant=1&Year_from=2016&Year_to=2016&Station=STA-BETN066&Samplingpoint=&Source=E1a&Output=HTML&UpdateDate="
"Belgium","NET-Wallonia","Wallonia","BETR502","45R502 - LODELINSART","SPO-BETR502_00007_100","O3","Ozone (air)","P3Y-dmaxAbove120","Daymax exceed 120 averaged over 3 consecutive years","2016","5.333","count","100.00","1","Background","Suburban","4.4587","50.4290","135.0","Charleroi                                                                       ","BE004C1                                           ","203314","E1a/validated data AQ e-Reporting","18/03/2023 22:34:54","http://fme.discomap.eea.europa.eu/fmedatastreaming/AirQualityDownload/AQData_Extract.fmw?CountryCode=BE&CityName=&Pollutant=7&Year_from=2016&Year_to=2016&Station=STA-BETR502&Samplingpoint=&Source=E1a&Output=HTML&UpdateDate="
"Belgium","NET-Flanders","Flanders","BETTS21","40TS21 - TESSENDERLO","SPO-BETTS21_00001_100","SO2","Sulphur dioxide (air)","P1Y-day-min","1 year day min","2016","1.000","ug/m3","99.45","1","Industrial","Suburban","5.1075","51.0657","28.0","","","","E1a/validated data AQ e-Reporting","18/03/2023 21:54:56","http://fme.discomap.eea.europa.eu/fmedatastreaming/AirQualityDownload/AQData_Extract.fmw?CountryCode=BE&CityName=&Pollutant=1&Year_from=2016&Year_to=2016&Station=STA-BETTS21&Samplingpoint=&Source=E1a&Output=HTML&UpdateDate="
"Belgium","NET-Flanders","Flanders","BETR801","42R801 - BORGERHOUT","SPO-BETR801_00008_100","NO2","Nitrogen dioxide (air)","P1Y-hr-max-per99.79","1 year 99.79 %ile of hourly values in a given year","2016","117.000","ug/m3","94.97","1","Background","Urban","4.4318","51.2097","6.0","Antwerpen                                                                       ","BE002C1                                           ","530014","E1a/validated data AQ e-Reporting","18/03/2023 22:07:35","http://fme.discomap.eea.europa.eu/fmedatastreaming/AirQualityDownload/AQData_Extract.fmw?CountryCode=BE&CityName=&Pollutant=8&Year_from=2016&Year_to=2016&Station=STA-BETR801&Samplingpoint=&Source=E1a&Output=HTML&UpdateDate="
"Belgium","NET-Wallonia","Wallonia","BETN060","43N060 - HAVINNES","SPO-BETN060_00010_100","CO","Carbon monoxide (air)","P1Y-hr-min","1 year hour min","2016","0.075","mg/m3","86.02","1","Background","Rural","3.4576","50.6167","0.0","","","","E1a/validated data AQ e-Reporting","18/03/2023 22:31:20","http://fme.discomap.eea.europa.eu/fmedatastreaming/AirQualityDownload/AQData_Extract.fmw?CountryCode=BE&CityName=&Pollutant=10&Year_from=2016&Year_to=2016&Station=STA-BETN060&Samplingpoint=&Source=E1a&Output=HTML&UpdateDate="
"Belgium","NET-Flanders","Flanders","BETE714","47E714 - DUDZELE","SPO-BETE714_00008_100","NO2","Nitrogen dioxide (air)","P1Y-hrsAbove200","1 year hour exceed 200","2016","0.000","count","97.27","1","Industrial","Rural","3.2486","51.2790","11.0","Brugge                                                                          ","BE006C1                                           ","118916","E1a/validated data AQ e-Reporting","18/03/2023 21:48:42","http://fme.discomap.eea.europa.eu/fmedatastreaming/AirQualityDownload/AQData_Extract.fmw?CountryCode=BE&CityName=&Pollutant=8&Year_from=2016&Year_to=2016&Station=STA-BETE714&Samplingpoint=&Source=E1a&Output=HTML&UpdateDate="
"Belgium","NET-Wallonia","Wallonia","BETN060","43N060 - HAVINNES","SPO-BETN060_00007_100","O3","Ozone (air)","P1Y-hr-min","1 year hour min","2016","0.000","ug/m3","96.17","1","Background","Rural","3.4576","50.6167","0.0","","","","E1a/validated data AQ e-Reporting","18/03/2023 22:31:20","http://fme.discomap.eea.europa.eu/fmedatastreaming/AirQualityDownload/AQData_Extract.fmw?CountryCode=BE&CityName=&Pollutant=7&Year_from=2016&Year_to=2016&Station=STA-BETN060&Samplingpoint=&Source=E1a&Output=HTML&UpdateDate="
"Belgium","NET-Flanders","Flanders","BETR815","42R815 - ZWIJNDRECHT","SPO-BETR815_00001_100","SO2","Sulphur dioxide (air)","P1Y-day-max-per99.18","1 year 99.18 percentile of daily maximum","2016","12.792","ug/m3","99.45","1","Industrial","Suburban","4.3322","51.2147","7.0","","","","E1a/validated data AQ e-Reporting","18/03/2023 22:12:16","http://fme.discomap.eea.europa.eu/fmedatastreaming/AirQualityDownload/AQData_Extract.fmw?CountryCode=BE&CityName=&Pollutant=1&Year_from=2016&Year_to=2016&Station=STA-BETR815&Samplingpoint=&Source=E1a&Output=HTML&UpdateDate="
"Belgium","NET-Wallonia","Wallonia","BETN085","43N085 - VIELSALM","SPO-BETN085_00001_100","SO2","Sulphur dioxide (air)","P1Y-day-max-per99.18","1 year 99.18 percentile of daily maximum","2016","1.000","ug/m3","98.09","1","Background","Rural","6.0017","50.3032","490.0","","","","E1a/validated data AQ e-Reporting","18/03/2023 22:12:16","http://fme.discomap.eea.europa.eu/fmedatastreaming/AirQualityDownload/AQData_Extract.fmw?CountryCode=BE&CityName=&Pollutant=1&Year_from=2016&Year_to=2016&Station=STA-BETN085&Samplingpoint=&Source=E1a&Output=HTML&UpdateDate="
"Belgium","NET-Flanders","Flanders","BETE811","47E811 - DIEPENBEEK","SPO-BETE811_00001_100","SO2","Sulphur dioxide (air)","P1Y-hr-per50","1 year 50 percentile","2016","1.000","ug/m3","45.92","1","Industrial","Rural","5.4182","50.8969","59.0","","","","E1a/validated data AQ e-Reporting","18/03/2023 22:05:49","http://fme.discomap.eea.europa.eu/fmedatastreaming/AirQualityDownload/AQData_Extract.fmw?CountryCode=BE&CityName=&Pollutant=1&Year_from=2016&Year_to=2016&Station=STA-BETE811&Samplingpoint=&Source=E1a&Output=HTML&UpdateDate="
"Belgium","NET-Wallonia","Wallonia","BETN066","43N066 - EUPEN","SPO-BETN066_00007_100","O3","Ozone (air)","P1Y-hr-per50","1 year 50 percentile","2016","47.500","ug/m3","95.86","1","Background","Rural","6.0023","50.6289","295.0","","","","E1a/validated data AQ e-Reporting","18/03/2023 22:05:49","http://fme.discomap.eea.europa.eu/fmedatastreaming/AirQualityDownload/AQData_Extract.fmw?CountryCode=BE&CityName=&Pollutant=7&Year_from=2016&Year_to=2016&Station=STA-BETN066&Samplingpoint=&Source=E1a&Output=HTML&UpdateDate="
"Belgium","NET-Wallonia","Wallonia","BETN060","43N060 - HAVINNES","SPO-BETN060_00008_100","NO2","Nitrogen dioxide (air)","P1Y-hr-max-per99.79","1 year 99.79 %ile of hourly values in a given year","2016","50.500","ug/m3","97.29","1","Background","Rural","3.4576","50.6167","0.0","","","","E1a/validated data AQ e-Reporting","18/03/2023 22:07:35","http://fme.discomap.eea.europa.eu/fmedatastreaming/AirQualityDownload/AQData_Extract.fmw?CountryCode=BE&CityName=&Pollutant=8&Year_from=2016&Year_to=2016&Station=STA-BETN060&Samplingpoint=&Source=E1a&Output=HTML&UpdateDate="
"Belgium","NET-Flanders","Flanders","BETN035","42N035 - AARSCHOT","SPO-BETN035_00007_100","O3","Ozone (air)","SOMO10","Sum of Ozone Means Over 10 ppb","2016","16174.612","ug/m3","94.81","1","Background","Rural","4.8376","50.9775","55.0","","","","E1a/validated data AQ e-Reporting","18/03/2023 22:59:50","http://fme.discomap.eea.europa.eu/fmedatastreaming/AirQualityDownload/AQData_Extract.fmw?CountryCode=BE&CityName=&Pollutant=7&Year_from=2016&Year_to=2016&Station=STA-BETN035&Samplingpoint=&Source=E1a&Output=HTML&UpdateDate="
"Belgium","NET-Flanders","Flanders","BETR801","42R801 - BORGERHOUT","SPO-BETR801_00001_100","SO2","Sulphur dioxide (air)","P1Y-3hAbove500","3 consecutive hours in exceedance of 500","2016","0.000","count","97.19","1","Background","Urban","4.4318","51.2097","6.0","Antwerpen                                                                       ","BE002C1                                           ","530014","E1a/validated data AQ e-Reporting","18/03/2023 22:18:09","http://fme.discomap.eea.europa.eu/fmedatastreaming/AirQualityDownload/AQData_Extract.fmw?CountryCode=BE&CityName=&Pollutant=1&Year_from=2016&Year_to=2016&Station=STA-BETR801&Samplingpoint=&Source=E1a&Output=HTML&UpdateDate="
"Belgium","NET-Flanders","Flanders","BETR710","44R710 - DESTELBERGE","SPO-BETR710_00007_100","O3","Ozone (air)","AOT40f","AOT40 for forest protection","2016","10310.939","ug/m3","94.54","1","Background","Suburban","3.7753","51.0613","6.0","","","","E1a/validated data AQ e-Reporting","18/03/2023 23:06:40","http://fme.discomap.eea.europa.eu/fmedatastreaming/AirQualityDownload/AQData_Extract.fmw?CountryCode=BE&CityName=&Pollutant=7&Year_from=2016&Year_to=2016&Station=STA-BETR710&Samplingpoint=&Source=E1a&Output=HTML&UpdateDate="
"Belgium","NET-Flanders","Flanders","BETR815","42R815 - ZWIJNDRECHT","SPO-BETR815_00391_100","Black Carbon","black_carbon (aerosol)","P1Y-hr-min","1 year hour min","2016","0.065","ug/m3","98.88","1","Industrial","Suburban","4.3322","51.2147","7.0","","","","E1a/validated data AQ e-Reporting","18/03/2023 22:31:20","http://fme.discomap.eea.europa.eu/fmedatastreaming/AirQualityDownload/AQData_Extract.fmw?CountryCode=BE&CityName=&Pollutant=391&Year_from=2016&Year_to=2016&Station=STA-BETR815&Samplingpoint=&Source=E1a&Output=HTML&UpdateDate="
"Belgium","NET-Wallonia","Wallonia","BEMN085","00N085 - VIELSALM","SPO-BEMN085_05012_100","Pb in PM10","Lead in PM10 (aerosol)","P1Y","Annual mean / 1 calendar year","2016","0.002","ug/m3","95.34","1","Background","Rural","6.0017","50.3032","490.0","","","","E1a/validated data AQ e-Reporting","18/03/2023 21:08:58","http://fme.discomap.eea.europa.eu/fmedatastreaming/AirQualityDownload/AQData_Extract.fmw?CountryCode=BE&CityName=&Pollutant=5012&Year_from=2016&Year_to=2016&Station=STA-BEMN085&Samplingpoint=&Source=E1a&Output=HTML&UpdateDate="
"Belgium","NET-Wallonia","Wallonia","BETR240","43R240 - ENGIS","SPO-BETR240_00008_100","NO2","Nitrogen dioxide (air)","P1Y-hr-max-per99.79","1 year 99.79 %ile of hourly values in a given year","2016","70.500","ug/m3","95.54","1","Industrial","Suburban","5.3975","50.5836","135.0","","","","E1a/validated data AQ e-Reporting","18/03/2023 22:07:35","http://fme.discomap.eea.europa.eu/fmedatastreaming/AirQualityDownload/AQData_Extract.fmw?CountryCode=BE&CityName=&Pollutant=8&Year_from=2016&Year_to=2016&Station=STA-BETR240&Samplingpoint=&Source=E1a&Output=HTML&UpdateDate="
"Belgium","NET-Wallonia","Wallonia","BETN132","43N132 - HABAY-LA-N.","SPO-BETN132_00007_100","O3","Ozone (air)","P1Y-dmax-per99","1 year 99 percentile daily 8h maximum","2016","132.438","ug/m3","96.72","1","Background","Rural","5.6304","49.7193","375.0","","","","E1a/validated data AQ e-Reporting","18/03/2023 22:13:26","http://fme.discomap.eea.europa.eu/fmedatastreaming/AirQualityDownload/AQData_Extract.fmw?CountryCode=BE&CityName=&Pollutant=7&Year_from=2016&Year_to=2016&Station=STA-BETN132&Samplingpoint=&Source=E1a&Output=HTML&UpdateDate="
"Belgium","NET-Wallonia","Wallonia","BETR223","43R223 - JEMEPPE","SPO-BETR223_00010_100","CO","Carbon monoxide (air)","P1Y-hr-min","1 year hour min","2016","0.090","mg/m3","97.30","1","Industrial","Suburban","5.5164","50.6207","50.0","Liège                                                                           ","BE005C1                                           ","383700","E1a/validated data AQ e-Reporting","18/03/2023 22:31:20","http://fme.discomap.eea.europa.eu/fmedatastreaming/AirQualityDownload/AQData_Extract.fmw?CountryCode=BE&CityName=&Pollutant=10&Year_from=2016&Year_to=2016&Station=STA-BETR223&Samplingpoint=&Source=E1a&Output=HTML&UpdateDate="
"Belgium","NET-Wallonia","Wallonia","BETR221","43R221 - LIEGE","SPO-BETR221_00001_100","SO2","Sulphur dioxide (air)","P1Y-hrsAbove350","1 year hour exceed 350","2016","0.000","count","85.80","1","Background","Urban","5.6278","50.6584","65.0","Liège                                                                           ","BE005C1                                           ","383700","E1a/validated data AQ e-Reporting","18/03/2023 21:52:12","http://fme.discomap.eea.europa.eu/fmedatastreaming/AirQualityDownload/AQData_Extract.fmw?CountryCode=BE&CityName=&Pollutant=1&Year_from=2016&Year_to=2016&Station=STA-BETR221&Samplingpoint=&Source=E1a&Output=HTML&UpdateDate="
"Belgium","NET-Wallonia","Wallonia","BETR221","43R221 - LIEGE","SPO-BETR221_00007_100","O3","Ozone (air)","P3Y","3 subsequent calendar years mean","2016","39.026","ug/m3","95.70","1","Background","Urban","5.6278","50.6584","65.0","Liège                                                                           ","BE005C1                                           ","383700","E1a/validated data AQ e-Reporting","18/03/2023 21:36:00","http://fme.discomap.eea.europa.eu/fmedatastreaming/AirQualityDownload/AQData_Extract.fmw?CountryCode=BE&CityName=&Pollutant=7&Year_from=2016&Year_to=2016&Station=STA-BETR221&Samplingpoint=&Source=E1a&Output=HTML&UpdateDate="
"Belgium","NET-Flanders","Flanders","BETR702","44R702 - Gent (G.Carlierlaan)","SPO-BETR702_00005_100","PM10","Particulate matter < 10 µm (aerosol)","P1Y-day-max","1 year day max","2016","80.225","ug/m3","100.00","1","Traffic","Urban","3.7350","51.0407","8.0","Gent                                                                            ","BE003C1                                           ","263687","E1a/validated data AQ e-Reporting","18/03/2023 21:43:06","http://fme.discomap.eea.europa.eu/fmedatastreaming/AirQualityDownload/AQData_Extract.fmw?CountryCode=BE&CityName=&Pollutant=5&Year_from=2016&Year_to=2016&Station=STA-BETR702&Samplingpoint=&Source=E1a&Output=HTML&UpdateDate="
"Belgium","NET-Flanders","Flanders","BETR702","44R702 - Gent (G.Carlierlaan)","SPO-BETR702_00008_100","NO2","Nitrogen dioxide (air)","P1Y-P1D-per99","1 year 99 percentile of daily means (P1D) or .../aq/primaryObservation/day","2016","79.630","ug/m3","99.18","1","Traffic","Urban","3.7350","51.0407","8.0","Gent                                                                            ","BE003C1                                           ","263687","E1a/validated data AQ e-Reporting","18/03/2023 22:10:34","http://fme.discomap.eea.europa.eu/fmedatastreaming/AirQualityDownload/AQData_Extract.fmw?CountryCode=BE&CityName=&Pollutant=8&Year_from=2016&Year_to=2016&Station=STA-BETR702&Samplingpoint=&Source=E1a&Output=HTML&UpdateDate="
"Belgium","NET-Flanders","Flanders","BETR802","42R802 - BORGERHOUT","SPO-BETR802_00010_100","CO","Carbon monoxide (air)","P1Y-dx-max","1 year day max max","2016","1.306","mg/m3","97.27","1","Traffic","Urban","4.4318","51.2095","6.0","Antwerpen                                                                       ","BE002C1                                           ","530014","E1a/validated data AQ e-Reporting","18/03/2023 21:44:39","http://fme.discomap.eea.europa.eu/fmedatastreaming/AirQualityDownload/AQData_Extract.fmw?CountryCode=BE&CityName=&Pollutant=10&Year_from=2016&Year_to=2016&Station=STA-BETR802&Samplingpoint=&Source=E1a&Output=HTML&UpdateDate="
"Belgium","NET-Flanders","Flanders","BETN051","44N051 - IDEGEM","SPO-BETN051_00007_100","O3","Ozone (air)","AOT40f","AOT40 for forest protection","2016","12436.646","ug/m3","97.45","1","Background","Rural","3.9303","50.7989","15.0","","","","E1a/validated data AQ e-Reporting","18/03/2023 23:06:40","http://fme.discomap.eea.europa.eu/fmedatastreaming/AirQualityDownload/AQData_Extract.fmw?CountryCode=BE&CityName=&Pollutant=7&Year_from=2016&Year_to=2016&Station=STA-BETN051&Samplingpoint=&Source=E1a&Output=HTML&UpdateDate="
"Belgium","NET-Flanders","Flanders","BETR805","42R805 - ANTWERPEN","SPO-BETR805_00008_100","NO2","Nitrogen dioxide (air)","P1Y-hr-max","1 year hour max","2016","193.000","ug/m3","95.46","1","Traffic","Urban","4.4216","51.2082","6.0","Antwerpen                                                                       ","BE002C1                                           ","530014","E1a/validated data AQ e-Reporting","18/03/2023 21:57:02","http://fme.discomap.eea.europa.eu/fmedatastreaming/AirQualityDownload/AQData_Extract.fmw?CountryCode=BE&CityName=&Pollutant=8&Year_from=2016&Year_to=2016&Station=STA-BETR805&Samplingpoint=&Source=E1a&Output=HTML&UpdateDate="
"Belgium","NET-Flanders","Flanders","BETR893","42R893 - ANTWERPEN","SPO-BETR893_00008_100","NO2","Nitrogen dioxide (air)","P1Y-hr-max19","1 year hour max19","2016","87.500","ug/m3","96.82","1","Industrial","Suburban","4.3858","51.2814","6.0","Antwerpen                                                                       ","BE002C1                                           ","530014","E1a/validated data AQ e-Reporting","18/03/2023 22:34:35","http://fme.discomap.eea.europa.eu/fmedatastreaming/AirQualityDownload/AQData_Extract.fmw?CountryCode=BE&CityName=&Pollutant=8&Year_from=2016&Year_to=2016&Station=STA-BETR893&Samplingpoint=&Source=E1a&Output=HTML&UpdateDate="
"Belgium","NET-Flanders","Flanders","BETR893","42R893 - ANTWERPEN","SPO-BETR893_00008_100","NO2","Nitrogen dioxide (air)","P1Y-P1D-per99","1 year 99 percentile of daily means (P1D) or .../aq/primaryObservation/day","2016","66.087","ug/m3","98.91","1","Industrial","Suburban","4.3858","51.2814","6.0","Antwerpen                                                                       ","BE002C1                                           ","530014","E1a/validated data AQ e-Reporting","18/03/2023 22:10:34","http://fme.discomap.eea.europa.eu/fmedatastreaming/AirQualityDownload/AQData_Extract.fmw?CountryCode=BE&CityName=&Pollutant=8&Year_from=2016&Year_to=2016&Station=STA-BETR893&Samplingpoint=&Source=E1a&Output=HTML&UpdateDate="
"Belgium","NET-Wallonia","Wallonia","BETN063","43N063 - CORROY L.G.","SPO-BETN063_00008_100","NO2","Nitrogen dioxide (air)","P1Y-hr-max-per99.79","1 year 99.79 %ile of hourly values in a given year","2016","79.500","ug/m3","97.29","1","Background","Rural","4.6683","50.6554","145.0","","","","E1a/validated data AQ e-Reporting","18/03/2023 22:07:35","http://fme.discomap.eea.europa.eu/fmedatastreaming/AirQualityDownload/AQData_Extract.fmw?CountryCode=BE&CityName=&Pollutant=8&Year_from=2016&Year_to=2016&Station=STA-BETN063&Samplingpoint=&Source=E1a&Output=HTML&UpdateDate="
"Belgium","NET-Flanders","Flanders","BETR805","42R805 - ANTWERPEN","SPO-BETR805_00005_100","PM10","Particulate matter < 10 µm (aerosol)","P3Y","3 subsequent calendar years mean","2016","22.258","ug/m3","45.09","1","Traffic","Urban","4.4216","51.2082","6.0","Antwerpen                                                                       ","BE002C1                                           ","530014","E1a/validated data AQ e-Reporting","18/03/2023 21:36:00","http://fme.discomap.eea.europa.eu/fmedatastreaming/AirQualityDownload/AQData_Extract.fmw?CountryCode=BE&CityName=&Pollutant=5&Year_from=2016&Year_to=2016&Station=STA-BETR805&Samplingpoint=&Source=E1a&Output=HTML&UpdateDate="
"Belgium","NET-Flanders","Flanders","BETR750","44R750 - ZELZATE","SPO-BETR750_00010_100","CO","Carbon monoxide (air)","P1Y-hr-max","1 year hour max","2016","4.350","mg/m3","96.40","1","Industrial","Rural","3.8229","51.1961","6.0","","","","E1a/validated data AQ e-Reporting","18/03/2023 21:57:02","http://fme.discomap.eea.europa.eu/fmedatastreaming/AirQualityDownload/AQData_Extract.fmw?CountryCode=BE&CityName=&Pollutant=10&Year_from=2016&Year_to=2016&Station=STA-BETR750&Samplingpoint=&Source=E1a&Output=HTML&UpdateDate="
"Belgium","NET-Flanders","Flanders","BETR820","42R820 - KAPELLEN","SPO-BETR820_00001_100","SO2","Sulphur dioxide (air)","P1Y-hr-min","1 year hour min","2016","1.000","ug/m3","97.19","1","Background","Suburban","4.4448","51.3204","11.0","","","","E1a/validated data AQ e-Reporting","18/03/2023 22:31:20","http://fme.discomap.eea.europa.eu/fmedatastreaming/AirQualityDownload/AQData_Extract.fmw?CountryCode=BE&CityName=&Pollutant=1&Year_from=2016&Year_to=2016&Station=STA-BETR820&Samplingpoint=&Source=E1a&Output=HTML&UpdateDate="
"Belgium","NET-Wallonia","Wallonia","BETN063","43N063 - CORROY L.G.","SPO-BETN063_00007_100","O3","Ozone (air)","SOMO10","Sum of Ozone Means Over 10 ppb","2016","15669.168","ug/m3","96.17","1","Background","Rural","4.6683","50.6554","145.0","","","","E1a/validated data AQ e-Reporting","18/03/2023 22:59:50","http://fme.discomap.eea.europa.eu/fmedatastreaming/AirQualityDownload/AQData_Extract.fmw?CountryCode=BE&CityName=&Pollutant=7&Year_from=2016&Year_to=2016&Station=STA-BETN063&Samplingpoint=&Source=E1a&Output=HTML&UpdateDate="
"Belgium","NET-Wallonia","Wallonia","BETN063","43N063 - CORROY L.G.","SPO-BETN063_00008_100","NO2","Nitrogen dioxide (air)","P1Y-day-per50","1 year 50 %ile of daily values in a year","2016","16.625","ug/m3","100.00","1","Background","Rural","4.6683","50.6554","145.0","","","","E1a/validated data AQ e-Reporting","18/03/2023 22:14:21","http://fme.discomap.eea.europa.eu/fmedatastreaming/AirQualityDownload/AQData_Extract.fmw?CountryCode=BE&CityName=&Pollutant=8&Year_from=2016&Year_to=2016&Station=STA-BETN063&Samplingpoint=&Source=E1a&Output=HTML&UpdateDate="
"Belgium","NET-Flanders","Flanders","BETR701","44R701 - GENT","SPO-BETR701_00007_100","O3","Ozone (air)","P1Y-hr-max","1 year hour max","2016","173.000","ug/m3","87.15","1","Background","Urban","3.7293","51.0583","5.0","Gent                                                                            ","BE003C1                                           ","263687","E1a/validated data AQ e-Reporting","18/03/2023 21:57:02","http://fme.discomap.eea.europa.eu/fmedatastreaming/AirQualityDownload/AQData_Extract.fmw?CountryCode=BE&CityName=&Pollutant=7&Year_from=2016&Year_to=2016&Station=STA-BETR701&Samplingpoint=&Source=E1a&Output=HTML&UpdateDate="
"Belgium","NET-Wallonia","Wallonia","BETR221","43R221 - LIEGE","SPO-BETR221_00005_100","PM10","Particulate matter < 10 µm (aerosol)","P1Y-day-per50","1 year 50 %ile of daily values in a year","2016","16.396","ug/m3","100.00","1","Background","Urban","5.6278","50.6584","65.0","Liège                                                                           ","BE005C1                                           ","383700","E1a/validated data AQ e-Reporting","18/03/2023 22:08:05","http://fme.discomap.eea.europa.eu/fmedatastreaming/AirQualityDownload/AQData_Extract.fmw?CountryCode=BE&CityName=&Pollutant=5&Year_from=2016&Year_to=2016&Station=STA-BETR221&Samplingpoint=&Source=E1a&Output=HTML&UpdateDate="
"Belgium","NET-Wallonia","Wallonia","BETR221","43R221 - LIEGE","SPO-BETR221_00007_100","O3","Ozone (air)","P1Y-hr-per50","1 year 50 percentile","2016","32.500","ug/m3","95.81","1","Background","Urban","5.6278","50.6584","65.0","Liège                                                                           ","BE005C1                                           ","383700","E1a/validated data AQ e-Reporting","18/03/2023 22:05:49","http://fme.discomap.eea.europa.eu/fmedatastreaming/AirQualityDownload/AQData_Extract.fmw?CountryCode=BE&CityName=&Pollutant=7&Year_from=2016&Year_to=2016&Station=STA-BETR221&Samplingpoint=&Source=E1a&Output=HTML&UpdateDate="
"Belgium","NET-Wallonia","Wallonia","BETN063","43N063 - CORROY L.G.","SPO-BETN063_06001_100","PM2.5","Particulate matter < 2.5 µm (aerosol)","P1Y-hr-per50","1 year 50 percentile","2016","8.455","ug/m3","99.66","1","Background","Rural","4.6683","50.6554","145.0","","","","E1a/validated data AQ e-Reporting","18/03/2023 22:05:49","http://fme.discomap.eea.europa.eu/fmedatastreaming/AirQualityDownload/AQData_Extract.fmw?CountryCode=BE&CityName=&Pollutant=6001&Year_from=2016&Year_to=2016&Station=STA-BETN063&Samplingpoint=&Source=E1a&Output=HTML&UpdateDate="
"Belgium","NET-Flanders","Flanders","BETN054","42N054 - WALSHOUTEM","SPO-BETN054_06001_100","PM2.5","Particulate matter < 2.5 µm (aerosol)","P1Y","Annual mean / 1 calendar year","2016","13.252","ug/m3","98.13","1","Background","Rural","5.1032","50.7117","135.0","","","","E1a/validated data AQ e-Reporting","18/03/2023 21:08:58","http://fme.discomap.eea.europa.eu/fmedatastreaming/AirQualityDownload/AQData_Extract.fmw?CountryCode=BE&CityName=&Pollutant=6001&Year_from=2016&Year_to=2016&Station=STA-BETN054&Samplingpoint=&Source=E1a&Output=HTML&UpdateDate="
"Belgium","NET-Flanders","Flanders","BETN054","42N054 - WALSHOUTEM","SPO-BETN054_00005_100","PM10","Particulate matter < 10 µm (aerosol)","P1Y","Annual mean / 1 calendar year","2016","20.985","ug/m3","98.13","1","Background","Rural","5.1032","50.7117","135.0","","","","E1a/validated data AQ e-Reporting","18/03/2023 21:08:58","http://fme.discomap.eea.europa.eu/fmedatastreaming/AirQualityDownload/AQData_Extract.fmw?CountryCode=BE&CityName=&Pollutant=5&Year_from=2016&Year_to=2016&Station=STA-BETN054&Samplingpoint=&Source=E1a&Output=HTML&UpdateDate="
"Belgium","NET-Flanders","Flanders","BETR020","42R020 - VILVOORDE","SPO-BETR020_00001_100","SO2","Sulphur dioxide (air)","P1Y-daysAbove125","1 year day exceed 125","2016","0.000","count","99.45","1","Background","Suburban","4.4367","50.9414","12.0","","","","E1a/validated data AQ e-Reporting","18/03/2023 22:23:37","http://fme.discomap.eea.europa.eu/fmedatastreaming/AirQualityDownload/AQData_Extract.fmw?CountryCode=BE&CityName=&Pollutant=1&Year_from=2016&Year_to=2016&Station=STA-BETR020&Samplingpoint=&Source=E1a&Output=HTML&UpdateDate="
"Belgium","NET-Flanders","Flanders","BETR802","42R802 - BORGERHOUT","SPO-BETR802_00008_100","NO2","Nitrogen dioxide (air)","P1Y-hr-max-per99.79","1 year 99.79 %ile of hourly values in a given year","2016","137.000","ug/m3","96.17","1","Traffic","Urban","4.4318","51.2095","6.0","Antwerpen                                                                       ","BE002C1                                           ","530014","E1a/validated data AQ e-Reporting","18/03/2023 22:07:35","http://fme.discomap.eea.europa.eu/fmedatastreaming/AirQualityDownload/AQData_Extract.fmw?CountryCode=BE&CityName=&Pollutant=8&Year_from=2016&Year_to=2016&Station=STA-BETR802&Samplingpoint=&Source=E1a&Output=HTML&UpdateDate="
"Belgium","NET-Wallonia","Wallonia","BEMN063","00N063 - CORROY-L-GD","SPO-BEMN063_05012_100","Pb in PM10","Lead in PM10 (aerosol)","P1Y","Annual mean / 1 calendar year","2016","0.005","ug/m3","95.34","1","Background","Rural","4.6683","50.6554","145.0","","","","E1a/validated data AQ e-Reporting","18/03/2023 21:08:58","http://fme.discomap.eea.europa.eu/fmedatastreaming/AirQualityDownload/AQData_Extract.fmw?CountryCode=BE&CityName=&Pollutant=5012&Year_from=2016&Year_to=2016&Station=STA-BEMN063&Samplingpoint=&Source=E1a&Output=HTML&UpdateDate="
"Belgium","NET-Flanders","Flanders","BETE812","47E812 - GENK","SPO-BETE812_00001_100","SO2","Sulphur dioxide (air)","P1Y-day-min","1 year day min","2016","1.000","ug/m3","47.27","1","Industrial","Suburban","5.5377","50.9680","82.0","","","","E1a/validated data AQ e-Reporting","18/03/2023 21:54:56","http://fme.discomap.eea.europa.eu/fmedatastreaming/AirQualityDownload/AQData_Extract.fmw?CountryCode=BE&CityName=&Pollutant=1&Year_from=2016&Year_to=2016&Station=STA-BETE812&Samplingpoint=&Source=E1a&Output=HTML&UpdateDate="
"Belgium","NET-Flanders","Flanders","BETR802","42R802 - BORGERHOUT","SPO-BETR802_06001_100","PM2.5","Particulate matter < 2.5 µm (aerosol)","P1Y-P1D-per99","1 year 99 percentile of daily means (P1D) or .../aq/primaryObservation/day","2016","44.729","ug/m3","98.91","1","Traffic","Urban","4.4318","51.2095","6.0","Antwerpen                                                                       ","BE002C1                                           ","530014","E1a/validated data AQ e-Reporting","18/03/2023 22:10:03","http://fme.discomap.eea.europa.eu/fmedatastreaming/AirQualityDownload/AQData_Extract.fmw?CountryCode=BE&CityName=&Pollutant=6001&Year_from=2016&Year_to=2016&Station=STA-BETR802&Samplingpoint=&Source=E1a&Output=HTML&UpdateDate="
"Belgium","NET-Flanders","Flanders","BETTS21","40TS21 - TESSENDERLO","SPO-BETTS21_00001_100","SO2","Sulphur dioxide (air)","P1Y-hr-min","1 year hour min","2016","1.000","ug/m3","97.34","1","Industrial","Suburban","5.1075","51.0657","28.0","","","","E1a/validated data AQ e-Reporting","18/03/2023 22:31:20","http://fme.discomap.eea.europa.eu/fmedatastreaming/AirQualityDownload/AQData_Extract.fmw?CountryCode=BE&CityName=&Pollutant=1&Year_from=2016&Year_to=2016&Station=STA-BETTS21&Samplingpoint=&Source=E1a&Output=HTML&UpdateDate="
"Belgium","NET-Flanders","Flanders","BEVLU11","59LU11 - LEUVEN","SPO-BEVLU11_00464_100","m,p-C6H4(CH3)2","m,p-Xylene (air)","P1Y","Annual mean / 1 calendar year","2016","0.001","ug/m3","87.99","1","Background","Suburban","4.6911","50.8797","0.0","Leuven                                                                          ","BE008C1                                           ","101625","E1a/validated data AQ e-Reporting","18/03/2023 21:08:58","http://fme.discomap.eea.europa.eu/fmedatastreaming/AirQualityDownload/AQData_Extract.fmw?CountryCode=BE&CityName=&Pollutant=464&Year_from=2016&Year_to=2016&Station=STA-BEVLU11&Samplingpoint=&Source=E1a&Output=HTML&UpdateDate="
"Belgium","NET-Flanders","Flanders","BETN052","44N052 - ZWEVEGEM","SPO-BETN052_00008_100","NO2","Nitrogen dioxide (air)","P1Y-hr-per50","1 year 50 percentile","2016","22.500","ug/m3","94.73","1","Background","Suburban","3.3225","50.8149","27.0","","","","E1a/validated data AQ e-Reporting","18/03/2023 22:05:49","http://fme.discomap.eea.europa.eu/fmedatastreaming/AirQualityDownload/AQData_Extract.fmw?CountryCode=BE&CityName=&Pollutant=8&Year_from=2016&Year_to=2016&Station=STA-BETN052&Samplingpoint=&Source=E1a&Output=HTML&UpdateDate="
"Belgium","NET-Flanders","Flanders","BETR897","42R897 - ANTWERPEN","SPO-BETR897_00001_100","SO2","Sulphur dioxide (air)","winter-avg","Winter mean","2016","3.057","ug/m3","96.70","1","Industrial","Suburban","4.3421","51.2501","5.0","Antwerpen                                                                       ","BE002C1                                           ","530014","E1a/validated data AQ e-Reporting","18/03/2023 22:50:43","http://fme.discomap.eea.europa.eu/fmedatastreaming/AirQualityDownload/AQData_Extract.fmw?CountryCode=BE&CityName=&Pollutant=1&Year_from=2016&Year_to=2016&Station=STA-BETR897&Samplingpoint=&Source=E1a&Output=HTML&UpdateDate="
"Belgium","NET-Flanders","Flanders","BETN054","42N054 - WALSHOUTEM","SPO-BETN054_00008_100","NO2","Nitrogen dioxide (air)","P1Y-hr-max","1 year hour max","2016","97.500","ug/m3","94.35","1","Background","Rural","5.1032","50.7117","135.0","","","","E1a/validated data AQ e-Reporting","18/03/2023 21:57:02","http://fme.discomap.eea.europa.eu/fmedatastreaming/AirQualityDownload/AQData_Extract.fmw?CountryCode=BE&CityName=&Pollutant=8&Year_from=2016&Year_to=2016&Station=STA-BETN054&Samplingpoint=&Source=E1a&Output=HTML&UpdateDate="
"Belgium","NET-Flanders","Flanders","BETR815","42R815 - ZWIJNDRECHT","SPO-BETR815_00005_100","PM10","Particulate matter < 10 µm (aerosol)","P3Y","3 subsequent calendar years mean","2016","22.539","ug/m3","95.75","1","Industrial","Suburban","4.3322","51.2147","7.0","","","","E1a/validated data AQ e-Reporting","18/03/2023 21:36:00","http://fme.discomap.eea.europa.eu/fmedatastreaming/AirQualityDownload/AQData_Extract.fmw?CountryCode=BE&CityName=&Pollutant=5&Year_from=2016&Year_to=2016&Station=STA-BETR815&Samplingpoint=&Source=E1a&Output=HTML&UpdateDate="
"Belgium","NET-Flanders","Flanders","BETR721","44R721 - WONDELGEM","SPO-BETR721_00001_100","SO2","Sulphur dioxide (air)","P1Y-hr-per50","1 year 50 percentile","2016","1.000","ug/m3","96.05","1","Industrial","Suburban","3.7161","51.0890","6.0","Gent                                                                            ","BE003C1                                           ","263687","E1a/validated data AQ e-Reporting","18/03/2023 22:05:49","http://fme.discomap.eea.europa.eu/fmedatastreaming/AirQualityDownload/AQData_Extract.fmw?CountryCode=BE&CityName=&Pollutant=1&Year_from=2016&Year_to=2016&Station=STA-BETR721&Samplingpoint=&Source=E1a&Output=HTML&UpdateDate="
"Belgium","NET-Flanders","Flanders","BELRB01","40RB01 - RUISBROEK","SPO-BELRB01_00005_100","PM10","Particulate matter < 10 µm (aerosol)","P3Y","3 subsequent calendar years mean","2016","29.852","ug/m3","2.89","1","Industrial","Suburban","4.3312","51.0894","0.0","","","","E1a/validated data AQ e-Reporting","18/03/2023 21:36:00","http://fme.discomap.eea.europa.eu/fmedatastreaming/AirQualityDownload/AQData_Extract.fmw?CountryCode=BE&CityName=&Pollutant=5&Year_from=2016&Year_to=2016&Station=STA-BELRB01&Samplingpoint=&Source=E1a&Output=HTML&UpdateDate="
"Belgium","NET-Flanders","Flanders","BETR834","42R834 - Boom","SPO-BETR834_00005_100","PM10","Particulate matter < 10 µm (aerosol)","P1Y-day-max36","1 year day max 36","2016","34.079","ug/m3","99.45","1","Background","Suburban","4.3801","51.0920","0.0","","","","E1a/validated data AQ e-Reporting","18/03/2023 22:32:47","http://fme.discomap.eea.europa.eu/fmedatastreaming/AirQualityDownload/AQData_Extract.fmw?CountryCode=BE&CityName=&Pollutant=5&Year_from=2016&Year_to=2016&Station=STA-BETR834&Samplingpoint=&Source=E1a&Output=HTML&UpdateDate="
"Belgium","NET-Flanders","Flanders","BETR897","42R897 - ANTWERPEN","SPO-BETR897_00008_100","NO2","Nitrogen dioxide (air)","P1Y-hr-per50","1 year 50 percentile","2016","31.000","ug/m3","96.27","1","Industrial","Suburban","4.3421","51.2501","5.0","Antwerpen                                                                       ","BE002C1                                           ","530014","E1a/validated data AQ e-Reporting","18/03/2023 22:05:49","http://fme.discomap.eea.europa.eu/fmedatastreaming/AirQualityDownload/AQData_Extract.fmw?CountryCode=BE&CityName=&Pollutant=8&Year_from=2016&Year_to=2016&Station=STA-BETR897&Samplingpoint=&Source=E1a&Output=HTML&UpdateDate="
"Belgium","NET-Wallonia","Wallonia","BEMN085","00N085 - VIELSALM","SPO-BEMN085_05015_100","Ni in PM10","Nickel in PM10 (aerosol)","P1Y","Annual mean / 1 calendar year","2016","0.367","ng/m3","95.34","1","Background","Rural","6.0017","50.3032","490.0","","","","E1a/validated data AQ e-Reporting","18/03/2023 21:08:58","http://fme.discomap.eea.europa.eu/fmedatastreaming/AirQualityDownload/AQData_Extract.fmw?CountryCode=BE&CityName=&Pollutant=5015&Year_from=2016&Year_to=2016&Station=STA-BEMN085&Samplingpoint=&Source=E1a&Output=HTML&UpdateDate="
"Belgium","NET-Flanders","Flanders","BETR817","42R817 - ANTWERPEN","SPO-BETR817_06001_100","PM2.5","Particulate matter < 2.5 µm (aerosol)","P1Y-day-per50","1 year 50 %ile of daily values in a year","2016","10.604","ug/m3","100.00","1","Background","Suburban","4.4180","51.1771","6.0","Antwerpen                                                                       ","BE002C1                                           ","530014","E1a/validated data AQ e-Reporting","18/03/2023 22:11:51","http://fme.discomap.eea.europa.eu/fmedatastreaming/AirQualityDownload/AQData_Extract.fmw?CountryCode=BE&CityName=&Pollutant=6001&Year_from=2016&Year_to=2016&Station=STA-BETR817&Samplingpoint=&Source=E1a&Output=HTML&UpdateDate="
"Belgium","NET-Flanders","Flanders","BETR731","44R731 - EVERGEM","SPO-BETR731_00005_100","PM10","Particulate matter < 10 µm (aerosol)","P1Y-P1D-per90.4","1 year 90.4 percentile - COMPLIANCE","2016","39.121","ug/m3","98.36","1","Industrial","Rural","3.7395","51.1247","6.0","","","","E1a/validated data AQ e-Reporting","18/03/2023 22:08:35","http://fme.discomap.eea.europa.eu/fmedatastreaming/AirQualityDownload/AQData_Extract.fmw?CountryCode=BE&CityName=&Pollutant=5&Year_from=2016&Year_to=2016&Station=STA-BETR731&Samplingpoint=&Source=E1a&Output=HTML&UpdateDate="
"Belgium","NET-Flanders","Flanders","BETR731","44R731 - EVERGEM","SPO-BETR731_00005_100","PM10","Particulate matter < 10 µm (aerosol)","P1Y-P1D-per99","1 year 99 percentile of daily means (P1D) or .../aq/primaryObservation/day","2016","59.996","ug/m3","98.36","1","Industrial","Rural","3.7395","51.1247","6.0","","","","E1a/validated data AQ e-Reporting","18/03/2023 22:09:38","http://fme.discomap.eea.europa.eu/fmedatastreaming/AirQualityDownload/AQData_Extract.fmw?CountryCode=BE&CityName=&Pollutant=5&Year_from=2016&Year_to=2016&Station=STA-BETR731&Samplingpoint=&Source=E1a&Output=HTML&UpdateDate="
"Belgium","NET-Flanders","Flanders","BETR731","44R731 - EVERGEM","SPO-BETR731_00008_100","NO2","Nitrogen dioxide (air)","P1Y-hr-min","1 year hour min","2016","2.000","ug/m3","93.78","1","Industrial","Rural","3.7395","51.1247","6.0","","","","E1a/validated data AQ e-Reporting","18/03/2023 22:31:20","http://fme.discomap.eea.europa.eu/fmedatastreaming/AirQualityDownload/AQData_Extract.fmw?CountryCode=BE&CityName=&Pollutant=8&Year_from=2016&Year_to=2016&Station=STA-BETR731&Samplingpoint=&Source=E1a&Output=HTML&UpdateDate="
"Belgium","NET-Wallonia","Wallonia","BETN070","43N070 - MONS","SPO-BETN070_00008_100","NO2","Nitrogen dioxide (air)","P1Y","Annual mean / 1 calendar year","2016","26.500","ug/m3","97.34","1","Background","Suburban","3.9397","50.4652","30.0","Mons                                                                            ","BE009C1                                           ","95922","E1a/validated data AQ e-Reporting","18/03/2023 21:08:58","http://fme.discomap.eea.europa.eu/fmedatastreaming/AirQualityDownload/AQData_Extract.fmw?CountryCode=BE&CityName=&Pollutant=8&Year_from=2016&Year_to=2016&Station=STA-BETN070&Samplingpoint=&Source=E1a&Output=HTML&UpdateDate="
"Belgium","NET-Wallonia","Wallonia","BETR240","43R240 - ENGIS","SPO-BETR240_00007_100","O3","Ozone (air)","AOT40cmeasured","AOT40c UNCORRECTED for data capture","2016","7801.000","ug/m3","91.39","1","Industrial","Suburban","5.3975","50.5836","135.0","","","","E1a/validated data AQ e-Reporting","18/03/2023 23:01:40","http://fme.discomap.eea.europa.eu/fmedatastreaming/AirQualityDownload/AQData_Extract.fmw?CountryCode=BE&CityName=&Pollutant=7&Year_from=2016&Year_to=2016&Station=STA-BETR240&Samplingpoint=&Source=E1a&Output=HTML&UpdateDate="
"Belgium","NET-Wallonia","Wallonia","BETN066","43N066 - EUPEN","SPO-BETN066_00008_100","NO2","Nitrogen dioxide (air)","P1Y-hrsAbove200","1 year hour exceed 200","2016","0.000","count","97.47","1","Background","Rural","6.0023","50.6289","295.0","","","","E1a/validated data AQ e-Reporting","18/03/2023 21:48:42","http://fme.discomap.eea.europa.eu/fmedatastreaming/AirQualityDownload/AQData_Extract.fmw?CountryCode=BE&CityName=&Pollutant=8&Year_from=2016&Year_to=2016&Station=STA-BETN066&Samplingpoint=&Source=E1a&Output=HTML&UpdateDate="
"Belgium","NET-Wallonia","Wallonia","BETN067","43N067 - MEMBACH","SPO-BETN067_06001_100","PM2.5","Particulate matter < 2.5 µm (aerosol)","P1Y-hr-min","1 year hour min","2016","0.000","ug/m3","99.80","1","Background","Suburban","5.9928","50.6123","0.0","","","","E1a/validated data AQ e-Reporting","18/03/2023 22:31:20","http://fme.discomap.eea.europa.eu/fmedatastreaming/AirQualityDownload/AQData_Extract.fmw?CountryCode=BE&CityName=&Pollutant=6001&Year_from=2016&Year_to=2016&Station=STA-BETN067&Samplingpoint=&Source=E1a&Output=HTML&UpdateDate="
"Belgium","NET-Wallonia","Wallonia","BETR222","43R222 - SERAING","SPO-BETR222_00005_100","PM10","Particulate matter < 10 µm (aerosol)","P1Y-hr-min","1 year hour min","2016","0.000","ug/m3","97.51","1","Background","Suburban","5.5702","50.6134","65.0","Liège                                                                           ","BE005C1                                           ","383700","E1a/validated data AQ e-Reporting","18/03/2023 22:31:20","http://fme.discomap.eea.europa.eu/fmedatastreaming/AirQualityDownload/AQData_Extract.fmw?CountryCode=BE&CityName=&Pollutant=5&Year_from=2016&Year_to=2016&Station=STA-BETR222&Samplingpoint=&Source=E1a&Output=HTML&UpdateDate="
"Belgium","NET-Wallonia","Wallonia","BETR240","43R240 - ENGIS","SPO-BETR240_00008_100","NO2","Nitrogen dioxide (air)","P1Y-hr-max19","1 year hour max19","2016","70.500","ug/m3","95.54","1","Industrial","Suburban","5.3975","50.5836","135.0","","","","E1a/validated data AQ e-Reporting","18/03/2023 22:34:35","http://fme.discomap.eea.europa.eu/fmedatastreaming/AirQualityDownload/AQData_Extract.fmw?CountryCode=BE&CityName=&Pollutant=8&Year_from=2016&Year_to=2016&Station=STA-BETR240&Samplingpoint=&Source=E1a&Output=HTML&UpdateDate="
"Belgium","NET-Wallonia","Wallonia","BETN067","43N067 - MEMBACH","SPO-BETN067_00005_100","PM10","Particulate matter < 10 µm (aerosol)","P1Y-day-min","1 year day min","2016","0.006","ug/m3","100.00","1","Background","Suburban","5.9928","50.6123","0.0","","","","E1a/validated data AQ e-Reporting","18/03/2023 21:55:13","http://fme.discomap.eea.europa.eu/fmedatastreaming/AirQualityDownload/AQData_Extract.fmw?CountryCode=BE&CityName=&Pollutant=5&Year_from=2016&Year_to=2016&Station=STA-BETN067&Samplingpoint=&Source=E1a&Output=HTML&UpdateDate="
"Belgium","NET-Brussels","Brussels","BETB006","41B006 - PARL.EUROPE","SPO-BETB006_00008_100","NO2","Nitrogen dioxide (air)","P1Y-hr-min","1 year hour min","2016","3.000","ug/m3","36.44","1","Background","Urban","4.3744","50.8386","67.0","Bruxelles / Brussel                                                             ","BE001C1                                           ","1223364","E1a/validated data AQ e-Reporting","18/03/2023 22:31:20","http://fme.discomap.eea.europa.eu/fmedatastreaming/AirQualityDownload/AQData_Extract.fmw?CountryCode=BE&CityName=&Pollutant=8&Year_from=2016&Year_to=2016&Station=STA-BETB006&Samplingpoint=&Source=E1a&Output=HTML&UpdateDate="
"Belgium","NET-Brussels","Brussels","BETB008","41B008 - Brussel (Beliardstraat)","SPO-BETB008_00008_100","NO2","Nitrogen dioxide (air)","P1Y-day-max","1 year day max","2016","101.146","ug/m3","93.44","1","Traffic","Urban","4.3759","50.8409","57.0","Bruxelles / Brussel                                                             ","BE001C1                                           ","1223364","E1a/validated data AQ e-Reporting","18/03/2023 21:43:56","http://fme.discomap.eea.europa.eu/fmedatastreaming/AirQualityDownload/AQData_Extract.fmw?CountryCode=BE&CityName=&Pollutant=8&Year_from=2016&Year_to=2016&Station=STA-BETB008&Samplingpoint=&Source=E1a&Output=HTML&UpdateDate="
"Belgium","NET-Brussels","Brussels","BETB011","41B011 - BERCHEM S.A","SPO-BETB011_06001_100","PM2.5","Particulate matter < 2.5 µm (aerosol)","P1Y-day-max","1 year day max","2016","44.567","ug/m3","83.06","1","Background","Suburban","4.2887","50.8578","66.0","Bruxelles / Brussel                                                             ","BE001C1                                           ","1223364","E1a/validated data AQ e-Reporting","18/03/2023 21:43:22","http://fme.discomap.eea.europa.eu/fmedatastreaming/AirQualityDownload/AQData_Extract.fmw?CountryCode=BE&CityName=&Pollutant=6001&Year_from=2016&Year_to=2016&Station=STA-BETB011&Samplingpoint=&Source=E1a&Output=HTML&UpdateDate="
"Belgium","NET-Brussels","Brussels","BETB011","41B011 - BERCHEM S.A","SPO-BETB011_00007_100","O3","Ozone (air)","SOMO35","Sum of Ozone Means Over 35 ppb","2016","2282.270","ug/m3","99.18","1","Background","Suburban","4.2887","50.8578","66.0","Bruxelles / Brussel                                                             ","BE001C1                                           ","1223364","E1a/validated data AQ e-Reporting","18/03/2023 22:59:23","http://fme.discomap.eea.europa.eu/fmedatastreaming/AirQualityDownload/AQData_Extract.fmw?CountryCode=BE&CityName=&Pollutant=7&Year_from=2016&Year_to=2016&Station=STA-BETB011&Samplingpoint=&Source=E1a&Output=HTML&UpdateDate="
"Belgium","NET-Flanders","Flanders","BEDDD02","65DDD02 - DUDZELE","SPO-BEDDD02_07419_100","Dibenzo(ah)anthracene","Dibenzo(ah)anthracene (precip+dry_dep)","P1Y","Annual mean / 1 calendar year","2016","3.353","ng/m2/day","22.95","1","Background","Rural","3.2216","51.2664","0.0","Brugge                                                                          ","BE006C1                                           ","118916","E1a/validated data AQ e-Reporting","18/03/2023 21:08:58","http://fme.discomap.eea.europa.eu/fmedatastreaming/AirQualityDownload/AQData_Extract.fmw?CountryCode=BE&CityName=&Pollutant=7419&Year_from=2016&Year_to=2016&Station=STA-BEDDD02&Samplingpoint=&Source=E1a&Output=HTML&UpdateDate="
"Belgium","NET-Wallonia","Wallonia","BETN060","43N060 - HAVINNES","SPO-BETN060_00008_100","NO2","Nitrogen dioxide (air)","P1Y-P1D-per99","1 year 99 percentile of daily means (P1D) or .../aq/primaryObservation/day","2016","36.604","ug/m3","100.00","1","Background","Rural","3.4576","50.6167","0.0","","","","E1a/validated data AQ e-Reporting","18/03/2023 22:10:34","http://fme.discomap.eea.europa.eu/fmedatastreaming/AirQualityDownload/AQData_Extract.fmw?CountryCode=BE&CityName=&Pollutant=8&Year_from=2016&Year_to=2016&Station=STA-BETN060&Samplingpoint=&Source=E1a&Output=HTML&UpdateDate="
"Belgium","NET-Flanders","Flanders","BEVLU11","59LU11 - LEUVEN","SPO-BEVLU11_00441_100","C7H16","n-Heptane (air)","P1Y","Annual mean / 1 calendar year","2016","0.000","ug/m3","84.16","1","Background","Suburban","4.6911","50.8797","0.0","Leuven                                                                          ","BE008C1                                           ","101625","E1a/validated data AQ e-Reporting","18/03/2023 21:08:58","http://fme.discomap.eea.europa.eu/fmedatastreaming/AirQualityDownload/AQData_Extract.fmw?CountryCode=BE&CityName=&Pollutant=441&Year_from=2016&Year_to=2016&Station=STA-BEVLU11&Samplingpoint=&Source=E1a&Output=HTML&UpdateDate="
"Belgium","NET-Flanders","Flanders","BEVLU11","59LU11 - LEUVEN","SPO-BEVLU11_00461_100","1,2-dichloroethane (air)","1,2-dichloroethane (air)","P1Y","Annual mean / 1 calendar year","2016","0.000","ug/m3","76.50","1","Background","Suburban","4.6911","50.8797","0.0","Leuven                                                                          ","BE008C1                                           ","101625","E1a/validated data AQ e-Reporting","18/03/2023 21:08:58","http://fme.discomap.eea.europa.eu/fmedatastreaming/AirQualityDownload/AQData_Extract.fmw?CountryCode=BE&CityName=&Pollutant=461&Year_from=2016&Year_to=2016&Station=STA-BEVLU11&Samplingpoint=&Source=E1a&Output=HTML&UpdateDate="
"Belgium","NET-Wallonia","Wallonia","BEMENG1","0ENG01 - ENGIS","SPO-BEMENG1_05018_100","As in PM10","Arsenic in PM10 (aerosol)","P1Y","Annual mean / 1 calendar year","2016","0.587","ng/m3","87.69","1","Industrial","Suburban","5.3975","50.5836","135.0","","","","E1a/validated data AQ e-Reporting","18/03/2023 21:08:58","http://fme.discomap.eea.europa.eu/fmedatastreaming/AirQualityDownload/AQData_Extract.fmw?CountryCode=BE&CityName=&Pollutant=5018&Year_from=2016&Year_to=2016&Station=STA-BEMENG1&Samplingpoint=&Source=E1a&Output=HTML&UpdateDate="
"Belgium","NET-Wallonia","Wallonia","BEMN063","00N063 - CORROY-L-GD","SPO-BEMN063_05015_100","Ni in PM10","Nickel in PM10 (aerosol)","P1Y","Annual mean / 1 calendar year","2016","2.013","ng/m3","95.34","1","Background","Rural","4.6683","50.6554","145.0","","","","E1a/validated data AQ e-Reporting","18/03/2023 21:08:58","http://fme.discomap.eea.europa.eu/fmedatastreaming/AirQualityDownload/AQData_Extract.fmw?CountryCode=BE&CityName=&Pollutant=5015&Year_from=2016&Year_to=2016&Station=STA-BEMN063&Samplingpoint=&Source=E1a&Output=HTML&UpdateDate="
"Belgium","NET-Wallonia","Wallonia","BETN063","43N063 - CORROY L.G.","SPO-BETN063_00007_100","O3","Ozone (air)","P1Y","Annual mean / 1 calendar year","2016","45.319","ug/m3","94.52","1","Background","Rural","4.6683","50.6554","145.0","","","","E1a/validated data AQ e-Reporting","18/03/2023 21:08:58","http://fme.discomap.eea.europa.eu/fmedatastreaming/AirQualityDownload/AQData_Extract.fmw?CountryCode=BE&CityName=&Pollutant=7&Year_from=2016&Year_to=2016&Station=STA-BETN063&Samplingpoint=&Source=E1a&Output=HTML&UpdateDate="
"Belgium","NET-Wallonia","Wallonia","BETN070","43N070 - MONS","SPO-BETN070_00008_100","NO2","Nitrogen dioxide (air)","P3Y","3 subsequent calendar years mean","2016","27.214","ug/m3","96.90","1","Background","Suburban","3.9397","50.4652","30.0","Mons                                                                            ","BE009C1                                           ","95922","E1a/validated data AQ e-Reporting","18/03/2023 21:36:00","http://fme.discomap.eea.europa.eu/fmedatastreaming/AirQualityDownload/AQData_Extract.fmw?CountryCode=BE&CityName=&Pollutant=8&Year_from=2016&Year_to=2016&Station=STA-BETN070&Samplingpoint=&Source=E1a&Output=HTML&UpdateDate="
"Belgium","NET-Wallonia","Wallonia","BETN073","43N073 - VEZIN","SPO-BETN073_00007_100","O3","Ozone (air)","P1Y-day-per50","1 year 50 %ile of daily values in a year","2016","42.938","ug/m3","98.09","1","Background","Rural","4.9884","50.5027","160.0","","","","E1a/validated data AQ e-Reporting","18/03/2023 22:15:13","http://fme.discomap.eea.europa.eu/fmedatastreaming/AirQualityDownload/AQData_Extract.fmw?CountryCode=BE&CityName=&Pollutant=7&Year_from=2016&Year_to=2016&Station=STA-BETN073&Samplingpoint=&Source=E1a&Output=HTML&UpdateDate="
"Belgium","NET-Wallonia","Wallonia","BETN060","43N060 - HAVINNES","SPO-BETN060_00001_100","SO2","Sulphur dioxide (air)","P1Y-hr-per50","1 year 50 percentile","2016","1.000","ug/m3","95.67","1","Background","Rural","3.4576","50.6167","0.0","","","","E1a/validated data AQ e-Reporting","18/03/2023 22:05:49","http://fme.discomap.eea.europa.eu/fmedatastreaming/AirQualityDownload/AQData_Extract.fmw?CountryCode=BE&CityName=&Pollutant=1&Year_from=2016&Year_to=2016&Station=STA-BETN060&Samplingpoint=&Source=E1a&Output=HTML&UpdateDate="
"Belgium","NET-Wallonia","Wallonia","BETN073","43N073 - VEZIN","SPO-BETN073_00008_100","NO2","Nitrogen dioxide (air)","P3Y","3 subsequent calendar years mean","2016","11.687","ug/m3","95.75","1","Background","Rural","4.9884","50.5027","160.0","","","","E1a/validated data AQ e-Reporting","18/03/2023 21:36:00","http://fme.discomap.eea.europa.eu/fmedatastreaming/AirQualityDownload/AQData_Extract.fmw?CountryCode=BE&CityName=&Pollutant=8&Year_from=2016&Year_to=2016&Station=STA-BETN073&Samplingpoint=&Source=E1a&Output=HTML&UpdateDate="
"Belgium","NET-Wallonia","Wallonia","BEVN093","50N093 - SINSIN","SPO-BEVN093_00316_100","(CH3)2-CH-CH2-CH2-CH3","i-Hexane (2-methylpentane) (air)","P1Y","Annual mean / 1 calendar year","2016","0.000","ug/m3","42.35","1","Background","Rural","5.2352","50.2745","265.0","","","","E1a/validated data AQ e-Reporting","18/03/2023 21:08:58","http://fme.discomap.eea.europa.eu/fmedatastreaming/AirQualityDownload/AQData_Extract.fmw?CountryCode=BE&CityName=&Pollutant=316&Year_from=2016&Year_to=2016&Station=STA-BEVN093&Samplingpoint=&Source=E1a&Output=HTML&UpdateDate="
"Belgium","NET-Wallonia","Wallonia","BEVN100","50N100 - DOURBES","SPO-BEVN100_00464_100","m,p-C6H4(CH3)2","m,p-Xylene (air)","P1Y","Annual mean / 1 calendar year","2016","0.000","ug/m3","48.36","1","Background","Rural","4.5948","50.0957","225.0","","","","E1a/validated data AQ e-Reporting","18/03/2023 21:08:58","http://fme.discomap.eea.europa.eu/fmedatastreaming/AirQualityDownload/AQData_Extract.fmw?CountryCode=BE&CityName=&Pollutant=464&Year_from=2016&Year_to=2016&Station=STA-BEVN100&Samplingpoint=&Source=E1a&Output=HTML&UpdateDate="
"Belgium","NET-Flanders","Flanders","BETR740","44R740 - ST.KRUIS-WI","SPO-BETR740_00008_100","NO2","Nitrogen dioxide (air)","P1Y","Annual mean / 1 calendar year","2016","23.627","ug/m3","96.32","1","Industrial","Rural","3.8087","51.1501","5.0","Gent                                                                            ","BE003C1                                           ","263687","E1a/validated data AQ e-Reporting","18/03/2023 21:08:58","http://fme.discomap.eea.europa.eu/fmedatastreaming/AirQualityDownload/AQData_Extract.fmw?CountryCode=BE&CityName=&Pollutant=8&Year_from=2016&Year_to=2016&Station=STA-BETR740&Samplingpoint=&Source=E1a&Output=HTML&UpdateDate="
"Belgium","NET-Wallonia","Wallonia","BEVN093","50N093 - SINSIN","SPO-BEVN093_06008_100","H2C=CH-CH2-CH2-CH3","1-Pentene (air)","P1Y","Annual mean / 1 calendar year","2016","0.000","ug/m3","42.35","1","Background","Rural","5.2352","50.2745","265.0","","","","E1a/validated data AQ e-Reporting","18/03/2023 21:08:58","http://fme.discomap.eea.europa.eu/fmedatastreaming/AirQualityDownload/AQData_Extract.fmw?CountryCode=BE&CityName=&Pollutant=6008&Year_from=2016&Year_to=2016&Station=STA-BEVN093&Samplingpoint=&Source=E1a&Output=HTML&UpdateDate="
"Belgium","NET-Flanders","Flanders","BETR750","44R750 - ZELZATE","SPO-BETR750_00008_100","NO2","Nitrogen dioxide (air)","P1Y-hr-max-per99.79","1 year 99.79 %ile of hourly values in a given year","2016","90.500","ug/m3","94.17","1","Industrial","Rural","3.8229","51.1961","6.0","","","","E1a/validated data AQ e-Reporting","18/03/2023 22:07:35","http://fme.discomap.eea.europa.eu/fmedatastreaming/AirQualityDownload/AQData_Extract.fmw?CountryCode=BE&CityName=&Pollutant=8&Year_from=2016&Year_to=2016&Station=STA-BETR750&Samplingpoint=&Source=E1a&Output=HTML&UpdateDate="
"Belgium","NET-Wallonia","Wallonia","BETN067","43N067 - MEMBACH","SPO-BETN067_06001_100","PM2.5","Particulate matter < 2.5 µm (aerosol)","P1Y-hr-per50","1 year 50 percentile","2016","5.071","ug/m3","99.80","1","Background","Suburban","5.9928","50.6123","0.0","","","","E1a/validated data AQ e-Reporting","18/03/2023 22:05:49","http://fme.discomap.eea.europa.eu/fmedatastreaming/AirQualityDownload/AQData_Extract.fmw?CountryCode=BE&CityName=&Pollutant=6001&Year_from=2016&Year_to=2016&Station=STA-BETN067&Samplingpoint=&Source=E1a&Output=HTML&UpdateDate="
"Belgium","NET-Wallonia","Wallonia","BETN132","43N132 - HABAY-LA-N.","SPO-BETN132_06001_100","PM2.5","Particulate matter < 2.5 µm (aerosol)","P1Y","Annual mean / 1 calendar year","2016","8.220","ug/m3","99.34","1","Background","Rural","5.6304","49.7193","375.0","","","","E1a/validated data AQ e-Reporting","18/03/2023 21:08:58","http://fme.discomap.eea.europa.eu/fmedatastreaming/AirQualityDownload/AQData_Extract.fmw?CountryCode=BE&CityName=&Pollutant=6001&Year_from=2016&Year_to=2016&Station=STA-BETN132&Samplingpoint=&Source=E1a&Output=HTML&UpdateDate="
"Belgium","NET-Wallonia","Wallonia","BETN093","43N093 - SINSIN","SPO-BETN093_00001_100","SO2","Sulphur dioxide (air)","P1Y","Annual mean / 1 calendar year","2016","0.598","ug/m3","94.90","1","Background","Rural","5.2352","50.2745","265.0","","","","E1a/validated data AQ e-Reporting","18/03/2023 21:08:58","http://fme.discomap.eea.europa.eu/fmedatastreaming/AirQualityDownload/AQData_Extract.fmw?CountryCode=BE&CityName=&Pollutant=1&Year_from=2016&Year_to=2016&Station=STA-BETN093&Samplingpoint=&Source=E1a&Output=HTML&UpdateDate="
"Belgium","NET-Wallonia","Wallonia","BETR240","43R240 - ENGIS","SPO-BETR240_00007_100","O3","Ozone (air)","P1Y-hr-min","1 year hour min","2016","0.000","ug/m3","92.82","1","Industrial","Suburban","5.3975","50.5836","135.0","","","","E1a/validated data AQ e-Reporting","18/03/2023 22:31:20","http://fme.discomap.eea.europa.eu/fmedatastreaming/AirQualityDownload/AQData_Extract.fmw?CountryCode=BE&CityName=&Pollutant=7&Year_from=2016&Year_to=2016&Station=STA-BETR240&Samplingpoint=&Source=E1a&Output=HTML&UpdateDate="
"Belgium","NET-Wallonia","Wallonia","BETR240","43R240 - ENGIS","SPO-BETR240_00007_100","O3","Ozone (air)","P1Y-hrsAbove240","1 year hour exceed 240","2016","0.000","count","92.82","1","Industrial","Suburban","5.3975","50.5836","135.0","","","","E1a/validated data AQ e-Reporting","18/03/2023 21:50:25","http://fme.discomap.eea.europa.eu/fmedatastreaming/AirQualityDownload/AQData_Extract.fmw?CountryCode=BE&CityName=&Pollutant=7&Year_from=2016&Year_to=2016&Station=STA-BETR240&Samplingpoint=&Source=E1a&Output=HTML&UpdateDate="
"Belgium","NET-Wallonia","Wallonia","BETN132","43N132 - HABAY-LA-N.","SPO-BETN132_00007_100","O3","Ozone (air)","P1Y","Annual mean / 1 calendar year","2016","47.386","ug/m3","95.17","1","Background","Rural","5.6304","49.7193","375.0","","","","E1a/validated data AQ e-Reporting","18/03/2023 21:08:58","http://fme.discomap.eea.europa.eu/fmedatastreaming/AirQualityDownload/AQData_Extract.fmw?CountryCode=BE&CityName=&Pollutant=7&Year_from=2016&Year_to=2016&Station=STA-BETN132&Samplingpoint=&Source=E1a&Output=HTML&UpdateDate="
"Belgium","NET-Wallonia","Wallonia","BETN073","43N073 - VEZIN","SPO-BETN073_00008_100","NO2","Nitrogen dioxide (air)","P1Y-hr-max19","1 year hour max19","2016","53.000","ug/m3","97.44","1","Background","Rural","4.9884","50.5027","160.0","","","","E1a/validated data AQ e-Reporting","18/03/2023 22:34:35","http://fme.discomap.eea.europa.eu/fmedatastreaming/AirQualityDownload/AQData_Extract.fmw?CountryCode=BE&CityName=&Pollutant=8&Year_from=2016&Year_to=2016&Station=STA-BETN073&Samplingpoint=&Source=E1a&Output=HTML&UpdateDate="
"Belgium","NET-Wallonia","Wallonia","BETR512","45R512 - MARCHIENNE","SPO-BETR512_00005_100","PM10","Particulate matter < 10 µm (aerosol)","P1Y-day-min","1 year day min","2016","1.413","ug/m3","99.45","1","Industrial","Suburban","4.3959","50.4078","107.0","Charleroi                                                                       ","BE004C1                                           ","203314","E1a/validated data AQ e-Reporting","18/03/2023 21:55:13","http://fme.discomap.eea.europa.eu/fmedatastreaming/AirQualityDownload/AQData_Extract.fmw?CountryCode=BE&CityName=&Pollutant=5&Year_from=2016&Year_to=2016&Station=STA-BETR512&Samplingpoint=&Source=E1a&Output=HTML&UpdateDate="
"Belgium","NET-Wallonia","Wallonia","BETN085","43N085 - VIELSALM","SPO-BETN085_00001_100","SO2","Sulphur dioxide (air)","P1Y-hrsAbove350","1 year hour exceed 350","2016","0.000","count","96.30","1","Background","Rural","6.0017","50.3032","490.0","","","","E1a/validated data AQ e-Reporting","18/03/2023 21:52:12","http://fme.discomap.eea.europa.eu/fmedatastreaming/AirQualityDownload/AQData_Extract.fmw?CountryCode=BE&CityName=&Pollutant=1&Year_from=2016&Year_to=2016&Station=STA-BETN085&Samplingpoint=&Source=E1a&Output=HTML&UpdateDate="
"Belgium","NET-Flanders","Flanders","BETR802","42R802 - BORGERHOUT","SPO-BETR802_00005_100","PM10","Particulate matter < 10 µm (aerosol)","P1Y-day-min","1 year day min","2016","6.954","ug/m3","98.91","1","Traffic","Urban","4.4318","51.2095","6.0","Antwerpen                                                                       ","BE002C1                                           ","530014","E1a/validated data AQ e-Reporting","18/03/2023 21:55:13","http://fme.discomap.eea.europa.eu/fmedatastreaming/AirQualityDownload/AQData_Extract.fmw?CountryCode=BE&CityName=&Pollutant=5&Year_from=2016&Year_to=2016&Station=STA-BETR802&Samplingpoint=&Source=E1a&Output=HTML&UpdateDate="
"Belgium","NET-Flanders","Flanders","BETR802","42R802 - BORGERHOUT","SPO-BETR802_00005_100","PM10","Particulate matter < 10 µm (aerosol)","P1Y-hr-max","1 year hour max","2016","139.600","ug/m3","99.06","1","Traffic","Urban","4.4318","51.2095","6.0","Antwerpen                                                                       ","BE002C1                                           ","530014","E1a/validated data AQ e-Reporting","18/03/2023 21:57:02","http://fme.discomap.eea.europa.eu/fmedatastreaming/AirQualityDownload/AQData_Extract.fmw?CountryCode=BE&CityName=&Pollutant=5&Year_from=2016&Year_to=2016&Station=STA-BETR802&Samplingpoint=&Source=E1a&Output=HTML&UpdateDate="
"Belgium","NET-Flanders","Flanders","BEVLU11","59LU11 - LEUVEN","SPO-BEVLU11_06011_100","1,2,4-C6H3(CH3)3","1,2,4-Trimethylbenzene (air)","P1Y","Annual mean / 1 calendar year","2016","0.000","ug/m3","87.99","1","Background","Suburban","4.6911","50.8797","0.0","Leuven                                                                          ","BE008C1                                           ","101625","E1a/validated data AQ e-Reporting","18/03/2023 21:08:58","http://fme.discomap.eea.europa.eu/fmedatastreaming/AirQualityDownload/AQData_Extract.fmw?CountryCode=BE&CityName=&Pollutant=6011&Year_from=2016&Year_to=2016&Station=STA-BEVLU11&Samplingpoint=&Source=E1a&Output=HTML&UpdateDate="
"Belgium","NET-Flanders","Flanders","BETR823","42R823 - BEVEREN","SPO-BETR823_00008_100","NO2","Nitrogen dioxide (air)","P1Y-day-max","1 year day max","2016","76.063","ug/m3","99.45","1","Background","Suburban","4.2399","51.2133","0.0","","","","E1a/validated data AQ e-Reporting","18/03/2023 21:43:56","http://fme.discomap.eea.europa.eu/fmedatastreaming/AirQualityDownload/AQData_Extract.fmw?CountryCode=BE&CityName=&Pollutant=8&Year_from=2016&Year_to=2016&Station=STA-BETR823&Samplingpoint=&Source=E1a&Output=HTML&UpdateDate="
"Belgium","NET-Flanders","Flanders","BEVLU11","59LU11 - LEUVEN","SPO-BEVLU11_00434_100","C9H12","Propylbenzene (air)","P1Y","Annual mean / 1 calendar year","2016","0.000","ug/m3","87.98","1","Background","Suburban","4.6911","50.8797","0.0","Leuven                                                                          ","BE008C1                                           ","101625","E1a/validated data AQ e-Reporting","18/03/2023 21:08:58","http://fme.discomap.eea.europa.eu/fmedatastreaming/AirQualityDownload/AQData_Extract.fmw?CountryCode=BE&CityName=&Pollutant=434&Year_from=2016&Year_to=2016&Station=STA-BEVLU11&Samplingpoint=&Source=E1a&Output=HTML&UpdateDate="
"Belgium","NET-Flanders","Flanders","BETR750","44R750 - ZELZATE","SPO-BETR750_06001_100","PM2.5","Particulate matter < 2.5 µm (aerosol)","P1Y-day-min","1 year day min","2016","3.167","ug/m3","98.36","1","Industrial","Rural","3.8229","51.1961","6.0","","","","E1a/validated data AQ e-Reporting","18/03/2023 21:55:29","http://fme.discomap.eea.europa.eu/fmedatastreaming/AirQualityDownload/AQData_Extract.fmw?CountryCode=BE&CityName=&Pollutant=6001&Year_from=2016&Year_to=2016&Station=STA-BETR750&Samplingpoint=&Source=E1a&Output=HTML&UpdateDate="
"Belgium","NET-Wallonia","Wallonia","BEMH201","00H201 - LIEGE","SPO-BEMH201_05014_100","Cd in PM10","Cadmium in PM10 (aerosol)","P1Y","Annual mean / 1 calendar year","2016","0.247","ng/m3","95.34","1","Background","Suburban","5.5475","50.6250","160.0","Liège                                                                           ","BE005C1                                           ","383700","E1a/validated data AQ e-Reporting","18/03/2023 21:08:58","http://fme.discomap.eea.europa.eu/fmedatastreaming/AirQualityDownload/AQData_Extract.fmw?CountryCode=BE&CityName=&Pollutant=5014&Year_from=2016&Year_to=2016&Station=STA-BEMH201&Samplingpoint=&Source=E1a&Output=HTML&UpdateDate="
"Belgium","NET-Flanders","Flanders","BETR815","42R815 - ZWIJNDRECHT","SPO-BETR815_06001_100","PM2.5","Particulate matter < 2.5 µm (aerosol)","P1Y","Annual mean / 1 calendar year","2016","13.538","ug/m3","99.80","1","Industrial","Suburban","4.3322","51.2147","7.0","","","","E1a/validated data AQ e-Reporting","18/03/2023 21:08:58","http://fme.discomap.eea.europa.eu/fmedatastreaming/AirQualityDownload/AQData_Extract.fmw?CountryCode=BE&CityName=&Pollutant=6001&Year_from=2016&Year_to=2016&Station=STA-BETR815&Samplingpoint=&Source=E1a&Output=HTML&UpdateDate="
"Belgium","NET-Flanders","Flanders","BETR817","42R817 - ANTWERPEN","SPO-BETR817_00005_100","PM10","Particulate matter < 10 µm (aerosol)","P1Y-hr-max","1 year hour max","2016","245.600","ug/m3","99.70","1","Background","Suburban","4.4180","51.1771","6.0","Antwerpen                                                                       ","BE002C1                                           ","530014","E1a/validated data AQ e-Reporting","18/03/2023 21:57:02","http://fme.discomap.eea.europa.eu/fmedatastreaming/AirQualityDownload/AQData_Extract.fmw?CountryCode=BE&CityName=&Pollutant=5&Year_from=2016&Year_to=2016&Station=STA-BETR817&Samplingpoint=&Source=E1a&Output=HTML&UpdateDate="
"Belgium","NET-Flanders","Flanders","BETR802","42R802 - BORGERHOUT","SPO-BETR802_06001_100","PM2.5","Particulate matter < 2.5 µm (aerosol)","P1Y-day-max","1 year day max","2016","61.478","ug/m3","98.91","1","Traffic","Urban","4.4318","51.2095","6.0","Antwerpen                                                                       ","BE002C1                                           ","530014","E1a/validated data AQ e-Reporting","18/03/2023 21:43:22","http://fme.discomap.eea.europa.eu/fmedatastreaming/AirQualityDownload/AQData_Extract.fmw?CountryCode=BE&CityName=&Pollutant=6001&Year_from=2016&Year_to=2016&Station=STA-BETR802&Samplingpoint=&Source=E1a&Output=HTML&UpdateDate="
"Belgium","NET-Flanders","Flanders","BETR701","44R701 - GENT","SPO-BETR701_00008_100","NO2","Nitrogen dioxide (air)","P1Y-hr-min","1 year hour min","2016","2.500","ug/m3","94.79","1","Background","Urban","3.7293","51.0583","5.0","Gent                                                                            ","BE003C1                                           ","263687","E1a/validated data AQ e-Reporting","18/03/2023 22:31:20","http://fme.discomap.eea.europa.eu/fmedatastreaming/AirQualityDownload/AQData_Extract.fmw?CountryCode=BE&CityName=&Pollutant=8&Year_from=2016&Year_to=2016&Station=STA-BETR701&Samplingpoint=&Source=E1a&Output=HTML&UpdateDate="
"Belgium","NET-Flanders","Flanders","BETR701","44R701 - GENT","SPO-BETR701_00008_100","NO2","Nitrogen dioxide (air)","P1Y-hr-per50","1 year 50 percentile","2016","24.500","ug/m3","94.79","1","Background","Urban","3.7293","51.0583","5.0","Gent                                                                            ","BE003C1                                           ","263687","E1a/validated data AQ e-Reporting","18/03/2023 22:05:49","http://fme.discomap.eea.europa.eu/fmedatastreaming/AirQualityDownload/AQData_Extract.fmw?CountryCode=BE&CityName=&Pollutant=8&Year_from=2016&Year_to=2016&Station=STA-BETR701&Samplingpoint=&Source=E1a&Output=HTML&UpdateDate="
"Belgium","NET-Wallonia","Wallonia","BETN070","43N070 - MONS","SPO-BETN070_06001_100","PM2.5","Particulate matter < 2.5 µm (aerosol)","P1Y-day-min","1 year day min","2016","0.135","ug/m3","100.00","1","Background","Suburban","3.9397","50.4652","30.0","Mons                                                                            ","BE009C1                                           ","95922","E1a/validated data AQ e-Reporting","18/03/2023 21:55:29","http://fme.discomap.eea.europa.eu/fmedatastreaming/AirQualityDownload/AQData_Extract.fmw?CountryCode=BE&CityName=&Pollutant=6001&Year_from=2016&Year_to=2016&Station=STA-BETN070&Samplingpoint=&Source=E1a&Output=HTML&UpdateDate="
"Belgium","NET-Flanders","Flanders","BETR893","42R893 - ANTWERPEN","SPO-BETR893_00008_100","NO2","Nitrogen dioxide (air)","P3Y","3 subsequent calendar years mean","2016","35.479","ug/m3","96.24","1","Industrial","Suburban","4.3858","51.2814","6.0","Antwerpen                                                                       ","BE002C1                                           ","530014","E1a/validated data AQ e-Reporting","18/03/2023 21:36:00","http://fme.discomap.eea.europa.eu/fmedatastreaming/AirQualityDownload/AQData_Extract.fmw?CountryCode=BE&CityName=&Pollutant=8&Year_from=2016&Year_to=2016&Station=STA-BETR893&Samplingpoint=&Source=E1a&Output=HTML&UpdateDate="
"Belgium","NET-Wallonia","Wallonia","BETN073","43N073 - VEZIN","SPO-BETN073_00005_100","PM10","Particulate matter < 10 µm (aerosol)","P1Y-day-max","1 year day max","2016","46.459","ug/m3","100.00","1","Background","Rural","4.9884","50.5027","160.0","","","","E1a/validated data AQ e-Reporting","18/03/2023 21:43:06","http://fme.discomap.eea.europa.eu/fmedatastreaming/AirQualityDownload/AQData_Extract.fmw?CountryCode=BE&CityName=&Pollutant=5&Year_from=2016&Year_to=2016&Station=STA-BETN073&Samplingpoint=&Source=E1a&Output=HTML&UpdateDate="
"Belgium","NET-Wallonia","Wallonia","BETN073","43N073 - VEZIN","SPO-BETN073_00005_100","PM10","Particulate matter < 10 µm (aerosol)","P1Y-day-min","1 year day min","2016","0.066","ug/m3","100.00","1","Background","Rural","4.9884","50.5027","160.0","","","","E1a/validated data AQ e-Reporting","18/03/2023 21:55:13","http://fme.discomap.eea.europa.eu/fmedatastreaming/AirQualityDownload/AQData_Extract.fmw?CountryCode=BE&CityName=&Pollutant=5&Year_from=2016&Year_to=2016&Station=STA-BETN073&Samplingpoint=&Source=E1a&Output=HTML&UpdateDate="
"Belgium","NET-Flanders","Flanders","BETN016","42N016 - DESSEL","SPO-BETN016_00008_100","NO2","Nitrogen dioxide (air)","P1Y-hr-min","1 year hour min","2016","1.000","ug/m3","97.20","1","Background","Rural","5.1640","51.2337","30.0","","","","E1a/validated data AQ e-Reporting","18/03/2023 22:31:20","http://fme.discomap.eea.europa.eu/fmedatastreaming/AirQualityDownload/AQData_Extract.fmw?CountryCode=BE&CityName=&Pollutant=8&Year_from=2016&Year_to=2016&Station=STA-BETN016&Samplingpoint=&Source=E1a&Output=HTML&UpdateDate="
"Belgium","NET-Flanders","Flanders","BETR801","42R801 - BORGERHOUT","SPO-BETR801_00007_100","O3","Ozone (air)","P1Y-hrsAbove180","1 year hour exceed 180","2016","0.000","count","94.02","1","Background","Urban","4.4318","51.2097","6.0","Antwerpen                                                                       ","BE002C1                                           ","530014","E1a/validated data AQ e-Reporting","18/03/2023 21:46:37","http://fme.discomap.eea.europa.eu/fmedatastreaming/AirQualityDownload/AQData_Extract.fmw?CountryCode=BE&CityName=&Pollutant=7&Year_from=2016&Year_to=2016&Station=STA-BETR801&Samplingpoint=&Source=E1a&Output=HTML&UpdateDate="
"Belgium","NET-Wallonia","Wallonia","BETN063","43N063 - CORROY L.G.","SPO-BETN063_00001_100","SO2","Sulphur dioxide (air)","P1Y-hr-max","1 year hour max","2016","10.500","ug/m3","92.54","1","Background","Rural","4.6683","50.6554","145.0","","","","E1a/validated data AQ e-Reporting","18/03/2023 21:57:02","http://fme.discomap.eea.europa.eu/fmedatastreaming/AirQualityDownload/AQData_Extract.fmw?CountryCode=BE&CityName=&Pollutant=1&Year_from=2016&Year_to=2016&Station=STA-BETN063&Samplingpoint=&Source=E1a&Output=HTML&UpdateDate="
"Belgium","NET-Wallonia","Wallonia","BETN063","43N063 - CORROY L.G.","SPO-BETN063_00005_100","PM10","Particulate matter < 10 µm (aerosol)","P1Y","Annual mean / 1 calendar year","2016","17.319","ug/m3","99.66","1","Background","Rural","4.6683","50.6554","145.0","","","","E1a/validated data AQ e-Reporting","18/03/2023 21:08:58","http://fme.discomap.eea.europa.eu/fmedatastreaming/AirQualityDownload/AQData_Extract.fmw?CountryCode=BE&CityName=&Pollutant=5&Year_from=2016&Year_to=2016&Station=STA-BETN063&Samplingpoint=&Source=E1a&Output=HTML&UpdateDate="
"Belgium","NET-Flanders","Flanders","BETR823","42R823 - BEVEREN","SPO-BETR823_00001_100","SO2","Sulphur dioxide (air)","P1Y","Annual mean / 1 calendar year","2016","1.966","ug/m3","97.40","1","Background","Suburban","4.2399","51.2133","0.0","","","","E1a/validated data AQ e-Reporting","18/03/2023 21:08:58","http://fme.discomap.eea.europa.eu/fmedatastreaming/AirQualityDownload/AQData_Extract.fmw?CountryCode=BE&CityName=&Pollutant=1&Year_from=2016&Year_to=2016&Station=STA-BETR823&Samplingpoint=&Source=E1a&Output=HTML&UpdateDate="
"Belgium","NET-Wallonia","Wallonia","BETR223","43R223 - JEMEPPE","SPO-BETR223_00010_100","CO","Carbon monoxide (air)","P1Y-P1D-per99","1 year 99 percentile of daily means (P1D) or .../aq/primaryObservation/day","2016","0.888","mg/m3","99.73","1","Industrial","Suburban","5.5164","50.6207","50.0","Liège                                                                           ","BE005C1                                           ","383700","E1a/validated data AQ e-Reporting","18/03/2023 22:11:26","http://fme.discomap.eea.europa.eu/fmedatastreaming/AirQualityDownload/AQData_Extract.fmw?CountryCode=BE&CityName=&Pollutant=10&Year_from=2016&Year_to=2016&Station=STA-BETR223&Samplingpoint=&Source=E1a&Output=HTML&UpdateDate="
"Belgium","NET-Wallonia","Wallonia","BETR240","43R240 - ENGIS","SPO-BETR240_00001_100","SO2","Sulphur dioxide (air)","P1Y-hr-min","1 year hour min","2016","0.000","ug/m3","95.16","1","Industrial","Suburban","5.3975","50.5836","135.0","","","","E1a/validated data AQ e-Reporting","18/03/2023 22:31:20","http://fme.discomap.eea.europa.eu/fmedatastreaming/AirQualityDownload/AQData_Extract.fmw?CountryCode=BE&CityName=&Pollutant=1&Year_from=2016&Year_to=2016&Station=STA-BETR240&Samplingpoint=&Source=E1a&Output=HTML&UpdateDate="
"Belgium","NET-Wallonia","Wallonia","BETR223","43R223 - JEMEPPE","SPO-BETR223_00001_100","SO2","Sulphur dioxide (air)","P1Y-day-max4","1 year day max 4","2016","4.375","ug/m3","95.08","1","Industrial","Suburban","5.5164","50.6207","50.0","Liège                                                                           ","BE005C1                                           ","383700","E1a/validated data AQ e-Reporting","18/03/2023 22:31:46","http://fme.discomap.eea.europa.eu/fmedatastreaming/AirQualityDownload/AQData_Extract.fmw?CountryCode=BE&CityName=&Pollutant=1&Year_from=2016&Year_to=2016&Station=STA-BETR223&Samplingpoint=&Source=E1a&Output=HTML&UpdateDate="
"Belgium","NET-Wallonia","Wallonia","BETN066","43N066 - EUPEN","SPO-BETN066_00007_100","O3","Ozone (air)","P1Y-day-min","1 year day min","2016","2.159","ug/m3","98.09","1","Background","Rural","6.0023","50.6289","295.0","","","","E1a/validated data AQ e-Reporting","18/03/2023 21:56:21","http://fme.discomap.eea.europa.eu/fmedatastreaming/AirQualityDownload/AQData_Extract.fmw?CountryCode=BE&CityName=&Pollutant=7&Year_from=2016&Year_to=2016&Station=STA-BETN066&Samplingpoint=&Source=E1a&Output=HTML&UpdateDate="
"Belgium","NET-Wallonia","Wallonia","BEVN113","50N113 - SAINT-ODE","SPO-BEVN113_06013_100","1,3,5-C6H3(CH3)3","1,3,5-Trimethylbenzene (air)","P1Y","Annual mean / 1 calendar year","2016","0.000","ug/m3","42.90","1","Background","Rural","5.5930","50.0270","510.0","","","","E1a/validated data AQ e-Reporting","18/03/2023 21:08:58","http://fme.discomap.eea.europa.eu/fmedatastreaming/AirQualityDownload/AQData_Extract.fmw?CountryCode=BE&CityName=&Pollutant=6013&Year_from=2016&Year_to=2016&Station=STA-BEVN113&Samplingpoint=&Source=E1a&Output=HTML&UpdateDate="
"Belgium","NET-Wallonia","Wallonia","BETN066","43N066 - EUPEN","SPO-BETN066_00007_100","O3","Ozone (air)","P3Y-dmaxAbove120","Daymax exceed 120 averaged over 3 consecutive years","2016","9.000","count","100.00","1","Background","Rural","6.0023","50.6289","295.0","","","","E1a/validated data AQ e-Reporting","18/03/2023 22:34:54","http://fme.discomap.eea.europa.eu/fmedatastreaming/AirQualityDownload/AQData_Extract.fmw?CountryCode=BE&CityName=&Pollutant=7&Year_from=2016&Year_to=2016&Station=STA-BETN066&Samplingpoint=&Source=E1a&Output=HTML&UpdateDate="
"Belgium","NET-Flanders","Flanders","BETR834","42R834 - Boom","SPO-BETR834_00005_100","PM10","Particulate matter < 10 µm (aerosol)","P1Y-P1D-per99","1 year 99 percentile of daily means (P1D) or .../aq/primaryObservation/day","2016","53.267","ug/m3","99.45","1","Background","Suburban","4.3801","51.0920","0.0","","","","E1a/validated data AQ e-Reporting","18/03/2023 22:09:38","http://fme.discomap.eea.europa.eu/fmedatastreaming/AirQualityDownload/AQData_Extract.fmw?CountryCode=BE&CityName=&Pollutant=5&Year_from=2016&Year_to=2016&Station=STA-BETR834&Samplingpoint=&Source=E1a&Output=HTML&UpdateDate="
"Belgium","NET-Flanders","Flanders","BETN029","44N029 - HOUTEM","SPO-BETN029_00391_100","Black Carbon","black_carbon (aerosol)","P1Y-hr-per50","1 year 50 percentile","2016","0.415","ug/m3","99.37","1","Background","Rural","2.5823","51.0163","2.0","","","","E1a/validated data AQ e-Reporting","18/03/2023 22:05:49","http://fme.discomap.eea.europa.eu/fmedatastreaming/AirQualityDownload/AQData_Extract.fmw?CountryCode=BE&CityName=&Pollutant=391&Year_from=2016&Year_to=2016&Station=STA-BETN029&Samplingpoint=&Source=E1a&Output=HTML&UpdateDate="
"Belgium","NET-Flanders","Flanders","BETN035","42N035 - AARSCHOT","SPO-BETN035_00001_100","SO2","Sulphur dioxide (air)","P1Y-day-max4","1 year day max 4","2016","4.429","ug/m3","98.91","1","Background","Rural","4.8376","50.9775","55.0","","","","E1a/validated data AQ e-Reporting","18/03/2023 22:31:46","http://fme.discomap.eea.europa.eu/fmedatastreaming/AirQualityDownload/AQData_Extract.fmw?CountryCode=BE&CityName=&Pollutant=1&Year_from=2016&Year_to=2016&Station=STA-BETN035&Samplingpoint=&Source=E1a&Output=HTML&UpdateDate="
"Belgium","NET-Flanders","Flanders","BETR702","44R702 - Gent (G.Carlierlaan)","SPO-BETR702_00005_100","PM10","Particulate matter < 10 µm (aerosol)","P1Y-P1D-per90.4","1 year 90.4 percentile - COMPLIANCE","2016","40.808","ug/m3","100.00","1","Traffic","Urban","3.7350","51.0407","8.0","Gent                                                                            ","BE003C1                                           ","263687","E1a/validated data AQ e-Reporting","18/03/2023 22:08:35","http://fme.discomap.eea.europa.eu/fmedatastreaming/AirQualityDownload/AQData_Extract.fmw?CountryCode=BE&CityName=&Pollutant=5&Year_from=2016&Year_to=2016&Station=STA-BETR702&Samplingpoint=&Source=E1a&Output=HTML&UpdateDate="
"Belgium","NET-Flanders","Flanders","BETR831","42R831 - BERENDRECHT","SPO-BETR831_00007_100","O3","Ozone (air)","P1Y-hr-per50","1 year 50 percentile","2016","35.500","ug/m3","94.62","1","Industrial","Rural","4.3397","51.3488","3.0","Antwerpen                                                                       ","BE002C1                                           ","530014","E1a/validated data AQ e-Reporting","18/03/2023 22:05:49","http://fme.discomap.eea.europa.eu/fmedatastreaming/AirQualityDownload/AQData_Extract.fmw?CountryCode=BE&CityName=&Pollutant=7&Year_from=2016&Year_to=2016&Station=STA-BETR831&Samplingpoint=&Source=E1a&Output=HTML&UpdateDate="
"Belgium","NET-Flanders","Flanders","BETR802","42R802 - BORGERHOUT","SPO-BETR802_00005_100","PM10","Particulate matter < 10 µm (aerosol)","P1Y-day-max","1 year day max","2016","73.861","ug/m3","98.91","1","Traffic","Urban","4.4318","51.2095","6.0","Antwerpen                                                                       ","BE002C1                                           ","530014","E1a/validated data AQ e-Reporting","18/03/2023 21:43:06","http://fme.discomap.eea.europa.eu/fmedatastreaming/AirQualityDownload/AQData_Extract.fmw?CountryCode=BE&CityName=&Pollutant=5&Year_from=2016&Year_to=2016&Station=STA-BETR802&Samplingpoint=&Source=E1a&Output=HTML&UpdateDate="
"Belgium","NET-Flanders","Flanders","BETR801","42R801 - BORGERHOUT","SPO-BETR801_00007_100","O3","Ozone (air)","P1Y-hr-max","1 year hour max","2016","135.500","ug/m3","94.02","1","Background","Urban","4.4318","51.2097","6.0","Antwerpen                                                                       ","BE002C1                                           ","530014","E1a/validated data AQ e-Reporting","18/03/2023 21:57:02","http://fme.discomap.eea.europa.eu/fmedatastreaming/AirQualityDownload/AQData_Extract.fmw?CountryCode=BE&CityName=&Pollutant=7&Year_from=2016&Year_to=2016&Station=STA-BETR801&Samplingpoint=&Source=E1a&Output=HTML&UpdateDate="
"Belgium","NET-Flanders","Flanders","BETR823","42R823 - BEVEREN","SPO-BETR823_00005_100","PM10","Particulate matter < 10 µm (aerosol)","P1Y-daysAbove50","1 year day exceed 50","2016","8.000","count","100.00","1","Background","Suburban","4.2399","51.2133","0.0","","","","E1a/validated data AQ e-Reporting","18/03/2023 22:27:00","http://fme.discomap.eea.europa.eu/fmedatastreaming/AirQualityDownload/AQData_Extract.fmw?CountryCode=BE&CityName=&Pollutant=5&Year_from=2016&Year_to=2016&Station=STA-BETR823&Samplingpoint=&Source=E1a&Output=HTML&UpdateDate="
"Belgium","NET-Flanders","Flanders","BETR823","42R823 - BEVEREN","SPO-BETR823_00005_100","PM10","Particulate matter < 10 µm (aerosol)","P1Y-P1D-per90.4","1 year 90.4 percentile - COMPLIANCE","2016","37.704","ug/m3","100.00","1","Background","Suburban","4.2399","51.2133","0.0","","","","E1a/validated data AQ e-Reporting","18/03/2023 22:08:35","http://fme.discomap.eea.europa.eu/fmedatastreaming/AirQualityDownload/AQData_Extract.fmw?CountryCode=BE&CityName=&Pollutant=5&Year_from=2016&Year_to=2016&Station=STA-BETR823&Samplingpoint=&Source=E1a&Output=HTML&UpdateDate="
"Belgium","NET-Flanders","Flanders","BETN054","42N054 - WALSHOUTEM","SPO-BETN054_00008_100","NO2","Nitrogen dioxide (air)","P1Y-hr-min","1 year hour min","2016","1.000","ug/m3","94.35","1","Background","Rural","5.1032","50.7117","135.0","","","","E1a/validated data AQ e-Reporting","18/03/2023 22:31:20","http://fme.discomap.eea.europa.eu/fmedatastreaming/AirQualityDownload/AQData_Extract.fmw?CountryCode=BE&CityName=&Pollutant=8&Year_from=2016&Year_to=2016&Station=STA-BETN054&Samplingpoint=&Source=E1a&Output=HTML&UpdateDate="
"Belgium","NET-Flanders","Flanders","BETN029","44N029 - HOUTEM","SPO-BETN029_00005_100","PM10","Particulate matter < 10 µm (aerosol)","P1Y-day-min","1 year day min","2016","6.142","ug/m3","99.18","1","Background","Rural","2.5823","51.0163","2.0","","","","E1a/validated data AQ e-Reporting","18/03/2023 21:55:13","http://fme.discomap.eea.europa.eu/fmedatastreaming/AirQualityDownload/AQData_Extract.fmw?CountryCode=BE&CityName=&Pollutant=5&Year_from=2016&Year_to=2016&Station=STA-BETN029&Samplingpoint=&Source=E1a&Output=HTML&UpdateDate="
"Belgium","NET-Flanders","Flanders","BETN054","42N054 - WALSHOUTEM","SPO-BETN054_06001_100","PM2.5","Particulate matter < 2.5 µm (aerosol)","P1Y-hr-per50","1 year 50 percentile","2016","10.000","ug/m3","98.13","1","Background","Rural","5.1032","50.7117","135.0","","","","E1a/validated data AQ e-Reporting","18/03/2023 22:05:49","http://fme.discomap.eea.europa.eu/fmedatastreaming/AirQualityDownload/AQData_Extract.fmw?CountryCode=BE&CityName=&Pollutant=6001&Year_from=2016&Year_to=2016&Station=STA-BETN054&Samplingpoint=&Source=E1a&Output=HTML&UpdateDate="
"Belgium","NET-Flanders","Flanders","BETR020","42R020 - VILVOORDE","SPO-BETR020_06001_100","PM2.5","Particulate matter < 2.5 µm (aerosol)","P1Y-hr-max","1 year hour max","2016","664.500","ug/m3","99.91","1","Background","Suburban","4.4367","50.9414","12.0","","","","E1a/validated data AQ e-Reporting","18/03/2023 21:57:02","http://fme.discomap.eea.europa.eu/fmedatastreaming/AirQualityDownload/AQData_Extract.fmw?CountryCode=BE&CityName=&Pollutant=6001&Year_from=2016&Year_to=2016&Station=STA-BETR020&Samplingpoint=&Source=E1a&Output=HTML&UpdateDate="
"Belgium","NET-Flanders","Flanders","BETR721","44R721 - WONDELGEM","SPO-BETR721_00001_100","SO2","Sulphur dioxide (air)","winter-avg","Winter mean","2016","3.673","ug/m3","94.19","1","Industrial","Suburban","3.7161","51.0890","6.0","Gent                                                                            ","BE003C1                                           ","263687","E1a/validated data AQ e-Reporting","18/03/2023 22:50:43","http://fme.discomap.eea.europa.eu/fmedatastreaming/AirQualityDownload/AQData_Extract.fmw?CountryCode=BE&CityName=&Pollutant=1&Year_from=2016&Year_to=2016&Station=STA-BETR721&Samplingpoint=&Source=E1a&Output=HTML&UpdateDate="
"Belgium","NET-Wallonia","Wallonia","BETN060","43N060 - HAVINNES","SPO-BETN060_00008_100","NO2","Nitrogen dioxide (air)","P1Y-hr-max19","1 year hour max19","2016","50.500","ug/m3","97.29","1","Background","Rural","3.4576","50.6167","0.0","","","","E1a/validated data AQ e-Reporting","18/03/2023 22:34:35","http://fme.discomap.eea.europa.eu/fmedatastreaming/AirQualityDownload/AQData_Extract.fmw?CountryCode=BE&CityName=&Pollutant=8&Year_from=2016&Year_to=2016&Station=STA-BETN060&Samplingpoint=&Source=E1a&Output=HTML&UpdateDate="
"Belgium","NET-Flanders","Flanders","BETR841","42R841 - MECHELEN","SPO-BETR841_00005_100","PM10","Particulate matter < 10 µm (aerosol)","P1Y-day-min","1 year day min","2016","4.933","ug/m3","98.09","1","Background","Suburban","4.4693","51.0025","8.0","Mechelen                                                                        ","BE012C1                                           ","86911","E1a/validated data AQ e-Reporting","18/03/2023 21:55:13","http://fme.discomap.eea.europa.eu/fmedatastreaming/AirQualityDownload/AQData_Extract.fmw?CountryCode=BE&CityName=&Pollutant=5&Year_from=2016&Year_to=2016&Station=STA-BETR841&Samplingpoint=&Source=E1a&Output=HTML&UpdateDate="
"Belgium","NET-Wallonia","Wallonia","BETR501","45R501 - CHARLEROI","SPO-BETR501_00005_100","PM10","Particulate matter < 10 µm (aerosol)","P1Y-P1D-per99","1 year 99 percentile of daily means (P1D) or .../aq/primaryObservation/day","2016","60.479","ug/m3","100.00","1","Background","Urban","4.4522","50.4093","115.0","Charleroi                                                                       ","BE004C1                                           ","203314","E1a/validated data AQ e-Reporting","18/03/2023 22:09:38","http://fme.discomap.eea.europa.eu/fmedatastreaming/AirQualityDownload/AQData_Extract.fmw?CountryCode=BE&CityName=&Pollutant=5&Year_from=2016&Year_to=2016&Station=STA-BETR501&Samplingpoint=&Source=E1a&Output=HTML&UpdateDate="
"Belgium","NET-Flanders","Flanders","BETM705","44M705 - ROESELARE","SPO-BETM705_00005_100","PM10","Particulate matter < 10 µm (aerosol)","P1Y-daysAbove50","1 year day exceed 50","2016","26.000","count","96.99","1","Industrial","Suburban","3.1524","50.9454","19.0","","","","E1a/validated data AQ e-Reporting","18/03/2023 22:27:00","http://fme.discomap.eea.europa.eu/fmedatastreaming/AirQualityDownload/AQData_Extract.fmw?CountryCode=BE&CityName=&Pollutant=5&Year_from=2016&Year_to=2016&Station=STA-BETM705&Samplingpoint=&Source=E1a&Output=HTML&UpdateDate="
"Belgium","NET-Flanders","Flanders","BETM705","44M705 - ROESELARE","SPO-BETM705_00005_100","PM10","Particulate matter < 10 µm (aerosol)","P1Y-P1D-per90.41","1 year 90.41 percentile","2016","47.433","ug/m3","96.99","1","Industrial","Suburban","3.1524","50.9454","19.0","","","","E1a/validated data AQ e-Reporting","18/03/2023 22:09:05","http://fme.discomap.eea.europa.eu/fmedatastreaming/AirQualityDownload/AQData_Extract.fmw?CountryCode=BE&CityName=&Pollutant=5&Year_from=2016&Year_to=2016&Station=STA-BETM705&Samplingpoint=&Source=E1a&Output=HTML&UpdateDate="
"Belgium","NET-Flanders","Flanders","BETN016","42N016 - DESSEL","SPO-BETN016_00008_100","NO2","Nitrogen dioxide (air)","P3Y","3 subsequent calendar years mean","2016","17.946","ug/m3","96.76","1","Background","Rural","5.1640","51.2337","30.0","","","","E1a/validated data AQ e-Reporting","18/03/2023 21:36:00","http://fme.discomap.eea.europa.eu/fmedatastreaming/AirQualityDownload/AQData_Extract.fmw?CountryCode=BE&CityName=&Pollutant=8&Year_from=2016&Year_to=2016&Station=STA-BETN016&Samplingpoint=&Source=E1a&Output=HTML&UpdateDate="
"Belgium","NET-Flanders","Flanders","BETR701","44R701 - GENT","SPO-BETR701_00001_100","SO2","Sulphur dioxide (air)","P1Y-hr-max","1 year hour max","2016","30.500","ug/m3","96.88","1","Background","Urban","3.7293","51.0583","5.0","Gent                                                                            ","BE003C1                                           ","263687","E1a/validated data AQ e-Reporting","18/03/2023 21:57:02","http://fme.discomap.eea.europa.eu/fmedatastreaming/AirQualityDownload/AQData_Extract.fmw?CountryCode=BE&CityName=&Pollutant=1&Year_from=2016&Year_to=2016&Station=STA-BETR701&Samplingpoint=&Source=E1a&Output=HTML&UpdateDate="
"Belgium","NET-Flanders","Flanders","BETR731","44R731 - EVERGEM","SPO-BETR731_00001_100","SO2","Sulphur dioxide (air)","P1Y-day-per50","1 year 50 %ile of daily values in a year","2016","1.125","ug/m3","98.36","1","Industrial","Rural","3.7395","51.1247","6.0","","","","E1a/validated data AQ e-Reporting","18/03/2023 22:14:46","http://fme.discomap.eea.europa.eu/fmedatastreaming/AirQualityDownload/AQData_Extract.fmw?CountryCode=BE&CityName=&Pollutant=1&Year_from=2016&Year_to=2016&Station=STA-BETR731&Samplingpoint=&Source=E1a&Output=HTML&UpdateDate="
"Belgium","NET-Flanders","Flanders","BETR701","44R701 - GENT","SPO-BETR701_00391_100","Black Carbon","black_carbon (aerosol)","P1Y-hr-per50","1 year 50 percentile","2016","1.020","ug/m3","99.66","1","Background","Urban","3.7293","51.0583","5.0","Gent                                                                            ","BE003C1                                           ","263687","E1a/validated data AQ e-Reporting","18/03/2023 22:05:49","http://fme.discomap.eea.europa.eu/fmedatastreaming/AirQualityDownload/AQData_Extract.fmw?CountryCode=BE&CityName=&Pollutant=391&Year_from=2016&Year_to=2016&Station=STA-BETR701&Samplingpoint=&Source=E1a&Output=HTML&UpdateDate="
"Belgium","NET-Flanders","Flanders","BETR701","44R701 - GENT","SPO-BETR701_00005_100","PM10","Particulate matter < 10 µm (aerosol)","P1Y-hr-min","1 year hour min","2016","4.100","ug/m3","99.86","1","Background","Urban","3.7293","51.0583","5.0","Gent                                                                            ","BE003C1                                           ","263687","E1a/validated data AQ e-Reporting","18/03/2023 22:31:20","http://fme.discomap.eea.europa.eu/fmedatastreaming/AirQualityDownload/AQData_Extract.fmw?CountryCode=BE&CityName=&Pollutant=5&Year_from=2016&Year_to=2016&Station=STA-BETR701&Samplingpoint=&Source=E1a&Output=HTML&UpdateDate="
"Belgium","NET-Flanders","Flanders","BETR815","42R815 - ZWIJNDRECHT","SPO-BETR815_00001_100","SO2","Sulphur dioxide (air)","P1Y-day-max4","1 year day max 4","2016","12.792","ug/m3","99.45","1","Industrial","Suburban","4.3322","51.2147","7.0","","","","E1a/validated data AQ e-Reporting","18/03/2023 22:31:46","http://fme.discomap.eea.europa.eu/fmedatastreaming/AirQualityDownload/AQData_Extract.fmw?CountryCode=BE&CityName=&Pollutant=1&Year_from=2016&Year_to=2016&Station=STA-BETR815&Samplingpoint=&Source=E1a&Output=HTML&UpdateDate="
"Belgium","NET-Flanders","Flanders","BETE715","47E715 - ZUIENKERKE","SPO-BETE715_00008_100","NO2","Nitrogen dioxide (air)","P3Y","3 subsequent calendar years mean","2016","15.901","ug/m3","96.97","1","Industrial","Rural","3.1750","51.2459","4.0","","","","E1a/validated data AQ e-Reporting","18/03/2023 21:36:00","http://fme.discomap.eea.europa.eu/fmedatastreaming/AirQualityDownload/AQData_Extract.fmw?CountryCode=BE&CityName=&Pollutant=8&Year_from=2016&Year_to=2016&Station=STA-BETE715&Samplingpoint=&Source=E1a&Output=HTML&UpdateDate="
"Belgium","NET-Flanders","Flanders","BETR701","44R701 - GENT","SPO-BETR701_00008_100","NO2","Nitrogen dioxide (air)","P1Y-3hAbove400","3 consecutive hours in exceedance of 400","2016","0.000","count","94.79","1","Background","Urban","3.7293","51.0583","5.0","Gent                                                                            ","BE003C1                                           ","263687","E1a/validated data AQ e-Reporting","18/03/2023 22:22:30","http://fme.discomap.eea.europa.eu/fmedatastreaming/AirQualityDownload/AQData_Extract.fmw?CountryCode=BE&CityName=&Pollutant=8&Year_from=2016&Year_to=2016&Station=STA-BETR701&Samplingpoint=&Source=E1a&Output=HTML&UpdateDate="
"Belgium","NET-Flanders","Flanders","BETTS21","40TS21 - TESSENDERLO","SPO-BETTS21_00001_100","SO2","Sulphur dioxide (air)","P1Y-day-max4","1 year day max 4","2016","11.792","ug/m3","99.45","1","Industrial","Suburban","5.1075","51.0657","28.0","","","","E1a/validated data AQ e-Reporting","18/03/2023 22:31:46","http://fme.discomap.eea.europa.eu/fmedatastreaming/AirQualityDownload/AQData_Extract.fmw?CountryCode=BE&CityName=&Pollutant=1&Year_from=2016&Year_to=2016&Station=STA-BETTS21&Samplingpoint=&Source=E1a&Output=HTML&UpdateDate="
"Belgium","NET-Flanders","Flanders","BETR750","44R750 - ZELZATE","SPO-BETR750_06001_100","PM2.5","Particulate matter < 2.5 µm (aerosol)","P1Y-P1D-per99","1 year 99 percentile of daily means (P1D) or .../aq/primaryObservation/day","2016","49.583","ug/m3","98.36","1","Industrial","Rural","3.8229","51.1961","6.0","","","","E1a/validated data AQ e-Reporting","18/03/2023 22:10:03","http://fme.discomap.eea.europa.eu/fmedatastreaming/AirQualityDownload/AQData_Extract.fmw?CountryCode=BE&CityName=&Pollutant=6001&Year_from=2016&Year_to=2016&Station=STA-BETR750&Samplingpoint=&Source=E1a&Output=HTML&UpdateDate="
"Belgium","NET-Wallonia","Wallonia","BEVN132","50N132 - HABAY-LA-N.","SPO-BEVN132_00449_100","(CH3)3-C-CH2-CH-(CH3)2","i-Octane (2,2,4-trimethylpentane) (air)","P1Y","Annual mean / 1 calendar year","2016","0.000","ug/m3","47.27","1","Background","Rural","5.6304","49.7193","375.0","","","","E1a/validated data AQ e-Reporting","18/03/2023 21:08:58","http://fme.discomap.eea.europa.eu/fmedatastreaming/AirQualityDownload/AQData_Extract.fmw?CountryCode=BE&CityName=&Pollutant=449&Year_from=2016&Year_to=2016&Station=STA-BEVN132&Samplingpoint=&Source=E1a&Output=HTML&UpdateDate="
"Belgium","NET-Wallonia","Wallonia","BEVN520","50N520 - PERUWELZ","SPO-BEVN520_00431_100","C6H5-C2H5","Ethyl benzene (air)","P1Y","Annual mean / 1 calendar year","2016","0.000","ug/m3","48.09","1","Background","Suburban","3.5943","50.5055","30.0","","","","E1a/validated data AQ e-Reporting","18/03/2023 21:08:58","http://fme.discomap.eea.europa.eu/fmedatastreaming/AirQualityDownload/AQData_Extract.fmw?CountryCode=BE&CityName=&Pollutant=431&Year_from=2016&Year_to=2016&Station=STA-BEVN520&Samplingpoint=&Source=E1a&Output=HTML&UpdateDate="
"Belgium","NET-Wallonia","Wallonia","BETN100","43N100 - DOURBES","SPO-BETN100_00001_100","SO2","Sulphur dioxide (air)","P1Y-P1D-per99","1 year 99 percentile of daily means (P1D) or .../aq/primaryObservation/day","2016","1.313","ug/m3","98.09","1","Background","Rural","4.5948","50.0957","225.0","","","","E1a/validated data AQ e-Reporting","18/03/2023 22:11:00","http://fme.discomap.eea.europa.eu/fmedatastreaming/AirQualityDownload/AQData_Extract.fmw?CountryCode=BE&CityName=&Pollutant=1&Year_from=2016&Year_to=2016&Station=STA-BETN100&Samplingpoint=&Source=E1a&Output=HTML&UpdateDate="
"Belgium","NET-Flanders","Flanders","BETR897","42R897 - ANTWERPEN","SPO-BETR897_00008_100","NO2","Nitrogen dioxide (air)","P1Y-hr-max-per99.79","1 year 99.79 %ile of hourly values in a given year","2016","107.000","ug/m3","96.27","1","Industrial","Suburban","4.3421","51.2501","5.0","Antwerpen                                                                       ","BE002C1                                           ","530014","E1a/validated data AQ e-Reporting","18/03/2023 22:07:35","http://fme.discomap.eea.europa.eu/fmedatastreaming/AirQualityDownload/AQData_Extract.fmw?CountryCode=BE&CityName=&Pollutant=8&Year_from=2016&Year_to=2016&Station=STA-BETR897&Samplingpoint=&Source=E1a&Output=HTML&UpdateDate="
"Belgium","NET-Wallonia","Wallonia","BETN093","43N093 - SINSIN","SPO-BETN093_00009_100","NOX as NO2","Nitrogen oxides (air)","P1Y","Annual mean / 1 calendar year","2016","13.512","ug/m3","95.36","1","Background","Rural","5.2352","50.2745","265.0","","","","E1a/validated data AQ e-Reporting","18/03/2023 21:08:58","http://fme.discomap.eea.europa.eu/fmedatastreaming/AirQualityDownload/AQData_Extract.fmw?CountryCode=BE&CityName=&Pollutant=9&Year_from=2016&Year_to=2016&Station=STA-BETN093&Samplingpoint=&Source=E1a&Output=HTML&UpdateDate="
"Belgium","NET-Flanders","Flanders","BETR892","42R892 - KALLO","SPO-BETR892_00001_100","SO2","Sulphur dioxide (air)","P1Y-P1D-per99","1 year 99 percentile of daily means (P1D) or .../aq/primaryObservation/day","2016","14.938","ug/m3","96.99","1","Industrial","Rural","4.2789","51.2630","9.0","","","","E1a/validated data AQ e-Reporting","18/03/2023 22:11:00","http://fme.discomap.eea.europa.eu/fmedatastreaming/AirQualityDownload/AQData_Extract.fmw?CountryCode=BE&CityName=&Pollutant=1&Year_from=2016&Year_to=2016&Station=STA-BETR892&Samplingpoint=&Source=E1a&Output=HTML&UpdateDate="
"Belgium","NET-Flanders","Flanders","BETR805","42R805 - ANTWERPEN","SPO-BETR805_06001_100","PM2.5","Particulate matter < 2.5 µm (aerosol)","P1Y-hr-per50","1 year 50 percentile","2016","9.500","ug/m3","99.11","1","Traffic","Urban","4.4216","51.2082","6.0","Antwerpen                                                                       ","BE002C1                                           ","530014","E1a/validated data AQ e-Reporting","18/03/2023 22:05:49","http://fme.discomap.eea.europa.eu/fmedatastreaming/AirQualityDownload/AQData_Extract.fmw?CountryCode=BE&CityName=&Pollutant=6001&Year_from=2016&Year_to=2016&Station=STA-BETR805&Samplingpoint=&Source=E1a&Output=HTML&UpdateDate="
"Belgium","NET-Flanders","Flanders","BETN052","44N052 - ZWEVEGEM","SPO-BETN052_00008_100","NO2","Nitrogen dioxide (air)","P1Y-hr-max19","1 year hour max19","2016","80.500","ug/m3","94.73","1","Background","Suburban","3.3225","50.8149","27.0","","","","E1a/validated data AQ e-Reporting","18/03/2023 22:34:35","http://fme.discomap.eea.europa.eu/fmedatastreaming/AirQualityDownload/AQData_Extract.fmw?CountryCode=BE&CityName=&Pollutant=8&Year_from=2016&Year_to=2016&Station=STA-BETN052&Samplingpoint=&Source=E1a&Output=HTML&UpdateDate="
"Belgium","NET-Flanders","Flanders","BETR897","42R897 - ANTWERPEN","SPO-BETR897_00008_100","NO2","Nitrogen dioxide (air)","P1Y-P1D-per99","1 year 99 percentile of daily means (P1D) or .../aq/primaryObservation/day","2016","68.625","ug/m3","98.36","1","Industrial","Suburban","4.3421","51.2501","5.0","Antwerpen                                                                       ","BE002C1                                           ","530014","E1a/validated data AQ e-Reporting","18/03/2023 22:10:34","http://fme.discomap.eea.europa.eu/fmedatastreaming/AirQualityDownload/AQData_Extract.fmw?CountryCode=BE&CityName=&Pollutant=8&Year_from=2016&Year_to=2016&Station=STA-BETR897&Samplingpoint=&Source=E1a&Output=HTML&UpdateDate="
"Belgium","NET-Flanders","Flanders","BETR802","42R802 - BORGERHOUT","SPO-BETR802_00005_100","PM10","Particulate matter < 10 µm (aerosol)","P1Y-day-max36","1 year day max 36","2016","38.871","ug/m3","98.91","1","Traffic","Urban","4.4318","51.2095","6.0","Antwerpen                                                                       ","BE002C1                                           ","530014","E1a/validated data AQ e-Reporting","18/03/2023 22:32:47","http://fme.discomap.eea.europa.eu/fmedatastreaming/AirQualityDownload/AQData_Extract.fmw?CountryCode=BE&CityName=&Pollutant=5&Year_from=2016&Year_to=2016&Station=STA-BETR802&Samplingpoint=&Source=E1a&Output=HTML&UpdateDate="
"Belgium","NET-Flanders","Flanders","BETTS21","40TS21 - TESSENDERLO","SPO-BETTS21_00001_100","SO2","Sulphur dioxide (air)","P1Y","Annual mean / 1 calendar year","2016","2.322","ug/m3","97.34","1","Industrial","Suburban","5.1075","51.0657","28.0","","","","E1a/validated data AQ e-Reporting","18/03/2023 21:08:58","http://fme.discomap.eea.europa.eu/fmedatastreaming/AirQualityDownload/AQData_Extract.fmw?CountryCode=BE&CityName=&Pollutant=1&Year_from=2016&Year_to=2016&Station=STA-BETTS21&Samplingpoint=&Source=E1a&Output=HTML&UpdateDate="
"Belgium","NET-Flanders","Flanders","BETR731","44R731 - EVERGEM","SPO-BETR731_00001_100","SO2","Sulphur dioxide (air)","P1Y-hr-max-per99.73","1 year 99.73 %ile of hourly values in a given year","2016","34.500","ug/m3","96.58","1","Industrial","Rural","3.7395","51.1247","6.0","","","","E1a/validated data AQ e-Reporting","18/03/2023 22:06:23","http://fme.discomap.eea.europa.eu/fmedatastreaming/AirQualityDownload/AQData_Extract.fmw?CountryCode=BE&CityName=&Pollutant=1&Year_from=2016&Year_to=2016&Station=STA-BETR731&Samplingpoint=&Source=E1a&Output=HTML&UpdateDate="
"Belgium","NET-Wallonia","Wallonia","BETR240","43R240 - ENGIS","SPO-BETR240_00007_100","O3","Ozone (air)","SOMO35","Sum of Ozone Means Over 35 ppb","2016","2556.345","ug/m3","92.90","1","Industrial","Suburban","5.3975","50.5836","135.0","","","","E1a/validated data AQ e-Reporting","18/03/2023 22:59:23","http://fme.discomap.eea.europa.eu/fmedatastreaming/AirQualityDownload/AQData_Extract.fmw?CountryCode=BE&CityName=&Pollutant=7&Year_from=2016&Year_to=2016&Station=STA-BETR240&Samplingpoint=&Source=E1a&Output=HTML&UpdateDate="
"Belgium","NET-Wallonia","Wallonia","BETR512","45R512 - MARCHIENNE","SPO-BETR512_00008_100","NO2","Nitrogen dioxide (air)","P1Y-hrsAbove400","1 year hour exceed 400","2016","0.000","count","97.43","1","Industrial","Suburban","4.3959","50.4078","107.0","Charleroi                                                                       ","BE004C1                                           ","203314","E1a/validated data AQ e-Reporting","18/03/2023 21:54:38","http://fme.discomap.eea.europa.eu/fmedatastreaming/AirQualityDownload/AQData_Extract.fmw?CountryCode=BE&CityName=&Pollutant=8&Year_from=2016&Year_to=2016&Station=STA-BETR512&Samplingpoint=&Source=E1a&Output=HTML&UpdateDate="
"Belgium","NET-Wallonia","Wallonia","BETN121","43N121 - OFFAGNE","SPO-BETN121_06001_100","PM2.5","Particulate matter < 2.5 µm (aerosol)","P1Y-day-min","1 year day min","2016","0.000","ug/m3","98.09","1","Background","Rural","5.2024","49.8771","430.0","","","","E1a/validated data AQ e-Reporting","18/03/2023 21:55:29","http://fme.discomap.eea.europa.eu/fmedatastreaming/AirQualityDownload/AQData_Extract.fmw?CountryCode=BE&CityName=&Pollutant=6001&Year_from=2016&Year_to=2016&Station=STA-BETN121&Samplingpoint=&Source=E1a&Output=HTML&UpdateDate="
"Belgium","NET-Wallonia","Wallonia","BETR223","43R223 - JEMEPPE","SPO-BETR223_00010_100","CO","Carbon monoxide (air)","P1Y-hr-per50","1 year 50 percentile","2016","0.225","mg/m3","97.30","1","Industrial","Suburban","5.5164","50.6207","50.0","Liège                                                                           ","BE005C1                                           ","383700","E1a/validated data AQ e-Reporting","18/03/2023 22:05:49","http://fme.discomap.eea.europa.eu/fmedatastreaming/AirQualityDownload/AQData_Extract.fmw?CountryCode=BE&CityName=&Pollutant=10&Year_from=2016&Year_to=2016&Station=STA-BETR223&Samplingpoint=&Source=E1a&Output=HTML&UpdateDate="
"Belgium","NET-Wallonia","Wallonia","BETR240","43R240 - ENGIS","SPO-BETR240_00001_100","SO2","Sulphur dioxide (air)","P1Y-hrsAbove350","1 year hour exceed 350","2016","0.000","count","95.16","1","Industrial","Suburban","5.3975","50.5836","135.0","","","","E1a/validated data AQ e-Reporting","18/03/2023 21:52:12","http://fme.discomap.eea.europa.eu/fmedatastreaming/AirQualityDownload/AQData_Extract.fmw?CountryCode=BE&CityName=&Pollutant=1&Year_from=2016&Year_to=2016&Station=STA-BETR240&Samplingpoint=&Source=E1a&Output=HTML&UpdateDate="
"Belgium","NET-Wallonia","Wallonia","BETN100","43N100 - DOURBES","SPO-BETN100_00001_100","SO2","Sulphur dioxide (air)","P1Y-hr-max","1 year hour max","2016","7.000","ug/m3","96.25","1","Background","Rural","4.5948","50.0957","225.0","","","","E1a/validated data AQ e-Reporting","18/03/2023 21:57:02","http://fme.discomap.eea.europa.eu/fmedatastreaming/AirQualityDownload/AQData_Extract.fmw?CountryCode=BE&CityName=&Pollutant=1&Year_from=2016&Year_to=2016&Station=STA-BETN100&Samplingpoint=&Source=E1a&Output=HTML&UpdateDate="
"Belgium","NET-Wallonia","Wallonia","BETN100","43N100 - DOURBES","SPO-BETN100_00008_100","NO2","Nitrogen dioxide (air)","P1Y-day-per50","1 year 50 %ile of daily values in a year","2016","4.792","ug/m3","99.73","1","Background","Rural","4.5948","50.0957","225.0","","","","E1a/validated data AQ e-Reporting","18/03/2023 22:14:21","http://fme.discomap.eea.europa.eu/fmedatastreaming/AirQualityDownload/AQData_Extract.fmw?CountryCode=BE&CityName=&Pollutant=8&Year_from=2016&Year_to=2016&Station=STA-BETN100&Samplingpoint=&Source=E1a&Output=HTML&UpdateDate="
"Belgium","NET-Flanders","Flanders","BETR801","42R801 - BORGERHOUT","SPO-BETR801_00007_100","O3","Ozone (air)","P1Y-dx-avg","1 year daymax average","2016","44.564","ug/m3","95.36","1","Background","Urban","4.4318","51.2097","6.0","Antwerpen                                                                       ","BE002C1                                           ","530014","E1a/validated data AQ e-Reporting","18/03/2023 22:27:48","http://fme.discomap.eea.europa.eu/fmedatastreaming/AirQualityDownload/AQData_Extract.fmw?CountryCode=BE&CityName=&Pollutant=7&Year_from=2016&Year_to=2016&Station=STA-BETR801&Samplingpoint=&Source=E1a&Output=HTML&UpdateDate="
"Belgium","NET-Wallonia","Wallonia","BETN113","43N113 - SAINT-ODE","SPO-BETN113_00007_100","O3","Ozone (air)","P3Y-dmaxAbove120","Daymax exceed 120 averaged over 3 consecutive years","2016","9.333","count","100.00","1","Background","Rural","5.5930","50.0270","510.0","","","","E1a/validated data AQ e-Reporting","18/03/2023 22:34:54","http://fme.discomap.eea.europa.eu/fmedatastreaming/AirQualityDownload/AQData_Extract.fmw?CountryCode=BE&CityName=&Pollutant=7&Year_from=2016&Year_to=2016&Station=STA-BETN113&Samplingpoint=&Source=E1a&Output=HTML&UpdateDate="
"Belgium","NET-Flanders","Flanders","BETR831","42R831 - BERENDRECHT","SPO-BETR831_00007_100","O3","Ozone (air)","P1Y-day-per50","1 year 50 %ile of daily values in a year","2016","38.300","ug/m3","96.17","1","Industrial","Rural","4.3397","51.3488","3.0","Antwerpen                                                                       ","BE002C1                                           ","530014","E1a/validated data AQ e-Reporting","18/03/2023 22:15:13","http://fme.discomap.eea.europa.eu/fmedatastreaming/AirQualityDownload/AQData_Extract.fmw?CountryCode=BE&CityName=&Pollutant=7&Year_from=2016&Year_to=2016&Station=STA-BETR831&Samplingpoint=&Source=E1a&Output=HTML&UpdateDate="
"Belgium","NET-Wallonia","Wallonia","BETN060","43N060 - HAVINNES","SPO-BETN060_00008_100","NO2","Nitrogen dioxide (air)","P1Y-hrsAbove200","1 year hour exceed 200","2016","0.000","count","97.29","1","Background","Rural","3.4576","50.6167","0.0","","","","E1a/validated data AQ e-Reporting","18/03/2023 21:48:42","http://fme.discomap.eea.europa.eu/fmedatastreaming/AirQualityDownload/AQData_Extract.fmw?CountryCode=BE&CityName=&Pollutant=8&Year_from=2016&Year_to=2016&Station=STA-BETN060&Samplingpoint=&Source=E1a&Output=HTML&UpdateDate="
"Belgium","NET-Flanders","Flanders","BETR020","42R020 - VILVOORDE","SPO-BETR020_00001_100","SO2","Sulphur dioxide (air)","P1Y-day-per50","1 year 50 %ile of daily values in a year","2016","1.000","ug/m3","99.45","1","Background","Suburban","4.4367","50.9414","12.0","","","","E1a/validated data AQ e-Reporting","18/03/2023 22:14:46","http://fme.discomap.eea.europa.eu/fmedatastreaming/AirQualityDownload/AQData_Extract.fmw?CountryCode=BE&CityName=&Pollutant=1&Year_from=2016&Year_to=2016&Station=STA-BETR020&Samplingpoint=&Source=E1a&Output=HTML&UpdateDate="
"Belgium","NET-Flanders","Flanders","BETR701","44R701 - GENT","SPO-BETR701_00008_100","NO2","Nitrogen dioxide (air)","P1Y-hr-max19","1 year hour max19","2016","91.500","ug/m3","94.79","1","Background","Urban","3.7293","51.0583","5.0","Gent                                                                            ","BE003C1                                           ","263687","E1a/validated data AQ e-Reporting","18/03/2023 22:34:35","http://fme.discomap.eea.europa.eu/fmedatastreaming/AirQualityDownload/AQData_Extract.fmw?CountryCode=BE&CityName=&Pollutant=8&Year_from=2016&Year_to=2016&Station=STA-BETR701&Samplingpoint=&Source=E1a&Output=HTML&UpdateDate="
"Belgium","NET-Wallonia","Wallonia","BETN066","43N066 - EUPEN","SPO-BETN066_00008_100","NO2","Nitrogen dioxide (air)","P1Y-hr-max19","1 year hour max19","2016","51.500","ug/m3","97.47","1","Background","Rural","6.0023","50.6289","295.0","","","","E1a/validated data AQ e-Reporting","18/03/2023 22:34:35","http://fme.discomap.eea.europa.eu/fmedatastreaming/AirQualityDownload/AQData_Extract.fmw?CountryCode=BE&CityName=&Pollutant=8&Year_from=2016&Year_to=2016&Station=STA-BETN066&Samplingpoint=&Source=E1a&Output=HTML&UpdateDate="
"Belgium","NET-Flanders","Flanders","BETR805","42R805 - ANTWERPEN","SPO-BETR805_00005_100","PM10","Particulate matter < 10 µm (aerosol)","P1Y-day-max","1 year day max","2016","72.538","ug/m3","98.63","1","Traffic","Urban","4.4216","51.2082","6.0","Antwerpen                                                                       ","BE002C1                                           ","530014","E1a/validated data AQ e-Reporting","18/03/2023 21:43:06","http://fme.discomap.eea.europa.eu/fmedatastreaming/AirQualityDownload/AQData_Extract.fmw?CountryCode=BE&CityName=&Pollutant=5&Year_from=2016&Year_to=2016&Station=STA-BETR805&Samplingpoint=&Source=E1a&Output=HTML&UpdateDate="
"Belgium","NET-Flanders","Flanders","BETR805","42R805 - ANTWERPEN","SPO-BETR805_00005_100","PM10","Particulate matter < 10 µm (aerosol)","P1Y-P1D-per90.4","1 year 90.4 percentile - COMPLIANCE","2016","37.371","ug/m3","98.63","1","Traffic","Urban","4.4216","51.2082","6.0","Antwerpen                                                                       ","BE002C1                                           ","530014","E1a/validated data AQ e-Reporting","18/03/2023 22:08:35","http://fme.discomap.eea.europa.eu/fmedatastreaming/AirQualityDownload/AQData_Extract.fmw?CountryCode=BE&CityName=&Pollutant=5&Year_from=2016&Year_to=2016&Station=STA-BETR805&Samplingpoint=&Source=E1a&Output=HTML&UpdateDate="
"Belgium","NET-Flanders","Flanders","BETR701","44R701 - GENT","SPO-BETR701_06001_100","PM2.5","Particulate matter < 2.5 µm (aerosol)","P1Y-hr-min","1 year hour min","2016","1.000","ug/m3","99.86","1","Background","Urban","3.7293","51.0583","5.0","Gent                                                                            ","BE003C1                                           ","263687","E1a/validated data AQ e-Reporting","18/03/2023 22:31:20","http://fme.discomap.eea.europa.eu/fmedatastreaming/AirQualityDownload/AQData_Extract.fmw?CountryCode=BE&CityName=&Pollutant=6001&Year_from=2016&Year_to=2016&Station=STA-BETR701&Samplingpoint=&Source=E1a&Output=HTML&UpdateDate="
"Belgium","NET-Wallonia","Wallonia","BETN060","43N060 - HAVINNES","SPO-BETN060_00007_100","O3","Ozone (air)","P1Y-maxP6M-P8H-dmax","Yearly highest six monthly average of daily maximum 8-hour mean concentration","2016","74.037","ug/m3","100.00","1","Background","Rural","3.4576","50.6167","0.0","","","","E1a/validated data AQ e-Reporting","18/03/2023 22:58:54","http://fme.discomap.eea.europa.eu/fmedatastreaming/AirQualityDownload/AQData_Extract.fmw?CountryCode=BE&CityName=&Pollutant=7&Year_from=2016&Year_to=2016&Station=STA-BETN060&Samplingpoint=&Source=E1a&Output=HTML&UpdateDate="
"Belgium","NET-Wallonia","Wallonia","BEMJMP1","0JMP01 - JEMEPPE","SPO-BEMJMP1_05018_100","As in PM10","Arsenic in PM10 (aerosol)","P1Y","Annual mean / 1 calendar year","2016","0.554","ng/m3","97.26","1","Industrial","Suburban","5.5164","50.6207","80.0","Liège                                                                           ","BE005C1                                           ","383700","E1a/validated data AQ e-Reporting","18/03/2023 21:08:58","http://fme.discomap.eea.europa.eu/fmedatastreaming/AirQualityDownload/AQData_Extract.fmw?CountryCode=BE&CityName=&Pollutant=5018&Year_from=2016&Year_to=2016&Station=STA-BEMJMP1&Samplingpoint=&Source=E1a&Output=HTML&UpdateDate="
"Belgium","NET-Flanders","Flanders","BETM802","42M802 - ANTWERPEN","SPO-BETM802_00005_100","PM10","Particulate matter < 10 µm (aerosol)","P1Y-hr-min","1 year hour min","2016","4.100","ug/m3","98.57","1","Industrial","Suburban","4.4244","51.2610","3.0","Antwerpen                                                                       ","BE002C1                                           ","530014","E1a/validated data AQ e-Reporting","18/03/2023 22:31:20","http://fme.discomap.eea.europa.eu/fmedatastreaming/AirQualityDownload/AQData_Extract.fmw?CountryCode=BE&CityName=&Pollutant=5&Year_from=2016&Year_to=2016&Station=STA-BETM802&Samplingpoint=&Source=E1a&Output=HTML&UpdateDate="
"Belgium","NET-Wallonia","Wallonia","BETR223","43R223 - JEMEPPE","SPO-BETR223_00005_100","PM10","Particulate matter < 10 µm (aerosol)","P1Y-P1D-per90.4","1 year 90.4 percentile - COMPLIANCE","2016","39.771","ug/m3","99.73","1","Industrial","Suburban","5.5164","50.6207","50.0","Liège                                                                           ","BE005C1                                           ","383700","E1a/validated data AQ e-Reporting","18/03/2023 22:08:35","http://fme.discomap.eea.europa.eu/fmedatastreaming/AirQualityDownload/AQData_Extract.fmw?CountryCode=BE&CityName=&Pollutant=5&Year_from=2016&Year_to=2016&Station=STA-BETR223&Samplingpoint=&Source=E1a&Output=HTML&UpdateDate="
"Belgium","NET-Wallonia","Wallonia","BEMR221","00R221 - LIEGE","SPO-BEMR221_05014_100","Cd in PM10","Cadmium in PM10 (aerosol)","P1Y","Annual mean / 1 calendar year","2016","0.485","ng/m3","97.26","1","Background","Urban","5.6278","50.6584","65.0","Liège                                                                           ","BE005C1                                           ","383700","E1a/validated data AQ e-Reporting","18/03/2023 21:08:58","http://fme.discomap.eea.europa.eu/fmedatastreaming/AirQualityDownload/AQData_Extract.fmw?CountryCode=BE&CityName=&Pollutant=5014&Year_from=2016&Year_to=2016&Station=STA-BEMR221&Samplingpoint=&Source=E1a&Output=HTML&UpdateDate="
"Belgium","NET-Brussels","Brussels","BETR012","41R012 - UCCLE","SPO-BETR012_00391_100","Black Carbon","black_carbon (aerosol)","P1Y-hr-max","1 year hour max","2016","7.235","ug/m3","97.35","1","Background","Suburban","4.3586","50.7966","101.0","Bruxelles / Brussel                                                             ","BE001C1                                           ","1223364","E1a/validated data AQ e-Reporting","18/03/2023 21:57:02","http://fme.discomap.eea.europa.eu/fmedatastreaming/AirQualityDownload/AQData_Extract.fmw?CountryCode=BE&CityName=&Pollutant=391&Year_from=2016&Year_to=2016&Station=STA-BETR012&Samplingpoint=&Source=E1a&Output=HTML&UpdateDate="
"Belgium","NET-Flanders","Flanders","BELGK06","40GK06 - GENK","SPO-BELGK06_06001_100","PM2.5","Particulate matter < 2.5 µm (aerosol)","P1Y-hr-min","1 year hour min","2016","1.000","ug/m3","99.85","1","Industrial","Suburban","5.4706","50.9279","44.0","","","","E1a/validated data AQ e-Reporting","18/03/2023 22:31:20","http://fme.discomap.eea.europa.eu/fmedatastreaming/AirQualityDownload/AQData_Extract.fmw?CountryCode=BE&CityName=&Pollutant=6001&Year_from=2016&Year_to=2016&Station=STA-BELGK06&Samplingpoint=&Source=E1a&Output=HTML&UpdateDate="
"Belgium","NET-Flanders","Flanders","BEDHB17","65HB17 - HOBOKEN
","SPO-BEDHB17_00608_100","Anthracene","anthracene (precip+dry_dep)","P1Y","Annual mean / 1 calendar year","2016","6.707","ng/m2/day","22.95","1","Background","Urban","4.3379","51.1703","0.0","Antwerpen                                                                       ","BE002C1                                           ","530014","E1a/validated data AQ e-Reporting","18/03/2023 21:08:58","http://fme.discomap.eea.europa.eu/fmedatastreaming/AirQualityDownload/AQData_Extract.fmw?CountryCode=BE&CityName=&Pollutant=608&Year_from=2016&Year_to=2016&Station=STA-BEDHB17&Samplingpoint=&Source=E1a&Output=HTML&UpdateDate="
"Belgium","NET-Brussels","Brussels","BETMEU1","41MEU1 - MEUDON","SPO-BETMEU1_00008_100","NO2","Nitrogen dioxide (air)","P1Y-hr-min","1 year hour min","2016","4.000","ug/m3","97.05","1","Background","Suburban","4.3957","50.8950","34.0","Bruxelles / Brussel                                                             ","BE001C1                                           ","1223364","E1a/validated data AQ e-Reporting","18/03/2023 22:31:20","http://fme.discomap.eea.europa.eu/fmedatastreaming/AirQualityDownload/AQData_Extract.fmw?CountryCode=BE&CityName=&Pollutant=8&Year_from=2016&Year_to=2016&Station=STA-BETMEU1&Samplingpoint=&Source=E1a&Output=HTML&UpdateDate="
"Belgium","NET-Flanders","Flanders","BEDZL06","65ZL06 - ZELZATE","SPO-BEDZL06_07380_100","Benzo(b,j,k)fluoranthene","Benzo(b,j,k)fluoranthene (precip+dry_dep)","P1Y","Annual mean / 1 calendar year","2016","78.803","ng/m2/day","22.95","1","Industrial","Suburban","3.8113","51.2087","0.0","","","","E1a/validated data AQ e-Reporting","18/03/2023 21:08:58","http://fme.discomap.eea.europa.eu/fmedatastreaming/AirQualityDownload/AQData_Extract.fmw?CountryCode=BE&CityName=&Pollutant=7380&Year_from=2016&Year_to=2016&Station=STA-BEDZL06&Samplingpoint=&Source=E1a&Output=HTML&UpdateDate="
"Belgium","NET-Wallonia","Wallonia","BETR223","43R223 - JEMEPPE","SPO-BETR223_00001_100","SO2","Sulphur dioxide (air)","P1Y-hr-max","1 year hour max","2016","11.000","ug/m3","92.60","1","Industrial","Suburban","5.5164","50.6207","50.0","Liège                                                                           ","BE005C1                                           ","383700","E1a/validated data AQ e-Reporting","18/03/2023 21:57:02","http://fme.discomap.eea.europa.eu/fmedatastreaming/AirQualityDownload/AQData_Extract.fmw?CountryCode=BE&CityName=&Pollutant=1&Year_from=2016&Year_to=2016&Station=STA-BETR223&Samplingpoint=&Source=E1a&Output=HTML&UpdateDate="
"Belgium","NET-Wallonia","Wallonia","BETR223","43R223 - JEMEPPE","SPO-BETR223_00005_100","PM10","Particulate matter < 10 µm (aerosol)","P1Y-day-max36","1 year day max 36","2016","39.771","ug/m3","99.73","1","Industrial","Suburban","5.5164","50.6207","50.0","Liège                                                                           ","BE005C1                                           ","383700","E1a/validated data AQ e-Reporting","18/03/2023 22:32:47","http://fme.discomap.eea.europa.eu/fmedatastreaming/AirQualityDownload/AQData_Extract.fmw?CountryCode=BE&CityName=&Pollutant=5&Year_from=2016&Year_to=2016&Station=STA-BETR223&Samplingpoint=&Source=E1a&Output=HTML&UpdateDate="
"Belgium","NET-Wallonia","Wallonia","BETN066","43N066 - EUPEN","SPO-BETN066_00007_100","O3","Ozone (air)","AOT40f","AOT40 for forest protection","2016","13523.794","ug/m3","97.04","1","Background","Rural","6.0023","50.6289","295.0","","","","E1a/validated data AQ e-Reporting","18/03/2023 23:06:40","http://fme.discomap.eea.europa.eu/fmedatastreaming/AirQualityDownload/AQData_Extract.fmw?CountryCode=BE&CityName=&Pollutant=7&Year_from=2016&Year_to=2016&Station=STA-BETN066&Samplingpoint=&Source=E1a&Output=HTML&UpdateDate="
"Belgium","NET-Wallonia","Wallonia","BETN132","43N132 - HABAY-LA-N.","SPO-BETN132_00007_100","O3","Ozone (air)","SOMO10","Sum of Ozone Means Over 10 ppb","2016","16485.179","ug/m3","96.72","1","Background","Rural","5.6304","49.7193","375.0","","","","E1a/validated data AQ e-Reporting","18/03/2023 22:59:50","http://fme.discomap.eea.europa.eu/fmedatastreaming/AirQualityDownload/AQData_Extract.fmw?CountryCode=BE&CityName=&Pollutant=7&Year_from=2016&Year_to=2016&Station=STA-BETN132&Samplingpoint=&Source=E1a&Output=HTML&UpdateDate="
"Belgium","NET-Wallonia","Wallonia","BETN066","43N066 - EUPEN","SPO-BETN066_00007_100","O3","Ozone (air)","P1Y-hrsAbove180","1 year hour exceed 180","2016","3.000","count","95.86","1","Background","Rural","6.0023","50.6289","295.0","","","","E1a/validated data AQ e-Reporting","18/03/2023 21:46:37","http://fme.discomap.eea.europa.eu/fmedatastreaming/AirQualityDownload/AQData_Extract.fmw?CountryCode=BE&CityName=&Pollutant=7&Year_from=2016&Year_to=2016&Station=STA-BETN066&Samplingpoint=&Source=E1a&Output=HTML&UpdateDate="
"Belgium","NET-Flanders","Flanders","BETR834","42R834 - Boom","SPO-BETR834_00005_100","PM10","Particulate matter < 10 µm (aerosol)","P1Y-hr-per50","1 year 50 percentile","2016","17.600","ug/m3","99.56","1","Background","Suburban","4.3801","51.0920","0.0","","","","E1a/validated data AQ e-Reporting","18/03/2023 22:05:49","http://fme.discomap.eea.europa.eu/fmedatastreaming/AirQualityDownload/AQData_Extract.fmw?CountryCode=BE&CityName=&Pollutant=5&Year_from=2016&Year_to=2016&Station=STA-BETR834&Samplingpoint=&Source=E1a&Output=HTML&UpdateDate="
"Belgium","NET-Flanders","Flanders","BETR834","42R834 - Boom","SPO-BETR834_00008_100","NO2","Nitrogen dioxide (air)","P1Y-hr-max19","1 year hour max19","2016","84.500","ug/m3","94.79","1","Background","Suburban","4.3801","51.0920","0.0","","","","E1a/validated data AQ e-Reporting","18/03/2023 22:34:35","http://fme.discomap.eea.europa.eu/fmedatastreaming/AirQualityDownload/AQData_Extract.fmw?CountryCode=BE&CityName=&Pollutant=8&Year_from=2016&Year_to=2016&Station=STA-BETR834&Samplingpoint=&Source=E1a&Output=HTML&UpdateDate="
"Belgium","NET-Flanders","Flanders","BETR750","44R750 - ZELZATE","SPO-BETR750_00005_100","PM10","Particulate matter < 10 µm (aerosol)","P1Y-day-min","1 year day min","2016","6.996","ug/m3","98.36","1","Industrial","Rural","3.8229","51.1961","6.0","","","","E1a/validated data AQ e-Reporting","18/03/2023 21:55:13","http://fme.discomap.eea.europa.eu/fmedatastreaming/AirQualityDownload/AQData_Extract.fmw?CountryCode=BE&CityName=&Pollutant=5&Year_from=2016&Year_to=2016&Station=STA-BETR750&Samplingpoint=&Source=E1a&Output=HTML&UpdateDate="
"Belgium","NET-Wallonia","Wallonia","BEMN063","00N063 - CORROY-L-GD","SPO-BEMN063_05014_100","Cd in PM10","Cadmium in PM10 (aerosol)","P1Y","Annual mean / 1 calendar year","2016","0.157","ng/m3","95.34","1","Background","Rural","4.6683","50.6554","145.0","","","","E1a/validated data AQ e-Reporting","18/03/2023 21:08:58","http://fme.discomap.eea.europa.eu/fmedatastreaming/AirQualityDownload/AQData_Extract.fmw?CountryCode=BE&CityName=&Pollutant=5014&Year_from=2016&Year_to=2016&Station=STA-BEMN063&Samplingpoint=&Source=E1a&Output=HTML&UpdateDate="
"Belgium","NET-Flanders","Flanders","BETR841","42R841 - MECHELEN","SPO-BETR841_00007_100","O3","Ozone (air)","P1Y","Annual mean / 1 calendar year","2016","36.873","ug/m3","93.94","1","Background","Suburban","4.4693","51.0025","8.0","Mechelen                                                                        ","BE012C1                                           ","86911","E1a/validated data AQ e-Reporting","18/03/2023 21:08:58","http://fme.discomap.eea.europa.eu/fmedatastreaming/AirQualityDownload/AQData_Extract.fmw?CountryCode=BE&CityName=&Pollutant=7&Year_from=2016&Year_to=2016&Station=STA-BETR841&Samplingpoint=&Source=E1a&Output=HTML&UpdateDate="
"Belgium","NET-Wallonia","Wallonia","BETN100","43N100 - DOURBES","SPO-BETN100_00001_100","SO2","Sulphur dioxide (air)","P1Y-hr-min","1 year hour min","2016","0.000","ug/m3","96.25","1","Background","Rural","4.5948","50.0957","225.0","","","","E1a/validated data AQ e-Reporting","18/03/2023 22:31:20","http://fme.discomap.eea.europa.eu/fmedatastreaming/AirQualityDownload/AQData_Extract.fmw?CountryCode=BE&CityName=&Pollutant=1&Year_from=2016&Year_to=2016&Station=STA-BETN100&Samplingpoint=&Source=E1a&Output=HTML&UpdateDate="
"Belgium","NET-Wallonia","Wallonia","BETN132","43N132 - HABAY-LA-N.","SPO-BETN132_00008_100","NO2","Nitrogen dioxide (air)","P1Y-hrsAbove200","1 year hour exceed 200","2016","0.000","count","96.56","1","Background","Rural","5.6304","49.7193","375.0","","","","E1a/validated data AQ e-Reporting","18/03/2023 21:48:42","http://fme.discomap.eea.europa.eu/fmedatastreaming/AirQualityDownload/AQData_Extract.fmw?CountryCode=BE&CityName=&Pollutant=8&Year_from=2016&Year_to=2016&Station=STA-BETN132&Samplingpoint=&Source=E1a&Output=HTML&UpdateDate="
"Belgium","NET-Wallonia","Wallonia","BETR240","43R240 - ENGIS","SPO-BETR240_00001_100","SO2","Sulphur dioxide (air)","P1Y-day-max4","1 year day max 4","2016","11.545","ug/m3","96.45","1","Industrial","Suburban","5.3975","50.5836","135.0","","","","E1a/validated data AQ e-Reporting","18/03/2023 22:31:46","http://fme.discomap.eea.europa.eu/fmedatastreaming/AirQualityDownload/AQData_Extract.fmw?CountryCode=BE&CityName=&Pollutant=1&Year_from=2016&Year_to=2016&Station=STA-BETR240&Samplingpoint=&Source=E1a&Output=HTML&UpdateDate="
"Belgium","NET-Wallonia","Wallonia","BETN093","43N093 - SINSIN","SPO-BETN093_00008_100","NO2","Nitrogen dioxide (air)","P1Y-day-max","1 year day max","2016","39.913","ug/m3","96.99","1","Background","Rural","5.2352","50.2745","265.0","","","","E1a/validated data AQ e-Reporting","18/03/2023 21:43:56","http://fme.discomap.eea.europa.eu/fmedatastreaming/AirQualityDownload/AQData_Extract.fmw?CountryCode=BE&CityName=&Pollutant=8&Year_from=2016&Year_to=2016&Station=STA-BETN093&Samplingpoint=&Source=E1a&Output=HTML&UpdateDate="
"Belgium","NET-Wallonia","Wallonia","BETN100","43N100 - DOURBES","SPO-BETN100_00005_100","PM10","Particulate matter < 10 µm (aerosol)","P1Y-day-max","1 year day max","2016","51.292","ug/m3","99.73","1","Background","Rural","4.5948","50.0957","225.0","","","","E1a/validated data AQ e-Reporting","18/03/2023 21:43:06","http://fme.discomap.eea.europa.eu/fmedatastreaming/AirQualityDownload/AQData_Extract.fmw?CountryCode=BE&CityName=&Pollutant=5&Year_from=2016&Year_to=2016&Station=STA-BETN100&Samplingpoint=&Source=E1a&Output=HTML&UpdateDate="
"Belgium","NET-Flanders","Flanders","BETR805","42R805 - ANTWERPEN","SPO-BETR805_00005_100","PM10","Particulate matter < 10 µm (aerosol)","P1Y-day-max36","1 year day max 36","2016","37.371","ug/m3","98.63","1","Traffic","Urban","4.4216","51.2082","6.0","Antwerpen                                                                       ","BE002C1                                           ","530014","E1a/validated data AQ e-Reporting","18/03/2023 22:32:47","http://fme.discomap.eea.europa.eu/fmedatastreaming/AirQualityDownload/AQData_Extract.fmw?CountryCode=BE&CityName=&Pollutant=5&Year_from=2016&Year_to=2016&Station=STA-BETR805&Samplingpoint=&Source=E1a&Output=HTML&UpdateDate="
"Belgium","NET-Flanders","Flanders","BETR811","42R811 - SCHOTEN","SPO-BETR811_00005_100","PM10","Particulate matter < 10 µm (aerosol)","P1Y-P1D-per90.4","1 year 90.4 percentile - COMPLIANCE","2016","35.725","ug/m3","99.73","1","Background","Suburban","4.4914","51.2521","8.0","","","","E1a/validated data AQ e-Reporting","18/03/2023 22:08:35","http://fme.discomap.eea.europa.eu/fmedatastreaming/AirQualityDownload/AQData_Extract.fmw?CountryCode=BE&CityName=&Pollutant=5&Year_from=2016&Year_to=2016&Station=STA-BETR811&Samplingpoint=&Source=E1a&Output=HTML&UpdateDate="
"Belgium","NET-Flanders","Flanders","BETR811","42R811 - SCHOTEN","SPO-BETR811_00008_100","NO2","Nitrogen dioxide (air)","P1Y-hr-min","1 year hour min","2016","2.500","ug/m3","96.93","1","Background","Suburban","4.4914","51.2521","8.0","","","","E1a/validated data AQ e-Reporting","18/03/2023 22:31:20","http://fme.discomap.eea.europa.eu/fmedatastreaming/AirQualityDownload/AQData_Extract.fmw?CountryCode=BE&CityName=&Pollutant=8&Year_from=2016&Year_to=2016&Station=STA-BETR811&Samplingpoint=&Source=E1a&Output=HTML&UpdateDate="
"Belgium","NET-Wallonia","Wallonia","BETR221","43R221 - LIEGE","SPO-BETR221_00001_100","SO2","Sulphur dioxide (air)","P1Y-daysAbove125","1 year day exceed 125","2016","0.000","count","87.98","1","Background","Urban","5.6278","50.6584","65.0","Liège                                                                           ","BE005C1                                           ","383700","E1a/validated data AQ e-Reporting","18/03/2023 22:23:37","http://fme.discomap.eea.europa.eu/fmedatastreaming/AirQualityDownload/AQData_Extract.fmw?CountryCode=BE&CityName=&Pollutant=1&Year_from=2016&Year_to=2016&Station=STA-BETR221&Samplingpoint=&Source=E1a&Output=HTML&UpdateDate="
"Belgium","NET-Wallonia","Wallonia","BETR221","43R221 - LIEGE","SPO-BETR221_00007_100","O3","Ozone (air)","P1Y-dx-max26","1 year daymax max 26","2016","92.813","ug/m3","96.45","1","Background","Urban","5.6278","50.6584","65.0","Liège                                                                           ","BE005C1                                           ","383700","E1a/validated data AQ e-Reporting","18/03/2023 22:32:17","http://fme.discomap.eea.europa.eu/fmedatastreaming/AirQualityDownload/AQData_Extract.fmw?CountryCode=BE&CityName=&Pollutant=7&Year_from=2016&Year_to=2016&Station=STA-BETR221&Samplingpoint=&Source=E1a&Output=HTML&UpdateDate="
"Belgium","NET-Flanders","Flanders","BETN012","44N012 - MOERKERKE","SPO-BETN012_00005_100","PM10","Particulate matter < 10 µm (aerosol)","P1Y-day-max36","1 year day max 36","2016","33.163","ug/m3","99.45","1","Background","Rural","3.3625","51.2546","3.0","","","","E1a/validated data AQ e-Reporting","18/03/2023 22:32:47","http://fme.discomap.eea.europa.eu/fmedatastreaming/AirQualityDownload/AQData_Extract.fmw?CountryCode=BE&CityName=&Pollutant=5&Year_from=2016&Year_to=2016&Station=STA-BETN012&Samplingpoint=&Source=E1a&Output=HTML&UpdateDate="
"Belgium","NET-Wallonia","Wallonia","BETR240","43R240 - ENGIS","SPO-BETR240_00005_100","PM10","Particulate matter < 10 µm (aerosol)","P1Y-hr-max","1 year hour max","2016","385.271","ug/m3","97.70","1","Industrial","Suburban","5.3975","50.5836","135.0","","","","E1a/validated data AQ e-Reporting","18/03/2023 21:57:02","http://fme.discomap.eea.europa.eu/fmedatastreaming/AirQualityDownload/AQData_Extract.fmw?CountryCode=BE&CityName=&Pollutant=5&Year_from=2016&Year_to=2016&Station=STA-BETR240&Samplingpoint=&Source=E1a&Output=HTML&UpdateDate="
"Belgium","NET-Wallonia","Wallonia","BETR221","43R221 - LIEGE","SPO-BETR221_00008_100","NO2","Nitrogen dioxide (air)","P1Y-P1D-per99","1 year 99 percentile of daily means (P1D) or .../aq/primaryObservation/day","2016","55.042","ug/m3","99.45","1","Background","Urban","5.6278","50.6584","65.0","Liège                                                                           ","BE005C1                                           ","383700","E1a/validated data AQ e-Reporting","18/03/2023 22:10:34","http://fme.discomap.eea.europa.eu/fmedatastreaming/AirQualityDownload/AQData_Extract.fmw?CountryCode=BE&CityName=&Pollutant=8&Year_from=2016&Year_to=2016&Station=STA-BETR221&Samplingpoint=&Source=E1a&Output=HTML&UpdateDate="
"Belgium","NET-Wallonia","Wallonia","BETR223","43R223 - JEMEPPE","SPO-BETR223_00008_100","NO2","Nitrogen dioxide (air)","P1Y-hr-min","1 year hour min","2016","1.000","ug/m3","97.01","1","Industrial","Suburban","5.5164","50.6207","50.0","Liège                                                                           ","BE005C1                                           ","383700","E1a/validated data AQ e-Reporting","18/03/2023 22:31:20","http://fme.discomap.eea.europa.eu/fmedatastreaming/AirQualityDownload/AQData_Extract.fmw?CountryCode=BE&CityName=&Pollutant=8&Year_from=2016&Year_to=2016&Station=STA-BETR223&Samplingpoint=&Source=E1a&Output=HTML&UpdateDate="
"Belgium","NET-Wallonia","Wallonia","BETR223","43R223 - JEMEPPE","SPO-BETR223_00008_100","NO2","Nitrogen dioxide (air)","P1Y-hrsAbove400","1 year hour exceed 400","2016","0.000","count","97.01","1","Industrial","Suburban","5.5164","50.6207","50.0","Liège                                                                           ","BE005C1                                           ","383700","E1a/validated data AQ e-Reporting","18/03/2023 21:54:38","http://fme.discomap.eea.europa.eu/fmedatastreaming/AirQualityDownload/AQData_Extract.fmw?CountryCode=BE&CityName=&Pollutant=8&Year_from=2016&Year_to=2016&Station=STA-BETR223&Samplingpoint=&Source=E1a&Output=HTML&UpdateDate="
"Belgium","NET-Wallonia","Wallonia","BETR223","43R223 - JEMEPPE","SPO-BETR223_00010_100","CO","Carbon monoxide (air)","P1Y","Annual mean / 1 calendar year","2016","0.265","mg/m3","97.30","1","Industrial","Suburban","5.5164","50.6207","50.0","Liège                                                                           ","BE005C1                                           ","383700","E1a/validated data AQ e-Reporting","18/03/2023 21:08:58","http://fme.discomap.eea.europa.eu/fmedatastreaming/AirQualityDownload/AQData_Extract.fmw?CountryCode=BE&CityName=&Pollutant=10&Year_from=2016&Year_to=2016&Station=STA-BETR223&Samplingpoint=&Source=E1a&Output=HTML&UpdateDate="
"Belgium","NET-Flanders","Flanders","BETR817","42R817 - ANTWERPEN","SPO-BETR817_00008_100","NO2","Nitrogen dioxide (air)","P1Y-hrsAbove400","1 year hour exceed 400","2016","0.000","count","95.00","1","Background","Suburban","4.4180","51.1771","6.0","Antwerpen                                                                       ","BE002C1                                           ","530014","E1a/validated data AQ e-Reporting","18/03/2023 21:54:38","http://fme.discomap.eea.europa.eu/fmedatastreaming/AirQualityDownload/AQData_Extract.fmw?CountryCode=BE&CityName=&Pollutant=8&Year_from=2016&Year_to=2016&Station=STA-BETR817&Samplingpoint=&Source=E1a&Output=HTML&UpdateDate="
"Belgium","NET-Wallonia","Wallonia","BETN060","43N060 - HAVINNES","SPO-BETN060_00005_100","PM10","Particulate matter < 10 µm (aerosol)","P1Y-day-max36","1 year day max 36","2016","37.521","ug/m3","100.00","1","Background","Rural","3.4576","50.6167","0.0","","","","E1a/validated data AQ e-Reporting","18/03/2023 22:32:47","http://fme.discomap.eea.europa.eu/fmedatastreaming/AirQualityDownload/AQData_Extract.fmw?CountryCode=BE&CityName=&Pollutant=5&Year_from=2016&Year_to=2016&Station=STA-BETN060&Samplingpoint=&Source=E1a&Output=HTML&UpdateDate="
"Belgium","NET-Wallonia","Wallonia","BETR501","45R501 - CHARLEROI","SPO-BETR501_00005_100","PM10","Particulate matter < 10 µm (aerosol)","P1Y-hr-max","1 year hour max","2016","159.271","ug/m3","99.68","1","Background","Urban","4.4522","50.4093","115.0","Charleroi                                                                       ","BE004C1                                           ","203314","E1a/validated data AQ e-Reporting","18/03/2023 21:57:02","http://fme.discomap.eea.europa.eu/fmedatastreaming/AirQualityDownload/AQData_Extract.fmw?CountryCode=BE&CityName=&Pollutant=5&Year_from=2016&Year_to=2016&Station=STA-BETR501&Samplingpoint=&Source=E1a&Output=HTML&UpdateDate="
"Belgium","NET-Wallonia","Wallonia","BETR240","43R240 - ENGIS","SPO-BETR240_00008_100","NO2","Nitrogen dioxide (air)","P1Y-hrsAbove200","1 year hour exceed 200","2016","0.000","count","95.54","1","Industrial","Suburban","5.3975","50.5836","135.0","","","","E1a/validated data AQ e-Reporting","18/03/2023 21:48:42","http://fme.discomap.eea.europa.eu/fmedatastreaming/AirQualityDownload/AQData_Extract.fmw?CountryCode=BE&CityName=&Pollutant=8&Year_from=2016&Year_to=2016&Station=STA-BETR240&Samplingpoint=&Source=E1a&Output=HTML&UpdateDate="
"Belgium","NET-Wallonia","Wallonia","BETH201","43H201 - LIEGE","SPO-BETH201_00001_100","SO2","Sulphur dioxide (air)","P1Y-hr-max-per99.73","1 year 99.73 %ile of hourly values in a given year","2016","5.500","ug/m3","96.81","1","Background","Suburban","5.5475","50.6250","160.0","Liège                                                                           ","BE005C1                                           ","383700","E1a/validated data AQ e-Reporting","18/03/2023 22:06:23","http://fme.discomap.eea.europa.eu/fmedatastreaming/AirQualityDownload/AQData_Extract.fmw?CountryCode=BE&CityName=&Pollutant=1&Year_from=2016&Year_to=2016&Station=STA-BETH201&Samplingpoint=&Source=E1a&Output=HTML&UpdateDate="
"Belgium","NET-Wallonia","Wallonia","BETN113","43N113 - SAINT-ODE","SPO-BETN113_00005_100","PM10","Particulate matter < 10 µm (aerosol)","P1Y-day-max36","1 year day max 36","2016","20.813","ug/m3","92.08","1","Background","Rural","5.5930","50.0270","510.0","","","","E1a/validated data AQ e-Reporting","18/03/2023 22:32:47","http://fme.discomap.eea.europa.eu/fmedatastreaming/AirQualityDownload/AQData_Extract.fmw?CountryCode=BE&CityName=&Pollutant=5&Year_from=2016&Year_to=2016&Station=STA-BETN113&Samplingpoint=&Source=E1a&Output=HTML&UpdateDate="
"Belgium","NET-Wallonia","Wallonia","BETN073","43N073 - VEZIN","SPO-BETN073_00007_100","O3","Ozone (air)","P1Y","Annual mean / 1 calendar year","2016","42.504","ug/m3","96.08","1","Background","Rural","4.9884","50.5027","160.0","","","","E1a/validated data AQ e-Reporting","18/03/2023 21:08:58","http://fme.discomap.eea.europa.eu/fmedatastreaming/AirQualityDownload/AQData_Extract.fmw?CountryCode=BE&CityName=&Pollutant=7&Year_from=2016&Year_to=2016&Station=STA-BETN073&Samplingpoint=&Source=E1a&Output=HTML&UpdateDate="
"Belgium","NET-Wallonia","Wallonia","BETH201","43H201 - LIEGE","SPO-BETH201_00005_100","PM10","Particulate matter < 10 µm (aerosol)","P1Y-P1D-per99","1 year 99 percentile of daily means (P1D) or .../aq/primaryObservation/day","2016","48.729","ug/m3","97.54","1","Background","Suburban","5.5475","50.6250","160.0","Liège                                                                           ","BE005C1                                           ","383700","E1a/validated data AQ e-Reporting","18/03/2023 22:09:38","http://fme.discomap.eea.europa.eu/fmedatastreaming/AirQualityDownload/AQData_Extract.fmw?CountryCode=BE&CityName=&Pollutant=5&Year_from=2016&Year_to=2016&Station=STA-BETH201&Samplingpoint=&Source=E1a&Output=HTML&UpdateDate="
"Belgium","NET-Wallonia","Wallonia","BETR222","43R222 - SERAING","SPO-BETR222_00001_100","SO2","Sulphur dioxide (air)","P1Y-day-min","1 year day min","2016","0.000","ug/m3","91.26","1","Background","Suburban","5.5702","50.6134","65.0","Liège                                                                           ","BE005C1                                           ","383700","E1a/validated data AQ e-Reporting","18/03/2023 21:54:56","http://fme.discomap.eea.europa.eu/fmedatastreaming/AirQualityDownload/AQData_Extract.fmw?CountryCode=BE&CityName=&Pollutant=1&Year_from=2016&Year_to=2016&Station=STA-BETR222&Samplingpoint=&Source=E1a&Output=HTML&UpdateDate="
"Belgium","NET-Flanders","Flanders","BETR841","42R841 - MECHELEN","SPO-BETR841_00007_100","O3","Ozone (air)","AOT40cmeasured","AOT40c UNCORRECTED for data capture","2016","5940.000","ug/m3","97.64","1","Background","Suburban","4.4693","51.0025","8.0","Mechelen                                                                        ","BE012C1                                           ","86911","E1a/validated data AQ e-Reporting","18/03/2023 23:01:40","http://fme.discomap.eea.europa.eu/fmedatastreaming/AirQualityDownload/AQData_Extract.fmw?CountryCode=BE&CityName=&Pollutant=7&Year_from=2016&Year_to=2016&Station=STA-BETR841&Samplingpoint=&Source=E1a&Output=HTML&UpdateDate="
"Belgium","NET-Wallonia","Wallonia","BETN070","43N070 - MONS","SPO-BETN070_00001_100","SO2","Sulphur dioxide (air)","P1Y-day-max","1 year day max","2016","4.152","ug/m3","100.00","1","Background","Suburban","3.9397","50.4652","30.0","Mons                                                                            ","BE009C1                                           ","95922","E1a/validated data AQ e-Reporting","18/03/2023 21:42:48","http://fme.discomap.eea.europa.eu/fmedatastreaming/AirQualityDownload/AQData_Extract.fmw?CountryCode=BE&CityName=&Pollutant=1&Year_from=2016&Year_to=2016&Station=STA-BETN070&Samplingpoint=&Source=E1a&Output=HTML&UpdateDate="
"Belgium","NET-Wallonia","Wallonia","BETN070","43N070 - MONS","SPO-BETN070_00005_100","PM10","Particulate matter < 10 µm (aerosol)","P1Y-P1D-per90.4","1 year 90.4 percentile - COMPLIANCE","2016","38.854","ug/m3","100.00","1","Background","Suburban","3.9397","50.4652","30.0","Mons                                                                            ","BE009C1                                           ","95922","E1a/validated data AQ e-Reporting","18/03/2023 22:08:35","http://fme.discomap.eea.europa.eu/fmedatastreaming/AirQualityDownload/AQData_Extract.fmw?CountryCode=BE&CityName=&Pollutant=5&Year_from=2016&Year_to=2016&Station=STA-BETN070&Samplingpoint=&Source=E1a&Output=HTML&UpdateDate="
"Belgium","NET-Flanders","Flanders","BETTS21","40TS21 - TESSENDERLO","SPO-BETTS21_00001_100","SO2","Sulphur dioxide (air)","P1Y-hr-per50","1 year 50 percentile","2016","1.000","ug/m3","97.34","1","Industrial","Suburban","5.1075","51.0657","28.0","","","","E1a/validated data AQ e-Reporting","18/03/2023 22:05:49","http://fme.discomap.eea.europa.eu/fmedatastreaming/AirQualityDownload/AQData_Extract.fmw?CountryCode=BE&CityName=&Pollutant=1&Year_from=2016&Year_to=2016&Station=STA-BETTS21&Samplingpoint=&Source=E1a&Output=HTML&UpdateDate="
"Belgium","NET-Flanders","Flanders","BETR803","42R803 - ANTWERPEN","SPO-BETR803_00008_100","NO2","Nitrogen dioxide (air)","P1Y-hr-max19","1 year hour max19","2016","115.500","ug/m3","93.34","1","Background","Urban","4.4285","51.2286","0.0","Antwerpen                                                                       ","BE002C1                                           ","530014","E1a/validated data AQ e-Reporting","18/03/2023 22:34:35","http://fme.discomap.eea.europa.eu/fmedatastreaming/AirQualityDownload/AQData_Extract.fmw?CountryCode=BE&CityName=&Pollutant=8&Year_from=2016&Year_to=2016&Station=STA-BETR803&Samplingpoint=&Source=E1a&Output=HTML&UpdateDate="
"Belgium","NET-Flanders","Flanders","BETN045","42N045 - HASSELT","SPO-BETN045_00007_100","O3","Ozone (air)","AOT40f","AOT40 for forest protection","2016","19530.339","ug/m3","96.72","1","Background","Suburban","5.3684","50.9397","41.0","","","","E1a/validated data AQ e-Reporting","18/03/2023 23:06:40","http://fme.discomap.eea.europa.eu/fmedatastreaming/AirQualityDownload/AQData_Extract.fmw?CountryCode=BE&CityName=&Pollutant=7&Year_from=2016&Year_to=2016&Station=STA-BETN045&Samplingpoint=&Source=E1a&Output=HTML&UpdateDate="
"Belgium","NET-Flanders","Flanders","BETN045","42N045 - HASSELT","SPO-BETN045_00007_100","O3","Ozone (air)","P1Y-hr-min","1 year hour min","2016","1.000","ug/m3","94.31","1","Background","Suburban","5.3684","50.9397","41.0","","","","E1a/validated data AQ e-Reporting","18/03/2023 22:31:20","http://fme.discomap.eea.europa.eu/fmedatastreaming/AirQualityDownload/AQData_Extract.fmw?CountryCode=BE&CityName=&Pollutant=7&Year_from=2016&Year_to=2016&Station=STA-BETN045&Samplingpoint=&Source=E1a&Output=HTML&UpdateDate="
"Belgium","NET-Flanders","Flanders","BETR805","42R805 - ANTWERPEN","SPO-BETR805_00005_100","PM10","Particulate matter < 10 µm (aerosol)","P1Y-hr-min","1 year hour min","2016","3.600","ug/m3","99.11","1","Traffic","Urban","4.4216","51.2082","6.0","Antwerpen                                                                       ","BE002C1                                           ","530014","E1a/validated data AQ e-Reporting","18/03/2023 22:31:20","http://fme.discomap.eea.europa.eu/fmedatastreaming/AirQualityDownload/AQData_Extract.fmw?CountryCode=BE&CityName=&Pollutant=5&Year_from=2016&Year_to=2016&Station=STA-BETR805&Samplingpoint=&Source=E1a&Output=HTML&UpdateDate="
"Belgium","NET-Flanders","Flanders","BETN045","42N045 - HASSELT","SPO-BETN045_00005_100","PM10","Particulate matter < 10 µm (aerosol)","P1Y-P1D-per90.4","1 year 90.4 percentile - COMPLIANCE","2016","32.871","ug/m3","99.45","1","Background","Suburban","5.3684","50.9397","41.0","","","","E1a/validated data AQ e-Reporting","18/03/2023 22:08:35","http://fme.discomap.eea.europa.eu/fmedatastreaming/AirQualityDownload/AQData_Extract.fmw?CountryCode=BE&CityName=&Pollutant=5&Year_from=2016&Year_to=2016&Station=STA-BETN045&Samplingpoint=&Source=E1a&Output=HTML&UpdateDate="
"Belgium","NET-Flanders","Flanders","BETN045","42N045 - HASSELT","SPO-BETN045_00008_100","NO2","Nitrogen dioxide (air)","P1Y-P1D-per99","1 year 99 percentile of daily means (P1D) or .../aq/primaryObservation/day","2016","56.075","ug/m3","98.91","1","Background","Suburban","5.3684","50.9397","41.0","","","","E1a/validated data AQ e-Reporting","18/03/2023 22:10:34","http://fme.discomap.eea.europa.eu/fmedatastreaming/AirQualityDownload/AQData_Extract.fmw?CountryCode=BE&CityName=&Pollutant=8&Year_from=2016&Year_to=2016&Station=STA-BETN045&Samplingpoint=&Source=E1a&Output=HTML&UpdateDate="
"Belgium","NET-Flanders","Flanders","BETR802","42R802 - BORGERHOUT","SPO-BETR802_00005_100","PM10","Particulate matter < 10 µm (aerosol)","P1Y-hr-min","1 year hour min","2016","3.600","ug/m3","99.06","1","Traffic","Urban","4.4318","51.2095","6.0","Antwerpen                                                                       ","BE002C1                                           ","530014","E1a/validated data AQ e-Reporting","18/03/2023 22:31:20","http://fme.discomap.eea.europa.eu/fmedatastreaming/AirQualityDownload/AQData_Extract.fmw?CountryCode=BE&CityName=&Pollutant=5&Year_from=2016&Year_to=2016&Station=STA-BETR802&Samplingpoint=&Source=E1a&Output=HTML&UpdateDate="
"Belgium","NET-Wallonia","Wallonia","BEMENG1","0ENG01 - ENGIS","SPO-BEMENG1_05014_100","Cd in PM10","Cadmium in PM10 (aerosol)","P1Y","Annual mean / 1 calendar year","2016","0.793","ng/m3","87.69","1","Industrial","Suburban","5.3975","50.5836","135.0","","","","E1a/validated data AQ e-Reporting","18/03/2023 21:08:58","http://fme.discomap.eea.europa.eu/fmedatastreaming/AirQualityDownload/AQData_Extract.fmw?CountryCode=BE&CityName=&Pollutant=5014&Year_from=2016&Year_to=2016&Station=STA-BEMENG1&Samplingpoint=&Source=E1a&Output=HTML&UpdateDate="
"Belgium","NET-Wallonia","Wallonia","BEMN132","00N132 - HABAY-L-N","SPO-BEMN132_05014_100","Cd in PM10","Cadmium in PM10 (aerosol)","P1Y","Annual mean / 1 calendar year","2016","0.071","ng/m3","93.43","1","Background","Rural","5.6303","49.7190","375.0","","","","E1a/validated data AQ e-Reporting","18/03/2023 21:08:58","http://fme.discomap.eea.europa.eu/fmedatastreaming/AirQualityDownload/AQData_Extract.fmw?CountryCode=BE&CityName=&Pollutant=5014&Year_from=2016&Year_to=2016&Station=STA-BEMN132&Samplingpoint=&Source=E1a&Output=HTML&UpdateDate="
"Belgium","NET-Wallonia","Wallonia","BETN070","43N070 - MONS","SPO-BETN070_00005_100","PM10","Particulate matter < 10 µm (aerosol)","P1Y","Annual mean / 1 calendar year","2016","21.373","ug/m3","99.59","1","Background","Suburban","3.9397","50.4652","30.0","Mons                                                                            ","BE009C1                                           ","95922","E1a/validated data AQ e-Reporting","18/03/2023 21:08:58","http://fme.discomap.eea.europa.eu/fmedatastreaming/AirQualityDownload/AQData_Extract.fmw?CountryCode=BE&CityName=&Pollutant=5&Year_from=2016&Year_to=2016&Station=STA-BETN070&Samplingpoint=&Source=E1a&Output=HTML&UpdateDate="
"Belgium","NET-Flanders","Flanders","BETR817","42R817 - ANTWERPEN","SPO-BETR817_00391_100","Black Carbon","black_carbon (aerosol)","P1Y","Annual mean / 1 calendar year","2016","1.572","ug/m3","96.40","1","Background","Suburban","4.4180","51.1771","6.0","Antwerpen                                                                       ","BE002C1                                           ","530014","E1a/validated data AQ e-Reporting","18/03/2023 21:08:58","http://fme.discomap.eea.europa.eu/fmedatastreaming/AirQualityDownload/AQData_Extract.fmw?CountryCode=BE&CityName=&Pollutant=391&Year_from=2016&Year_to=2016&Station=STA-BETR817&Samplingpoint=&Source=E1a&Output=HTML&UpdateDate="
"Belgium","NET-Flanders","Flanders","BETR701","44R701 - GENT","SPO-BETR701_06001_100","PM2.5","Particulate matter < 2.5 µm (aerosol)","P1Y","Annual mean / 1 calendar year","2016","14.212","ug/m3","99.86","1","Background","Urban","3.7293","51.0583","5.0","Gent                                                                            ","BE003C1                                           ","263687","E1a/validated data AQ e-Reporting","18/03/2023 21:08:58","http://fme.discomap.eea.europa.eu/fmedatastreaming/AirQualityDownload/AQData_Extract.fmw?CountryCode=BE&CityName=&Pollutant=6001&Year_from=2016&Year_to=2016&Station=STA-BETR701&Samplingpoint=&Source=E1a&Output=HTML&UpdateDate="
"Belgium","NET-Flanders","Flanders","BETR834","42R834 - Boom","SPO-BETR834_00008_100","NO2","Nitrogen dioxide (air)","P1Y-hr-min","1 year hour min","2016","2.000","ug/m3","94.79","1","Background","Suburban","4.3801","51.0920","0.0","","","","E1a/validated data AQ e-Reporting","18/03/2023 22:31:20","http://fme.discomap.eea.europa.eu/fmedatastreaming/AirQualityDownload/AQData_Extract.fmw?CountryCode=BE&CityName=&Pollutant=8&Year_from=2016&Year_to=2016&Station=STA-BETR834&Samplingpoint=&Source=E1a&Output=HTML&UpdateDate="
"Belgium","NET-Flanders","Flanders","BETR834","42R834 - Boom","SPO-BETR834_00008_100","NO2","Nitrogen dioxide (air)","P1Y-hr-per50","1 year 50 percentile","2016","19.000","ug/m3","94.79","1","Background","Suburban","4.3801","51.0920","0.0","","","","E1a/validated data AQ e-Reporting","18/03/2023 22:05:49","http://fme.discomap.eea.europa.eu/fmedatastreaming/AirQualityDownload/AQData_Extract.fmw?CountryCode=BE&CityName=&Pollutant=8&Year_from=2016&Year_to=2016&Station=STA-BETR834&Samplingpoint=&Source=E1a&Output=HTML&UpdateDate="
"Belgium","NET-Flanders","Flanders","BETR841","42R841 - MECHELEN","SPO-BETR841_00005_100","PM10","Particulate matter < 10 µm (aerosol)","P1Y-daysAbove50","1 year day exceed 50","2016","5.000","count","98.09","1","Background","Suburban","4.4693","51.0025","8.0","Mechelen                                                                        ","BE012C1                                           ","86911","E1a/validated data AQ e-Reporting","18/03/2023 22:27:00","http://fme.discomap.eea.europa.eu/fmedatastreaming/AirQualityDownload/AQData_Extract.fmw?CountryCode=BE&CityName=&Pollutant=5&Year_from=2016&Year_to=2016&Station=STA-BETR841&Samplingpoint=&Source=E1a&Output=HTML&UpdateDate="
"Belgium","NET-Flanders","Flanders","BESMA01","59MA01 - MAASMECHELEN","SPO-BESMA01_06013_100","1,3,5-C6H3(CH3)3","1,3,5-Trimethylbenzene (air)","P1Y","Annual mean / 1 calendar year","2016","0.000","ug/m3","86.62","1","Background","Suburban","5.7256","50.9816","0.0","","","","E1a/validated data AQ e-Reporting","18/03/2023 21:08:58","http://fme.discomap.eea.europa.eu/fmedatastreaming/AirQualityDownload/AQData_Extract.fmw?CountryCode=BE&CityName=&Pollutant=6013&Year_from=2016&Year_to=2016&Station=STA-BESMA01&Samplingpoint=&Source=E1a&Output=HTML&UpdateDate="
"Belgium","NET-Wallonia","Wallonia","BETN073","43N073 - VEZIN","SPO-BETN073_00007_100","O3","Ozone (air)","P1Y-maxP6M-P8H-dmax","Yearly highest six monthly average of daily maximum 8-hour mean concentration","2016","77.193","ug/m3","100.00","1","Background","Rural","4.9884","50.5027","160.0","","","","E1a/validated data AQ e-Reporting","18/03/2023 22:58:54","http://fme.discomap.eea.europa.eu/fmedatastreaming/AirQualityDownload/AQData_Extract.fmw?CountryCode=BE&CityName=&Pollutant=7&Year_from=2016&Year_to=2016&Station=STA-BETN073&Samplingpoint=&Source=E1a&Output=HTML&UpdateDate="
"Belgium","NET-Flanders","Flanders","BETR740","44R740 - ST.KRUIS-WI","SPO-BETR740_00007_100","O3","Ozone (air)","P1Y-hr-per50","1 year 50 percentile","2016","41.000","ug/m3","89.96","1","Industrial","Rural","3.8087","51.1501","5.0","Gent                                                                            ","BE003C1                                           ","263687","E1a/validated data AQ e-Reporting","18/03/2023 22:05:49","http://fme.discomap.eea.europa.eu/fmedatastreaming/AirQualityDownload/AQData_Extract.fmw?CountryCode=BE&CityName=&Pollutant=7&Year_from=2016&Year_to=2016&Station=STA-BETR740&Samplingpoint=&Source=E1a&Output=HTML&UpdateDate="
"Belgium","NET-Flanders","Flanders","BETR740","44R740 - ST.KRUIS-WI","SPO-BETR740_00007_100","O3","Ozone (air)","P3Y","3 subsequent calendar years mean","2016","41.877","ug/m3","92.13","1","Industrial","Rural","3.8087","51.1501","5.0","Gent                                                                            ","BE003C1                                           ","263687","E1a/validated data AQ e-Reporting","18/03/2023 21:36:00","http://fme.discomap.eea.europa.eu/fmedatastreaming/AirQualityDownload/AQData_Extract.fmw?CountryCode=BE&CityName=&Pollutant=7&Year_from=2016&Year_to=2016&Station=STA-BETR740&Samplingpoint=&Source=E1a&Output=HTML&UpdateDate="
"Belgium","NET-Flanders","Flanders","BETR731","44R731 - EVERGEM","SPO-BETR731_00001_100","SO2","Sulphur dioxide (air)","P1Y-day-min","1 year day min","2016","1.000","ug/m3","98.36","1","Industrial","Rural","3.7395","51.1247","6.0","","","","E1a/validated data AQ e-Reporting","18/03/2023 21:54:56","http://fme.discomap.eea.europa.eu/fmedatastreaming/AirQualityDownload/AQData_Extract.fmw?CountryCode=BE&CityName=&Pollutant=1&Year_from=2016&Year_to=2016&Station=STA-BETR731&Samplingpoint=&Source=E1a&Output=HTML&UpdateDate="
"Belgium","NET-Wallonia","Wallonia","BETH201","43H201 - LIEGE","SPO-BETH201_00001_100","SO2","Sulphur dioxide (air)","P1Y-hr-max25","1 year hour max 25","2016","5.500","ug/m3","96.81","1","Background","Suburban","5.5475","50.6250","160.0","Liège                                                                           ","BE005C1                                           ","383700","E1a/validated data AQ e-Reporting","18/03/2023 22:33:20","http://fme.discomap.eea.europa.eu/fmedatastreaming/AirQualityDownload/AQData_Extract.fmw?CountryCode=BE&CityName=&Pollutant=1&Year_from=2016&Year_to=2016&Station=STA-BETH201&Samplingpoint=&Source=E1a&Output=HTML&UpdateDate="
"Belgium","NET-Wallonia","Wallonia","BETH201","43H201 - LIEGE","SPO-BETH201_06001_100","PM2.5","Particulate matter < 2.5 µm (aerosol)","P1Y-day-per50","1 year 50 %ile of daily values in a year","2016","7.449","ug/m3","97.54","1","Background","Suburban","5.5475","50.6250","160.0","Liège                                                                           ","BE005C1                                           ","383700","E1a/validated data AQ e-Reporting","18/03/2023 22:11:51","http://fme.discomap.eea.europa.eu/fmedatastreaming/AirQualityDownload/AQData_Extract.fmw?CountryCode=BE&CityName=&Pollutant=6001&Year_from=2016&Year_to=2016&Station=STA-BETH201&Samplingpoint=&Source=E1a&Output=HTML&UpdateDate="
"Belgium","NET-Flanders","Flanders","BETR892","42R892 - KALLO","SPO-BETR892_00008_100","NO2","Nitrogen dioxide (air)","P1Y-hr-max19","1 year hour max19","2016","105.500","ug/m3","96.80","1","Industrial","Rural","4.2789","51.2630","9.0","","","","E1a/validated data AQ e-Reporting","18/03/2023 22:34:35","http://fme.discomap.eea.europa.eu/fmedatastreaming/AirQualityDownload/AQData_Extract.fmw?CountryCode=BE&CityName=&Pollutant=8&Year_from=2016&Year_to=2016&Station=STA-BETR892&Samplingpoint=&Source=E1a&Output=HTML&UpdateDate="
"Belgium","NET-Wallonia","Wallonia","BETN100","43N100 - DOURBES","SPO-BETN100_00007_100","O3","Ozone (air)","P1Y-hrsAbove240","1 year hour exceed 240","2016","0.000","count","96.24","1","Background","Rural","4.5948","50.0957","225.0","","","","E1a/validated data AQ e-Reporting","18/03/2023 21:50:25","http://fme.discomap.eea.europa.eu/fmedatastreaming/AirQualityDownload/AQData_Extract.fmw?CountryCode=BE&CityName=&Pollutant=7&Year_from=2016&Year_to=2016&Station=STA-BETN100&Samplingpoint=&Source=E1a&Output=HTML&UpdateDate="
"Belgium","NET-Wallonia","Wallonia","BETM204","43M204 - ANGLEUR","SPO-BETM204_06001_100","PM2.5","Particulate matter < 2.5 µm (aerosol)","P1Y-hr-min","1 year hour min","2016","0.000","ug/m3","98.47","1","Background","Suburban","5.6112","50.6119","70.0","Liège                                                                           ","BE005C1                                           ","383700","E1a/validated data AQ e-Reporting","18/03/2023 22:31:20","http://fme.discomap.eea.europa.eu/fmedatastreaming/AirQualityDownload/AQData_Extract.fmw?CountryCode=BE&CityName=&Pollutant=6001&Year_from=2016&Year_to=2016&Station=STA-BETM204&Samplingpoint=&Source=E1a&Output=HTML&UpdateDate="
"Belgium","NET-Wallonia","Wallonia","BETN073","43N073 - VEZIN","SPO-BETN073_00007_100","O3","Ozone (air)","AOT40c","AOT40 vegetation protection","2016","7624.338","ug/m3","96.47","1","Background","Rural","4.9884","50.5027","160.0","","","","E1a/validated data AQ e-Reporting","18/03/2023 23:06:29","http://fme.discomap.eea.europa.eu/fmedatastreaming/AirQualityDownload/AQData_Extract.fmw?CountryCode=BE&CityName=&Pollutant=7&Year_from=2016&Year_to=2016&Station=STA-BETN073&Samplingpoint=&Source=E1a&Output=HTML&UpdateDate="
"Belgium","NET-Wallonia","Wallonia","BEVN100","50N100 - DOURBES","SPO-BEVN100_00431_100","C6H5-C2H5","Ethyl benzene (air)","P1Y","Annual mean / 1 calendar year","2016","0.000","ug/m3","48.36","1","Background","Rural","4.5948","50.0957","225.0","","","","E1a/validated data AQ e-Reporting","18/03/2023 21:08:58","http://fme.discomap.eea.europa.eu/fmedatastreaming/AirQualityDownload/AQData_Extract.fmw?CountryCode=BE&CityName=&Pollutant=431&Year_from=2016&Year_to=2016&Station=STA-BEVN100&Samplingpoint=&Source=E1a&Output=HTML&UpdateDate="
"Belgium","NET-Wallonia","Wallonia","BETN070","43N070 - MONS","SPO-BETN070_00010_100","CO","Carbon monoxide (air)","P1Y-dx-avg","1 year daymax average","2016","0.288","mg/m3","99.18","1","Background","Suburban","3.9397","50.4652","30.0","Mons                                                                            ","BE009C1                                           ","95922","E1a/validated data AQ e-Reporting","18/03/2023 22:27:48","http://fme.discomap.eea.europa.eu/fmedatastreaming/AirQualityDownload/AQData_Extract.fmw?CountryCode=BE&CityName=&Pollutant=10&Year_from=2016&Year_to=2016&Station=STA-BETN070&Samplingpoint=&Source=E1a&Output=HTML&UpdateDate="
"Belgium","NET-Wallonia","Wallonia","BETN070","43N070 - MONS","SPO-BETN070_06001_100","PM2.5","Particulate matter < 2.5 µm (aerosol)","P1Y-day-per50","1 year 50 %ile of daily values in a year","2016","9.120","ug/m3","100.00","1","Background","Suburban","3.9397","50.4652","30.0","Mons                                                                            ","BE009C1                                           ","95922","E1a/validated data AQ e-Reporting","18/03/2023 22:11:51","http://fme.discomap.eea.europa.eu/fmedatastreaming/AirQualityDownload/AQData_Extract.fmw?CountryCode=BE&CityName=&Pollutant=6001&Year_from=2016&Year_to=2016&Station=STA-BETN070&Samplingpoint=&Source=E1a&Output=HTML&UpdateDate="
"Belgium","NET-Wallonia","Wallonia","BETN070","43N070 - MONS","SPO-BETN070_06001_100","PM2.5","Particulate matter < 2.5 µm (aerosol)","P1Y-hr-max","1 year hour max","2016","115.309","ug/m3","99.59","1","Background","Suburban","3.9397","50.4652","30.0","Mons                                                                            ","BE009C1                                           ","95922","E1a/validated data AQ e-Reporting","18/03/2023 21:57:02","http://fme.discomap.eea.europa.eu/fmedatastreaming/AirQualityDownload/AQData_Extract.fmw?CountryCode=BE&CityName=&Pollutant=6001&Year_from=2016&Year_to=2016&Station=STA-BETN070&Samplingpoint=&Source=E1a&Output=HTML&UpdateDate="
"Belgium","NET-Wallonia","Wallonia","BETN132","43N132 - HABAY-LA-N.","SPO-BETN132_00007_100","O3","Ozone (air)","P1Y-day-min","1 year day min","2016","3.261","ug/m3","96.99","1","Background","Rural","5.6304","49.7193","375.0","","","","E1a/validated data AQ e-Reporting","18/03/2023 21:56:21","http://fme.discomap.eea.europa.eu/fmedatastreaming/AirQualityDownload/AQData_Extract.fmw?CountryCode=BE&CityName=&Pollutant=7&Year_from=2016&Year_to=2016&Station=STA-BETN132&Samplingpoint=&Source=E1a&Output=HTML&UpdateDate="
"Belgium","NET-Wallonia","Wallonia","BETN132","43N132 - HABAY-LA-N.","SPO-BETN132_00007_100","O3","Ozone (air)","P1Y-dmax-per93.15","1 year 93.15 percentile daily 8h maximum","2016","106.625","ug/m3","96.72","1","Background","Rural","5.6304","49.7193","375.0","","","","E1a/validated data AQ e-Reporting","18/03/2023 22:12:55","http://fme.discomap.eea.europa.eu/fmedatastreaming/AirQualityDownload/AQData_Extract.fmw?CountryCode=BE&CityName=&Pollutant=7&Year_from=2016&Year_to=2016&Station=STA-BETN132&Samplingpoint=&Source=E1a&Output=HTML&UpdateDate="
"Belgium","NET-Wallonia","Wallonia","BETN093","43N093 - SINSIN","SPO-BETN093_00008_100","NO2","Nitrogen dioxide (air)","P1Y","Annual mean / 1 calendar year","2016","10.265","ug/m3","95.36","1","Background","Rural","5.2352","50.2745","265.0","","","","E1a/validated data AQ e-Reporting","18/03/2023 21:08:58","http://fme.discomap.eea.europa.eu/fmedatastreaming/AirQualityDownload/AQData_Extract.fmw?CountryCode=BE&CityName=&Pollutant=8&Year_from=2016&Year_to=2016&Station=STA-BETN093&Samplingpoint=&Source=E1a&Output=HTML&UpdateDate="
"Belgium","NET-Wallonia","Wallonia","BETR512","45R512 - MARCHIENNE","SPO-BETR512_00005_100","PM10","Particulate matter < 10 µm (aerosol)","P1Y-hr-min","1 year hour min","2016","0.000","ug/m3","99.27","1","Industrial","Suburban","4.3959","50.4078","107.0","Charleroi                                                                       ","BE004C1                                           ","203314","E1a/validated data AQ e-Reporting","18/03/2023 22:31:20","http://fme.discomap.eea.europa.eu/fmedatastreaming/AirQualityDownload/AQData_Extract.fmw?CountryCode=BE&CityName=&Pollutant=5&Year_from=2016&Year_to=2016&Station=STA-BETR512&Samplingpoint=&Source=E1a&Output=HTML&UpdateDate="
"Belgium","NET-Wallonia","Wallonia","BETN113","43N113 - SAINT-ODE","SPO-BETN113_00008_100","NO2","Nitrogen dioxide (air)","P1Y","Annual mean / 1 calendar year","2016","7.712","ug/m3","91.55","1","Background","Rural","5.5930","50.0270","510.0","","","","E1a/validated data AQ e-Reporting","18/03/2023 21:08:58","http://fme.discomap.eea.europa.eu/fmedatastreaming/AirQualityDownload/AQData_Extract.fmw?CountryCode=BE&CityName=&Pollutant=8&Year_from=2016&Year_to=2016&Station=STA-BETN113&Samplingpoint=&Source=E1a&Output=HTML&UpdateDate="
"Belgium","NET-Wallonia","Wallonia","BETN060","43N060 - HAVINNES","SPO-BETN060_00001_100","SO2","Sulphur dioxide (air)","P1Y","Annual mean / 1 calendar year","2016","1.389","ug/m3","95.67","1","Background","Rural","3.4576","50.6167","0.0","","","","E1a/validated data AQ e-Reporting","18/03/2023 21:08:58","http://fme.discomap.eea.europa.eu/fmedatastreaming/AirQualityDownload/AQData_Extract.fmw?CountryCode=BE&CityName=&Pollutant=1&Year_from=2016&Year_to=2016&Station=STA-BETN060&Samplingpoint=&Source=E1a&Output=HTML&UpdateDate="
"Belgium","NET-Wallonia","Wallonia","BETR222","43R222 - SERAING","SPO-BETR222_00008_100","NO2","Nitrogen dioxide (air)","P1Y","Annual mean / 1 calendar year","2016","25.150","ug/m3","93.59","1","Background","Suburban","5.5702","50.6134","65.0","Liège                                                                           ","BE005C1                                           ","383700","E1a/validated data AQ e-Reporting","18/03/2023 21:08:58","http://fme.discomap.eea.europa.eu/fmedatastreaming/AirQualityDownload/AQData_Extract.fmw?CountryCode=BE&CityName=&Pollutant=8&Year_from=2016&Year_to=2016&Station=STA-BETR222&Samplingpoint=&Source=E1a&Output=HTML&UpdateDate="
"Belgium","NET-Wallonia","Wallonia","BEVN070","50N070 - MONS","SPO-BEVN070_00082_100","trans-H3C-HC=CH-CH2-CH3","trans-2-Pentene (air)","P1Y","Annual mean / 1 calendar year","2016","0.000","ug/m3","47.80","1","Background","Suburban","3.9397","50.4652","30.0","Mons                                                                            ","BE009C1                                           ","95922","E1a/validated data AQ e-Reporting","18/03/2023 21:08:58","http://fme.discomap.eea.europa.eu/fmedatastreaming/AirQualityDownload/AQData_Extract.fmw?CountryCode=BE&CityName=&Pollutant=82&Year_from=2016&Year_to=2016&Station=STA-BEVN070&Samplingpoint=&Source=E1a&Output=HTML&UpdateDate="
"Belgium","NET-Wallonia","Wallonia","BEMR221","00R221 - LIEGE","SPO-BEMR221_05015_100","Ni in PM10","Nickel in PM10 (aerosol)","P1Y","Annual mean / 1 calendar year","2016","1.637","ng/m3","97.26","1","Background","Urban","5.6278","50.6584","65.0","Liège                                                                           ","BE005C1                                           ","383700","E1a/validated data AQ e-Reporting","18/03/2023 21:08:58","http://fme.discomap.eea.europa.eu/fmedatastreaming/AirQualityDownload/AQData_Extract.fmw?CountryCode=BE&CityName=&Pollutant=5015&Year_from=2016&Year_to=2016&Station=STA-BEMR221&Samplingpoint=&Source=E1a&Output=HTML&UpdateDate="
"Belgium","NET-Wallonia","Wallonia","BETN070","43N070 - MONS","SPO-BETN070_00007_100","O3","Ozone (air)","SOMO35","Sum of Ozone Means Over 35 ppb","2016","1121.410","ug/m3","97.27","1","Background","Suburban","3.9397","50.4652","30.0","Mons                                                                            ","BE009C1                                           ","95922","E1a/validated data AQ e-Reporting","18/03/2023 22:59:23","http://fme.discomap.eea.europa.eu/fmedatastreaming/AirQualityDownload/AQData_Extract.fmw?CountryCode=BE&CityName=&Pollutant=7&Year_from=2016&Year_to=2016&Station=STA-BETN070&Samplingpoint=&Source=E1a&Output=HTML&UpdateDate="
"Belgium","NET-Flanders","Flanders","BETR740","44R740 - ST.KRUIS-WI","SPO-BETR740_00001_100","SO2","Sulphur dioxide (air)","P1Y-day-max","1 year day max","2016","18.333","ug/m3","99.45","1","Industrial","Rural","3.8087","51.1501","5.0","Gent                                                                            ","BE003C1                                           ","263687","E1a/validated data AQ e-Reporting","18/03/2023 21:42:48","http://fme.discomap.eea.europa.eu/fmedatastreaming/AirQualityDownload/AQData_Extract.fmw?CountryCode=BE&CityName=&Pollutant=1&Year_from=2016&Year_to=2016&Station=STA-BETR740&Samplingpoint=&Source=E1a&Output=HTML&UpdateDate="
"Belgium","NET-Wallonia","Wallonia","BETN073","43N073 - VEZIN","SPO-BETN073_06001_100","PM2.5","Particulate matter < 2.5 µm (aerosol)","P3Y","3 subsequent calendar years mean","2016","9.524","ug/m3","98.10","1","Background","Rural","4.9884","50.5027","160.0","","","","E1a/validated data AQ e-Reporting","18/03/2023 21:36:00","http://fme.discomap.eea.europa.eu/fmedatastreaming/AirQualityDownload/AQData_Extract.fmw?CountryCode=BE&CityName=&Pollutant=6001&Year_from=2016&Year_to=2016&Station=STA-BETN073&Samplingpoint=&Source=E1a&Output=HTML&UpdateDate="
"Belgium","NET-Wallonia","Wallonia","BETN085","43N085 - VIELSALM","SPO-BETN085_00001_100","SO2","Sulphur dioxide (air)","P1Y-day-per50","1 year 50 %ile of daily values in a year","2016","0.000","ug/m3","98.09","1","Background","Rural","6.0017","50.3032","490.0","","","","E1a/validated data AQ e-Reporting","18/03/2023 22:14:46","http://fme.discomap.eea.europa.eu/fmedatastreaming/AirQualityDownload/AQData_Extract.fmw?CountryCode=BE&CityName=&Pollutant=1&Year_from=2016&Year_to=2016&Station=STA-BETN085&Samplingpoint=&Source=E1a&Output=HTML&UpdateDate="
"Belgium","NET-Flanders","Flanders","BETR740","44R740 - ST.KRUIS-WI","SPO-BETR740_00005_100","PM10","Particulate matter < 10 µm (aerosol)","P1Y-hr-per50","1 year 50 percentile","2016","21.100","ug/m3","99.80","1","Industrial","Rural","3.8087","51.1501","5.0","Gent                                                                            ","BE003C1                                           ","263687","E1a/validated data AQ e-Reporting","18/03/2023 22:05:49","http://fme.discomap.eea.europa.eu/fmedatastreaming/AirQualityDownload/AQData_Extract.fmw?CountryCode=BE&CityName=&Pollutant=5&Year_from=2016&Year_to=2016&Station=STA-BETR740&Samplingpoint=&Source=E1a&Output=HTML&UpdateDate="
"Belgium","NET-Flanders","Flanders","BETR817","42R817 - ANTWERPEN","SPO-BETR817_06001_100","PM2.5","Particulate matter < 2.5 µm (aerosol)","P1Y-hr-min","1 year hour min","2016","1.000","ug/m3","99.70","1","Background","Suburban","4.4180","51.1771","6.0","Antwerpen                                                                       ","BE002C1                                           ","530014","E1a/validated data AQ e-Reporting","18/03/2023 22:31:20","http://fme.discomap.eea.europa.eu/fmedatastreaming/AirQualityDownload/AQData_Extract.fmw?CountryCode=BE&CityName=&Pollutant=6001&Year_from=2016&Year_to=2016&Station=STA-BETR817&Samplingpoint=&Source=E1a&Output=HTML&UpdateDate="
"Belgium","NET-Wallonia","Wallonia","BETN073","43N073 - VEZIN","SPO-BETN073_00005_100","PM10","Particulate matter < 10 µm (aerosol)","P1Y-day-per50","1 year 50 %ile of daily values in a year","2016","13.445","ug/m3","100.00","1","Background","Rural","4.9884","50.5027","160.0","","","","E1a/validated data AQ e-Reporting","18/03/2023 22:08:05","http://fme.discomap.eea.europa.eu/fmedatastreaming/AirQualityDownload/AQData_Extract.fmw?CountryCode=BE&CityName=&Pollutant=5&Year_from=2016&Year_to=2016&Station=STA-BETN073&Samplingpoint=&Source=E1a&Output=HTML&UpdateDate="
"Belgium","NET-Flanders","Flanders","BETN027","42N027 - BREE","SPO-BETN027_00007_100","O3","Ozone (air)","P1Y-dx-max26","1 year daymax max 26","2016","113.688","ug/m3","94.81","1","Background","Rural","5.6067","51.1337","48.0","","","","E1a/validated data AQ e-Reporting","18/03/2023 22:32:17","http://fme.discomap.eea.europa.eu/fmedatastreaming/AirQualityDownload/AQData_Extract.fmw?CountryCode=BE&CityName=&Pollutant=7&Year_from=2016&Year_to=2016&Station=STA-BETN027&Samplingpoint=&Source=E1a&Output=HTML&UpdateDate="
"Belgium","NET-Flanders","Flanders","BETR803","42R803 - ANTWERPEN","SPO-BETR803_06001_100","PM2.5","Particulate matter < 2.5 µm (aerosol)","P1Y-hr-per50","1 year 50 percentile","2016","10.500","ug/m3","97.30","1","Background","Urban","4.4285","51.2286","0.0","Antwerpen                                                                       ","BE002C1                                           ","530014","E1a/validated data AQ e-Reporting","18/03/2023 22:05:49","http://fme.discomap.eea.europa.eu/fmedatastreaming/AirQualityDownload/AQData_Extract.fmw?CountryCode=BE&CityName=&Pollutant=6001&Year_from=2016&Year_to=2016&Station=STA-BETR803&Samplingpoint=&Source=E1a&Output=HTML&UpdateDate="
"Belgium","NET-Wallonia","Wallonia","BETN085","43N085 - VIELSALM","SPO-BETN085_00008_100","NO2","Nitrogen dioxide (air)","P1Y-hr-max19","1 year hour max19","2016","38.500","ug/m3","95.73","1","Background","Rural","6.0017","50.3032","490.0","","","","E1a/validated data AQ e-Reporting","18/03/2023 22:34:35","http://fme.discomap.eea.europa.eu/fmedatastreaming/AirQualityDownload/AQData_Extract.fmw?CountryCode=BE&CityName=&Pollutant=8&Year_from=2016&Year_to=2016&Station=STA-BETN085&Samplingpoint=&Source=E1a&Output=HTML&UpdateDate="
"Belgium","NET-Flanders","Flanders","BEPR740","60R740 - Sint-Kruis-Winkel","SPO-BEPR740_05029_100","BaP in PM10","Benzo(a)pyrene in PM10 (aerosol)","P1Y","Annual mean / 1 calendar year","2016","0.263","ng/m3","32.24","1","Industrial","Suburban","3.8087","51.1501","5.0","Gent                                                                            ","BE003C1                                           ","263687","E1a/validated data AQ e-Reporting","18/03/2023 21:08:58","http://fme.discomap.eea.europa.eu/fmedatastreaming/AirQualityDownload/AQData_Extract.fmw?CountryCode=BE&CityName=&Pollutant=5029&Year_from=2016&Year_to=2016&Station=STA-BEPR740&Samplingpoint=&Source=E1a&Output=HTML&UpdateDate="
"Belgium","NET-Flanders","Flanders","BETR841","42R841 - MECHELEN","SPO-BETR841_00007_100","O3","Ozone (air)","P1Y-day-per50","1 year 50 %ile of daily values in a year","2016","36.417","ug/m3","94.26","1","Background","Suburban","4.4693","51.0025","8.0","Mechelen                                                                        ","BE012C1                                           ","86911","E1a/validated data AQ e-Reporting","18/03/2023 22:15:13","http://fme.discomap.eea.europa.eu/fmedatastreaming/AirQualityDownload/AQData_Extract.fmw?CountryCode=BE&CityName=&Pollutant=7&Year_from=2016&Year_to=2016&Station=STA-BETR841&Samplingpoint=&Source=E1a&Output=HTML&UpdateDate="
"Belgium","NET-Flanders","Flanders","BETR892","42R892 - KALLO","SPO-BETR892_00001_100","SO2","Sulphur dioxide (air)","P1Y-hr-max25","1 year hour max 25","2016","37.500","ug/m3","95.78","1","Industrial","Rural","4.2789","51.2630","9.0","","","","E1a/validated data AQ e-Reporting","18/03/2023 22:33:20","http://fme.discomap.eea.europa.eu/fmedatastreaming/AirQualityDownload/AQData_Extract.fmw?CountryCode=BE&CityName=&Pollutant=1&Year_from=2016&Year_to=2016&Station=STA-BETR892&Samplingpoint=&Source=E1a&Output=HTML&UpdateDate="
"Belgium","NET-Wallonia","Wallonia","BETR221","43R221 - LIEGE","SPO-BETR221_00007_100","O3","Ozone (air)","P1Y-dmaxAbove120","1 year daymax exceed 120","2016","3.000","count","96.45","1","Background","Urban","5.6278","50.6584","65.0","Liège                                                                           ","BE005C1                                           ","383700","E1a/validated data AQ e-Reporting","18/03/2023 22:25:06","http://fme.discomap.eea.europa.eu/fmedatastreaming/AirQualityDownload/AQData_Extract.fmw?CountryCode=BE&CityName=&Pollutant=7&Year_from=2016&Year_to=2016&Station=STA-BETR221&Samplingpoint=&Source=E1a&Output=HTML&UpdateDate="
"Belgium","NET-Wallonia","Wallonia","BETR223","43R223 - JEMEPPE","SPO-BETR223_00005_100","PM10","Particulate matter < 10 µm (aerosol)","P1Y-hr-per50","1 year 50 percentile","2016","17.771","ug/m3","99.51","1","Industrial","Suburban","5.5164","50.6207","50.0","Liège                                                                           ","BE005C1                                           ","383700","E1a/validated data AQ e-Reporting","18/03/2023 22:05:49","http://fme.discomap.eea.europa.eu/fmedatastreaming/AirQualityDownload/AQData_Extract.fmw?CountryCode=BE&CityName=&Pollutant=5&Year_from=2016&Year_to=2016&Station=STA-BETR223&Samplingpoint=&Source=E1a&Output=HTML&UpdateDate="
"Belgium","NET-Wallonia","Wallonia","BETR240","43R240 - ENGIS","SPO-BETR240_00005_100","PM10","Particulate matter < 10 µm (aerosol)","P1Y-day-per50","1 year 50 %ile of daily values in a year","2016","21.521","ug/m3","96.72","1","Industrial","Suburban","5.3975","50.5836","135.0","","","","E1a/validated data AQ e-Reporting","18/03/2023 22:08:05","http://fme.discomap.eea.europa.eu/fmedatastreaming/AirQualityDownload/AQData_Extract.fmw?CountryCode=BE&CityName=&Pollutant=5&Year_from=2016&Year_to=2016&Station=STA-BETR240&Samplingpoint=&Source=E1a&Output=HTML&UpdateDate="
"Belgium","NET-Wallonia","Wallonia","BETN060","43N060 - HAVINNES","SPO-BETN060_06001_100","PM2.5","Particulate matter < 2.5 µm (aerosol)","P1Y-day-per50","1 year 50 %ile of daily values in a year","2016","8.818","ug/m3","100.00","1","Background","Rural","3.4576","50.6167","0.0","","","","E1a/validated data AQ e-Reporting","18/03/2023 22:11:51","http://fme.discomap.eea.europa.eu/fmedatastreaming/AirQualityDownload/AQData_Extract.fmw?CountryCode=BE&CityName=&Pollutant=6001&Year_from=2016&Year_to=2016&Station=STA-BETN060&Samplingpoint=&Source=E1a&Output=HTML&UpdateDate="
"Belgium","NET-Wallonia","Wallonia","BETN063","43N063 - CORROY L.G.","SPO-BETN063_00007_100","O3","Ozone (air)","P1Y-hr-per50","1 year 50 percentile","2016","44.000","ug/m3","94.52","1","Background","Rural","4.6683","50.6554","145.0","","","","E1a/validated data AQ e-Reporting","18/03/2023 22:05:49","http://fme.discomap.eea.europa.eu/fmedatastreaming/AirQualityDownload/AQData_Extract.fmw?CountryCode=BE&CityName=&Pollutant=7&Year_from=2016&Year_to=2016&Station=STA-BETN063&Samplingpoint=&Source=E1a&Output=HTML&UpdateDate="
"Belgium","NET-Flanders","Flanders","BETR841","42R841 - MECHELEN","SPO-BETR841_00008_100","NO2","Nitrogen dioxide (air)","P1Y-day-per50","1 year 50 %ile of daily values in a year","2016","25.217","ug/m3","96.45","1","Background","Suburban","4.4693","51.0025","8.0","Mechelen                                                                        ","BE012C1                                           ","86911","E1a/validated data AQ e-Reporting","18/03/2023 22:14:21","http://fme.discomap.eea.europa.eu/fmedatastreaming/AirQualityDownload/AQData_Extract.fmw?CountryCode=BE&CityName=&Pollutant=8&Year_from=2016&Year_to=2016&Station=STA-BETR841&Samplingpoint=&Source=E1a&Output=HTML&UpdateDate="
"Belgium","NET-Flanders","Flanders","BETR731","44R731 - EVERGEM","SPO-BETR731_06001_100","PM2.5","Particulate matter < 2.5 µm (aerosol)","P1Y-hr-max","1 year hour max","2016","112.000","ug/m3","98.91","1","Industrial","Rural","3.7395","51.1247","6.0","","","","E1a/validated data AQ e-Reporting","18/03/2023 21:57:02","http://fme.discomap.eea.europa.eu/fmedatastreaming/AirQualityDownload/AQData_Extract.fmw?CountryCode=BE&CityName=&Pollutant=6001&Year_from=2016&Year_to=2016&Station=STA-BETR731&Samplingpoint=&Source=E1a&Output=HTML&UpdateDate="
"Belgium","NET-Flanders","Flanders","BETR731","44R731 - EVERGEM","SPO-BETR731_06001_100","PM2.5","Particulate matter < 2.5 µm (aerosol)","P1Y-hr-per50","1 year 50 percentile","2016","10.000","ug/m3","98.91","1","Industrial","Rural","3.7395","51.1247","6.0","","","","E1a/validated data AQ e-Reporting","18/03/2023 22:05:49","http://fme.discomap.eea.europa.eu/fmedatastreaming/AirQualityDownload/AQData_Extract.fmw?CountryCode=BE&CityName=&Pollutant=6001&Year_from=2016&Year_to=2016&Station=STA-BETR731&Samplingpoint=&Source=E1a&Output=HTML&UpdateDate="
"Belgium","NET-Flanders","Flanders","BETR740","44R740 - ST.KRUIS-WI","SPO-BETR740_00001_100","SO2","Sulphur dioxide (air)","P1Y-hr-max-per99.73","1 year 99.73 %ile of hourly values in a given year","2016","24.000","ug/m3","97.11","1","Industrial","Rural","3.8087","51.1501","5.0","Gent                                                                            ","BE003C1                                           ","263687","E1a/validated data AQ e-Reporting","18/03/2023 22:06:23","http://fme.discomap.eea.europa.eu/fmedatastreaming/AirQualityDownload/AQData_Extract.fmw?CountryCode=BE&CityName=&Pollutant=1&Year_from=2016&Year_to=2016&Station=STA-BETR740&Samplingpoint=&Source=E1a&Output=HTML&UpdateDate="
"Belgium","NET-Flanders","Flanders","BETR710","44R710 - DESTELBERGE","SPO-BETR710_06001_100","PM2.5","Particulate matter < 2.5 µm (aerosol)","P1Y-hr-per50","1 year 50 percentile","2016","10.000","ug/m3","99.42","1","Background","Suburban","3.7753","51.0613","6.0","","","","E1a/validated data AQ e-Reporting","18/03/2023 22:05:49","http://fme.discomap.eea.europa.eu/fmedatastreaming/AirQualityDownload/AQData_Extract.fmw?CountryCode=BE&CityName=&Pollutant=6001&Year_from=2016&Year_to=2016&Station=STA-BETR710&Samplingpoint=&Source=E1a&Output=HTML&UpdateDate="
"Belgium","NET-Flanders","Flanders","BETN054","42N054 - WALSHOUTEM","SPO-BETN054_00008_100","NO2","Nitrogen dioxide (air)","P1Y-hr-per50","1 year 50 percentile","2016","13.000","ug/m3","94.35","1","Background","Rural","5.1032","50.7117","135.0","","","","E1a/validated data AQ e-Reporting","18/03/2023 22:05:49","http://fme.discomap.eea.europa.eu/fmedatastreaming/AirQualityDownload/AQData_Extract.fmw?CountryCode=BE&CityName=&Pollutant=8&Year_from=2016&Year_to=2016&Station=STA-BETN054&Samplingpoint=&Source=E1a&Output=HTML&UpdateDate="
"Belgium","NET-Flanders","Flanders","BESR801","59R801 - ANTWERPEN","SPO-BESR801_00020_100","C6H6","Benzene (air)","P1Y","Annual mean / 1 calendar year","2016","1.034","ug/m3","87.99","1","Background","Suburban","4.4318","51.2097","0.0","Antwerpen                                                                       ","BE002C1                                           ","530014","E1a/validated data AQ e-Reporting","18/03/2023 21:08:58","http://fme.discomap.eea.europa.eu/fmedatastreaming/AirQualityDownload/AQData_Extract.fmw?CountryCode=BE&CityName=&Pollutant=20&Year_from=2016&Year_to=2016&Station=STA-BESR801&Samplingpoint=&Source=E1a&Output=HTML&UpdateDate="
"Belgium","NET-Flanders","Flanders","BETR803","42R803 - ANTWERPEN","SPO-BETR803_00008_100","NO2","Nitrogen dioxide (air)","P1Y-hr-per50","1 year 50 percentile","2016","28.500","ug/m3","93.34","1","Background","Urban","4.4285","51.2286","0.0","Antwerpen                                                                       ","BE002C1                                           ","530014","E1a/validated data AQ e-Reporting","18/03/2023 22:05:49","http://fme.discomap.eea.europa.eu/fmedatastreaming/AirQualityDownload/AQData_Extract.fmw?CountryCode=BE&CityName=&Pollutant=8&Year_from=2016&Year_to=2016&Station=STA-BETR803&Samplingpoint=&Source=E1a&Output=HTML&UpdateDate="
"Belgium","NET-Flanders","Flanders","BETR010","42R010 - ST.STEVENSW","SPO-BETR010_00008_100","NO2","Nitrogen dioxide (air)","P3Y","3 subsequent calendar years mean","2016","26.184","ug/m3","96.76","1","Background","Suburban","4.4284","50.8651","68.0","","","","E1a/validated data AQ e-Reporting","18/03/2023 21:36:00","http://fme.discomap.eea.europa.eu/fmedatastreaming/AirQualityDownload/AQData_Extract.fmw?CountryCode=BE&CityName=&Pollutant=8&Year_from=2016&Year_to=2016&Station=STA-BETR010&Samplingpoint=&Source=E1a&Output=HTML&UpdateDate="
"Belgium","NET-Wallonia","Wallonia","BETH201","43H201 - LIEGE","SPO-BETH201_00005_100","PM10","Particulate matter < 10 µm (aerosol)","P1Y-P1D-per90.4","1 year 90.4 percentile - COMPLIANCE","2016","30.625","ug/m3","97.54","1","Background","Suburban","5.5475","50.6250","160.0","Liège                                                                           ","BE005C1                                           ","383700","E1a/validated data AQ e-Reporting","18/03/2023 22:08:35","http://fme.discomap.eea.europa.eu/fmedatastreaming/AirQualityDownload/AQData_Extract.fmw?CountryCode=BE&CityName=&Pollutant=5&Year_from=2016&Year_to=2016&Station=STA-BETH201&Samplingpoint=&Source=E1a&Output=HTML&UpdateDate="
"Belgium","NET-Flanders","Flanders","BETR740","44R740 - ST.KRUIS-WI","SPO-BETR740_00007_100","O3","Ozone (air)","P1Y-day-per50","1 year 50 %ile of daily values in a year","2016","42.875","ug/m3","90.71","1","Industrial","Rural","3.8087","51.1501","5.0","Gent                                                                            ","BE003C1                                           ","263687","E1a/validated data AQ e-Reporting","18/03/2023 22:15:13","http://fme.discomap.eea.europa.eu/fmedatastreaming/AirQualityDownload/AQData_Extract.fmw?CountryCode=BE&CityName=&Pollutant=7&Year_from=2016&Year_to=2016&Station=STA-BETR740&Samplingpoint=&Source=E1a&Output=HTML&UpdateDate="
"Belgium","NET-Flanders","Flanders","BETR817","42R817 - ANTWERPEN","SPO-BETR817_00005_100","PM10","Particulate matter < 10 µm (aerosol)","P3Y","3 subsequent calendar years mean","2016","22.077","ug/m3","49.97","1","Background","Suburban","4.4180","51.1771","6.0","Antwerpen                                                                       ","BE002C1                                           ","530014","E1a/validated data AQ e-Reporting","18/03/2023 21:36:00","http://fme.discomap.eea.europa.eu/fmedatastreaming/AirQualityDownload/AQData_Extract.fmw?CountryCode=BE&CityName=&Pollutant=5&Year_from=2016&Year_to=2016&Station=STA-BETR817&Samplingpoint=&Source=E1a&Output=HTML&UpdateDate="
"Belgium","NET-Flanders","Flanders","BETN052","44N052 - ZWEVEGEM","SPO-BETN052_00005_100","PM10","Particulate matter < 10 µm (aerosol)","P1Y-hr-min","1 year hour min","2016","4.100","ug/m3","99.27","1","Background","Suburban","3.3225","50.8149","27.0","","","","E1a/validated data AQ e-Reporting","18/03/2023 22:31:20","http://fme.discomap.eea.europa.eu/fmedatastreaming/AirQualityDownload/AQData_Extract.fmw?CountryCode=BE&CityName=&Pollutant=5&Year_from=2016&Year_to=2016&Station=STA-BETN052&Samplingpoint=&Source=E1a&Output=HTML&UpdateDate="
"Belgium","NET-Flanders","Flanders","BETR820","42R820 - KAPELLEN","SPO-BETR820_00001_100","SO2","Sulphur dioxide (air)","P1Y-P1D-per99","1 year 99 percentile of daily means (P1D) or .../aq/primaryObservation/day","2016","10.261","ug/m3","99.45","1","Background","Suburban","4.4448","51.3204","11.0","","","","E1a/validated data AQ e-Reporting","18/03/2023 22:11:00","http://fme.discomap.eea.europa.eu/fmedatastreaming/AirQualityDownload/AQData_Extract.fmw?CountryCode=BE&CityName=&Pollutant=1&Year_from=2016&Year_to=2016&Station=STA-BETR820&Samplingpoint=&Source=E1a&Output=HTML&UpdateDate="
"Belgium","NET-Flanders","Flanders","BETR740","44R740 - ST.KRUIS-WI","SPO-BETR740_00008_100","NO2","Nitrogen dioxide (air)","P1Y-P1D-per99","1 year 99 percentile of daily means (P1D) or .../aq/primaryObservation/day","2016","51.833","ug/m3","98.36","1","Industrial","Rural","3.8087","51.1501","5.0","Gent                                                                            ","BE003C1                                           ","263687","E1a/validated data AQ e-Reporting","18/03/2023 22:10:34","http://fme.discomap.eea.europa.eu/fmedatastreaming/AirQualityDownload/AQData_Extract.fmw?CountryCode=BE&CityName=&Pollutant=8&Year_from=2016&Year_to=2016&Station=STA-BETR740&Samplingpoint=&Source=E1a&Output=HTML&UpdateDate="
"Belgium","NET-Flanders","Flanders","BETR710","44R710 - DESTELBERGE","SPO-BETR710_00008_100","NO2","Nitrogen dioxide (air)","P1Y-hrsAbove400","1 year hour exceed 400","2016","0.000","count","95.39","1","Background","Suburban","3.7753","51.0613","6.0","","","","E1a/validated data AQ e-Reporting","18/03/2023 21:54:38","http://fme.discomap.eea.europa.eu/fmedatastreaming/AirQualityDownload/AQData_Extract.fmw?CountryCode=BE&CityName=&Pollutant=8&Year_from=2016&Year_to=2016&Station=STA-BETR710&Samplingpoint=&Source=E1a&Output=HTML&UpdateDate="
"Belgium","NET-Flanders","Flanders","BEGBB15","26BB15 - BRUGGE","SPO-BEGBB15_06001_100","PM2.5","Particulate matter < 2.5 µm (aerosol)","P1Y-day-min","1 year day min","2016","3.000","ug/m3","98.91","1","Background","Urban","3.2341","51.2135","5.0","Brugge                                                                          ","BE006C1                                           ","118916","E1a/validated data AQ e-Reporting","18/03/2023 21:55:29","http://fme.discomap.eea.europa.eu/fmedatastreaming/AirQualityDownload/AQData_Extract.fmw?CountryCode=BE&CityName=&Pollutant=6001&Year_from=2016&Year_to=2016&Station=STA-BEGBB15&Samplingpoint=&Source=E1a&Output=HTML&UpdateDate="
"Belgium","NET-Brussels","Brussels","BETWOL1","41WOL1 - WOL.ST.L.","SPO-BETWOL1_00001_100","SO2","Sulphur dioxide (air)","P1Y-P1D-per99","1 year 99 percentile of daily means (P1D) or .../aq/primaryObservation/day","2016","5.729","ug/m3","93.17","1","Traffic","Suburban","4.4258","50.8567","78.0","Bruxelles / Brussel                                                             ","BE001C1                                           ","1223364","E1a/validated data AQ e-Reporting","18/03/2023 22:11:00","http://fme.discomap.eea.europa.eu/fmedatastreaming/AirQualityDownload/AQData_Extract.fmw?CountryCode=BE&CityName=&Pollutant=1&Year_from=2016&Year_to=2016&Station=STA-BETWOL1&Samplingpoint=&Source=E1a&Output=HTML&UpdateDate="
"Belgium","NET-Brussels","Brussels","BETWOL1","41WOL1 - WOL.ST.L.","SPO-BETWOL1_00005_100","PM10","Particulate matter < 10 µm (aerosol)","P1Y-hr-min","1 year hour min","2016","2.000","ug/m3","96.21","1","Traffic","Suburban","4.4258","50.8567","78.0","Bruxelles / Brussel                                                             ","BE001C1                                           ","1223364","E1a/validated data AQ e-Reporting","18/03/2023 22:31:20","http://fme.discomap.eea.europa.eu/fmedatastreaming/AirQualityDownload/AQData_Extract.fmw?CountryCode=BE&CityName=&Pollutant=5&Year_from=2016&Year_to=2016&Station=STA-BETWOL1&Samplingpoint=&Source=E1a&Output=HTML&UpdateDate="
"Belgium","NET-Brussels","Brussels","BEVR002","51R002 - IXELLES","SPO-BEVR002_00464_100","m,p-C6H4(CH3)2","m,p-Xylene (air)","P1Y","Annual mean / 1 calendar year","2016","0.001","ug/m3","89.07","1","Traffic","Suburban","4.3847","50.8251","70.0","Bruxelles / Brussel                                                             ","BE001C1                                           ","1223364","E1a/validated data AQ e-Reporting","18/03/2023 21:08:58","http://fme.discomap.eea.europa.eu/fmedatastreaming/AirQualityDownload/AQData_Extract.fmw?CountryCode=BE&CityName=&Pollutant=464&Year_from=2016&Year_to=2016&Station=STA-BEVR002&Samplingpoint=&Source=E1a&Output=HTML&UpdateDate="
"Belgium","NET-Flanders","Flanders","BELSA04","40SA04 - Hoevenen","SPO-BELSA04_00008_100","NO2","Nitrogen dioxide (air)","P1Y-day-max","1 year day max","2016","72.792","ug/m3","97.27","1","Industrial","Rural","4.4039","51.3139","6.0","","","","E1a/validated data AQ e-Reporting","18/03/2023 21:43:56","http://fme.discomap.eea.europa.eu/fmedatastreaming/AirQualityDownload/AQData_Extract.fmw?CountryCode=BE&CityName=&Pollutant=8&Year_from=2016&Year_to=2016&Station=STA-BELSA04&Samplingpoint=&Source=E1a&Output=HTML&UpdateDate="
"Belgium","NET-Wallonia","Wallonia","BEVN070","50N070 - MONS","SPO-BEVN070_00441_100","C7H16","n-Heptane (air)","P1Y","Annual mean / 1 calendar year","2016","0.000","ug/m3","47.80","1","Background","Suburban","3.9397","50.4652","30.0","Mons                                                                            ","BE009C1                                           ","95922","E1a/validated data AQ e-Reporting","18/03/2023 21:08:58","http://fme.discomap.eea.europa.eu/fmedatastreaming/AirQualityDownload/AQData_Extract.fmw?CountryCode=BE&CityName=&Pollutant=441&Year_from=2016&Year_to=2016&Station=STA-BEVN070&Samplingpoint=&Source=E1a&Output=HTML&UpdateDate="
"Belgium","NET-Wallonia","Wallonia","BEVN073","50N073 - VEZIN","SPO-BEVN073_00316_100","(CH3)2-CH-CH2-CH2-CH3","i-Hexane (2-methylpentane) (air)","P1Y","Annual mean / 1 calendar year","2016","0.000","ug/m3","48.91","1","Background","Rural","4.9884","50.5027","160.0","","","","E1a/validated data AQ e-Reporting","18/03/2023 21:08:58","http://fme.discomap.eea.europa.eu/fmedatastreaming/AirQualityDownload/AQData_Extract.fmw?CountryCode=BE&CityName=&Pollutant=316&Year_from=2016&Year_to=2016&Station=STA-BEVN073&Samplingpoint=&Source=E1a&Output=HTML&UpdateDate="
"Belgium","NET-Flanders","Flanders","BETR802","42R802 - BORGERHOUT","SPO-BETR802_00008_100","NO2","Nitrogen dioxide (air)","P1Y-hrsAbove200","1 year hour exceed 200","2016","1.000","count","96.17","1","Traffic","Urban","4.4318","51.2095","6.0","Antwerpen                                                                       ","BE002C1                                           ","530014","E1a/validated data AQ e-Reporting","18/03/2023 21:48:42","http://fme.discomap.eea.europa.eu/fmedatastreaming/AirQualityDownload/AQData_Extract.fmw?CountryCode=BE&CityName=&Pollutant=8&Year_from=2016&Year_to=2016&Station=STA-BETR802&Samplingpoint=&Source=E1a&Output=HTML&UpdateDate="
"Belgium","NET-Wallonia","Wallonia","BETN063","43N063 - CORROY L.G.","SPO-BETN063_00008_100","NO2","Nitrogen dioxide (air)","P1Y-hr-max19","1 year hour max19","2016","79.500","ug/m3","97.29","1","Background","Rural","4.6683","50.6554","145.0","","","","E1a/validated data AQ e-Reporting","18/03/2023 22:34:35","http://fme.discomap.eea.europa.eu/fmedatastreaming/AirQualityDownload/AQData_Extract.fmw?CountryCode=BE&CityName=&Pollutant=8&Year_from=2016&Year_to=2016&Station=STA-BETN063&Samplingpoint=&Source=E1a&Output=HTML&UpdateDate="
"Belgium","NET-Wallonia","Wallonia","BEVN073","50N073 - VEZIN","SPO-BEVN073_06011_100","1,2,4-C6H3(CH3)3","1,2,4-Trimethylbenzene (air)","P1Y","Annual mean / 1 calendar year","2016","0.000","ug/m3","49.73","1","Background","Rural","4.9884","50.5027","160.0","","","","E1a/validated data AQ e-Reporting","18/03/2023 21:08:58","http://fme.discomap.eea.europa.eu/fmedatastreaming/AirQualityDownload/AQData_Extract.fmw?CountryCode=BE&CityName=&Pollutant=6011&Year_from=2016&Year_to=2016&Station=STA-BEVN073&Samplingpoint=&Source=E1a&Output=HTML&UpdateDate="
"Belgium","NET-Wallonia","Wallonia","BETN066","43N066 - EUPEN","SPO-BETN066_00001_100","SO2","Sulphur dioxide (air)","P1Y-day-max4","1 year day max 4","2016","2.083","ug/m3","98.63","1","Background","Rural","6.0023","50.6289","295.0","","","","E1a/validated data AQ e-Reporting","18/03/2023 22:31:46","http://fme.discomap.eea.europa.eu/fmedatastreaming/AirQualityDownload/AQData_Extract.fmw?CountryCode=BE&CityName=&Pollutant=1&Year_from=2016&Year_to=2016&Station=STA-BETN066&Samplingpoint=&Source=E1a&Output=HTML&UpdateDate="
"Belgium","NET-Wallonia","Wallonia","BETN063","43N063 - CORROY L.G.","SPO-BETN063_00005_100","PM10","Particulate matter < 10 µm (aerosol)","P1Y-daysAbove50","1 year day exceed 50","2016","2.000","count","100.00","1","Background","Rural","4.6683","50.6554","145.0","","","","E1a/validated data AQ e-Reporting","18/03/2023 22:27:00","http://fme.discomap.eea.europa.eu/fmedatastreaming/AirQualityDownload/AQData_Extract.fmw?CountryCode=BE&CityName=&Pollutant=5&Year_from=2016&Year_to=2016&Station=STA-BETN063&Samplingpoint=&Source=E1a&Output=HTML&UpdateDate="
"Belgium","NET-Flanders","Flanders","BETR020","42R020 - VILVOORDE","SPO-BETR020_00001_100","SO2","Sulphur dioxide (air)","winter-avg","Winter mean","2016","1.279","ug/m3","97.22","1","Background","Suburban","4.4367","50.9414","12.0","","","","E1a/validated data AQ e-Reporting","18/03/2023 22:50:43","http://fme.discomap.eea.europa.eu/fmedatastreaming/AirQualityDownload/AQData_Extract.fmw?CountryCode=BE&CityName=&Pollutant=1&Year_from=2016&Year_to=2016&Station=STA-BETR020&Samplingpoint=&Source=E1a&Output=HTML&UpdateDate="
"Belgium","NET-Flanders","Flanders","BETR702","44R702 - Gent (G.Carlierlaan)","SPO-BETR702_00008_100","NO2","Nitrogen dioxide (air)","P1Y-hr-max","1 year hour max","2016","229.000","ug/m3","97.13","1","Traffic","Urban","3.7350","51.0407","8.0","Gent                                                                            ","BE003C1                                           ","263687","E1a/validated data AQ e-Reporting","18/03/2023 21:57:02","http://fme.discomap.eea.europa.eu/fmedatastreaming/AirQualityDownload/AQData_Extract.fmw?CountryCode=BE&CityName=&Pollutant=8&Year_from=2016&Year_to=2016&Station=STA-BETR702&Samplingpoint=&Source=E1a&Output=HTML&UpdateDate="
"Belgium","NET-Flanders","Flanders","BETR702","44R702 - Gent (G.Carlierlaan)","SPO-BETR702_00008_100","NO2","Nitrogen dioxide (air)","P1Y-hr-per50","1 year 50 percentile","2016","36.000","ug/m3","97.13","1","Traffic","Urban","3.7350","51.0407","8.0","Gent                                                                            ","BE003C1                                           ","263687","E1a/validated data AQ e-Reporting","18/03/2023 22:05:49","http://fme.discomap.eea.europa.eu/fmedatastreaming/AirQualityDownload/AQData_Extract.fmw?CountryCode=BE&CityName=&Pollutant=8&Year_from=2016&Year_to=2016&Station=STA-BETR702&Samplingpoint=&Source=E1a&Output=HTML&UpdateDate="
"Belgium","NET-Wallonia","Wallonia","BEMJMP1","0JMP01 - JEMEPPE","SPO-BEMJMP1_05014_100","Cd in PM10","Cadmium in PM10 (aerosol)","P1Y","Annual mean / 1 calendar year","2016","0.332","ng/m3","97.26","1","Industrial","Suburban","5.5164","50.6207","80.0","Liège                                                                           ","BE005C1                                           ","383700","E1a/validated data AQ e-Reporting","18/03/2023 21:08:58","http://fme.discomap.eea.europa.eu/fmedatastreaming/AirQualityDownload/AQData_Extract.fmw?CountryCode=BE&CityName=&Pollutant=5014&Year_from=2016&Year_to=2016&Station=STA-BEMJMP1&Samplingpoint=&Source=E1a&Output=HTML&UpdateDate="
"Belgium","NET-Flanders","Flanders","BETN027","42N027 - BREE","SPO-BETN027_00008_100","NO2","Nitrogen dioxide (air)","P1Y-day-max","1 year day max","2016","52.875","ug/m3","98.09","1","Background","Rural","5.6067","51.1337","48.0","","","","E1a/validated data AQ e-Reporting","18/03/2023 21:43:56","http://fme.discomap.eea.europa.eu/fmedatastreaming/AirQualityDownload/AQData_Extract.fmw?CountryCode=BE&CityName=&Pollutant=8&Year_from=2016&Year_to=2016&Station=STA-BETN027&Samplingpoint=&Source=E1a&Output=HTML&UpdateDate="
"Belgium","NET-Flanders","Flanders","BETR801","42R801 - BORGERHOUT","SPO-BETR801_00007_100","O3","Ozone (air)","P1Y-dx-max","1 year day max max","2016","111.438","ug/m3","95.36","1","Background","Urban","4.4318","51.2097","6.0","Antwerpen                                                                       ","BE002C1                                           ","530014","E1a/validated data AQ e-Reporting","18/03/2023 21:44:39","http://fme.discomap.eea.europa.eu/fmedatastreaming/AirQualityDownload/AQData_Extract.fmw?CountryCode=BE&CityName=&Pollutant=7&Year_from=2016&Year_to=2016&Station=STA-BETR801&Samplingpoint=&Source=E1a&Output=HTML&UpdateDate="
"Belgium","NET-Wallonia","Wallonia","BEVN520","50N520 - PERUWELZ","SPO-BEVN520_06006_100","trans-H3C-CH=CH-CH3","trans-2-Butene (air)","P1Y","Annual mean / 1 calendar year","2016","0.000","ug/m3","48.09","1","Background","Suburban","3.5943","50.5055","30.0","","","","E1a/validated data AQ e-Reporting","18/03/2023 21:08:58","http://fme.discomap.eea.europa.eu/fmedatastreaming/AirQualityDownload/AQData_Extract.fmw?CountryCode=BE&CityName=&Pollutant=6006&Year_from=2016&Year_to=2016&Station=STA-BEVN520&Samplingpoint=&Source=E1a&Output=HTML&UpdateDate="
"Belgium","NET-Wallonia","Wallonia","BETH201","43H201 - LIEGE","SPO-BETH201_06001_100","PM2.5","Particulate matter < 2.5 µm (aerosol)","P1Y-day-min","1 year day min","2016","0.000","ug/m3","97.54","1","Background","Suburban","5.5475","50.6250","160.0","Liège                                                                           ","BE005C1                                           ","383700","E1a/validated data AQ e-Reporting","18/03/2023 21:55:29","http://fme.discomap.eea.europa.eu/fmedatastreaming/AirQualityDownload/AQData_Extract.fmw?CountryCode=BE&CityName=&Pollutant=6001&Year_from=2016&Year_to=2016&Station=STA-BETH201&Samplingpoint=&Source=E1a&Output=HTML&UpdateDate="
"Belgium","NET-Wallonia","Wallonia","BETM204","43M204 - ANGLEUR","SPO-BETM204_00005_100","PM10","Particulate matter < 10 µm (aerosol)","P1Y-day-max36","1 year day max 36","2016","35.292","ug/m3","98.09","1","Background","Suburban","5.6112","50.6119","70.0","Liège                                                                           ","BE005C1                                           ","383700","E1a/validated data AQ e-Reporting","18/03/2023 22:32:47","http://fme.discomap.eea.europa.eu/fmedatastreaming/AirQualityDownload/AQData_Extract.fmw?CountryCode=BE&CityName=&Pollutant=5&Year_from=2016&Year_to=2016&Station=STA-BETM204&Samplingpoint=&Source=E1a&Output=HTML&UpdateDate="
"Belgium","NET-Wallonia","Wallonia","BETM204","43M204 - ANGLEUR","SPO-BETM204_00005_100","PM10","Particulate matter < 10 µm (aerosol)","P1Y-P1D-per99","1 year 99 percentile of daily means (P1D) or .../aq/primaryObservation/day","2016","51.396","ug/m3","98.09","1","Background","Suburban","5.6112","50.6119","70.0","Liège                                                                           ","BE005C1                                           ","383700","E1a/validated data AQ e-Reporting","18/03/2023 22:09:38","http://fme.discomap.eea.europa.eu/fmedatastreaming/AirQualityDownload/AQData_Extract.fmw?CountryCode=BE&CityName=&Pollutant=5&Year_from=2016&Year_to=2016&Station=STA-BETM204&Samplingpoint=&Source=E1a&Output=HTML&UpdateDate="
"Belgium","NET-Flanders","Flanders","BETR805","42R805 - ANTWERPEN","SPO-BETR805_06001_100","PM2.5","Particulate matter < 2.5 µm (aerosol)","P1Y-hr-min","1 year hour min","2016","1.000","ug/m3","99.11","1","Traffic","Urban","4.4216","51.2082","6.0","Antwerpen                                                                       ","BE002C1                                           ","530014","E1a/validated data AQ e-Reporting","18/03/2023 22:31:20","http://fme.discomap.eea.europa.eu/fmedatastreaming/AirQualityDownload/AQData_Extract.fmw?CountryCode=BE&CityName=&Pollutant=6001&Year_from=2016&Year_to=2016&Station=STA-BETR805&Samplingpoint=&Source=E1a&Output=HTML&UpdateDate="
"Belgium","NET-Flanders","Flanders","BETR702","44R702 - Gent (G.Carlierlaan)","SPO-BETR702_06001_100","PM2.5","Particulate matter < 2.5 µm (aerosol)","P1Y-hr-max","1 year hour max","2016","106.000","ug/m3","99.77","1","Traffic","Urban","3.7350","51.0407","8.0","Gent                                                                            ","BE003C1                                           ","263687","E1a/validated data AQ e-Reporting","18/03/2023 21:57:02","http://fme.discomap.eea.europa.eu/fmedatastreaming/AirQualityDownload/AQData_Extract.fmw?CountryCode=BE&CityName=&Pollutant=6001&Year_from=2016&Year_to=2016&Station=STA-BETR702&Samplingpoint=&Source=E1a&Output=HTML&UpdateDate="
"Belgium","NET-Flanders","Flanders","BETR841","42R841 - MECHELEN","SPO-BETR841_00007_100","O3","Ozone (air)","SOMO35","Sum of Ozone Means Over 35 ppb","2016","2013.627","ug/m3","93.99","1","Background","Suburban","4.4693","51.0025","8.0","Mechelen                                                                        ","BE012C1                                           ","86911","E1a/validated data AQ e-Reporting","18/03/2023 22:59:23","http://fme.discomap.eea.europa.eu/fmedatastreaming/AirQualityDownload/AQData_Extract.fmw?CountryCode=BE&CityName=&Pollutant=7&Year_from=2016&Year_to=2016&Station=STA-BETR841&Samplingpoint=&Source=E1a&Output=HTML&UpdateDate="
"Belgium","NET-Flanders","Flanders","BETN054","42N054 - WALSHOUTEM","SPO-BETN054_00007_100","O3","Ozone (air)","P1Y-dmax-per99","1 year 99 percentile daily 8h maximum","2016","136.071","ug/m3","92.62","1","Background","Rural","5.1032","50.7117","135.0","","","","E1a/validated data AQ e-Reporting","18/03/2023 22:13:26","http://fme.discomap.eea.europa.eu/fmedatastreaming/AirQualityDownload/AQData_Extract.fmw?CountryCode=BE&CityName=&Pollutant=7&Year_from=2016&Year_to=2016&Station=STA-BETN054&Samplingpoint=&Source=E1a&Output=HTML&UpdateDate="
"Belgium","NET-Wallonia","Wallonia","BETN085","43N085 - VIELSALM","SPO-BETN085_00007_100","O3","Ozone (air)","P1Y-dx-avg","1 year daymax average","2016","61.684","ug/m3","96.17","1","Background","Rural","6.0017","50.3032","490.0","","","","E1a/validated data AQ e-Reporting","18/03/2023 22:27:48","http://fme.discomap.eea.europa.eu/fmedatastreaming/AirQualityDownload/AQData_Extract.fmw?CountryCode=BE&CityName=&Pollutant=7&Year_from=2016&Year_to=2016&Station=STA-BETN085&Samplingpoint=&Source=E1a&Output=HTML&UpdateDate="
"Belgium","NET-Flanders","Flanders","BETR811","42R811 - SCHOTEN","SPO-BETR811_00005_100","PM10","Particulate matter < 10 µm (aerosol)","P1Y-day-per50","1 year 50 %ile of daily values in a year","2016","18.871","ug/m3","99.73","1","Background","Suburban","4.4914","51.2521","8.0","","","","E1a/validated data AQ e-Reporting","18/03/2023 22:08:05","http://fme.discomap.eea.europa.eu/fmedatastreaming/AirQualityDownload/AQData_Extract.fmw?CountryCode=BE&CityName=&Pollutant=5&Year_from=2016&Year_to=2016&Station=STA-BETR811&Samplingpoint=&Source=E1a&Output=HTML&UpdateDate="
"Belgium","NET-Wallonia","Wallonia","BETN121","43N121 - OFFAGNE","SPO-BETN121_00008_100","NO2","Nitrogen dioxide (air)","P1Y-hr-max-per99.79","1 year 99.79 %ile of hourly values in a given year","2016","46.000","ug/m3","97.02","1","Background","Rural","5.2024","49.8771","430.0","","","","E1a/validated data AQ e-Reporting","18/03/2023 22:07:35","http://fme.discomap.eea.europa.eu/fmedatastreaming/AirQualityDownload/AQData_Extract.fmw?CountryCode=BE&CityName=&Pollutant=8&Year_from=2016&Year_to=2016&Station=STA-BETN121&Samplingpoint=&Source=E1a&Output=HTML&UpdateDate="
"Belgium","NET-Flanders","Flanders","BETR892","42R892 - KALLO","SPO-BETR892_00001_100","SO2","Sulphur dioxide (air)","P1Y-hr-max-per99.73","1 year 99.73 %ile of hourly values in a given year","2016","37.500","ug/m3","95.78","1","Industrial","Rural","4.2789","51.2630","9.0","","","","E1a/validated data AQ e-Reporting","18/03/2023 22:06:23","http://fme.discomap.eea.europa.eu/fmedatastreaming/AirQualityDownload/AQData_Extract.fmw?CountryCode=BE&CityName=&Pollutant=1&Year_from=2016&Year_to=2016&Station=STA-BETR892&Samplingpoint=&Source=E1a&Output=HTML&UpdateDate="
"Belgium","NET-Wallonia","Wallonia","BETR240","43R240 - ENGIS","SPO-BETR240_00007_100","O3","Ozone (air)","P1Y-dx-avg","1 year daymax average","2016","58.519","ug/m3","92.90","1","Industrial","Suburban","5.3975","50.5836","135.0","","","","E1a/validated data AQ e-Reporting","18/03/2023 22:27:48","http://fme.discomap.eea.europa.eu/fmedatastreaming/AirQualityDownload/AQData_Extract.fmw?CountryCode=BE&CityName=&Pollutant=7&Year_from=2016&Year_to=2016&Station=STA-BETR240&Samplingpoint=&Source=E1a&Output=HTML&UpdateDate="
"Belgium","NET-Flanders","Flanders","BETR892","42R892 - KALLO","SPO-BETR892_00001_100","SO2","Sulphur dioxide (air)","winter-avg","Winter mean","2016","2.544","ug/m3","94.65","1","Industrial","Rural","4.2789","51.2630","9.0","","","","E1a/validated data AQ e-Reporting","18/03/2023 22:50:43","http://fme.discomap.eea.europa.eu/fmedatastreaming/AirQualityDownload/AQData_Extract.fmw?CountryCode=BE&CityName=&Pollutant=1&Year_from=2016&Year_to=2016&Station=STA-BETR892&Samplingpoint=&Source=E1a&Output=HTML&UpdateDate="
"Belgium","NET-Wallonia","Wallonia","BETN063","43N063 - CORROY L.G.","SPO-BETN063_00005_100","PM10","Particulate matter < 10 µm (aerosol)","P1Y-hr-per50","1 year 50 percentile","2016","14.771","ug/m3","99.66","1","Background","Rural","4.6683","50.6554","145.0","","","","E1a/validated data AQ e-Reporting","18/03/2023 22:05:49","http://fme.discomap.eea.europa.eu/fmedatastreaming/AirQualityDownload/AQData_Extract.fmw?CountryCode=BE&CityName=&Pollutant=5&Year_from=2016&Year_to=2016&Station=STA-BETN063&Samplingpoint=&Source=E1a&Output=HTML&UpdateDate="
"Belgium","NET-Wallonia","Wallonia","BETR510","45R510 - CHATELINEAU","SPO-BETR510_00005_100","PM10","Particulate matter < 10 µm (aerosol)","P1Y-hr-min","1 year hour min","2016","0.000","ug/m3","99.69","1","Background","Suburban","4.5211","50.4164","118.0","Charleroi                                                                       ","BE004C1                                           ","203314","E1a/validated data AQ e-Reporting","18/03/2023 22:31:20","http://fme.discomap.eea.europa.eu/fmedatastreaming/AirQualityDownload/AQData_Extract.fmw?CountryCode=BE&CityName=&Pollutant=5&Year_from=2016&Year_to=2016&Station=STA-BETR510&Samplingpoint=&Source=E1a&Output=HTML&UpdateDate="
"Belgium","NET-Flanders","Flanders","BETR834","42R834 - Boom","SPO-BETR834_00005_100","PM10","Particulate matter < 10 µm (aerosol)","P1Y-hr-max","1 year hour max","2016","262.600","ug/m3","99.56","1","Background","Suburban","4.3801","51.0920","0.0","","","","E1a/validated data AQ e-Reporting","18/03/2023 21:57:02","http://fme.discomap.eea.europa.eu/fmedatastreaming/AirQualityDownload/AQData_Extract.fmw?CountryCode=BE&CityName=&Pollutant=5&Year_from=2016&Year_to=2016&Station=STA-BETR834&Samplingpoint=&Source=E1a&Output=HTML&UpdateDate="
"Belgium","NET-Flanders","Flanders","BETR020","42R020 - VILVOORDE","SPO-BETR020_00005_100","PM10","Particulate matter < 10 µm (aerosol)","P1Y-daysAbove50","1 year day exceed 50","2016","10.000","count","100.00","1","Background","Suburban","4.4367","50.9414","12.0","","","","E1a/validated data AQ e-Reporting","18/03/2023 22:27:00","http://fme.discomap.eea.europa.eu/fmedatastreaming/AirQualityDownload/AQData_Extract.fmw?CountryCode=BE&CityName=&Pollutant=5&Year_from=2016&Year_to=2016&Station=STA-BETR020&Samplingpoint=&Source=E1a&Output=HTML&UpdateDate="
"Belgium","NET-Flanders","Flanders","BETR740","44R740 - ST.KRUIS-WI","SPO-BETR740_06001_100","PM2.5","Particulate matter < 2.5 µm (aerosol)","P1Y-P1D-per99","1 year 99 percentile of daily means (P1D) or .../aq/primaryObservation/day","2016","51.896","ug/m3","100.00","1","Industrial","Rural","3.8087","51.1501","5.0","Gent                                                                            ","BE003C1                                           ","263687","E1a/validated data AQ e-Reporting","18/03/2023 22:10:03","http://fme.discomap.eea.europa.eu/fmedatastreaming/AirQualityDownload/AQData_Extract.fmw?CountryCode=BE&CityName=&Pollutant=6001&Year_from=2016&Year_to=2016&Station=STA-BETR740&Samplingpoint=&Source=E1a&Output=HTML&UpdateDate="
"Belgium","NET-Flanders","Flanders","BETR803","42R803 - ANTWERPEN","SPO-BETR803_00008_100","NO2","Nitrogen dioxide (air)","P1Y-3hAbove400","3 consecutive hours in exceedance of 400","2016","0.000","count","93.34","1","Background","Urban","4.4285","51.2286","0.0","Antwerpen                                                                       ","BE002C1                                           ","530014","E1a/validated data AQ e-Reporting","18/03/2023 22:22:30","http://fme.discomap.eea.europa.eu/fmedatastreaming/AirQualityDownload/AQData_Extract.fmw?CountryCode=BE&CityName=&Pollutant=8&Year_from=2016&Year_to=2016&Station=STA-BETR803&Samplingpoint=&Source=E1a&Output=HTML&UpdateDate="
"Belgium","NET-Flanders","Flanders","BETR803","42R803 - ANTWERPEN","SPO-BETR803_00008_100","NO2","Nitrogen dioxide (air)","P1Y-day-max","1 year day max","2016","83.457","ug/m3","94.54","1","Background","Urban","4.4285","51.2286","0.0","Antwerpen                                                                       ","BE002C1                                           ","530014","E1a/validated data AQ e-Reporting","18/03/2023 21:43:56","http://fme.discomap.eea.europa.eu/fmedatastreaming/AirQualityDownload/AQData_Extract.fmw?CountryCode=BE&CityName=&Pollutant=8&Year_from=2016&Year_to=2016&Station=STA-BETR803&Samplingpoint=&Source=E1a&Output=HTML&UpdateDate="
"Belgium","NET-Flanders","Flanders","BETR750","44R750 - ZELZATE","SPO-BETR750_00001_100","SO2","Sulphur dioxide (air)","P1Y-3hAbove500","3 consecutive hours in exceedance of 500","2016","0.000","count","96.46","1","Industrial","Rural","3.8229","51.1961","6.0","","","","E1a/validated data AQ e-Reporting","18/03/2023 22:18:09","http://fme.discomap.eea.europa.eu/fmedatastreaming/AirQualityDownload/AQData_Extract.fmw?CountryCode=BE&CityName=&Pollutant=1&Year_from=2016&Year_to=2016&Station=STA-BETR750&Samplingpoint=&Source=E1a&Output=HTML&UpdateDate="
"Belgium","NET-Wallonia","Wallonia","BEVN066","50N066 - EUPEN","SPO-BEVN066_00450_100","H3C-CH2-CH(CH3)2","i-Pentane (2-methylbutane) (air)","P1Y","Annual mean / 1 calendar year","2016","0.000","ug/m3","48.09","1","Background","Rural","6.0023","50.6289","295.0","","","","E1a/validated data AQ e-Reporting","18/03/2023 21:08:58","http://fme.discomap.eea.europa.eu/fmedatastreaming/AirQualityDownload/AQData_Extract.fmw?CountryCode=BE&CityName=&Pollutant=450&Year_from=2016&Year_to=2016&Station=STA-BEVN066&Samplingpoint=&Source=E1a&Output=HTML&UpdateDate="
"Belgium","NET-Flanders","Flanders","BETN029","44N029 - HOUTEM","SPO-BETN029_00007_100","O3","Ozone (air)","SOMO10","Sum of Ozone Means Over 10 ppb","2016","16396.973","ug/m3","92.62","1","Background","Rural","2.5823","51.0163","2.0","","","","E1a/validated data AQ e-Reporting","18/03/2023 22:59:50","http://fme.discomap.eea.europa.eu/fmedatastreaming/AirQualityDownload/AQData_Extract.fmw?CountryCode=BE&CityName=&Pollutant=7&Year_from=2016&Year_to=2016&Station=STA-BETN029&Samplingpoint=&Source=E1a&Output=HTML&UpdateDate="
"Belgium","NET-Wallonia","Wallonia","BETR512","45R512 - MARCHIENNE","SPO-BETR512_00001_100","SO2","Sulphur dioxide (air)","P1Y-3hAbove500","3 consecutive hours in exceedance of 500","2016","0.000","count","89.95","1","Industrial","Suburban","4.3959","50.4078","107.0","Charleroi                                                                       ","BE004C1                                           ","203314","E1a/validated data AQ e-Reporting","18/03/2023 22:18:09","http://fme.discomap.eea.europa.eu/fmedatastreaming/AirQualityDownload/AQData_Extract.fmw?CountryCode=BE&CityName=&Pollutant=1&Year_from=2016&Year_to=2016&Station=STA-BETR512&Samplingpoint=&Source=E1a&Output=HTML&UpdateDate="
"Belgium","NET-Wallonia","Wallonia","BETN063","43N063 - CORROY L.G.","SPO-BETN063_00010_100","CO","Carbon monoxide (air)","P1Y-8hdmxAbove10","1 year daymax exceed 10","2016","0.000","count","99.45","1","Background","Rural","4.6683","50.6554","145.0","","","","E1a/validated data AQ e-Reporting","18/03/2023 22:27:43","http://fme.discomap.eea.europa.eu/fmedatastreaming/AirQualityDownload/AQData_Extract.fmw?CountryCode=BE&CityName=&Pollutant=10&Year_from=2016&Year_to=2016&Station=STA-BETN063&Samplingpoint=&Source=E1a&Output=HTML&UpdateDate="
"Belgium","NET-Flanders","Flanders","BETR823","42R823 - BEVEREN","SPO-BETR823_06001_100","PM2.5","Particulate matter < 2.5 µm (aerosol)","P3Y","3 subsequent calendar years mean","2016","13.993","ug/m3","33.34","1","Background","Suburban","4.2399","51.2133","0.0","","","","E1a/validated data AQ e-Reporting","18/03/2023 21:36:00","http://fme.discomap.eea.europa.eu/fmedatastreaming/AirQualityDownload/AQData_Extract.fmw?CountryCode=BE&CityName=&Pollutant=6001&Year_from=2016&Year_to=2016&Station=STA-BETR823&Samplingpoint=&Source=E1a&Output=HTML&UpdateDate="
"Belgium","NET-Wallonia","Wallonia","BETN085","43N085 - VIELSALM","SPO-BETN085_00008_100","NO2","Nitrogen dioxide (air)","P1Y-day-max","1 year day max","2016","28.913","ug/m3","97.27","1","Background","Rural","6.0017","50.3032","490.0","","","","E1a/validated data AQ e-Reporting","18/03/2023 21:43:56","http://fme.discomap.eea.europa.eu/fmedatastreaming/AirQualityDownload/AQData_Extract.fmw?CountryCode=BE&CityName=&Pollutant=8&Year_from=2016&Year_to=2016&Station=STA-BETN085&Samplingpoint=&Source=E1a&Output=HTML&UpdateDate="
"Belgium","NET-Flanders","Flanders","BETR020","42R020 - VILVOORDE","SPO-BETR020_00001_100","SO2","Sulphur dioxide (air)","P1Y-hrsAbove350","1 year hour exceed 350","2016","0.000","count","97.30","1","Background","Suburban","4.4367","50.9414","12.0","","","","E1a/validated data AQ e-Reporting","18/03/2023 21:52:12","http://fme.discomap.eea.europa.eu/fmedatastreaming/AirQualityDownload/AQData_Extract.fmw?CountryCode=BE&CityName=&Pollutant=1&Year_from=2016&Year_to=2016&Station=STA-BETR020&Samplingpoint=&Source=E1a&Output=HTML&UpdateDate="
"Belgium","NET-Wallonia","Wallonia","BETN085","43N085 - VIELSALM","SPO-BETN085_04013_100","Hg0","Elemental Gaseous Mercury (air+aerosol)","P1Y","Annual mean / 1 calendar year","2016","1.375","ng/m3","80.68","1","Background","Rural","6.0017","50.3032","490.0","","","","E1a/validated data AQ e-Reporting","18/03/2023 21:08:58","http://fme.discomap.eea.europa.eu/fmedatastreaming/AirQualityDownload/AQData_Extract.fmw?CountryCode=BE&CityName=&Pollutant=4013&Year_from=2016&Year_to=2016&Station=STA-BETN085&Samplingpoint=&Source=E1a&Output=HTML&UpdateDate="
"Belgium","NET-Flanders","Flanders","BETR702","44R702 - Gent (G.Carlierlaan)","SPO-BETR702_06001_100","PM2.5","Particulate matter < 2.5 µm (aerosol)","P1Y-day-max","1 year day max","2016","60.458","ug/m3","100.00","1","Traffic","Urban","3.7350","51.0407","8.0","Gent                                                                            ","BE003C1                                           ","263687","E1a/validated data AQ e-Reporting","18/03/2023 21:43:22","http://fme.discomap.eea.europa.eu/fmedatastreaming/AirQualityDownload/AQData_Extract.fmw?CountryCode=BE&CityName=&Pollutant=6001&Year_from=2016&Year_to=2016&Station=STA-BETR702&Samplingpoint=&Source=E1a&Output=HTML&UpdateDate="
"Belgium","NET-Wallonia","Wallonia","BETN066","43N066 - EUPEN","SPO-BETN066_00008_100","NO2","Nitrogen dioxide (air)","P1Y-day-per50","1 year 50 %ile of daily values in a year","2016","8.563","ug/m3","100.00","1","Background","Rural","6.0023","50.6289","295.0","","","","E1a/validated data AQ e-Reporting","18/03/2023 22:14:21","http://fme.discomap.eea.europa.eu/fmedatastreaming/AirQualityDownload/AQData_Extract.fmw?CountryCode=BE&CityName=&Pollutant=8&Year_from=2016&Year_to=2016&Station=STA-BETN066&Samplingpoint=&Source=E1a&Output=HTML&UpdateDate="
"Belgium","NET-Flanders","Flanders","BETR710","44R710 - DESTELBERGE","SPO-BETR710_00007_100","O3","Ozone (air)","P1Y-dmax-per99","1 year 99 percentile daily 8h maximum","2016","130.375","ug/m3","89.89","1","Background","Suburban","3.7753","51.0613","6.0","","","","E1a/validated data AQ e-Reporting","18/03/2023 22:13:26","http://fme.discomap.eea.europa.eu/fmedatastreaming/AirQualityDownload/AQData_Extract.fmw?CountryCode=BE&CityName=&Pollutant=7&Year_from=2016&Year_to=2016&Station=STA-BETR710&Samplingpoint=&Source=E1a&Output=HTML&UpdateDate="
"Belgium","NET-Brussels","Brussels","BETR001","41R001 - MOLENBEEK","SPO-BETR001_00005_100","PM10","Particulate matter < 10 µm (aerosol)","P1Y-P1D-per90.4","1 year 90.4 percentile - COMPLIANCE","2016","38.771","ug/m3","84.43","1","Background","Urban","4.3341","50.8497","20.0","Bruxelles / Brussel                                                             ","BE001C1                                           ","1223364","E1a/validated data AQ e-Reporting","18/03/2023 22:08:35","http://fme.discomap.eea.europa.eu/fmedatastreaming/AirQualityDownload/AQData_Extract.fmw?CountryCode=BE&CityName=&Pollutant=5&Year_from=2016&Year_to=2016&Station=STA-BETR001&Samplingpoint=&Source=E1a&Output=HTML&UpdateDate="
"Belgium","NET-Brussels","Brussels","BETR012","41R012 - UCCLE","SPO-BETR012_00007_100","O3","Ozone (air)","P1Y-hrsAbove180","1 year hour exceed 180","2016","0.000","count","96.99","1","Background","Suburban","4.3586","50.7966","101.0","Bruxelles / Brussel                                                             ","BE001C1                                           ","1223364","E1a/validated data AQ e-Reporting","18/03/2023 21:46:37","http://fme.discomap.eea.europa.eu/fmedatastreaming/AirQualityDownload/AQData_Extract.fmw?CountryCode=BE&CityName=&Pollutant=7&Year_from=2016&Year_to=2016&Station=STA-BETR012&Samplingpoint=&Source=E1a&Output=HTML&UpdateDate="
"Belgium","NET-Brussels","Brussels","BETB006","41B006 - PARL.EUROPE","SPO-BETB006_00008_100","NO2","Nitrogen dioxide (air)","P1Y-hrsAbove400","1 year hour exceed 400","2016","0.000","count","36.44","1","Background","Urban","4.3744","50.8386","67.0","Bruxelles / Brussel                                                             ","BE001C1                                           ","1223364","E1a/validated data AQ e-Reporting","18/03/2023 21:54:38","http://fme.discomap.eea.europa.eu/fmedatastreaming/AirQualityDownload/AQData_Extract.fmw?CountryCode=BE&CityName=&Pollutant=8&Year_from=2016&Year_to=2016&Station=STA-BETB006&Samplingpoint=&Source=E1a&Output=HTML&UpdateDate="
"Belgium","NET-Flanders","Flanders","BELHB23","40HB23 - HOBOKEN","SPO-BELHB23_00008_100","NO2","Nitrogen dioxide (air)","P1Y-day-min","1 year day min","2016","5.348","ug/m3","96.45","1","Industrial","Suburban","4.3410","51.1703","13.0","Antwerpen                                                                       ","BE002C1                                           ","530014","E1a/validated data AQ e-Reporting","18/03/2023 21:56:03","http://fme.discomap.eea.europa.eu/fmedatastreaming/AirQualityDownload/AQData_Extract.fmw?CountryCode=BE&CityName=&Pollutant=8&Year_from=2016&Year_to=2016&Station=STA-BELHB23&Samplingpoint=&Source=E1a&Output=HTML&UpdateDate="
"Belgium","NET-Flanders","Flanders","BELHB23","40HB23 - HOBOKEN","SPO-BELHB23_00008_100","NO2","Nitrogen dioxide (air)","P1Y-day-per50","1 year 50 %ile of daily values in a year","2016","25.063","ug/m3","96.45","1","Industrial","Suburban","4.3410","51.1703","13.0","Antwerpen                                                                       ","BE002C1                                           ","530014","E1a/validated data AQ e-Reporting","18/03/2023 22:14:21","http://fme.discomap.eea.europa.eu/fmedatastreaming/AirQualityDownload/AQData_Extract.fmw?CountryCode=BE&CityName=&Pollutant=8&Year_from=2016&Year_to=2016&Station=STA-BELHB23&Samplingpoint=&Source=E1a&Output=HTML&UpdateDate="
"Belgium","NET-Flanders","Flanders","BETR803","42R803 - ANTWERPEN","SPO-BETR803_06001_100","PM2.5","Particulate matter < 2.5 µm (aerosol)","P1Y-hr-min","1 year hour min","2016","1.000","ug/m3","97.30","1","Background","Urban","4.4285","51.2286","0.0","Antwerpen                                                                       ","BE002C1                                           ","530014","E1a/validated data AQ e-Reporting","18/03/2023 22:31:20","http://fme.discomap.eea.europa.eu/fmedatastreaming/AirQualityDownload/AQData_Extract.fmw?CountryCode=BE&CityName=&Pollutant=6001&Year_from=2016&Year_to=2016&Station=STA-BETR803&Samplingpoint=&Source=E1a&Output=HTML&UpdateDate="
"Belgium","NET-Flanders","Flanders","BETR805","42R805 - ANTWERPEN","SPO-BETR805_00005_100","PM10","Particulate matter < 10 µm (aerosol)","P1Y-hr-max","1 year hour max","2016","855.100","ug/m3","99.11","1","Traffic","Urban","4.4216","51.2082","6.0","Antwerpen                                                                       ","BE002C1                                           ","530014","E1a/validated data AQ e-Reporting","18/03/2023 21:57:02","http://fme.discomap.eea.europa.eu/fmedatastreaming/AirQualityDownload/AQData_Extract.fmw?CountryCode=BE&CityName=&Pollutant=5&Year_from=2016&Year_to=2016&Station=STA-BETR805&Samplingpoint=&Source=E1a&Output=HTML&UpdateDate="
"Belgium","NET-Flanders","Flanders","BETR831","42R831 - BERENDRECHT","SPO-BETR831_00008_100","NO2","Nitrogen dioxide (air)","P1Y-hrsAbove200","1 year hour exceed 200","2016","0.000","count","88.85","1","Industrial","Rural","4.3397","51.3488","3.0","Antwerpen                                                                       ","BE002C1                                           ","530014","E1a/validated data AQ e-Reporting","18/03/2023 21:48:42","http://fme.discomap.eea.europa.eu/fmedatastreaming/AirQualityDownload/AQData_Extract.fmw?CountryCode=BE&CityName=&Pollutant=8&Year_from=2016&Year_to=2016&Station=STA-BETR831&Samplingpoint=&Source=E1a&Output=HTML&UpdateDate="
"Belgium","NET-Flanders","Flanders","BETR834","42R834 - Boom","SPO-BETR834_00005_100","PM10","Particulate matter < 10 µm (aerosol)","P1Y-daysAbove50","1 year day exceed 50","2016","6.000","count","99.45","1","Background","Suburban","4.3801","51.0920","0.0","","","","E1a/validated data AQ e-Reporting","18/03/2023 22:27:00","http://fme.discomap.eea.europa.eu/fmedatastreaming/AirQualityDownload/AQData_Extract.fmw?CountryCode=BE&CityName=&Pollutant=5&Year_from=2016&Year_to=2016&Station=STA-BETR834&Samplingpoint=&Source=E1a&Output=HTML&UpdateDate="
"Belgium","NET-Flanders","Flanders","BETR805","42R805 - ANTWERPEN","SPO-BETR805_00008_100","NO2","Nitrogen dioxide (air)","P1Y-day-min","1 year day min","2016","11.783","ug/m3","97.81","1","Traffic","Urban","4.4216","51.2082","6.0","Antwerpen                                                                       ","BE002C1                                           ","530014","E1a/validated data AQ e-Reporting","18/03/2023 21:56:03","http://fme.discomap.eea.europa.eu/fmedatastreaming/AirQualityDownload/AQData_Extract.fmw?CountryCode=BE&CityName=&Pollutant=8&Year_from=2016&Year_to=2016&Station=STA-BETR805&Samplingpoint=&Source=E1a&Output=HTML&UpdateDate="
"Belgium","NET-Wallonia","Wallonia","BETN085","43N085 - VIELSALM","SPO-BETN085_00005_100","PM10","Particulate matter < 10 µm (aerosol)","P1Y-P1D-per99","1 year 99 percentile of daily means (P1D) or .../aq/primaryObservation/day","2016","25.250","ug/m3","98.63","1","Background","Rural","6.0017","50.3032","490.0","","","","E1a/validated data AQ e-Reporting","18/03/2023 22:09:38","http://fme.discomap.eea.europa.eu/fmedatastreaming/AirQualityDownload/AQData_Extract.fmw?CountryCode=BE&CityName=&Pollutant=5&Year_from=2016&Year_to=2016&Station=STA-BETN085&Samplingpoint=&Source=E1a&Output=HTML&UpdateDate="
"Belgium","NET-Flanders","Flanders","BETR820","42R820 - KAPELLEN","SPO-BETR820_00008_100","NO2","Nitrogen dioxide (air)","P3Y","3 subsequent calendar years mean","2016","21.822","ug/m3","96.19","1","Background","Suburban","4.4448","51.3204","11.0","","","","E1a/validated data AQ e-Reporting","18/03/2023 21:36:00","http://fme.discomap.eea.europa.eu/fmedatastreaming/AirQualityDownload/AQData_Extract.fmw?CountryCode=BE&CityName=&Pollutant=8&Year_from=2016&Year_to=2016&Station=STA-BETR820&Samplingpoint=&Source=E1a&Output=HTML&UpdateDate="
"Belgium","NET-Flanders","Flanders","BETR823","42R823 - BEVEREN","SPO-BETR823_00001_100","SO2","Sulphur dioxide (air)","P1Y-3hAbove500","3 consecutive hours in exceedance of 500","2016","0.000","count","97.40","1","Background","Suburban","4.2399","51.2133","0.0","","","","E1a/validated data AQ e-Reporting","18/03/2023 22:18:09","http://fme.discomap.eea.europa.eu/fmedatastreaming/AirQualityDownload/AQData_Extract.fmw?CountryCode=BE&CityName=&Pollutant=1&Year_from=2016&Year_to=2016&Station=STA-BETR823&Samplingpoint=&Source=E1a&Output=HTML&UpdateDate="
"Belgium","NET-Flanders","Flanders","BETR823","42R823 - BEVEREN","SPO-BETR823_06001_100","PM2.5","Particulate matter < 2.5 µm (aerosol)","P1Y-day-per50","1 year 50 %ile of daily values in a year","2016","10.750","ug/m3","100.00","1","Background","Suburban","4.2399","51.2133","0.0","","","","E1a/validated data AQ e-Reporting","18/03/2023 22:11:51","http://fme.discomap.eea.europa.eu/fmedatastreaming/AirQualityDownload/AQData_Extract.fmw?CountryCode=BE&CityName=&Pollutant=6001&Year_from=2016&Year_to=2016&Station=STA-BETR823&Samplingpoint=&Source=E1a&Output=HTML&UpdateDate="
"Belgium","NET-Flanders","Flanders","BETR802","42R802 - BORGERHOUT","SPO-BETR802_00391_100","Black Carbon","black_carbon (aerosol)","P1Y-hr-per50","1 year 50 percentile","2016","2.035","ug/m3","98.45","1","Traffic","Urban","4.4318","51.2095","6.0","Antwerpen                                                                       ","BE002C1                                           ","530014","E1a/validated data AQ e-Reporting","18/03/2023 22:05:49","http://fme.discomap.eea.europa.eu/fmedatastreaming/AirQualityDownload/AQData_Extract.fmw?CountryCode=BE&CityName=&Pollutant=391&Year_from=2016&Year_to=2016&Station=STA-BETR802&Samplingpoint=&Source=E1a&Output=HTML&UpdateDate="
"Belgium","NET-Flanders","Flanders","BELSZ02","40SZ02 - STEENOKKERZ","SPO-BELSZ02_00008_100","NO2","Nitrogen dioxide (air)","P3Y","3 subsequent calendar years mean","2016","24.610","ug/m3","95.15","1","Industrial","Rural","4.5122","50.9130","15.0","","","","E1a/validated data AQ e-Reporting","18/03/2023 21:36:00","http://fme.discomap.eea.europa.eu/fmedatastreaming/AirQualityDownload/AQData_Extract.fmw?CountryCode=BE&CityName=&Pollutant=8&Year_from=2016&Year_to=2016&Station=STA-BELSZ02&Samplingpoint=&Source=E1a&Output=HTML&UpdateDate="
"Belgium","NET-Flanders","Flanders","BETR750","44R750 - ZELZATE","SPO-BETR750_00010_100","CO","Carbon monoxide (air)","P1Y-dx-avg","1 year daymax average","2016","0.443","mg/m3","98.09","1","Industrial","Rural","3.8229","51.1961","6.0","","","","E1a/validated data AQ e-Reporting","18/03/2023 22:27:48","http://fme.discomap.eea.europa.eu/fmedatastreaming/AirQualityDownload/AQData_Extract.fmw?CountryCode=BE&CityName=&Pollutant=10&Year_from=2016&Year_to=2016&Station=STA-BETR750&Samplingpoint=&Source=E1a&Output=HTML&UpdateDate="
"Belgium","NET-Flanders","Flanders","BETR803","42R803 - ANTWERPEN","SPO-BETR803_06001_100","PM2.5","Particulate matter < 2.5 µm (aerosol)","P1Y-day-min","1 year day min","2016","3.000","ug/m3","95.90","1","Background","Urban","4.4285","51.2286","0.0","Antwerpen                                                                       ","BE002C1                                           ","530014","E1a/validated data AQ e-Reporting","18/03/2023 21:55:29","http://fme.discomap.eea.europa.eu/fmedatastreaming/AirQualityDownload/AQData_Extract.fmw?CountryCode=BE&CityName=&Pollutant=6001&Year_from=2016&Year_to=2016&Station=STA-BETR803&Samplingpoint=&Source=E1a&Output=HTML&UpdateDate="
"Belgium","NET-Flanders","Flanders","BETR801","42R801 - BORGERHOUT","SPO-BETR801_00001_100","SO2","Sulphur dioxide (air)","P1Y-day-per50","1 year 50 %ile of daily values in a year","2016","1.625","ug/m3","99.45","1","Background","Urban","4.4318","51.2097","6.0","Antwerpen                                                                       ","BE002C1                                           ","530014","E1a/validated data AQ e-Reporting","18/03/2023 22:14:46","http://fme.discomap.eea.europa.eu/fmedatastreaming/AirQualityDownload/AQData_Extract.fmw?CountryCode=BE&CityName=&Pollutant=1&Year_from=2016&Year_to=2016&Station=STA-BETR801&Samplingpoint=&Source=E1a&Output=HTML&UpdateDate="
"Belgium","NET-Flanders","Flanders","BETR831","42R831 - BERENDRECHT","SPO-BETR831_00008_100","NO2","Nitrogen dioxide (air)","P1Y-hr-min","1 year hour min","2016","1.000","ug/m3","88.85","1","Industrial","Rural","4.3397","51.3488","3.0","Antwerpen                                                                       ","BE002C1                                           ","530014","E1a/validated data AQ e-Reporting","18/03/2023 22:31:20","http://fme.discomap.eea.europa.eu/fmedatastreaming/AirQualityDownload/AQData_Extract.fmw?CountryCode=BE&CityName=&Pollutant=8&Year_from=2016&Year_to=2016&Station=STA-BETR831&Samplingpoint=&Source=E1a&Output=HTML&UpdateDate="
"Belgium","NET-Flanders","Flanders","BETR801","42R801 - BORGERHOUT","SPO-BETR801_00005_100","PM10","Particulate matter < 10 µm (aerosol)","P1Y-day-per50","1 year 50 %ile of daily values in a year","2016","20.475","ug/m3","100.00","1","Background","Urban","4.4318","51.2097","6.0","Antwerpen                                                                       ","BE002C1                                           ","530014","E1a/validated data AQ e-Reporting","18/03/2023 22:08:05","http://fme.discomap.eea.europa.eu/fmedatastreaming/AirQualityDownload/AQData_Extract.fmw?CountryCode=BE&CityName=&Pollutant=5&Year_from=2016&Year_to=2016&Station=STA-BETR801&Samplingpoint=&Source=E1a&Output=HTML&UpdateDate="
"Belgium","NET-Flanders","Flanders","BETN051","44N051 - IDEGEM","SPO-BETN051_00007_100","O3","Ozone (air)","P1Y-hrsAbove180","1 year hour exceed 180","2016","0.000","count","91.29","1","Background","Rural","3.9303","50.7989","15.0","","","","E1a/validated data AQ e-Reporting","18/03/2023 21:46:37","http://fme.discomap.eea.europa.eu/fmedatastreaming/AirQualityDownload/AQData_Extract.fmw?CountryCode=BE&CityName=&Pollutant=7&Year_from=2016&Year_to=2016&Station=STA-BETN051&Samplingpoint=&Source=E1a&Output=HTML&UpdateDate="
"Belgium","NET-Flanders","Flanders","BETR892","42R892 - KALLO","SPO-BETR892_00001_100","SO2","Sulphur dioxide (air)","P1Y-hrsAbove350","1 year hour exceed 350","2016","0.000","count","95.78","1","Industrial","Rural","4.2789","51.2630","9.0","","","","E1a/validated data AQ e-Reporting","18/03/2023 21:52:12","http://fme.discomap.eea.europa.eu/fmedatastreaming/AirQualityDownload/AQData_Extract.fmw?CountryCode=BE&CityName=&Pollutant=1&Year_from=2016&Year_to=2016&Station=STA-BETR892&Samplingpoint=&Source=E1a&Output=HTML&UpdateDate="
"Belgium","NET-Flanders","Flanders","BETR893","42R893 - ANTWERPEN","SPO-BETR893_00001_100","SO2","Sulphur dioxide (air)","P1Y-daysAbove125","1 year day exceed 125","2016","0.000","count","98.91","1","Industrial","Suburban","4.3858","51.2814","6.0","Antwerpen                                                                       ","BE002C1                                           ","530014","E1a/validated data AQ e-Reporting","18/03/2023 22:23:37","http://fme.discomap.eea.europa.eu/fmedatastreaming/AirQualityDownload/AQData_Extract.fmw?CountryCode=BE&CityName=&Pollutant=1&Year_from=2016&Year_to=2016&Station=STA-BETR893&Samplingpoint=&Source=E1a&Output=HTML&UpdateDate="
"Belgium","NET-Flanders","Flanders","BETN054","42N054 - WALSHOUTEM","SPO-BETN054_00008_100","NO2","Nitrogen dioxide (air)","P1Y-hrsAbove400","1 year hour exceed 400","2016","0.000","count","94.35","1","Background","Rural","5.1032","50.7117","135.0","","","","E1a/validated data AQ e-Reporting","18/03/2023 21:54:38","http://fme.discomap.eea.europa.eu/fmedatastreaming/AirQualityDownload/AQData_Extract.fmw?CountryCode=BE&CityName=&Pollutant=8&Year_from=2016&Year_to=2016&Station=STA-BETN054&Samplingpoint=&Source=E1a&Output=HTML&UpdateDate="
"Belgium","NET-Flanders","Flanders","BETR721","44R721 - WONDELGEM","SPO-BETR721_00008_100","NO2","Nitrogen dioxide (air)","P3Y","3 subsequent calendar years mean","2016","24.120","ug/m3","93.43","1","Industrial","Suburban","3.7161","51.0890","6.0","Gent                                                                            ","BE003C1                                           ","263687","E1a/validated data AQ e-Reporting","18/03/2023 21:36:00","http://fme.discomap.eea.europa.eu/fmedatastreaming/AirQualityDownload/AQData_Extract.fmw?CountryCode=BE&CityName=&Pollutant=8&Year_from=2016&Year_to=2016&Station=STA-BETR721&Samplingpoint=&Source=E1a&Output=HTML&UpdateDate="
"Belgium","NET-Flanders","Flanders","BETR802","42R802 - BORGERHOUT","SPO-BETR802_00005_100","PM10","Particulate matter < 10 µm (aerosol)","P1Y-daysAbove50","1 year day exceed 50","2016","10.000","count","98.91","1","Traffic","Urban","4.4318","51.2095","6.0","Antwerpen                                                                       ","BE002C1                                           ","530014","E1a/validated data AQ e-Reporting","18/03/2023 22:27:00","http://fme.discomap.eea.europa.eu/fmedatastreaming/AirQualityDownload/AQData_Extract.fmw?CountryCode=BE&CityName=&Pollutant=5&Year_from=2016&Year_to=2016&Station=STA-BETR802&Samplingpoint=&Source=E1a&Output=HTML&UpdateDate="
"Belgium","NET-Flanders","Flanders","BETR815","42R815 - ZWIJNDRECHT","SPO-BETR815_00001_100","SO2","Sulphur dioxide (air)","P1Y-3hAbove500","3 consecutive hours in exceedance of 500","2016","0.000","count","97.27","1","Industrial","Suburban","4.3322","51.2147","7.0","","","","E1a/validated data AQ e-Reporting","18/03/2023 22:18:09","http://fme.discomap.eea.europa.eu/fmedatastreaming/AirQualityDownload/AQData_Extract.fmw?CountryCode=BE&CityName=&Pollutant=1&Year_from=2016&Year_to=2016&Station=STA-BETR815&Samplingpoint=&Source=E1a&Output=HTML&UpdateDate="
"Belgium","NET-Flanders","Flanders","BETR892","42R892 - KALLO","SPO-BETR892_00008_100","NO2","Nitrogen dioxide (air)","P1Y-day-max","1 year day max","2016","90.348","ug/m3","98.63","1","Industrial","Rural","4.2789","51.2630","9.0","","","","E1a/validated data AQ e-Reporting","18/03/2023 21:43:56","http://fme.discomap.eea.europa.eu/fmedatastreaming/AirQualityDownload/AQData_Extract.fmw?CountryCode=BE&CityName=&Pollutant=8&Year_from=2016&Year_to=2016&Station=STA-BETR892&Samplingpoint=&Source=E1a&Output=HTML&UpdateDate="
"Belgium","NET-Wallonia","Wallonia","BETH201","43H201 - LIEGE","SPO-BETH201_00001_100","SO2","Sulphur dioxide (air)","P1Y-day-per50","1 year 50 %ile of daily values in a year","2016","0.370","ug/m3","99.45","1","Background","Suburban","5.5475","50.6250","160.0","Liège                                                                           ","BE005C1                                           ","383700","E1a/validated data AQ e-Reporting","18/03/2023 22:14:46","http://fme.discomap.eea.europa.eu/fmedatastreaming/AirQualityDownload/AQData_Extract.fmw?CountryCode=BE&CityName=&Pollutant=1&Year_from=2016&Year_to=2016&Station=STA-BETH201&Samplingpoint=&Source=E1a&Output=HTML&UpdateDate="
"Belgium","NET-Flanders","Flanders","BETR831","42R831 - BERENDRECHT","SPO-BETR831_06001_100","PM2.5","Particulate matter < 2.5 µm (aerosol)","P1Y-P1D-per99","1 year 99 percentile of daily means (P1D) or .../aq/primaryObservation/day","2016","41.854","ug/m3","100.00","1","Industrial","Rural","4.3397","51.3488","3.0","Antwerpen                                                                       ","BE002C1                                           ","530014","E1a/validated data AQ e-Reporting","18/03/2023 22:10:03","http://fme.discomap.eea.europa.eu/fmedatastreaming/AirQualityDownload/AQData_Extract.fmw?CountryCode=BE&CityName=&Pollutant=6001&Year_from=2016&Year_to=2016&Station=STA-BETR831&Samplingpoint=&Source=E1a&Output=HTML&UpdateDate="
"Belgium","NET-Flanders","Flanders","BETR811","42R811 - SCHOTEN","SPO-BETR811_00007_100","O3","Ozone (air)","P1Y-dx-max","1 year day max max","2016","157.250","ug/m3","95.08","1","Background","Suburban","4.4914","51.2521","8.0","","","","E1a/validated data AQ e-Reporting","18/03/2023 21:44:39","http://fme.discomap.eea.europa.eu/fmedatastreaming/AirQualityDownload/AQData_Extract.fmw?CountryCode=BE&CityName=&Pollutant=7&Year_from=2016&Year_to=2016&Station=STA-BETR811&Samplingpoint=&Source=E1a&Output=HTML&UpdateDate="
"Belgium","NET-Flanders","Flanders","BETR811","42R811 - SCHOTEN","SPO-BETR811_00008_100","NO2","Nitrogen dioxide (air)","P1Y-day-per50","1 year 50 %ile of daily values in a year","2016","23.739","ug/m3","98.91","1","Background","Suburban","4.4914","51.2521","8.0","","","","E1a/validated data AQ e-Reporting","18/03/2023 22:14:21","http://fme.discomap.eea.europa.eu/fmedatastreaming/AirQualityDownload/AQData_Extract.fmw?CountryCode=BE&CityName=&Pollutant=8&Year_from=2016&Year_to=2016&Station=STA-BETR811&Samplingpoint=&Source=E1a&Output=HTML&UpdateDate="
"Belgium","NET-Wallonia","Wallonia","BETR222","43R222 - SERAING","SPO-BETR222_00007_100","O3","Ozone (air)","SOMO35","Sum of Ozone Means Over 35 ppb","2016","2037.008","ug/m3","94.81","1","Background","Suburban","5.5702","50.6134","65.0","Liège                                                                           ","BE005C1                                           ","383700","E1a/validated data AQ e-Reporting","18/03/2023 22:59:23","http://fme.discomap.eea.europa.eu/fmedatastreaming/AirQualityDownload/AQData_Extract.fmw?CountryCode=BE&CityName=&Pollutant=7&Year_from=2016&Year_to=2016&Station=STA-BETR222&Samplingpoint=&Source=E1a&Output=HTML&UpdateDate="
"Belgium","NET-Wallonia","Wallonia","BETR501","45R501 - CHARLEROI","SPO-BETR501_00005_100","PM10","Particulate matter < 10 µm (aerosol)","P1Y-hr-per50","1 year 50 percentile","2016","18.771","ug/m3","99.68","1","Background","Urban","4.4522","50.4093","115.0","Charleroi                                                                       ","BE004C1                                           ","203314","E1a/validated data AQ e-Reporting","18/03/2023 22:05:49","http://fme.discomap.eea.europa.eu/fmedatastreaming/AirQualityDownload/AQData_Extract.fmw?CountryCode=BE&CityName=&Pollutant=5&Year_from=2016&Year_to=2016&Station=STA-BETR501&Samplingpoint=&Source=E1a&Output=HTML&UpdateDate="
"Belgium","NET-Wallonia","Wallonia","BEVN066","50N066 - EUPEN","SPO-BEVN066_06007_100","cis-H3C-CH=CH-CH3","cis-2-Butene (air)","P1Y","Annual mean / 1 calendar year","2016","0.000","ug/m3","50.00","1","Background","Rural","6.0023","50.6289","295.0","","","","E1a/validated data AQ e-Reporting","18/03/2023 21:08:58","http://fme.discomap.eea.europa.eu/fmedatastreaming/AirQualityDownload/AQData_Extract.fmw?CountryCode=BE&CityName=&Pollutant=6007&Year_from=2016&Year_to=2016&Station=STA-BEVN066&Samplingpoint=&Source=E1a&Output=HTML&UpdateDate="
"Belgium","NET-Wallonia","Wallonia","BETR512","45R512 - MARCHIENNE","SPO-BETR512_00005_100","PM10","Particulate matter < 10 µm (aerosol)","P1Y-daysAbove50","1 year day exceed 50","2016","30.000","count","99.45","1","Industrial","Suburban","4.3959","50.4078","107.0","Charleroi                                                                       ","BE004C1                                           ","203314","E1a/validated data AQ e-Reporting","18/03/2023 22:27:00","http://fme.discomap.eea.europa.eu/fmedatastreaming/AirQualityDownload/AQData_Extract.fmw?CountryCode=BE&CityName=&Pollutant=5&Year_from=2016&Year_to=2016&Station=STA-BETR512&Samplingpoint=&Source=E1a&Output=HTML&UpdateDate="
"Belgium","NET-Wallonia","Wallonia","BEVMOU1","5MOU01 - MOUSCRON","SPO-BEVMOU1_06013_100","1,3,5-C6H3(CH3)3","1,3,5-Trimethylbenzene (air)","P1Y","Annual mean / 1 calendar year","2016","0.000","ug/m3","49.73","1","Industrial","Suburban","3.2414","50.7532","42.0","Mouscron                                                                        ","BE013C1                                           ","58862","E1a/validated data AQ e-Reporting","18/03/2023 21:08:58","http://fme.discomap.eea.europa.eu/fmedatastreaming/AirQualityDownload/AQData_Extract.fmw?CountryCode=BE&CityName=&Pollutant=6013&Year_from=2016&Year_to=2016&Station=STA-BEVMOU1&Samplingpoint=&Source=E1a&Output=HTML&UpdateDate="
"Belgium","NET-Wallonia","Wallonia","BETR512","45R512 - MARCHIENNE","SPO-BETR512_00008_100","NO2","Nitrogen dioxide (air)","P1Y-hr-max-per99.79","1 year 99.79 %ile of hourly values in a given year","2016","83.500","ug/m3","97.43","1","Industrial","Suburban","4.3959","50.4078","107.0","Charleroi                                                                       ","BE004C1                                           ","203314","E1a/validated data AQ e-Reporting","18/03/2023 22:07:35","http://fme.discomap.eea.europa.eu/fmedatastreaming/AirQualityDownload/AQData_Extract.fmw?CountryCode=BE&CityName=&Pollutant=8&Year_from=2016&Year_to=2016&Station=STA-BETR512&Samplingpoint=&Source=E1a&Output=HTML&UpdateDate="
"Belgium","NET-Wallonia","Wallonia","BETR512","45R512 - MARCHIENNE","SPO-BETR512_00008_100","NO2","Nitrogen dioxide (air)","P1Y-hr-per50","1 year 50 percentile","2016","20.000","ug/m3","97.43","1","Industrial","Suburban","4.3959","50.4078","107.0","Charleroi                                                                       ","BE004C1                                           ","203314","E1a/validated data AQ e-Reporting","18/03/2023 22:05:49","http://fme.discomap.eea.europa.eu/fmedatastreaming/AirQualityDownload/AQData_Extract.fmw?CountryCode=BE&CityName=&Pollutant=8&Year_from=2016&Year_to=2016&Station=STA-BETR512&Samplingpoint=&Source=E1a&Output=HTML&UpdateDate="
"Belgium","NET-Flanders","Flanders","BETR740","44R740 - ST.KRUIS-WI","SPO-BETR740_00005_100","PM10","Particulate matter < 10 µm (aerosol)","P1Y-day-max","1 year day max","2016","78.579","ug/m3","100.00","1","Industrial","Rural","3.8087","51.1501","5.0","Gent                                                                            ","BE003C1                                           ","263687","E1a/validated data AQ e-Reporting","18/03/2023 21:43:06","http://fme.discomap.eea.europa.eu/fmedatastreaming/AirQualityDownload/AQData_Extract.fmw?CountryCode=BE&CityName=&Pollutant=5&Year_from=2016&Year_to=2016&Station=STA-BETR740&Samplingpoint=&Source=E1a&Output=HTML&UpdateDate="
"Belgium","NET-Flanders","Flanders","BETR831","42R831 - BERENDRECHT","SPO-BETR831_00005_100","PM10","Particulate matter < 10 µm (aerosol)","P1Y-hr-per50","1 year 50 percentile","2016","18.500","ug/m3","97.48","1","Industrial","Rural","4.3397","51.3488","3.0","Antwerpen                                                                       ","BE002C1                                           ","530014","E1a/validated data AQ e-Reporting","18/03/2023 22:05:49","http://fme.discomap.eea.europa.eu/fmedatastreaming/AirQualityDownload/AQData_Extract.fmw?CountryCode=BE&CityName=&Pollutant=5&Year_from=2016&Year_to=2016&Station=STA-BETR831&Samplingpoint=&Source=E1a&Output=HTML&UpdateDate="
"Belgium","NET-Wallonia","Wallonia","BETN132","43N132 - HABAY-LA-N.","SPO-BETN132_00005_100","PM10","Particulate matter < 10 µm (aerosol)","P1Y-hr-per50","1 year 50 percentile","2016","10.771","ug/m3","99.34","1","Background","Rural","5.6304","49.7193","375.0","","","","E1a/validated data AQ e-Reporting","18/03/2023 22:05:49","http://fme.discomap.eea.europa.eu/fmedatastreaming/AirQualityDownload/AQData_Extract.fmw?CountryCode=BE&CityName=&Pollutant=5&Year_from=2016&Year_to=2016&Station=STA-BETN132&Samplingpoint=&Source=E1a&Output=HTML&UpdateDate="
"Belgium","NET-Flanders","Flanders","BETR831","42R831 - BERENDRECHT","SPO-BETR831_00001_100","SO2","Sulphur dioxide (air)","P1Y-hr-max25","1 year hour max 25","2016","36.000","ug/m3","97.13","1","Industrial","Rural","4.3397","51.3488","3.0","Antwerpen                                                                       ","BE002C1                                           ","530014","E1a/validated data AQ e-Reporting","18/03/2023 22:33:20","http://fme.discomap.eea.europa.eu/fmedatastreaming/AirQualityDownload/AQData_Extract.fmw?CountryCode=BE&CityName=&Pollutant=1&Year_from=2016&Year_to=2016&Station=STA-BETR831&Samplingpoint=&Source=E1a&Output=HTML&UpdateDate="
"Belgium","NET-Flanders","Flanders","BETR831","42R831 - BERENDRECHT","SPO-BETR831_00005_100","PM10","Particulate matter < 10 µm (aerosol)","P1Y-hr-max","1 year hour max","2016","125.500","ug/m3","97.48","1","Industrial","Rural","4.3397","51.3488","3.0","Antwerpen                                                                       ","BE002C1                                           ","530014","E1a/validated data AQ e-Reporting","18/03/2023 21:57:02","http://fme.discomap.eea.europa.eu/fmedatastreaming/AirQualityDownload/AQData_Extract.fmw?CountryCode=BE&CityName=&Pollutant=5&Year_from=2016&Year_to=2016&Station=STA-BETR831&Samplingpoint=&Source=E1a&Output=HTML&UpdateDate="
"Belgium","NET-Wallonia","Wallonia","BETN132","43N132 - HABAY-LA-N.","SPO-BETN132_00008_100","NO2","Nitrogen dioxide (air)","P1Y-hr-max-per99.79","1 year 99.79 %ile of hourly values in a given year","2016","49.500","ug/m3","96.56","1","Background","Rural","5.6304","49.7193","375.0","","","","E1a/validated data AQ e-Reporting","18/03/2023 22:07:35","http://fme.discomap.eea.europa.eu/fmedatastreaming/AirQualityDownload/AQData_Extract.fmw?CountryCode=BE&CityName=&Pollutant=8&Year_from=2016&Year_to=2016&Station=STA-BETN132&Samplingpoint=&Source=E1a&Output=HTML&UpdateDate="
"Belgium","NET-Flanders","Flanders","BETR831","42R831 - BERENDRECHT","SPO-BETR831_00007_100","O3","Ozone (air)","P1Y-hr-max","1 year hour max","2016","182.000","ug/m3","94.62","1","Industrial","Rural","4.3397","51.3488","3.0","Antwerpen                                                                       ","BE002C1                                           ","530014","E1a/validated data AQ e-Reporting","18/03/2023 21:57:02","http://fme.discomap.eea.europa.eu/fmedatastreaming/AirQualityDownload/AQData_Extract.fmw?CountryCode=BE&CityName=&Pollutant=7&Year_from=2016&Year_to=2016&Station=STA-BETR831&Samplingpoint=&Source=E1a&Output=HTML&UpdateDate="
"Belgium","NET-Wallonia","Wallonia","BETR501","45R501 - CHARLEROI","SPO-BETR501_06001_100","PM2.5","Particulate matter < 2.5 µm (aerosol)","P1Y-P1D-per99","1 year 99 percentile of daily means (P1D) or .../aq/primaryObservation/day","2016","43.751","ug/m3","100.00","1","Background","Urban","4.4522","50.4093","115.0","Charleroi                                                                       ","BE004C1                                           ","203314","E1a/validated data AQ e-Reporting","18/03/2023 22:10:03","http://fme.discomap.eea.europa.eu/fmedatastreaming/AirQualityDownload/AQData_Extract.fmw?CountryCode=BE&CityName=&Pollutant=6001&Year_from=2016&Year_to=2016&Station=STA-BETR501&Samplingpoint=&Source=E1a&Output=HTML&UpdateDate="
"Belgium","NET-Flanders","Flanders","BETR020","42R020 - VILVOORDE","SPO-BETR020_00008_100","NO2","Nitrogen dioxide (air)","P1Y-hr-max-per99.79","1 year 99.79 %ile of hourly values in a given year","2016","105.500","ug/m3","94.13","1","Background","Suburban","4.4367","50.9414","12.0","","","","E1a/validated data AQ e-Reporting","18/03/2023 22:07:35","http://fme.discomap.eea.europa.eu/fmedatastreaming/AirQualityDownload/AQData_Extract.fmw?CountryCode=BE&CityName=&Pollutant=8&Year_from=2016&Year_to=2016&Station=STA-BETR020&Samplingpoint=&Source=E1a&Output=HTML&UpdateDate="
"Belgium","NET-Flanders","Flanders","BETR750","44R750 - ZELZATE","SPO-BETR750_00001_100","SO2","Sulphur dioxide (air)","P1Y-hrsAbove350","1 year hour exceed 350","2016","0.000","count","96.46","1","Industrial","Rural","3.8229","51.1961","6.0","","","","E1a/validated data AQ e-Reporting","18/03/2023 21:52:12","http://fme.discomap.eea.europa.eu/fmedatastreaming/AirQualityDownload/AQData_Extract.fmw?CountryCode=BE&CityName=&Pollutant=1&Year_from=2016&Year_to=2016&Station=STA-BETR750&Samplingpoint=&Source=E1a&Output=HTML&UpdateDate="
"Belgium","NET-Flanders","Flanders","BETR020","42R020 - VILVOORDE","SPO-BETR020_00010_100","CO","Carbon monoxide (air)","P1Y-P1D-per99","1 year 99 percentile of daily means (P1D) or .../aq/primaryObservation/day","2016","0.591","mg/m3","98.36","1","Background","Suburban","4.4367","50.9414","12.0","","","","E1a/validated data AQ e-Reporting","18/03/2023 22:11:26","http://fme.discomap.eea.europa.eu/fmedatastreaming/AirQualityDownload/AQData_Extract.fmw?CountryCode=BE&CityName=&Pollutant=10&Year_from=2016&Year_to=2016&Station=STA-BETR020&Samplingpoint=&Source=E1a&Output=HTML&UpdateDate="
"Belgium","NET-Flanders","Flanders","BETR750","44R750 - ZELZATE","SPO-BETR750_00005_100","PM10","Particulate matter < 10 µm (aerosol)","P1Y-hr-per50","1 year 50 percentile","2016","20.600","ug/m3","98.74","1","Industrial","Rural","3.8229","51.1961","6.0","","","","E1a/validated data AQ e-Reporting","18/03/2023 22:05:49","http://fme.discomap.eea.europa.eu/fmedatastreaming/AirQualityDownload/AQData_Extract.fmw?CountryCode=BE&CityName=&Pollutant=5&Year_from=2016&Year_to=2016&Station=STA-BETR750&Samplingpoint=&Source=E1a&Output=HTML&UpdateDate="
"Belgium","NET-Flanders","Flanders","BETR701","44R701 - GENT","SPO-BETR701_00001_100","SO2","Sulphur dioxide (air)","P1Y-3hAbove500","3 consecutive hours in exceedance of 500","2016","0.000","count","96.88","1","Background","Urban","3.7293","51.0583","5.0","Gent                                                                            ","BE003C1                                           ","263687","E1a/validated data AQ e-Reporting","18/03/2023 22:18:09","http://fme.discomap.eea.europa.eu/fmedatastreaming/AirQualityDownload/AQData_Extract.fmw?CountryCode=BE&CityName=&Pollutant=1&Year_from=2016&Year_to=2016&Station=STA-BETR701&Samplingpoint=&Source=E1a&Output=HTML&UpdateDate="
"Belgium","NET-Wallonia","Wallonia","BETN100","43N100 - DOURBES","SPO-BETN100_00007_100","O3","Ozone (air)","P1Y-hr-max","1 year hour max","2016","202.000","ug/m3","96.24","1","Background","Rural","4.5948","50.0957","225.0","","","","E1a/validated data AQ e-Reporting","18/03/2023 21:57:02","http://fme.discomap.eea.europa.eu/fmedatastreaming/AirQualityDownload/AQData_Extract.fmw?CountryCode=BE&CityName=&Pollutant=7&Year_from=2016&Year_to=2016&Station=STA-BETN100&Samplingpoint=&Source=E1a&Output=HTML&UpdateDate="
"Belgium","NET-Wallonia","Wallonia","BETN121","43N121 - OFFAGNE","SPO-BETN121_00009_100","NOX as NO2","Nitrogen oxides (air)","P3Y","3 subsequent calendar years mean","2016","8.206","ug/m3","96.66","1","Background","Rural","5.2024","49.8771","430.0","","","","E1a/validated data AQ e-Reporting","18/03/2023 21:36:00","http://fme.discomap.eea.europa.eu/fmedatastreaming/AirQualityDownload/AQData_Extract.fmw?CountryCode=BE&CityName=&Pollutant=9&Year_from=2016&Year_to=2016&Station=STA-BETN121&Samplingpoint=&Source=E1a&Output=HTML&UpdateDate="
"Belgium","NET-Wallonia","Wallonia","BETN070","43N070 - MONS","SPO-BETN070_00010_100","CO","Carbon monoxide (air)","P1Y-dx-max","1 year day max max","2016","1.156","mg/m3","99.18","1","Background","Suburban","3.9397","50.4652","30.0","Mons                                                                            ","BE009C1                                           ","95922","E1a/validated data AQ e-Reporting","18/03/2023 21:44:39","http://fme.discomap.eea.europa.eu/fmedatastreaming/AirQualityDownload/AQData_Extract.fmw?CountryCode=BE&CityName=&Pollutant=10&Year_from=2016&Year_to=2016&Station=STA-BETN070&Samplingpoint=&Source=E1a&Output=HTML&UpdateDate="
"Belgium","NET-Flanders","Flanders","BETR740","44R740 - ST.KRUIS-WI","SPO-BETR740_00001_100","SO2","Sulphur dioxide (air)","P1Y-day-min","1 year day min","2016","1.000","ug/m3","99.45","1","Industrial","Rural","3.8087","51.1501","5.0","Gent                                                                            ","BE003C1                                           ","263687","E1a/validated data AQ e-Reporting","18/03/2023 21:54:56","http://fme.discomap.eea.europa.eu/fmedatastreaming/AirQualityDownload/AQData_Extract.fmw?CountryCode=BE&CityName=&Pollutant=1&Year_from=2016&Year_to=2016&Station=STA-BETR740&Samplingpoint=&Source=E1a&Output=HTML&UpdateDate="
"Belgium","NET-Wallonia","Wallonia","BETN121","43N121 - OFFAGNE","SPO-BETN121_00005_100","PM10","Particulate matter < 10 µm (aerosol)","P1Y-hr-per50","1 year 50 percentile","2016","9.771","ug/m3","98.50","1","Background","Rural","5.2024","49.8771","430.0","","","","E1a/validated data AQ e-Reporting","18/03/2023 22:05:49","http://fme.discomap.eea.europa.eu/fmedatastreaming/AirQualityDownload/AQData_Extract.fmw?CountryCode=BE&CityName=&Pollutant=5&Year_from=2016&Year_to=2016&Station=STA-BETN121&Samplingpoint=&Source=E1a&Output=HTML&UpdateDate="
"Belgium","NET-Flanders","Flanders","BETN035","42N035 - AARSCHOT","SPO-BETN035_00008_100","NO2","Nitrogen dioxide (air)","P1Y-hr-min","1 year hour min","2016","1.000","ug/m3","96.98","1","Background","Rural","4.8376","50.9775","55.0","","","","E1a/validated data AQ e-Reporting","18/03/2023 22:31:20","http://fme.discomap.eea.europa.eu/fmedatastreaming/AirQualityDownload/AQData_Extract.fmw?CountryCode=BE&CityName=&Pollutant=8&Year_from=2016&Year_to=2016&Station=STA-BETN035&Samplingpoint=&Source=E1a&Output=HTML&UpdateDate="
"Belgium","NET-Wallonia","Wallonia","BETN073","43N073 - VEZIN","SPO-BETN073_00007_100","O3","Ozone (air)","P1Y-dx-max26","1 year daymax max 26","2016","104.583","ug/m3","97.81","1","Background","Rural","4.9884","50.5027","160.0","","","","E1a/validated data AQ e-Reporting","18/03/2023 22:32:17","http://fme.discomap.eea.europa.eu/fmedatastreaming/AirQualityDownload/AQData_Extract.fmw?CountryCode=BE&CityName=&Pollutant=7&Year_from=2016&Year_to=2016&Station=STA-BETN073&Samplingpoint=&Source=E1a&Output=HTML&UpdateDate="
"Belgium","NET-Flanders","Flanders","BETM705","44M705 - ROESELARE","SPO-BETM705_00005_100","PM10","Particulate matter < 10 µm (aerosol)","P1Y-day-max","1 year day max","2016","78.558","ug/m3","96.99","1","Industrial","Suburban","3.1524","50.9454","19.0","","","","E1a/validated data AQ e-Reporting","18/03/2023 21:43:06","http://fme.discomap.eea.europa.eu/fmedatastreaming/AirQualityDownload/AQData_Extract.fmw?CountryCode=BE&CityName=&Pollutant=5&Year_from=2016&Year_to=2016&Station=STA-BETM705&Samplingpoint=&Source=E1a&Output=HTML&UpdateDate="
"Belgium","NET-Wallonia","Wallonia","BETM204","43M204 - ANGLEUR","SPO-BETM204_00005_100","PM10","Particulate matter < 10 µm (aerosol)","P1Y-P1D-per90.41","1 year 90.41 percentile","2016","35.521","ug/m3","98.09","1","Background","Suburban","5.6112","50.6119","70.0","Liège                                                                           ","BE005C1                                           ","383700","E1a/validated data AQ e-Reporting","18/03/2023 22:09:05","http://fme.discomap.eea.europa.eu/fmedatastreaming/AirQualityDownload/AQData_Extract.fmw?CountryCode=BE&CityName=&Pollutant=5&Year_from=2016&Year_to=2016&Station=STA-BETM204&Samplingpoint=&Source=E1a&Output=HTML&UpdateDate="
"Belgium","NET-Flanders","Flanders","BETR892","42R892 - KALLO","SPO-BETR892_00001_100","SO2","Sulphur dioxide (air)","P1Y-hr-per50","1 year 50 percentile","2016","1.000","ug/m3","95.78","1","Industrial","Rural","4.2789","51.2630","9.0","","","","E1a/validated data AQ e-Reporting","18/03/2023 22:05:49","http://fme.discomap.eea.europa.eu/fmedatastreaming/AirQualityDownload/AQData_Extract.fmw?CountryCode=BE&CityName=&Pollutant=1&Year_from=2016&Year_to=2016&Station=STA-BETR892&Samplingpoint=&Source=E1a&Output=HTML&UpdateDate="
"Belgium","NET-Flanders","Flanders","BETM705","44M705 - ROESELARE","SPO-BETM705_00005_100","PM10","Particulate matter < 10 µm (aerosol)","P1Y-hr-per50","1 year 50 percentile","2016","19.600","ug/m3","97.21","1","Industrial","Suburban","3.1524","50.9454","19.0","","","","E1a/validated data AQ e-Reporting","18/03/2023 22:05:49","http://fme.discomap.eea.europa.eu/fmedatastreaming/AirQualityDownload/AQData_Extract.fmw?CountryCode=BE&CityName=&Pollutant=5&Year_from=2016&Year_to=2016&Station=STA-BETM705&Samplingpoint=&Source=E1a&Output=HTML&UpdateDate="
"Belgium","NET-Flanders","Flanders","BETR893","42R893 - ANTWERPEN","SPO-BETR893_00001_100","SO2","Sulphur dioxide (air)","P1Y","Annual mean / 1 calendar year","2016","3.593","ug/m3","96.89","1","Industrial","Suburban","4.3858","51.2814","6.0","Antwerpen                                                                       ","BE002C1                                           ","530014","E1a/validated data AQ e-Reporting","18/03/2023 21:08:58","http://fme.discomap.eea.europa.eu/fmedatastreaming/AirQualityDownload/AQData_Extract.fmw?CountryCode=BE&CityName=&Pollutant=1&Year_from=2016&Year_to=2016&Station=STA-BETR893&Samplingpoint=&Source=E1a&Output=HTML&UpdateDate="
"Belgium","NET-Flanders","Flanders","BETR893","42R893 - ANTWERPEN","SPO-BETR893_00001_100","SO2","Sulphur dioxide (air)","P1Y-hr-max25","1 year hour max 25","2016","32.000","ug/m3","96.89","1","Industrial","Suburban","4.3858","51.2814","6.0","Antwerpen                                                                       ","BE002C1                                           ","530014","E1a/validated data AQ e-Reporting","18/03/2023 22:33:20","http://fme.discomap.eea.europa.eu/fmedatastreaming/AirQualityDownload/AQData_Extract.fmw?CountryCode=BE&CityName=&Pollutant=1&Year_from=2016&Year_to=2016&Station=STA-BETR893&Samplingpoint=&Source=E1a&Output=HTML&UpdateDate="
"Belgium","NET-Wallonia","Wallonia","BETN132","43N132 - HABAY-LA-N.","SPO-BETN132_00007_100","O3","Ozone (air)","AOT40cmeasured","AOT40c UNCORRECTED for data capture","2016","7261.000","ug/m3","95.74","1","Background","Rural","5.6304","49.7193","375.0","","","","E1a/validated data AQ e-Reporting","18/03/2023 23:01:40","http://fme.discomap.eea.europa.eu/fmedatastreaming/AirQualityDownload/AQData_Extract.fmw?CountryCode=BE&CityName=&Pollutant=7&Year_from=2016&Year_to=2016&Station=STA-BETN132&Samplingpoint=&Source=E1a&Output=HTML&UpdateDate="
"Belgium","NET-Wallonia","Wallonia","BETR510","45R510 - CHATELINEAU","SPO-BETR510_00001_100","SO2","Sulphur dioxide (air)","P1Y-hr-per50","1 year 50 percentile","2016","0.500","ug/m3","97.05","1","Background","Suburban","4.5211","50.4164","118.0","Charleroi                                                                       ","BE004C1                                           ","203314","E1a/validated data AQ e-Reporting","18/03/2023 22:05:49","http://fme.discomap.eea.europa.eu/fmedatastreaming/AirQualityDownload/AQData_Extract.fmw?CountryCode=BE&CityName=&Pollutant=1&Year_from=2016&Year_to=2016&Station=STA-BETR510&Samplingpoint=&Source=E1a&Output=HTML&UpdateDate="
"Belgium","NET-Flanders","Flanders","BETR831","42R831 - BERENDRECHT","SPO-BETR831_00008_100","NO2","Nitrogen dioxide (air)","P1Y-day-max","1 year day max","2016","68.524","ug/m3","90.98","1","Industrial","Rural","4.3397","51.3488","3.0","Antwerpen                                                                       ","BE002C1                                           ","530014","E1a/validated data AQ e-Reporting","18/03/2023 21:43:56","http://fme.discomap.eea.europa.eu/fmedatastreaming/AirQualityDownload/AQData_Extract.fmw?CountryCode=BE&CityName=&Pollutant=8&Year_from=2016&Year_to=2016&Station=STA-BETR831&Samplingpoint=&Source=E1a&Output=HTML&UpdateDate="
"Belgium","NET-Flanders","Flanders","BETR823","42R823 - BEVEREN","SPO-BETR823_00005_100","PM10","Particulate matter < 10 µm (aerosol)","P1Y-hr-max","1 year hour max","2016","1081.100","ug/m3","99.83","1","Background","Suburban","4.2399","51.2133","0.0","","","","E1a/validated data AQ e-Reporting","18/03/2023 21:57:02","http://fme.discomap.eea.europa.eu/fmedatastreaming/AirQualityDownload/AQData_Extract.fmw?CountryCode=BE&CityName=&Pollutant=5&Year_from=2016&Year_to=2016&Station=STA-BETR823&Samplingpoint=&Source=E1a&Output=HTML&UpdateDate="
"Belgium","NET-Wallonia","Wallonia","BETR511","45R511 - MARCINELLE","SPO-BETR511_06001_100","PM2.5","Particulate matter < 2.5 µm (aerosol)","P1Y-day-per50","1 year 50 %ile of daily values in a year","2016","7.931","ug/m3","96.99","1","Background","Suburban","4.4247","50.3776","157.0","Charleroi                                                                       ","BE004C1                                           ","203314","E1a/validated data AQ e-Reporting","18/03/2023 22:11:51","http://fme.discomap.eea.europa.eu/fmedatastreaming/AirQualityDownload/AQData_Extract.fmw?CountryCode=BE&CityName=&Pollutant=6001&Year_from=2016&Year_to=2016&Station=STA-BETR511&Samplingpoint=&Source=E1a&Output=HTML&UpdateDate="
"Belgium","NET-Flanders","Flanders","BETN054","42N054 - WALSHOUTEM","SPO-BETN054_00007_100","O3","Ozone (air)","P1Y-hrsAbove240","1 year hour exceed 240","2016","0.000","count","91.99","1","Background","Rural","5.1032","50.7117","135.0","","","","E1a/validated data AQ e-Reporting","18/03/2023 21:50:25","http://fme.discomap.eea.europa.eu/fmedatastreaming/AirQualityDownload/AQData_Extract.fmw?CountryCode=BE&CityName=&Pollutant=7&Year_from=2016&Year_to=2016&Station=STA-BETN054&Samplingpoint=&Source=E1a&Output=HTML&UpdateDate="
"Belgium","NET-Flanders","Flanders","BESN035","59N035 - AARSCHOT","SPO-BESN035_00464_100","m,p-C6H4(CH3)2","m,p-Xylene (air)","P1Y","Annual mean / 1 calendar year","2016","0.000","ug/m3","84.16","1","Background","Suburban","4.8376","50.9776","0.0","","","","E1a/validated data AQ e-Reporting","18/03/2023 21:08:58","http://fme.discomap.eea.europa.eu/fmedatastreaming/AirQualityDownload/AQData_Extract.fmw?CountryCode=BE&CityName=&Pollutant=464&Year_from=2016&Year_to=2016&Station=STA-BESN035&Samplingpoint=&Source=E1a&Output=HTML&UpdateDate="
"Belgium","NET-Flanders","Flanders","BETR010","42R010 - ST.STEVENSW","SPO-BETR010_00008_100","NO2","Nitrogen dioxide (air)","P1Y-hrsAbove400","1 year hour exceed 400","2016","0.000","count","97.14","1","Background","Suburban","4.4284","50.8651","68.0","","","","E1a/validated data AQ e-Reporting","18/03/2023 21:54:38","http://fme.discomap.eea.europa.eu/fmedatastreaming/AirQualityDownload/AQData_Extract.fmw?CountryCode=BE&CityName=&Pollutant=8&Year_from=2016&Year_to=2016&Station=STA-BETR010&Samplingpoint=&Source=E1a&Output=HTML&UpdateDate="
"Belgium","NET-Flanders","Flanders","BETN029","44N029 - HOUTEM","SPO-BETN029_00007_100","O3","Ozone (air)","P1Y-dmaxAbove120","1 year daymax exceed 120","2016","5.000","count","92.62","1","Background","Rural","2.5823","51.0163","2.0","","","","E1a/validated data AQ e-Reporting","18/03/2023 22:25:06","http://fme.discomap.eea.europa.eu/fmedatastreaming/AirQualityDownload/AQData_Extract.fmw?CountryCode=BE&CityName=&Pollutant=7&Year_from=2016&Year_to=2016&Station=STA-BETN029&Samplingpoint=&Source=E1a&Output=HTML&UpdateDate="
"Belgium","NET-Wallonia","Wallonia","BETH201","43H201 - LIEGE","SPO-BETH201_00001_100","SO2","Sulphur dioxide (air)","P1Y-day-max","1 year day max","2016","4.326","ug/m3","99.45","1","Background","Suburban","5.5475","50.6250","160.0","Liège                                                                           ","BE005C1                                           ","383700","E1a/validated data AQ e-Reporting","18/03/2023 21:42:48","http://fme.discomap.eea.europa.eu/fmedatastreaming/AirQualityDownload/AQData_Extract.fmw?CountryCode=BE&CityName=&Pollutant=1&Year_from=2016&Year_to=2016&Station=STA-BETH201&Samplingpoint=&Source=E1a&Output=HTML&UpdateDate="
"Belgium","NET-Wallonia","Wallonia","BETH201","43H201 - LIEGE","SPO-BETH201_00001_100","SO2","Sulphur dioxide (air)","P1Y-hr-max","1 year hour max","2016","8.000","ug/m3","96.81","1","Background","Suburban","5.5475","50.6250","160.0","Liège                                                                           ","BE005C1                                           ","383700","E1a/validated data AQ e-Reporting","18/03/2023 21:57:02","http://fme.discomap.eea.europa.eu/fmedatastreaming/AirQualityDownload/AQData_Extract.fmw?CountryCode=BE&CityName=&Pollutant=1&Year_from=2016&Year_to=2016&Station=STA-BETH201&Samplingpoint=&Source=E1a&Output=HTML&UpdateDate="
"Belgium","NET-Wallonia","Wallonia","BETN060","43N060 - HAVINNES","SPO-BETN060_00001_100","SO2","Sulphur dioxide (air)","P1Y-day-max4","1 year day max 4","2016","5.208","ug/m3","97.81","1","Background","Rural","3.4576","50.6167","0.0","","","","E1a/validated data AQ e-Reporting","18/03/2023 22:31:46","http://fme.discomap.eea.europa.eu/fmedatastreaming/AirQualityDownload/AQData_Extract.fmw?CountryCode=BE&CityName=&Pollutant=1&Year_from=2016&Year_to=2016&Station=STA-BETN060&Samplingpoint=&Source=E1a&Output=HTML&UpdateDate="
"Belgium","NET-Wallonia","Wallonia","BETN113","43N113 - SAINT-ODE","SPO-BETN113_00005_100","PM10","Particulate matter < 10 µm (aerosol)","P1Y-P1D-per99","1 year 99 percentile of daily means (P1D) or .../aq/primaryObservation/day","2016","32.271","ug/m3","92.08","1","Background","Rural","5.5930","50.0270","510.0","","","","E1a/validated data AQ e-Reporting","18/03/2023 22:09:38","http://fme.discomap.eea.europa.eu/fmedatastreaming/AirQualityDownload/AQData_Extract.fmw?CountryCode=BE&CityName=&Pollutant=5&Year_from=2016&Year_to=2016&Station=STA-BETN113&Samplingpoint=&Source=E1a&Output=HTML&UpdateDate="
"Belgium","NET-Flanders","Flanders","BETR823","42R823 - BEVEREN","SPO-BETR823_00005_100","PM10","Particulate matter < 10 µm (aerosol)","P1Y-hr-min","1 year hour min","2016","3.600","ug/m3","99.83","1","Background","Suburban","4.2399","51.2133","0.0","","","","E1a/validated data AQ e-Reporting","18/03/2023 22:31:20","http://fme.discomap.eea.europa.eu/fmedatastreaming/AirQualityDownload/AQData_Extract.fmw?CountryCode=BE&CityName=&Pollutant=5&Year_from=2016&Year_to=2016&Station=STA-BETR823&Samplingpoint=&Source=E1a&Output=HTML&UpdateDate="
"Belgium","NET-Flanders","Flanders","BELSA04","40SA04 - Hoevenen","SPO-BELSA04_06001_100","PM2.5","Particulate matter < 2.5 µm (aerosol)","P1Y-P1D-per99","1 year 99 percentile of daily means (P1D) or .../aq/primaryObservation/day","2016","48.771","ug/m3","94.81","1","Industrial","Rural","4.4039","51.3139","6.0","","","","E1a/validated data AQ e-Reporting","18/03/2023 22:10:03","http://fme.discomap.eea.europa.eu/fmedatastreaming/AirQualityDownload/AQData_Extract.fmw?CountryCode=BE&CityName=&Pollutant=6001&Year_from=2016&Year_to=2016&Station=STA-BELSA04&Samplingpoint=&Source=E1a&Output=HTML&UpdateDate="
"Belgium","NET-Flanders","Flanders","BELSA04","40SA04 - Hoevenen","SPO-BELSA04_06001_100","PM2.5","Particulate matter < 2.5 µm (aerosol)","P3Y","3 subsequent calendar years mean","2016","15.526","ug/m3","96.08","1","Industrial","Rural","4.4039","51.3139","6.0","","","","E1a/validated data AQ e-Reporting","18/03/2023 21:36:00","http://fme.discomap.eea.europa.eu/fmedatastreaming/AirQualityDownload/AQData_Extract.fmw?CountryCode=BE&CityName=&Pollutant=6001&Year_from=2016&Year_to=2016&Station=STA-BELSA04&Samplingpoint=&Source=E1a&Output=HTML&UpdateDate="
"Belgium","NET-Wallonia","Wallonia","BETN113","43N113 - SAINT-ODE","SPO-BETN113_00008_100","NO2","Nitrogen dioxide (air)","P3Y","3 subsequent calendar years mean","2016","7.219","ug/m3","94.83","1","Background","Rural","5.5930","50.0270","510.0","","","","E1a/validated data AQ e-Reporting","18/03/2023 21:36:00","http://fme.discomap.eea.europa.eu/fmedatastreaming/AirQualityDownload/AQData_Extract.fmw?CountryCode=BE&CityName=&Pollutant=8&Year_from=2016&Year_to=2016&Station=STA-BETN113&Samplingpoint=&Source=E1a&Output=HTML&UpdateDate="
"Belgium","NET-Wallonia","Wallonia","BETN113","43N113 - SAINT-ODE","SPO-BETN113_00009_100","NOX as NO2","Nitrogen oxides (air)","P1Y-hr-min","1 year hour min","2016","0.500","ug/m3","91.55","1","Background","Rural","5.5930","50.0270","510.0","","","","E1a/validated data AQ e-Reporting","18/03/2023 22:31:20","http://fme.discomap.eea.europa.eu/fmedatastreaming/AirQualityDownload/AQData_Extract.fmw?CountryCode=BE&CityName=&Pollutant=9&Year_from=2016&Year_to=2016&Station=STA-BETN113&Samplingpoint=&Source=E1a&Output=HTML&UpdateDate="
"Belgium","NET-Wallonia","Wallonia","BETN070","43N070 - MONS","SPO-BETN070_06001_100","PM2.5","Particulate matter < 2.5 µm (aerosol)","P1Y-hr-per50","1 year 50 percentile","2016","8.939","ug/m3","99.59","1","Background","Suburban","3.9397","50.4652","30.0","Mons                                                                            ","BE009C1                                           ","95922","E1a/validated data AQ e-Reporting","18/03/2023 22:05:49","http://fme.discomap.eea.europa.eu/fmedatastreaming/AirQualityDownload/AQData_Extract.fmw?CountryCode=BE&CityName=&Pollutant=6001&Year_from=2016&Year_to=2016&Station=STA-BETN070&Samplingpoint=&Source=E1a&Output=HTML&UpdateDate="
"Belgium","NET-Wallonia","Wallonia","BETN132","43N132 - HABAY-LA-N.","SPO-BETN132_00005_100","PM10","Particulate matter < 10 µm (aerosol)","P1Y-P1D-per90.4","1 year 90.4 percentile - COMPLIANCE","2016","23.334","ug/m3","99.45","1","Background","Rural","5.6304","49.7193","375.0","","","","E1a/validated data AQ e-Reporting","18/03/2023 22:08:35","http://fme.discomap.eea.europa.eu/fmedatastreaming/AirQualityDownload/AQData_Extract.fmw?CountryCode=BE&CityName=&Pollutant=5&Year_from=2016&Year_to=2016&Station=STA-BETN132&Samplingpoint=&Source=E1a&Output=HTML&UpdateDate="
"Belgium","NET-Wallonia","Wallonia","BETN132","43N132 - HABAY-LA-N.","SPO-BETN132_00005_100","PM10","Particulate matter < 10 µm (aerosol)","P1Y-P1D-per90.41","1 year 90.41 percentile","2016","23.334","ug/m3","99.45","1","Background","Rural","5.6304","49.7193","375.0","","","","E1a/validated data AQ e-Reporting","18/03/2023 22:09:05","http://fme.discomap.eea.europa.eu/fmedatastreaming/AirQualityDownload/AQData_Extract.fmw?CountryCode=BE&CityName=&Pollutant=5&Year_from=2016&Year_to=2016&Station=STA-BETN132&Samplingpoint=&Source=E1a&Output=HTML&UpdateDate="
"Belgium","NET-Wallonia","Wallonia","BETN121","43N121 - OFFAGNE","SPO-BETN121_00008_100","NO2","Nitrogen dioxide (air)","P1Y-day-min","1 year day min","2016","0.652","ug/m3","98.91","1","Background","Rural","5.2024","49.8771","430.0","","","","E1a/validated data AQ e-Reporting","18/03/2023 21:56:03","http://fme.discomap.eea.europa.eu/fmedatastreaming/AirQualityDownload/AQData_Extract.fmw?CountryCode=BE&CityName=&Pollutant=8&Year_from=2016&Year_to=2016&Station=STA-BETN121&Samplingpoint=&Source=E1a&Output=HTML&UpdateDate="
"Belgium","NET-Flanders","Flanders","BETR702","44R702 - Gent (G.Carlierlaan)","SPO-BETR702_00008_100","NO2","Nitrogen dioxide (air)","P1Y-3hAbove400","3 consecutive hours in exceedance of 400","2016","0.000","count","97.13","1","Traffic","Urban","3.7350","51.0407","8.0","Gent                                                                            ","BE003C1                                           ","263687","E1a/validated data AQ e-Reporting","18/03/2023 22:22:30","http://fme.discomap.eea.europa.eu/fmedatastreaming/AirQualityDownload/AQData_Extract.fmw?CountryCode=BE&CityName=&Pollutant=8&Year_from=2016&Year_to=2016&Station=STA-BETR702&Samplingpoint=&Source=E1a&Output=HTML&UpdateDate="
"Belgium","NET-Flanders","Flanders","BETR702","44R702 - Gent (G.Carlierlaan)","SPO-BETR702_00008_100","NO2","Nitrogen dioxide (air)","P1Y-hr-max-per99.79","1 year 99.79 %ile of hourly values in a given year","2016","136.000","ug/m3","97.13","1","Traffic","Urban","3.7350","51.0407","8.0","Gent                                                                            ","BE003C1                                           ","263687","E1a/validated data AQ e-Reporting","18/03/2023 22:07:35","http://fme.discomap.eea.europa.eu/fmedatastreaming/AirQualityDownload/AQData_Extract.fmw?CountryCode=BE&CityName=&Pollutant=8&Year_from=2016&Year_to=2016&Station=STA-BETR702&Samplingpoint=&Source=E1a&Output=HTML&UpdateDate="
"Belgium","NET-Wallonia","Wallonia","BETN066","43N066 - EUPEN","SPO-BETN066_00001_100","SO2","Sulphur dioxide (air)","P1Y-day-min","1 year day min","2016","0.000","ug/m3","98.63","1","Background","Rural","6.0023","50.6289","295.0","","","","E1a/validated data AQ e-Reporting","18/03/2023 21:54:56","http://fme.discomap.eea.europa.eu/fmedatastreaming/AirQualityDownload/AQData_Extract.fmw?CountryCode=BE&CityName=&Pollutant=1&Year_from=2016&Year_to=2016&Station=STA-BETN066&Samplingpoint=&Source=E1a&Output=HTML&UpdateDate="
"Belgium","NET-Wallonia","Wallonia","BETN121","43N121 - OFFAGNE","SPO-BETN121_00008_100","NO2","Nitrogen dioxide (air)","P3Y","3 subsequent calendar years mean","2016","6.766","ug/m3","96.66","1","Background","Rural","5.2024","49.8771","430.0","","","","E1a/validated data AQ e-Reporting","18/03/2023 21:36:00","http://fme.discomap.eea.europa.eu/fmedatastreaming/AirQualityDownload/AQData_Extract.fmw?CountryCode=BE&CityName=&Pollutant=8&Year_from=2016&Year_to=2016&Station=STA-BETN121&Samplingpoint=&Source=E1a&Output=HTML&UpdateDate="
"Belgium","NET-Flanders","Flanders","BETR811","42R811 - SCHOTEN","SPO-BETR811_06001_100","PM2.5","Particulate matter < 2.5 µm (aerosol)","P1Y-day-min","1 year day min","2016","3.021","ug/m3","99.73","1","Background","Suburban","4.4914","51.2521","8.0","","","","E1a/validated data AQ e-Reporting","18/03/2023 21:55:29","http://fme.discomap.eea.europa.eu/fmedatastreaming/AirQualityDownload/AQData_Extract.fmw?CountryCode=BE&CityName=&Pollutant=6001&Year_from=2016&Year_to=2016&Station=STA-BETR811&Samplingpoint=&Source=E1a&Output=HTML&UpdateDate="
"Belgium","NET-Flanders","Flanders","BETR892","42R892 - KALLO","SPO-BETR892_00008_100","NO2","Nitrogen dioxide (air)","P1Y-3hAbove400","3 consecutive hours in exceedance of 400","2016","0.000","count","96.80","1","Industrial","Rural","4.2789","51.2630","9.0","","","","E1a/validated data AQ e-Reporting","18/03/2023 22:22:30","http://fme.discomap.eea.europa.eu/fmedatastreaming/AirQualityDownload/AQData_Extract.fmw?CountryCode=BE&CityName=&Pollutant=8&Year_from=2016&Year_to=2016&Station=STA-BETR892&Samplingpoint=&Source=E1a&Output=HTML&UpdateDate="
"Belgium","NET-Wallonia","Wallonia","BETM204","43M204 - ANGLEUR","SPO-BETM204_06001_100","PM2.5","Particulate matter < 2.5 µm (aerosol)","P1Y","Annual mean / 1 calendar year","2016","10.849","ug/m3","98.47","1","Background","Suburban","5.6112","50.6119","70.0","Liège                                                                           ","BE005C1                                           ","383700","E1a/validated data AQ e-Reporting","18/03/2023 21:08:58","http://fme.discomap.eea.europa.eu/fmedatastreaming/AirQualityDownload/AQData_Extract.fmw?CountryCode=BE&CityName=&Pollutant=6001&Year_from=2016&Year_to=2016&Station=STA-BETM204&Samplingpoint=&Source=E1a&Output=HTML&UpdateDate="
"Belgium","NET-Wallonia","Wallonia","BETN121","43N121 - OFFAGNE","SPO-BETN121_00007_100","O3","Ozone (air)","P1Y-hr-min","1 year hour min","2016","0.000","ug/m3","95.54","1","Background","Rural","5.2024","49.8771","430.0","","","","E1a/validated data AQ e-Reporting","18/03/2023 22:31:20","http://fme.discomap.eea.europa.eu/fmedatastreaming/AirQualityDownload/AQData_Extract.fmw?CountryCode=BE&CityName=&Pollutant=7&Year_from=2016&Year_to=2016&Station=STA-BETN121&Samplingpoint=&Source=E1a&Output=HTML&UpdateDate="
"Belgium","NET-Wallonia","Wallonia","BETN132","43N132 - HABAY-LA-N.","SPO-BETN132_00007_100","O3","Ozone (air)","P1Y-dx-max","1 year day max max","2016","146.375","ug/m3","96.72","1","Background","Rural","5.6304","49.7193","375.0","","","","E1a/validated data AQ e-Reporting","18/03/2023 21:44:39","http://fme.discomap.eea.europa.eu/fmedatastreaming/AirQualityDownload/AQData_Extract.fmw?CountryCode=BE&CityName=&Pollutant=7&Year_from=2016&Year_to=2016&Station=STA-BETN132&Samplingpoint=&Source=E1a&Output=HTML&UpdateDate="
"Belgium","NET-Flanders","Flanders","BETN045","42N045 - HASSELT","SPO-BETN045_00001_100","SO2","Sulphur dioxide (air)","P1Y-hr-max-per99.73","1 year 99.73 %ile of hourly values in a given year","2016","7.000","ug/m3","96.54","1","Background","Suburban","5.3684","50.9397","41.0","","","","E1a/validated data AQ e-Reporting","18/03/2023 22:06:23","http://fme.discomap.eea.europa.eu/fmedatastreaming/AirQualityDownload/AQData_Extract.fmw?CountryCode=BE&CityName=&Pollutant=1&Year_from=2016&Year_to=2016&Station=STA-BETN045&Samplingpoint=&Source=E1a&Output=HTML&UpdateDate="
"Belgium","NET-Flanders","Flanders","BETR892","42R892 - KALLO","SPO-BETR892_00008_100","NO2","Nitrogen dioxide (air)","P1Y-hrsAbove200","1 year hour exceed 200","2016","0.000","count","96.80","1","Industrial","Rural","4.2789","51.2630","9.0","","","","E1a/validated data AQ e-Reporting","18/03/2023 21:48:42","http://fme.discomap.eea.europa.eu/fmedatastreaming/AirQualityDownload/AQData_Extract.fmw?CountryCode=BE&CityName=&Pollutant=8&Year_from=2016&Year_to=2016&Station=STA-BETR892&Samplingpoint=&Source=E1a&Output=HTML&UpdateDate="
"Belgium","NET-Flanders","Flanders","BETR893","42R893 - ANTWERPEN","SPO-BETR893_00001_100","SO2","Sulphur dioxide (air)","P1Y-hr-max-per99.73","1 year 99.73 %ile of hourly values in a given year","2016","32.500","ug/m3","96.89","1","Industrial","Suburban","4.3858","51.2814","6.0","Antwerpen                                                                       ","BE002C1                                           ","530014","E1a/validated data AQ e-Reporting","18/03/2023 22:06:23","http://fme.discomap.eea.europa.eu/fmedatastreaming/AirQualityDownload/AQData_Extract.fmw?CountryCode=BE&CityName=&Pollutant=1&Year_from=2016&Year_to=2016&Station=STA-BETR893&Samplingpoint=&Source=E1a&Output=HTML&UpdateDate="
"Belgium","NET-Wallonia","Wallonia","BETN060","43N060 - HAVINNES","SPO-BETN060_00001_100","SO2","Sulphur dioxide (air)","P1Y-hr-max25","1 year hour max 25","2016","6.000","ug/m3","95.67","1","Background","Rural","3.4576","50.6167","0.0","","","","E1a/validated data AQ e-Reporting","18/03/2023 22:33:20","http://fme.discomap.eea.europa.eu/fmedatastreaming/AirQualityDownload/AQData_Extract.fmw?CountryCode=BE&CityName=&Pollutant=1&Year_from=2016&Year_to=2016&Station=STA-BETN060&Samplingpoint=&Source=E1a&Output=HTML&UpdateDate="
"Belgium","NET-Flanders","Flanders","BETR831","42R831 - BERENDRECHT","SPO-BETR831_00007_100","O3","Ozone (air)","P1Y-maxP6M-P8H-dmax","Yearly highest six monthly average of daily maximum 8-hour mean concentration","2016","74.428","ug/m3","100.00","1","Industrial","Rural","4.3397","51.3488","3.0","Antwerpen                                                                       ","BE002C1                                           ","530014","E1a/validated data AQ e-Reporting","18/03/2023 22:58:54","http://fme.discomap.eea.europa.eu/fmedatastreaming/AirQualityDownload/AQData_Extract.fmw?CountryCode=BE&CityName=&Pollutant=7&Year_from=2016&Year_to=2016&Station=STA-BETR831&Samplingpoint=&Source=E1a&Output=HTML&UpdateDate="
"Belgium","NET-Wallonia","Wallonia","BEVR231","50R231 - ANS","SPO-BEVR231_00451_100","CH2=CH-C(CH3)=CH2","Isoprene (2-methyl-1,3-butadiene) (air)","P1Y","Annual mean / 1 calendar year","2016","0.000","ug/m3","44.81","1","Background","Urban","5.5294","50.6601","160.0","Liège                                                                           ","BE005C1                                           ","383700","E1a/validated data AQ e-Reporting","18/03/2023 21:08:58","http://fme.discomap.eea.europa.eu/fmedatastreaming/AirQualityDownload/AQData_Extract.fmw?CountryCode=BE&CityName=&Pollutant=451&Year_from=2016&Year_to=2016&Station=STA-BEVR231&Samplingpoint=&Source=E1a&Output=HTML&UpdateDate="
"Belgium","NET-Wallonia","Wallonia","BETN100","43N100 - DOURBES","SPO-BETN100_00007_100","O3","Ozone (air)","P1Y","Annual mean / 1 calendar year","2016","52.253","ug/m3","96.24","1","Background","Rural","4.5948","50.0957","225.0","","","","E1a/validated data AQ e-Reporting","18/03/2023 21:08:58","http://fme.discomap.eea.europa.eu/fmedatastreaming/AirQualityDownload/AQData_Extract.fmw?CountryCode=BE&CityName=&Pollutant=7&Year_from=2016&Year_to=2016&Station=STA-BETN100&Samplingpoint=&Source=E1a&Output=HTML&UpdateDate="
"Belgium","NET-Wallonia","Wallonia","BETR502","45R502 - LODELINSART","SPO-BETR502_00007_100","O3","Ozone (air)","P1Y-hrsAbove240","1 year hour exceed 240","2016","0.000","count","95.41","1","Background","Suburban","4.4587","50.4290","135.0","Charleroi                                                                       ","BE004C1                                           ","203314","E1a/validated data AQ e-Reporting","18/03/2023 21:50:25","http://fme.discomap.eea.europa.eu/fmedatastreaming/AirQualityDownload/AQData_Extract.fmw?CountryCode=BE&CityName=&Pollutant=7&Year_from=2016&Year_to=2016&Station=STA-BETR502&Samplingpoint=&Source=E1a&Output=HTML&UpdateDate="
"Belgium","NET-Wallonia","Wallonia","BETR222","43R222 - SERAING","SPO-BETR222_06001_100","PM2.5","Particulate matter < 2.5 µm (aerosol)","P1Y-hr-min","1 year hour min","2016","0.000","ug/m3","97.51","1","Background","Suburban","5.5702","50.6134","65.0","Liège                                                                           ","BE005C1                                           ","383700","E1a/validated data AQ e-Reporting","18/03/2023 22:31:20","http://fme.discomap.eea.europa.eu/fmedatastreaming/AirQualityDownload/AQData_Extract.fmw?CountryCode=BE&CityName=&Pollutant=6001&Year_from=2016&Year_to=2016&Station=STA-BETR222&Samplingpoint=&Source=E1a&Output=HTML&UpdateDate="
"Belgium","NET-Flanders","Flanders","BETR750","44R750 - ZELZATE","SPO-BETR750_00001_100","SO2","Sulphur dioxide (air)","P1Y-day-max","1 year day max","2016","40.341","ug/m3","98.36","1","Industrial","Rural","3.8229","51.1961","6.0","","","","E1a/validated data AQ e-Reporting","18/03/2023 21:42:48","http://fme.discomap.eea.europa.eu/fmedatastreaming/AirQualityDownload/AQData_Extract.fmw?CountryCode=BE&CityName=&Pollutant=1&Year_from=2016&Year_to=2016&Station=STA-BETR750&Samplingpoint=&Source=E1a&Output=HTML&UpdateDate="
"Belgium","NET-Wallonia","Wallonia","BEMENG1","0ENG01 - ENGIS","SPO-BEMENG1_05015_100","Ni in PM10","Nickel in PM10 (aerosol)","P1Y","Annual mean / 1 calendar year","2016","1.338","ng/m3","87.69","1","Industrial","Suburban","5.3975","50.5836","135.0","","","","E1a/validated data AQ e-Reporting","18/03/2023 21:08:58","http://fme.discomap.eea.europa.eu/fmedatastreaming/AirQualityDownload/AQData_Extract.fmw?CountryCode=BE&CityName=&Pollutant=5015&Year_from=2016&Year_to=2016&Station=STA-BEMENG1&Samplingpoint=&Source=E1a&Output=HTML&UpdateDate="
"Belgium","NET-Wallonia","Wallonia","BETN085","43N085 - VIELSALM","SPO-BETN085_00008_100","NO2","Nitrogen dioxide (air)","P1Y-hr-max-per99.79","1 year 99.79 %ile of hourly values in a given year","2016","38.500","ug/m3","95.73","1","Background","Rural","6.0017","50.3032","490.0","","","","E1a/validated data AQ e-Reporting","18/03/2023 22:07:35","http://fme.discomap.eea.europa.eu/fmedatastreaming/AirQualityDownload/AQData_Extract.fmw?CountryCode=BE&CityName=&Pollutant=8&Year_from=2016&Year_to=2016&Station=STA-BETN085&Samplingpoint=&Source=E1a&Output=HTML&UpdateDate="
"Belgium","NET-Wallonia","Wallonia","BETR221","43R221 - LIEGE","SPO-BETR221_00008_100","NO2","Nitrogen dioxide (air)","P1Y-3hAbove400","3 consecutive hours in exceedance of 400","2016","0.000","count","97.02","1","Background","Urban","5.6278","50.6584","65.0","Liège                                                                           ","BE005C1                                           ","383700","E1a/validated data AQ e-Reporting","18/03/2023 22:22:30","http://fme.discomap.eea.europa.eu/fmedatastreaming/AirQualityDownload/AQData_Extract.fmw?CountryCode=BE&CityName=&Pollutant=8&Year_from=2016&Year_to=2016&Station=STA-BETR221&Samplingpoint=&Source=E1a&Output=HTML&UpdateDate="
"Belgium","NET-Wallonia","Wallonia","BETN085","43N085 - VIELSALM","SPO-BETN085_06001_100","PM2.5","Particulate matter < 2.5 µm (aerosol)","P1Y-hr-min","1 year hour min","2016","0.000","ug/m3","98.95","1","Background","Rural","6.0017","50.3032","490.0","","","","E1a/validated data AQ e-Reporting","18/03/2023 22:31:20","http://fme.discomap.eea.europa.eu/fmedatastreaming/AirQualityDownload/AQData_Extract.fmw?CountryCode=BE&CityName=&Pollutant=6001&Year_from=2016&Year_to=2016&Station=STA-BETN085&Samplingpoint=&Source=E1a&Output=HTML&UpdateDate="
"Belgium","NET-Wallonia","Wallonia","BETR222","43R222 - SERAING","SPO-BETR222_00001_100","SO2","Sulphur dioxide (air)","P1Y-hr-max25","1 year hour max 25","2016","5.500","ug/m3","90.63","1","Background","Suburban","5.5702","50.6134","65.0","Liège                                                                           ","BE005C1                                           ","383700","E1a/validated data AQ e-Reporting","18/03/2023 22:33:20","http://fme.discomap.eea.europa.eu/fmedatastreaming/AirQualityDownload/AQData_Extract.fmw?CountryCode=BE&CityName=&Pollutant=1&Year_from=2016&Year_to=2016&Station=STA-BETR222&Samplingpoint=&Source=E1a&Output=HTML&UpdateDate="
"Belgium","NET-Flanders","Flanders","BETR710","44R710 - DESTELBERGE","SPO-BETR710_00008_100","NO2","Nitrogen dioxide (air)","P1Y","Annual mean / 1 calendar year","2016","21.616","ug/m3","95.39","1","Background","Suburban","3.7753","51.0613","6.0","","","","E1a/validated data AQ e-Reporting","18/03/2023 21:08:58","http://fme.discomap.eea.europa.eu/fmedatastreaming/AirQualityDownload/AQData_Extract.fmw?CountryCode=BE&CityName=&Pollutant=8&Year_from=2016&Year_to=2016&Station=STA-BETR710&Samplingpoint=&Source=E1a&Output=HTML&UpdateDate="
"Belgium","NET-Flanders","Flanders","BETR815","42R815 - ZWIJNDRECHT","SPO-BETR815_00001_100","SO2","Sulphur dioxide (air)","P1Y-hrsAbove350","1 year hour exceed 350","2016","0.000","count","97.27","1","Industrial","Suburban","4.3322","51.2147","7.0","","","","E1a/validated data AQ e-Reporting","18/03/2023 21:52:12","http://fme.discomap.eea.europa.eu/fmedatastreaming/AirQualityDownload/AQData_Extract.fmw?CountryCode=BE&CityName=&Pollutant=1&Year_from=2016&Year_to=2016&Station=STA-BETR815&Samplingpoint=&Source=E1a&Output=HTML&UpdateDate="
"Belgium","NET-Wallonia","Wallonia","BETN132","43N132 - HABAY-LA-N.","SPO-BETN132_06001_100","PM2.5","Particulate matter < 2.5 µm (aerosol)","P1Y-hr-per50","1 year 50 percentile","2016","5.554","ug/m3","99.34","1","Background","Rural","5.6304","49.7193","375.0","","","","E1a/validated data AQ e-Reporting","18/03/2023 22:05:49","http://fme.discomap.eea.europa.eu/fmedatastreaming/AirQualityDownload/AQData_Extract.fmw?CountryCode=BE&CityName=&Pollutant=6001&Year_from=2016&Year_to=2016&Station=STA-BETN132&Samplingpoint=&Source=E1a&Output=HTML&UpdateDate="
"Belgium","NET-Wallonia","Wallonia","BETR222","43R222 - SERAING","SPO-BETR222_00010_100","CO","Carbon monoxide (air)","P1Y-hr-per50","1 year 50 percentile","2016","0.210","mg/m3","90.72","1","Background","Suburban","5.5702","50.6134","65.0","Liège                                                                           ","BE005C1                                           ","383700","E1a/validated data AQ e-Reporting","18/03/2023 22:05:49","http://fme.discomap.eea.europa.eu/fmedatastreaming/AirQualityDownload/AQData_Extract.fmw?CountryCode=BE&CityName=&Pollutant=10&Year_from=2016&Year_to=2016&Station=STA-BETR222&Samplingpoint=&Source=E1a&Output=HTML&UpdateDate="
"Belgium","NET-Flanders","Flanders","BETR805","42R805 - ANTWERPEN","SPO-BETR805_00008_100","NO2","Nitrogen dioxide (air)","P1Y-hr-max-per99.79","1 year 99.79 %ile of hourly values in a given year","2016","122.000","ug/m3","95.46","1","Traffic","Urban","4.4216","51.2082","6.0","Antwerpen                                                                       ","BE002C1                                           ","530014","E1a/validated data AQ e-Reporting","18/03/2023 22:07:35","http://fme.discomap.eea.europa.eu/fmedatastreaming/AirQualityDownload/AQData_Extract.fmw?CountryCode=BE&CityName=&Pollutant=8&Year_from=2016&Year_to=2016&Station=STA-BETR805&Samplingpoint=&Source=E1a&Output=HTML&UpdateDate="
"Belgium","NET-Flanders","Flanders","BETR805","42R805 - ANTWERPEN","SPO-BETR805_00391_100","Black Carbon","black_carbon (aerosol)","P1Y-hr-per50","1 year 50 percentile","2016","1.895","ug/m3","98.86","1","Traffic","Urban","4.4216","51.2082","6.0","Antwerpen                                                                       ","BE002C1                                           ","530014","E1a/validated data AQ e-Reporting","18/03/2023 22:05:49","http://fme.discomap.eea.europa.eu/fmedatastreaming/AirQualityDownload/AQData_Extract.fmw?CountryCode=BE&CityName=&Pollutant=391&Year_from=2016&Year_to=2016&Station=STA-BETR805&Samplingpoint=&Source=E1a&Output=HTML&UpdateDate="
"Belgium","NET-Flanders","Flanders","BETR815","42R815 - ZWIJNDRECHT","SPO-BETR815_00005_100","PM10","Particulate matter < 10 µm (aerosol)","P1Y-P1D-per99","1 year 99 percentile of daily means (P1D) or .../aq/primaryObservation/day","2016","55.538","ug/m3","100.00","1","Industrial","Suburban","4.3322","51.2147","7.0","","","","E1a/validated data AQ e-Reporting","18/03/2023 22:09:38","http://fme.discomap.eea.europa.eu/fmedatastreaming/AirQualityDownload/AQData_Extract.fmw?CountryCode=BE&CityName=&Pollutant=5&Year_from=2016&Year_to=2016&Station=STA-BETR815&Samplingpoint=&Source=E1a&Output=HTML&UpdateDate="
"Belgium","NET-Flanders","Flanders","BETR805","42R805 - ANTWERPEN","SPO-BETR805_00391_100","Black Carbon","black_carbon (aerosol)","P1Y-hr-min","1 year hour min","2016","0.115","ug/m3","98.86","1","Traffic","Urban","4.4216","51.2082","6.0","Antwerpen                                                                       ","BE002C1                                           ","530014","E1a/validated data AQ e-Reporting","18/03/2023 22:31:20","http://fme.discomap.eea.europa.eu/fmedatastreaming/AirQualityDownload/AQData_Extract.fmw?CountryCode=BE&CityName=&Pollutant=391&Year_from=2016&Year_to=2016&Station=STA-BETR805&Samplingpoint=&Source=E1a&Output=HTML&UpdateDate="
"Belgium","NET-Flanders","Flanders","BETR897","42R897 - ANTWERPEN","SPO-BETR897_00008_100","NO2","Nitrogen dioxide (air)","P1Y-day-per50","1 year 50 %ile of daily values in a year","2016","33.688","ug/m3","98.36","1","Industrial","Suburban","4.3421","51.2501","5.0","Antwerpen                                                                       ","BE002C1                                           ","530014","E1a/validated data AQ e-Reporting","18/03/2023 22:14:21","http://fme.discomap.eea.europa.eu/fmedatastreaming/AirQualityDownload/AQData_Extract.fmw?CountryCode=BE&CityName=&Pollutant=8&Year_from=2016&Year_to=2016&Station=STA-BETR897&Samplingpoint=&Source=E1a&Output=HTML&UpdateDate="
"Belgium","NET-Flanders","Flanders","BETTS21","40TS21 - TESSENDERLO","SPO-BETTS21_00001_100","SO2","Sulphur dioxide (air)","winter-avg","Winter mean","2016","3.077","ug/m3","96.70","1","Industrial","Suburban","5.1075","51.0657","28.0","","","","E1a/validated data AQ e-Reporting","18/03/2023 22:50:43","http://fme.discomap.eea.europa.eu/fmedatastreaming/AirQualityDownload/AQData_Extract.fmw?CountryCode=BE&CityName=&Pollutant=1&Year_from=2016&Year_to=2016&Station=STA-BETTS21&Samplingpoint=&Source=E1a&Output=HTML&UpdateDate="
"Belgium","NET-Wallonia","Wallonia","BETN066","43N066 - EUPEN","SPO-BETN066_00007_100","O3","Ozone (air)","AOT40cmeasured","AOT40c UNCORRECTED for data capture","2016","7291.000","ug/m3","96.74","1","Background","Rural","6.0023","50.6289","295.0","","","","E1a/validated data AQ e-Reporting","18/03/2023 23:01:40","http://fme.discomap.eea.europa.eu/fmedatastreaming/AirQualityDownload/AQData_Extract.fmw?CountryCode=BE&CityName=&Pollutant=7&Year_from=2016&Year_to=2016&Station=STA-BETN066&Samplingpoint=&Source=E1a&Output=HTML&UpdateDate="
"Belgium","NET-Flanders","Flanders","BETR801","42R801 - BORGERHOUT","SPO-BETR801_00391_100","Black Carbon","black_carbon (aerosol)","P1Y","Annual mean / 1 calendar year","2016","1.901","ug/m3","97.67","1","Background","Urban","4.4318","51.2097","6.0","Antwerpen                                                                       ","BE002C1                                           ","530014","E1a/validated data AQ e-Reporting","18/03/2023 21:08:58","http://fme.discomap.eea.europa.eu/fmedatastreaming/AirQualityDownload/AQData_Extract.fmw?CountryCode=BE&CityName=&Pollutant=391&Year_from=2016&Year_to=2016&Station=STA-BETR801&Samplingpoint=&Source=E1a&Output=HTML&UpdateDate="
"Belgium","NET-Wallonia","Wallonia","BETN113","43N113 - SAINT-ODE","SPO-BETN113_00007_100","O3","Ozone (air)","P1Y-hrsAbove240","1 year hour exceed 240","2016","0.000","count","89.52","1","Background","Rural","5.5930","50.0270","510.0","","","","E1a/validated data AQ e-Reporting","18/03/2023 21:50:25","http://fme.discomap.eea.europa.eu/fmedatastreaming/AirQualityDownload/AQData_Extract.fmw?CountryCode=BE&CityName=&Pollutant=7&Year_from=2016&Year_to=2016&Station=STA-BETN113&Samplingpoint=&Source=E1a&Output=HTML&UpdateDate="
"Belgium","NET-Wallonia","Wallonia","BETR221","43R221 - LIEGE","SPO-BETR221_06001_100","PM2.5","Particulate matter < 2.5 µm (aerosol)","P1Y-hr-max","1 year hour max","2016","78.563","ug/m3","99.48","1","Background","Urban","5.6278","50.6584","65.0","Liège                                                                           ","BE005C1                                           ","383700","E1a/validated data AQ e-Reporting","18/03/2023 21:57:02","http://fme.discomap.eea.europa.eu/fmedatastreaming/AirQualityDownload/AQData_Extract.fmw?CountryCode=BE&CityName=&Pollutant=6001&Year_from=2016&Year_to=2016&Station=STA-BETR221&Samplingpoint=&Source=E1a&Output=HTML&UpdateDate="
"Belgium","NET-Wallonia","Wallonia","BETN113","43N113 - SAINT-ODE","SPO-BETN113_00008_100","NO2","Nitrogen dioxide (air)","P1Y-hr-min","1 year hour min","2016","0.500","ug/m3","91.55","1","Background","Rural","5.5930","50.0270","510.0","","","","E1a/validated data AQ e-Reporting","18/03/2023 22:31:20","http://fme.discomap.eea.europa.eu/fmedatastreaming/AirQualityDownload/AQData_Extract.fmw?CountryCode=BE&CityName=&Pollutant=8&Year_from=2016&Year_to=2016&Station=STA-BETN113&Samplingpoint=&Source=E1a&Output=HTML&UpdateDate="
"Belgium","NET-Wallonia","Wallonia","BETN070","43N070 - MONS","SPO-BETN070_00007_100","O3","Ozone (air)","P1Y-dmax-per93.15","1 year 93.15 percentile daily 8h maximum","2016","85.083","ug/m3","97.27","1","Background","Suburban","3.9397","50.4652","30.0","Mons                                                                            ","BE009C1                                           ","95922","E1a/validated data AQ e-Reporting","18/03/2023 22:12:55","http://fme.discomap.eea.europa.eu/fmedatastreaming/AirQualityDownload/AQData_Extract.fmw?CountryCode=BE&CityName=&Pollutant=7&Year_from=2016&Year_to=2016&Station=STA-BETN070&Samplingpoint=&Source=E1a&Output=HTML&UpdateDate="
"Belgium","NET-Wallonia","Wallonia","BETN070","43N070 - MONS","SPO-BETN070_00007_100","O3","Ozone (air)","P1Y-dx-max","1 year day max max","2016","154.125","ug/m3","97.27","1","Background","Suburban","3.9397","50.4652","30.0","Mons                                                                            ","BE009C1                                           ","95922","E1a/validated data AQ e-Reporting","18/03/2023 21:44:39","http://fme.discomap.eea.europa.eu/fmedatastreaming/AirQualityDownload/AQData_Extract.fmw?CountryCode=BE&CityName=&Pollutant=7&Year_from=2016&Year_to=2016&Station=STA-BETN070&Samplingpoint=&Source=E1a&Output=HTML&UpdateDate="
"Belgium","NET-Wallonia","Wallonia","BEVN520","50N520 - PERUWELZ","SPO-BEVN520_06007_100","cis-H3C-CH=CH-CH3","cis-2-Butene (air)","P1Y","Annual mean / 1 calendar year","2016","0.000","ug/m3","48.09","1","Background","Suburban","3.5943","50.5055","30.0","","","","E1a/validated data AQ e-Reporting","18/03/2023 21:08:58","http://fme.discomap.eea.europa.eu/fmedatastreaming/AirQualityDownload/AQData_Extract.fmw?CountryCode=BE&CityName=&Pollutant=6007&Year_from=2016&Year_to=2016&Station=STA-BEVN520&Samplingpoint=&Source=E1a&Output=HTML&UpdateDate="
"Belgium","NET-Flanders","Flanders","BETR841","42R841 - MECHELEN","SPO-BETR841_00007_100","O3","Ozone (air)","AOT40f","AOT40 for forest protection","2016","10327.246","ug/m3","97.59","1","Background","Suburban","4.4693","51.0025","8.0","Mechelen                                                                        ","BE012C1                                           ","86911","E1a/validated data AQ e-Reporting","18/03/2023 23:06:40","http://fme.discomap.eea.europa.eu/fmedatastreaming/AirQualityDownload/AQData_Extract.fmw?CountryCode=BE&CityName=&Pollutant=7&Year_from=2016&Year_to=2016&Station=STA-BETR841&Samplingpoint=&Source=E1a&Output=HTML&UpdateDate="
"Belgium","NET-Wallonia","Wallonia","BETN132","43N132 - HABAY-LA-N.","SPO-BETN132_06001_100","PM2.5","Particulate matter < 2.5 µm (aerosol)","P1Y-hr-max","1 year hour max","2016","85.815","ug/m3","99.34","1","Background","Rural","5.6304","49.7193","375.0","","","","E1a/validated data AQ e-Reporting","18/03/2023 21:57:02","http://fme.discomap.eea.europa.eu/fmedatastreaming/AirQualityDownload/AQData_Extract.fmw?CountryCode=BE&CityName=&Pollutant=6001&Year_from=2016&Year_to=2016&Station=STA-BETN132&Samplingpoint=&Source=E1a&Output=HTML&UpdateDate="
"Belgium","NET-Wallonia","Wallonia","BETR221","43R221 - LIEGE","SPO-BETR221_00007_100","O3","Ozone (air)","P1Y-day-max","1 year day max","2016","103.188","ug/m3","98.36","1","Background","Urban","5.6278","50.6584","65.0","Liège                                                                           ","BE005C1                                           ","383700","E1a/validated data AQ e-Reporting","18/03/2023 21:44:13","http://fme.discomap.eea.europa.eu/fmedatastreaming/AirQualityDownload/AQData_Extract.fmw?CountryCode=BE&CityName=&Pollutant=7&Year_from=2016&Year_to=2016&Station=STA-BETR221&Samplingpoint=&Source=E1a&Output=HTML&UpdateDate="
"Belgium","NET-Wallonia","Wallonia","BETR221","43R221 - LIEGE","SPO-BETR221_00391_100","Black Carbon","black_carbon (aerosol)","P1Y-hr-per50","1 year 50 percentile","2016","0.880","ug/m3","85.17","1","Background","Urban","5.6278","50.6584","65.0","Liège                                                                           ","BE005C1                                           ","383700","E1a/validated data AQ e-Reporting","18/03/2023 22:05:49","http://fme.discomap.eea.europa.eu/fmedatastreaming/AirQualityDownload/AQData_Extract.fmw?CountryCode=BE&CityName=&Pollutant=391&Year_from=2016&Year_to=2016&Station=STA-BETR221&Samplingpoint=&Source=E1a&Output=HTML&UpdateDate="
"Belgium","NET-Wallonia","Wallonia","BETR240","43R240 - ENGIS","SPO-BETR240_06001_100","PM2.5","Particulate matter < 2.5 µm (aerosol)","P1Y-P1D-per99","1 year 99 percentile of daily means (P1D) or .../aq/primaryObservation/day","2016","40.146","ug/m3","96.72","1","Industrial","Suburban","5.3975","50.5836","135.0","","","","E1a/validated data AQ e-Reporting","18/03/2023 22:10:03","http://fme.discomap.eea.europa.eu/fmedatastreaming/AirQualityDownload/AQData_Extract.fmw?CountryCode=BE&CityName=&Pollutant=6001&Year_from=2016&Year_to=2016&Station=STA-BETR240&Samplingpoint=&Source=E1a&Output=HTML&UpdateDate="
"Belgium","NET-Flanders","Flanders","BETR801","42R801 - BORGERHOUT","SPO-BETR801_00391_100","Black Carbon","black_carbon (aerosol)","P1Y-hr-max","1 year hour max","2016","15.820","ug/m3","97.67","1","Background","Urban","4.4318","51.2097","6.0","Antwerpen                                                                       ","BE002C1                                           ","530014","E1a/validated data AQ e-Reporting","18/03/2023 21:57:02","http://fme.discomap.eea.europa.eu/fmedatastreaming/AirQualityDownload/AQData_Extract.fmw?CountryCode=BE&CityName=&Pollutant=391&Year_from=2016&Year_to=2016&Station=STA-BETR801&Samplingpoint=&Source=E1a&Output=HTML&UpdateDate="
"Belgium","NET-Wallonia","Wallonia","BETN067","43N067 - MEMBACH","SPO-BETN067_00005_100","PM10","Particulate matter < 10 µm (aerosol)","P1Y-P1D-per99","1 year 99 percentile of daily means (P1D) or .../aq/primaryObservation/day","2016","37.917","ug/m3","100.00","1","Background","Suburban","5.9928","50.6123","0.0","","","","E1a/validated data AQ e-Reporting","18/03/2023 22:09:38","http://fme.discomap.eea.europa.eu/fmedatastreaming/AirQualityDownload/AQData_Extract.fmw?CountryCode=BE&CityName=&Pollutant=5&Year_from=2016&Year_to=2016&Station=STA-BETN067&Samplingpoint=&Source=E1a&Output=HTML&UpdateDate="
"Belgium","NET-Flanders","Flanders","BETN035","42N035 - AARSCHOT","SPO-BETN035_00008_100","NO2","Nitrogen dioxide (air)","P1Y-hrsAbove200","1 year hour exceed 200","2016","0.000","count","96.98","1","Background","Rural","4.8376","50.9775","55.0","","","","E1a/validated data AQ e-Reporting","18/03/2023 21:48:42","http://fme.discomap.eea.europa.eu/fmedatastreaming/AirQualityDownload/AQData_Extract.fmw?CountryCode=BE&CityName=&Pollutant=8&Year_from=2016&Year_to=2016&Station=STA-BETN035&Samplingpoint=&Source=E1a&Output=HTML&UpdateDate="
"Belgium","NET-Wallonia","Wallonia","BETN093","43N093 - SINSIN","SPO-BETN093_00005_100","PM10","Particulate matter < 10 µm (aerosol)","P1Y-day-max36","1 year day max 36","2016","26.229","ug/m3","97.27","1","Background","Rural","5.2352","50.2745","265.0","","","","E1a/validated data AQ e-Reporting","18/03/2023 22:32:47","http://fme.discomap.eea.europa.eu/fmedatastreaming/AirQualityDownload/AQData_Extract.fmw?CountryCode=BE&CityName=&Pollutant=5&Year_from=2016&Year_to=2016&Station=STA-BETN093&Samplingpoint=&Source=E1a&Output=HTML&UpdateDate="
"Belgium","NET-Flanders","Flanders","BETR701","44R701 - GENT","SPO-BETR701_00005_100","PM10","Particulate matter < 10 µm (aerosol)","P1Y-P1D-per90.41","1 year 90.41 percentile","2016","45.038","ug/m3","100.00","1","Background","Urban","3.7293","51.0583","5.0","Gent                                                                            ","BE003C1                                           ","263687","E1a/validated data AQ e-Reporting","18/03/2023 22:09:05","http://fme.discomap.eea.europa.eu/fmedatastreaming/AirQualityDownload/AQData_Extract.fmw?CountryCode=BE&CityName=&Pollutant=5&Year_from=2016&Year_to=2016&Station=STA-BETR701&Samplingpoint=&Source=E1a&Output=HTML&UpdateDate="
"Belgium","NET-Wallonia","Wallonia","BETN070","43N070 - MONS","SPO-BETN070_00007_100","O3","Ozone (air)","P3Y-dmaxAbove120","Daymax exceed 120 averaged over 3 consecutive years","2016","3.333","count","100.00","1","Background","Suburban","3.9397","50.4652","30.0","Mons                                                                            ","BE009C1                                           ","95922","E1a/validated data AQ e-Reporting","18/03/2023 22:34:54","http://fme.discomap.eea.europa.eu/fmedatastreaming/AirQualityDownload/AQData_Extract.fmw?CountryCode=BE&CityName=&Pollutant=7&Year_from=2016&Year_to=2016&Station=STA-BETN070&Samplingpoint=&Source=E1a&Output=HTML&UpdateDate="
"Belgium","NET-Flanders","Flanders","BETR020","42R020 - VILVOORDE","SPO-BETR020_06001_100","PM2.5","Particulate matter < 2.5 µm (aerosol)","P1Y-hr-min","1 year hour min","2016","1.000","ug/m3","99.91","1","Background","Suburban","4.4367","50.9414","12.0","","","","E1a/validated data AQ e-Reporting","18/03/2023 22:31:20","http://fme.discomap.eea.europa.eu/fmedatastreaming/AirQualityDownload/AQData_Extract.fmw?CountryCode=BE&CityName=&Pollutant=6001&Year_from=2016&Year_to=2016&Station=STA-BETR020&Samplingpoint=&Source=E1a&Output=HTML&UpdateDate="
"Belgium","NET-Wallonia","Wallonia","BETN066","43N066 - EUPEN","SPO-BETN066_00001_100","SO2","Sulphur dioxide (air)","P1Y-day-per50","1 year 50 %ile of daily values in a year","2016","0.125","ug/m3","98.63","1","Background","Rural","6.0023","50.6289","295.0","","","","E1a/validated data AQ e-Reporting","18/03/2023 22:14:46","http://fme.discomap.eea.europa.eu/fmedatastreaming/AirQualityDownload/AQData_Extract.fmw?CountryCode=BE&CityName=&Pollutant=1&Year_from=2016&Year_to=2016&Station=STA-BETN066&Samplingpoint=&Source=E1a&Output=HTML&UpdateDate="
"Belgium","NET-Flanders","Flanders","BETR817","42R817 - ANTWERPEN","SPO-BETR817_00008_100","NO2","Nitrogen dioxide (air)","P1Y-day-per50","1 year 50 %ile of daily values in a year","2016","31.000","ug/m3","96.72","1","Background","Suburban","4.4180","51.1771","6.0","Antwerpen                                                                       ","BE002C1                                           ","530014","E1a/validated data AQ e-Reporting","18/03/2023 22:14:21","http://fme.discomap.eea.europa.eu/fmedatastreaming/AirQualityDownload/AQData_Extract.fmw?CountryCode=BE&CityName=&Pollutant=8&Year_from=2016&Year_to=2016&Station=STA-BETR817&Samplingpoint=&Source=E1a&Output=HTML&UpdateDate="
"Belgium","NET-Flanders","Flanders","BETR817","42R817 - ANTWERPEN","SPO-BETR817_00391_100","Black Carbon","black_carbon (aerosol)","P1Y-hr-per50","1 year 50 percentile","2016","1.190","ug/m3","96.40","1","Background","Suburban","4.4180","51.1771","6.0","Antwerpen                                                                       ","BE002C1                                           ","530014","E1a/validated data AQ e-Reporting","18/03/2023 22:05:49","http://fme.discomap.eea.europa.eu/fmedatastreaming/AirQualityDownload/AQData_Extract.fmw?CountryCode=BE&CityName=&Pollutant=391&Year_from=2016&Year_to=2016&Station=STA-BETR817&Samplingpoint=&Source=E1a&Output=HTML&UpdateDate="
"Belgium","NET-Wallonia","Wallonia","BETN100","43N100 - DOURBES","SPO-BETN100_06001_100","PM2.5","Particulate matter < 2.5 µm (aerosol)","P1Y-hr-per50","1 year 50 percentile","2016","5.554","ug/m3","99.57","1","Background","Rural","4.5948","50.0957","225.0","","","","E1a/validated data AQ e-Reporting","18/03/2023 22:05:49","http://fme.discomap.eea.europa.eu/fmedatastreaming/AirQualityDownload/AQData_Extract.fmw?CountryCode=BE&CityName=&Pollutant=6001&Year_from=2016&Year_to=2016&Station=STA-BETN100&Samplingpoint=&Source=E1a&Output=HTML&UpdateDate="
"Belgium","NET-Wallonia","Wallonia","BETN113","43N113 - SAINT-ODE","SPO-BETN113_00005_100","PM10","Particulate matter < 10 µm (aerosol)","P1Y-hr-min","1 year hour min","2016","0.000","ug/m3","94.07","1","Background","Rural","5.5930","50.0270","510.0","","","","E1a/validated data AQ e-Reporting","18/03/2023 22:31:20","http://fme.discomap.eea.europa.eu/fmedatastreaming/AirQualityDownload/AQData_Extract.fmw?CountryCode=BE&CityName=&Pollutant=5&Year_from=2016&Year_to=2016&Station=STA-BETN113&Samplingpoint=&Source=E1a&Output=HTML&UpdateDate="
"Belgium","NET-Wallonia","Wallonia","BETR222","43R222 - SERAING","SPO-BETR222_00005_100","PM10","Particulate matter < 10 µm (aerosol)","P1Y-day-max","1 year day max","2016","60.188","ug/m3","96.99","1","Background","Suburban","5.5702","50.6134","65.0","Liège                                                                           ","BE005C1                                           ","383700","E1a/validated data AQ e-Reporting","18/03/2023 21:43:06","http://fme.discomap.eea.europa.eu/fmedatastreaming/AirQualityDownload/AQData_Extract.fmw?CountryCode=BE&CityName=&Pollutant=5&Year_from=2016&Year_to=2016&Station=STA-BETR222&Samplingpoint=&Source=E1a&Output=HTML&UpdateDate="
"Belgium","NET-Wallonia","Wallonia","BETR501","45R501 - CHARLEROI","SPO-BETR501_00005_100","PM10","Particulate matter < 10 µm (aerosol)","P1Y-P1D-per90.4","1 year 90.4 percentile - COMPLIANCE","2016","39.834","ug/m3","100.00","1","Background","Urban","4.4522","50.4093","115.0","Charleroi                                                                       ","BE004C1                                           ","203314","E1a/validated data AQ e-Reporting","18/03/2023 22:08:35","http://fme.discomap.eea.europa.eu/fmedatastreaming/AirQualityDownload/AQData_Extract.fmw?CountryCode=BE&CityName=&Pollutant=5&Year_from=2016&Year_to=2016&Station=STA-BETR501&Samplingpoint=&Source=E1a&Output=HTML&UpdateDate="
"Belgium","NET-Wallonia","Wallonia","BETN067","43N067 - MEMBACH","SPO-BETN067_00005_100","PM10","Particulate matter < 10 µm (aerosol)","P1Y-hr-per50","1 year 50 percentile","2016","9.771","ug/m3","99.80","1","Background","Suburban","5.9928","50.6123","0.0","","","","E1a/validated data AQ e-Reporting","18/03/2023 22:05:49","http://fme.discomap.eea.europa.eu/fmedatastreaming/AirQualityDownload/AQData_Extract.fmw?CountryCode=BE&CityName=&Pollutant=5&Year_from=2016&Year_to=2016&Station=STA-BETN067&Samplingpoint=&Source=E1a&Output=HTML&UpdateDate="
"Belgium","NET-Wallonia","Wallonia","BEVN085","50N085 - VIELSALM","SPO-BEVN085_00449_100","(CH3)3-C-CH2-CH-(CH3)2","i-Octane (2,2,4-trimethylpentane) (air)","P1Y","Annual mean / 1 calendar year","2016","0.000","ug/m3","47.27","1","Background","Rural","6.0017","50.3032","490.0","","","","E1a/validated data AQ e-Reporting","18/03/2023 21:08:58","http://fme.discomap.eea.europa.eu/fmedatastreaming/AirQualityDownload/AQData_Extract.fmw?CountryCode=BE&CityName=&Pollutant=449&Year_from=2016&Year_to=2016&Station=STA-BEVN085&Samplingpoint=&Source=E1a&Output=HTML&UpdateDate="
"Belgium","NET-Wallonia","Wallonia","BETN070","43N070 - MONS","SPO-BETN070_00008_100","NO2","Nitrogen dioxide (air)","P1Y-hrsAbove400","1 year hour exceed 400","2016","0.000","count","97.34","1","Background","Suburban","3.9397","50.4652","30.0","Mons                                                                            ","BE009C1                                           ","95922","E1a/validated data AQ e-Reporting","18/03/2023 21:54:38","http://fme.discomap.eea.europa.eu/fmedatastreaming/AirQualityDownload/AQData_Extract.fmw?CountryCode=BE&CityName=&Pollutant=8&Year_from=2016&Year_to=2016&Station=STA-BETN070&Samplingpoint=&Source=E1a&Output=HTML&UpdateDate="
"Belgium","NET-Wallonia","Wallonia","BETH201","43H201 - LIEGE","SPO-BETH201_00001_100","SO2","Sulphur dioxide (air)","P1Y-hr-min","1 year hour min","2016","0.000","ug/m3","96.81","1","Background","Suburban","5.5475","50.6250","160.0","Liège                                                                           ","BE005C1                                           ","383700","E1a/validated data AQ e-Reporting","18/03/2023 22:31:20","http://fme.discomap.eea.europa.eu/fmedatastreaming/AirQualityDownload/AQData_Extract.fmw?CountryCode=BE&CityName=&Pollutant=1&Year_from=2016&Year_to=2016&Station=STA-BETH201&Samplingpoint=&Source=E1a&Output=HTML&UpdateDate="
"Belgium","NET-Flanders","Flanders","BETR830","42R830 - DOEL","SPO-BETR830_00001_100","SO2","Sulphur dioxide (air)","P1Y-day-per50","1 year 50 %ile of daily values in a year","2016","1.457","ug/m3","99.45","1","Industrial","Rural","4.2626","51.3182","5.0","","","","E1a/validated data AQ e-Reporting","18/03/2023 22:14:46","http://fme.discomap.eea.europa.eu/fmedatastreaming/AirQualityDownload/AQData_Extract.fmw?CountryCode=BE&CityName=&Pollutant=1&Year_from=2016&Year_to=2016&Station=STA-BETR830&Samplingpoint=&Source=E1a&Output=HTML&UpdateDate="
"Belgium","NET-Wallonia","Wallonia","BETN085","43N085 - VIELSALM","SPO-BETN085_00005_100","PM10","Particulate matter < 10 µm (aerosol)","P1Y-P1D-per90.41","1 year 90.41 percentile","2016","15.834","ug/m3","98.63","1","Background","Rural","6.0017","50.3032","490.0","","","","E1a/validated data AQ e-Reporting","18/03/2023 22:09:05","http://fme.discomap.eea.europa.eu/fmedatastreaming/AirQualityDownload/AQData_Extract.fmw?CountryCode=BE&CityName=&Pollutant=5&Year_from=2016&Year_to=2016&Station=STA-BETN085&Samplingpoint=&Source=E1a&Output=HTML&UpdateDate="
"Belgium","NET-Flanders","Flanders","BETR815","42R815 - ZWIJNDRECHT","SPO-BETR815_00008_100","NO2","Nitrogen dioxide (air)","P1Y-hr-max19","1 year hour max19","2016","114.000","ug/m3","95.82","1","Industrial","Suburban","4.3322","51.2147","7.0","","","","E1a/validated data AQ e-Reporting","18/03/2023 22:34:35","http://fme.discomap.eea.europa.eu/fmedatastreaming/AirQualityDownload/AQData_Extract.fmw?CountryCode=BE&CityName=&Pollutant=8&Year_from=2016&Year_to=2016&Station=STA-BETR815&Samplingpoint=&Source=E1a&Output=HTML&UpdateDate="
"Belgium","NET-Flanders","Flanders","BETR740","44R740 - ST.KRUIS-WI","SPO-BETR740_00007_100","O3","Ozone (air)","SOMO10","Sum of Ozone Means Over 10 ppb","2016","14939.379","ug/m3","90.44","1","Industrial","Rural","3.8087","51.1501","5.0","Gent                                                                            ","BE003C1                                           ","263687","E1a/validated data AQ e-Reporting","18/03/2023 22:59:50","http://fme.discomap.eea.europa.eu/fmedatastreaming/AirQualityDownload/AQData_Extract.fmw?CountryCode=BE&CityName=&Pollutant=7&Year_from=2016&Year_to=2016&Station=STA-BETR740&Samplingpoint=&Source=E1a&Output=HTML&UpdateDate="
"Belgium","NET-Flanders","Flanders","BETR815","42R815 - ZWIJNDRECHT","SPO-BETR815_00008_100","NO2","Nitrogen dioxide (air)","P3Y","3 subsequent calendar years mean","2016","30.013","ug/m3","94.82","1","Industrial","Suburban","4.3322","51.2147","7.0","","","","E1a/validated data AQ e-Reporting","18/03/2023 21:36:00","http://fme.discomap.eea.europa.eu/fmedatastreaming/AirQualityDownload/AQData_Extract.fmw?CountryCode=BE&CityName=&Pollutant=8&Year_from=2016&Year_to=2016&Station=STA-BETR815&Samplingpoint=&Source=E1a&Output=HTML&UpdateDate="
"Belgium","NET-Wallonia","Wallonia","BETR512","45R512 - MARCHIENNE","SPO-BETR512_00010_100","CO","Carbon monoxide (air)","P1Y-hr-min","1 year hour min","2016","0.050","mg/m3","97.50","1","Industrial","Suburban","4.3959","50.4078","107.0","Charleroi                                                                       ","BE004C1                                           ","203314","E1a/validated data AQ e-Reporting","18/03/2023 22:31:20","http://fme.discomap.eea.europa.eu/fmedatastreaming/AirQualityDownload/AQData_Extract.fmw?CountryCode=BE&CityName=&Pollutant=10&Year_from=2016&Year_to=2016&Station=STA-BETR512&Samplingpoint=&Source=E1a&Output=HTML&UpdateDate="
"Belgium","NET-Flanders","Flanders","BEVLU11","59LU11 - LEUVEN","SPO-BEVLU11_00457_100","Chlorobenzene (air)","Chlorobenzene (air)","P1Y","Annual mean / 1 calendar year","2016","0.000","ug/m3","87.98","1","Background","Suburban","4.6911","50.8797","0.0","Leuven                                                                          ","BE008C1                                           ","101625","E1a/validated data AQ e-Reporting","18/03/2023 21:08:58","http://fme.discomap.eea.europa.eu/fmedatastreaming/AirQualityDownload/AQData_Extract.fmw?CountryCode=BE&CityName=&Pollutant=457&Year_from=2016&Year_to=2016&Station=STA-BEVLU11&Samplingpoint=&Source=E1a&Output=HTML&UpdateDate="
"Belgium","NET-Wallonia","Wallonia","BEMCHA2","0CHA02 - LODELINSART","SPO-BEMCHA2_05014_100","Cd in PM10","Cadmium in PM10 (aerosol)","P1Y","Annual mean / 1 calendar year","2016","0.390","ng/m3","62.83","1","Background","Suburban","4.4587","50.4290","135.0","Charleroi                                                                       ","BE004C1                                           ","203314","E1a/validated data AQ e-Reporting","18/03/2023 21:08:58","http://fme.discomap.eea.europa.eu/fmedatastreaming/AirQualityDownload/AQData_Extract.fmw?CountryCode=BE&CityName=&Pollutant=5014&Year_from=2016&Year_to=2016&Station=STA-BEMCHA2&Samplingpoint=&Source=E1a&Output=HTML&UpdateDate="
"Belgium","NET-Wallonia","Wallonia","BEMCHA1","0CHA01 - CHARLEROI","SPO-BEMCHA1_05018_100","As in PM10","Arsenic in PM10 (aerosol)","P1Y","Annual mean / 1 calendar year","2016","0.428","ng/m3","97.26","1","Background","Urban","4.4522","50.4093","115.0","Charleroi                                                                       ","BE004C1                                           ","203314","E1a/validated data AQ e-Reporting","18/03/2023 21:08:58","http://fme.discomap.eea.europa.eu/fmedatastreaming/AirQualityDownload/AQData_Extract.fmw?CountryCode=BE&CityName=&Pollutant=5018&Year_from=2016&Year_to=2016&Station=STA-BEMCHA1&Samplingpoint=&Source=E1a&Output=HTML&UpdateDate="
"Belgium","NET-Wallonia","Wallonia","BEMN063","00N063 - CORROY-L-GD","SPO-BEMN063_05018_100","As in PM10","Arsenic in PM10 (aerosol)","P1Y","Annual mean / 1 calendar year","2016","0.389","ng/m3","95.34","1","Background","Rural","4.6683","50.6554","145.0","","","","E1a/validated data AQ e-Reporting","18/03/2023 21:08:58","http://fme.discomap.eea.europa.eu/fmedatastreaming/AirQualityDownload/AQData_Extract.fmw?CountryCode=BE&CityName=&Pollutant=5018&Year_from=2016&Year_to=2016&Station=STA-BEMN063&Samplingpoint=&Source=E1a&Output=HTML&UpdateDate="
"Belgium","NET-Flanders","Flanders","BETR893","42R893 - ANTWERPEN","SPO-BETR893_00001_100","SO2","Sulphur dioxide (air)","P1Y-day-min","1 year day min","2016","1.000","ug/m3","98.91","1","Industrial","Suburban","4.3858","51.2814","6.0","Antwerpen                                                                       ","BE002C1                                           ","530014","E1a/validated data AQ e-Reporting","18/03/2023 21:54:56","http://fme.discomap.eea.europa.eu/fmedatastreaming/AirQualityDownload/AQData_Extract.fmw?CountryCode=BE&CityName=&Pollutant=1&Year_from=2016&Year_to=2016&Station=STA-BETR893&Samplingpoint=&Source=E1a&Output=HTML&UpdateDate="
"Belgium","NET-Wallonia","Wallonia","BETN100","43N100 - DOURBES","SPO-BETN100_00008_100","NO2","Nitrogen dioxide (air)","P1Y-hr-max-per99.79","1 year 99.79 %ile of hourly values in a given year","2016","42.000","ug/m3","97.32","1","Background","Rural","4.5948","50.0957","225.0","","","","E1a/validated data AQ e-Reporting","18/03/2023 22:07:35","http://fme.discomap.eea.europa.eu/fmedatastreaming/AirQualityDownload/AQData_Extract.fmw?CountryCode=BE&CityName=&Pollutant=8&Year_from=2016&Year_to=2016&Station=STA-BETN100&Samplingpoint=&Source=E1a&Output=HTML&UpdateDate="
"Belgium","NET-Wallonia","Wallonia","BETN113","43N113 - SAINT-ODE","SPO-BETN113_00005_100","PM10","Particulate matter < 10 µm (aerosol)","P1Y-daysAbove50","1 year day exceed 50","2016","0.000","count","92.08","1","Background","Rural","5.5930","50.0270","510.0","","","","E1a/validated data AQ e-Reporting","18/03/2023 22:27:00","http://fme.discomap.eea.europa.eu/fmedatastreaming/AirQualityDownload/AQData_Extract.fmw?CountryCode=BE&CityName=&Pollutant=5&Year_from=2016&Year_to=2016&Station=STA-BETN113&Samplingpoint=&Source=E1a&Output=HTML&UpdateDate="
"Belgium","NET-Wallonia","Wallonia","BEVN093","50N093 - SINSIN","SPO-BEVN093_00450_100","H3C-CH2-CH(CH3)2","i-Pentane (2-methylbutane) (air)","P1Y","Annual mean / 1 calendar year","2016","0.000","ug/m3","42.35","1","Background","Rural","5.2352","50.2745","265.0","","","","E1a/validated data AQ e-Reporting","18/03/2023 21:08:58","http://fme.discomap.eea.europa.eu/fmedatastreaming/AirQualityDownload/AQData_Extract.fmw?CountryCode=BE&CityName=&Pollutant=450&Year_from=2016&Year_to=2016&Station=STA-BEVN093&Samplingpoint=&Source=E1a&Output=HTML&UpdateDate="
"Belgium","NET-Wallonia","Wallonia","BETN085","43N085 - VIELSALM","SPO-BETN085_00001_100","SO2","Sulphur dioxide (air)","P1Y-hr-max","1 year hour max","2016","2.000","ug/m3","96.30","1","Background","Rural","6.0017","50.3032","490.0","","","","E1a/validated data AQ e-Reporting","18/03/2023 21:57:02","http://fme.discomap.eea.europa.eu/fmedatastreaming/AirQualityDownload/AQData_Extract.fmw?CountryCode=BE&CityName=&Pollutant=1&Year_from=2016&Year_to=2016&Station=STA-BETN085&Samplingpoint=&Source=E1a&Output=HTML&UpdateDate="
"Belgium","NET-Wallonia","Wallonia","BETR240","43R240 - ENGIS","SPO-BETR240_00005_100","PM10","Particulate matter < 10 µm (aerosol)","P1Y-P1D-per99","1 year 99 percentile of daily means (P1D) or .../aq/primaryObservation/day","2016","63.271","ug/m3","96.72","1","Industrial","Suburban","5.3975","50.5836","135.0","","","","E1a/validated data AQ e-Reporting","18/03/2023 22:09:38","http://fme.discomap.eea.europa.eu/fmedatastreaming/AirQualityDownload/AQData_Extract.fmw?CountryCode=BE&CityName=&Pollutant=5&Year_from=2016&Year_to=2016&Station=STA-BETR240&Samplingpoint=&Source=E1a&Output=HTML&UpdateDate="
"Belgium","NET-Flanders","Flanders","BETR740","44R740 - ST.KRUIS-WI","SPO-BETR740_00007_100","O3","Ozone (air)","summer-avg","Summer mean","2016","49.196","ug/m3","95.77","1","Industrial","Rural","3.8087","51.1501","5.0","Gent                                                                            ","BE003C1                                           ","263687","E1a/validated data AQ e-Reporting","18/03/2023 22:50:22","http://fme.discomap.eea.europa.eu/fmedatastreaming/AirQualityDownload/AQData_Extract.fmw?CountryCode=BE&CityName=&Pollutant=7&Year_from=2016&Year_to=2016&Station=STA-BETR740&Samplingpoint=&Source=E1a&Output=HTML&UpdateDate="
"Belgium","NET-Wallonia","Wallonia","BEVN100","50N100 - DOURBES","SPO-BEVN100_00316_100","(CH3)2-CH-CH2-CH2-CH3","i-Hexane (2-methylpentane) (air)","P1Y","Annual mean / 1 calendar year","2016","0.000","ug/m3","48.36","1","Background","Rural","4.5948","50.0957","225.0","","","","E1a/validated data AQ e-Reporting","18/03/2023 21:08:58","http://fme.discomap.eea.europa.eu/fmedatastreaming/AirQualityDownload/AQData_Extract.fmw?CountryCode=BE&CityName=&Pollutant=316&Year_from=2016&Year_to=2016&Station=STA-BEVN100&Samplingpoint=&Source=E1a&Output=HTML&UpdateDate="
"Belgium","NET-Wallonia","Wallonia","BETN070","43N070 - MONS","SPO-BETN070_00001_100","SO2","Sulphur dioxide (air)","winter-avg","Winter mean","2016","0.765","ug/m3","97.27","1","Background","Suburban","3.9397","50.4652","30.0","Mons                                                                            ","BE009C1                                           ","95922","E1a/validated data AQ e-Reporting","18/03/2023 22:50:43","http://fme.discomap.eea.europa.eu/fmedatastreaming/AirQualityDownload/AQData_Extract.fmw?CountryCode=BE&CityName=&Pollutant=1&Year_from=2016&Year_to=2016&Station=STA-BETN070&Samplingpoint=&Source=E1a&Output=HTML&UpdateDate="
"Belgium","NET-Wallonia","Wallonia","BETN132","43N132 - HABAY-LA-N.","SPO-BETN132_00010_100","CO","Carbon monoxide (air)","P1Y-hr-min","1 year hour min","2016","0.080","mg/m3","97.02","1","Background","Rural","5.6304","49.7193","375.0","","","","E1a/validated data AQ e-Reporting","18/03/2023 22:31:20","http://fme.discomap.eea.europa.eu/fmedatastreaming/AirQualityDownload/AQData_Extract.fmw?CountryCode=BE&CityName=&Pollutant=10&Year_from=2016&Year_to=2016&Station=STA-BETN132&Samplingpoint=&Source=E1a&Output=HTML&UpdateDate="
"Belgium","NET-Wallonia","Wallonia","BETN085","43N085 - VIELSALM","SPO-BETN085_04013_100","Hg0","Elemental Gaseous Mercury (air+aerosol)","P1Y-hr-per50","1 year 50 percentile","2016","1.400","ng/m3","80.68","1","Background","Rural","6.0017","50.3032","490.0","","","","E1a/validated data AQ e-Reporting","18/03/2023 22:05:49","http://fme.discomap.eea.europa.eu/fmedatastreaming/AirQualityDownload/AQData_Extract.fmw?CountryCode=BE&CityName=&Pollutant=4013&Year_from=2016&Year_to=2016&Station=STA-BETN085&Samplingpoint=&Source=E1a&Output=HTML&UpdateDate="
"Belgium","NET-Wallonia","Wallonia","BETN085","43N085 - VIELSALM","SPO-BETN085_06001_100","PM2.5","Particulate matter < 2.5 µm (aerosol)","P1Y-day-per50","1 year 50 %ile of daily values in a year","2016","3.596","ug/m3","98.63","1","Background","Rural","6.0017","50.3032","490.0","","","","E1a/validated data AQ e-Reporting","18/03/2023 22:11:51","http://fme.discomap.eea.europa.eu/fmedatastreaming/AirQualityDownload/AQData_Extract.fmw?CountryCode=BE&CityName=&Pollutant=6001&Year_from=2016&Year_to=2016&Station=STA-BETN085&Samplingpoint=&Source=E1a&Output=HTML&UpdateDate="
"Belgium","NET-Wallonia","Wallonia","BETN113","43N113 - SAINT-ODE","SPO-BETN113_00007_100","O3","Ozone (air)","AOT40c","AOT40 vegetation protection","2016","6903.101","ug/m3","88.68","1","Background","Rural","5.5930","50.0270","510.0","","","","E1a/validated data AQ e-Reporting","18/03/2023 23:06:29","http://fme.discomap.eea.europa.eu/fmedatastreaming/AirQualityDownload/AQData_Extract.fmw?CountryCode=BE&CityName=&Pollutant=7&Year_from=2016&Year_to=2016&Station=STA-BETN113&Samplingpoint=&Source=E1a&Output=HTML&UpdateDate="
"Belgium","NET-Wallonia","Wallonia","BETN113","43N113 - SAINT-ODE","SPO-BETN113_00007_100","O3","Ozone (air)","P1Y-dmaxAbove120","1 year daymax exceed 120","2016","10.000","count","88.52","1","Background","Rural","5.5930","50.0270","510.0","","","","E1a/validated data AQ e-Reporting","18/03/2023 22:25:06","http://fme.discomap.eea.europa.eu/fmedatastreaming/AirQualityDownload/AQData_Extract.fmw?CountryCode=BE&CityName=&Pollutant=7&Year_from=2016&Year_to=2016&Station=STA-BETN113&Samplingpoint=&Source=E1a&Output=HTML&UpdateDate="
"Belgium","NET-Flanders","Flanders","BETR701","44R701 - GENT","SPO-BETR701_00005_100","PM10","Particulate matter < 10 µm (aerosol)","P1Y-day-max","1 year day max","2016","164.246","ug/m3","100.00","1","Background","Urban","3.7293","51.0583","5.0","Gent                                                                            ","BE003C1                                           ","263687","E1a/validated data AQ e-Reporting","18/03/2023 21:43:06","http://fme.discomap.eea.europa.eu/fmedatastreaming/AirQualityDownload/AQData_Extract.fmw?CountryCode=BE&CityName=&Pollutant=5&Year_from=2016&Year_to=2016&Station=STA-BETR701&Samplingpoint=&Source=E1a&Output=HTML&UpdateDate="
"Belgium","NET-Wallonia","Wallonia","BEMH201","00H201 - LIEGE","SPO-BEMH201_05018_100","As in PM10","Arsenic in PM10 (aerosol)","P1Y","Annual mean / 1 calendar year","2016","0.466","ng/m3","95.34","1","Background","Suburban","5.5475","50.6250","160.0","Liège                                                                           ","BE005C1                                           ","383700","E1a/validated data AQ e-Reporting","18/03/2023 21:08:58","http://fme.discomap.eea.europa.eu/fmedatastreaming/AirQualityDownload/AQData_Extract.fmw?CountryCode=BE&CityName=&Pollutant=5018&Year_from=2016&Year_to=2016&Station=STA-BEMH201&Samplingpoint=&Source=E1a&Output=HTML&UpdateDate="
"Belgium","NET-Wallonia","Wallonia","BETN113","43N113 - SAINT-ODE","SPO-BETN113_00007_100","O3","Ozone (air)","P1Y-maxP6M-P8H-dmax","Yearly highest six monthly average of daily maximum 8-hour mean concentration","2016","82.417","ug/m3","100.00","1","Background","Rural","5.5930","50.0270","510.0","","","","E1a/validated data AQ e-Reporting","18/03/2023 22:58:54","http://fme.discomap.eea.europa.eu/fmedatastreaming/AirQualityDownload/AQData_Extract.fmw?CountryCode=BE&CityName=&Pollutant=7&Year_from=2016&Year_to=2016&Station=STA-BETN113&Samplingpoint=&Source=E1a&Output=HTML&UpdateDate="
"Belgium","NET-Flanders","Flanders","BETR740","44R740 - ST.KRUIS-WI","SPO-BETR740_00005_100","PM10","Particulate matter < 10 µm (aerosol)","P1Y-P1D-per90.4","1 year 90.4 percentile - COMPLIANCE","2016","40.767","ug/m3","100.00","1","Industrial","Rural","3.8087","51.1501","5.0","Gent                                                                            ","BE003C1                                           ","263687","E1a/validated data AQ e-Reporting","18/03/2023 22:08:35","http://fme.discomap.eea.europa.eu/fmedatastreaming/AirQualityDownload/AQData_Extract.fmw?CountryCode=BE&CityName=&Pollutant=5&Year_from=2016&Year_to=2016&Station=STA-BETR740&Samplingpoint=&Source=E1a&Output=HTML&UpdateDate="
"Belgium","NET-Wallonia","Wallonia","BETR240","43R240 - ENGIS","SPO-BETR240_00007_100","O3","Ozone (air)","P1Y-dmax-per99","1 year 99 percentile daily 8h maximum","2016","132.875","ug/m3","92.90","1","Industrial","Suburban","5.3975","50.5836","135.0","","","","E1a/validated data AQ e-Reporting","18/03/2023 22:13:26","http://fme.discomap.eea.europa.eu/fmedatastreaming/AirQualityDownload/AQData_Extract.fmw?CountryCode=BE&CityName=&Pollutant=7&Year_from=2016&Year_to=2016&Station=STA-BETR240&Samplingpoint=&Source=E1a&Output=HTML&UpdateDate="
"Belgium","NET-Wallonia","Wallonia","BETN093","43N093 - SINSIN","SPO-BETN093_00005_100","PM10","Particulate matter < 10 µm (aerosol)","P1Y-hr-max","1 year hour max","2016","739.271","ug/m3","97.67","1","Background","Rural","5.2352","50.2745","265.0","","","","E1a/validated data AQ e-Reporting","18/03/2023 21:57:02","http://fme.discomap.eea.europa.eu/fmedatastreaming/AirQualityDownload/AQData_Extract.fmw?CountryCode=BE&CityName=&Pollutant=5&Year_from=2016&Year_to=2016&Station=STA-BETN093&Samplingpoint=&Source=E1a&Output=HTML&UpdateDate="
"Belgium","NET-Wallonia","Wallonia","BETN093","43N093 - SINSIN","SPO-BETN093_00007_100","O3","Ozone (air)","P1Y-day-per50","1 year 50 %ile of daily values in a year","2016","47.130","ug/m3","94.81","1","Background","Rural","5.2352","50.2745","265.0","","","","E1a/validated data AQ e-Reporting","18/03/2023 22:15:13","http://fme.discomap.eea.europa.eu/fmedatastreaming/AirQualityDownload/AQData_Extract.fmw?CountryCode=BE&CityName=&Pollutant=7&Year_from=2016&Year_to=2016&Station=STA-BETN093&Samplingpoint=&Source=E1a&Output=HTML&UpdateDate="
"Belgium","NET-Wallonia","Wallonia","BETN093","43N093 - SINSIN","SPO-BETN093_00007_100","O3","Ozone (air)","P1Y-hrsAbove180","1 year hour exceed 180","2016","2.000","count","93.59","1","Background","Rural","5.2352","50.2745","265.0","","","","E1a/validated data AQ e-Reporting","18/03/2023 21:46:37","http://fme.discomap.eea.europa.eu/fmedatastreaming/AirQualityDownload/AQData_Extract.fmw?CountryCode=BE&CityName=&Pollutant=7&Year_from=2016&Year_to=2016&Station=STA-BETN093&Samplingpoint=&Source=E1a&Output=HTML&UpdateDate="
"Belgium","NET-Wallonia","Wallonia","BETR512","45R512 - MARCHIENNE","SPO-BETR512_00005_100","PM10","Particulate matter < 10 µm (aerosol)","P1Y-day-max36","1 year day max 36","2016","48.896","ug/m3","99.45","1","Industrial","Suburban","4.3959","50.4078","107.0","Charleroi                                                                       ","BE004C1                                           ","203314","E1a/validated data AQ e-Reporting","18/03/2023 22:32:47","http://fme.discomap.eea.europa.eu/fmedatastreaming/AirQualityDownload/AQData_Extract.fmw?CountryCode=BE&CityName=&Pollutant=5&Year_from=2016&Year_to=2016&Station=STA-BETR512&Samplingpoint=&Source=E1a&Output=HTML&UpdateDate="
"Belgium","NET-Wallonia","Wallonia","BETN093","43N093 - SINSIN","SPO-BETN093_06001_100","PM2.5","Particulate matter < 2.5 µm (aerosol)","P1Y-day-min","1 year day min","2016","0.000","ug/m3","97.27","1","Background","Rural","5.2352","50.2745","265.0","","","","E1a/validated data AQ e-Reporting","18/03/2023 21:55:29","http://fme.discomap.eea.europa.eu/fmedatastreaming/AirQualityDownload/AQData_Extract.fmw?CountryCode=BE&CityName=&Pollutant=6001&Year_from=2016&Year_to=2016&Station=STA-BETN093&Samplingpoint=&Source=E1a&Output=HTML&UpdateDate="
"Belgium","NET-Wallonia","Wallonia","BEMN060","00N060 - TOURNAI","SPO-BEMN060_05015_100","Ni in PM10","Nickel in PM10 (aerosol)","P1Y","Annual mean / 1 calendar year","2016","0.901","ng/m3","93.43","1","Background","Suburban","3.4576","50.6167","0.0","","","","E1a/validated data AQ e-Reporting","18/03/2023 21:08:58","http://fme.discomap.eea.europa.eu/fmedatastreaming/AirQualityDownload/AQData_Extract.fmw?CountryCode=BE&CityName=&Pollutant=5015&Year_from=2016&Year_to=2016&Station=STA-BEMN060&Samplingpoint=&Source=E1a&Output=HTML&UpdateDate="
"Belgium","NET-Wallonia","Wallonia","BETN070","43N070 - MONS","SPO-BETN070_00007_100","O3","Ozone (air)","P1Y","Annual mean / 1 calendar year","2016","32.891","ug/m3","96.33","1","Background","Suburban","3.9397","50.4652","30.0","Mons                                                                            ","BE009C1                                           ","95922","E1a/validated data AQ e-Reporting","18/03/2023 21:08:58","http://fme.discomap.eea.europa.eu/fmedatastreaming/AirQualityDownload/AQData_Extract.fmw?CountryCode=BE&CityName=&Pollutant=7&Year_from=2016&Year_to=2016&Station=STA-BETN070&Samplingpoint=&Source=E1a&Output=HTML&UpdateDate="
"Belgium","NET-Wallonia","Wallonia","BETR221","43R221 - LIEGE","SPO-BETR221_00001_100","SO2","Sulphur dioxide (air)","P1Y","Annual mean / 1 calendar year","2016","1.417","ug/m3","85.80","1","Background","Urban","5.6278","50.6584","65.0","Liège                                                                           ","BE005C1                                           ","383700","E1a/validated data AQ e-Reporting","18/03/2023 21:08:58","http://fme.discomap.eea.europa.eu/fmedatastreaming/AirQualityDownload/AQData_Extract.fmw?CountryCode=BE&CityName=&Pollutant=1&Year_from=2016&Year_to=2016&Station=STA-BETR221&Samplingpoint=&Source=E1a&Output=HTML&UpdateDate="
"Belgium","NET-Flanders","Flanders","BETR740","44R740 - ST.KRUIS-WI","SPO-BETR740_00005_100","PM10","Particulate matter < 10 µm (aerosol)","P1Y-daysAbove50","1 year day exceed 50","2016","17.000","count","100.00","1","Industrial","Rural","3.8087","51.1501","5.0","Gent                                                                            ","BE003C1                                           ","263687","E1a/validated data AQ e-Reporting","18/03/2023 22:27:00","http://fme.discomap.eea.europa.eu/fmedatastreaming/AirQualityDownload/AQData_Extract.fmw?CountryCode=BE&CityName=&Pollutant=5&Year_from=2016&Year_to=2016&Station=STA-BETR740&Samplingpoint=&Source=E1a&Output=HTML&UpdateDate="
"Belgium","NET-Flanders","Flanders","BETR831","42R831 - BERENDRECHT","SPO-BETR831_00007_100","O3","Ozone (air)","P1Y-day-max","1 year day max","2016","104.208","ug/m3","96.17","1","Industrial","Rural","4.3397","51.3488","3.0","Antwerpen                                                                       ","BE002C1                                           ","530014","E1a/validated data AQ e-Reporting","18/03/2023 21:44:13","http://fme.discomap.eea.europa.eu/fmedatastreaming/AirQualityDownload/AQData_Extract.fmw?CountryCode=BE&CityName=&Pollutant=7&Year_from=2016&Year_to=2016&Station=STA-BETR831&Samplingpoint=&Source=E1a&Output=HTML&UpdateDate="
"Belgium","NET-Wallonia","Wallonia","BEVN113","50N113 - SAINT-ODE","SPO-BEVN113_00082_100","trans-H3C-HC=CH-CH2-CH3","trans-2-Pentene (air)","P1Y","Annual mean / 1 calendar year","2016","0.000","ug/m3","42.90","1","Background","Rural","5.5930","50.0270","510.0","","","","E1a/validated data AQ e-Reporting","18/03/2023 21:08:58","http://fme.discomap.eea.europa.eu/fmedatastreaming/AirQualityDownload/AQData_Extract.fmw?CountryCode=BE&CityName=&Pollutant=82&Year_from=2016&Year_to=2016&Station=STA-BEVN113&Samplingpoint=&Source=E1a&Output=HTML&UpdateDate="
"Belgium","NET-Flanders","Flanders","BETR750","44R750 - ZELZATE","SPO-BETR750_00008_100","NO2","Nitrogen dioxide (air)","P1Y-day-max","1 year day max","2016","67.792","ug/m3","97.81","1","Industrial","Rural","3.8229","51.1961","6.0","","","","E1a/validated data AQ e-Reporting","18/03/2023 21:43:56","http://fme.discomap.eea.europa.eu/fmedatastreaming/AirQualityDownload/AQData_Extract.fmw?CountryCode=BE&CityName=&Pollutant=8&Year_from=2016&Year_to=2016&Station=STA-BETR750&Samplingpoint=&Source=E1a&Output=HTML&UpdateDate="
"Belgium","NET-Wallonia","Wallonia","BETN100","43N100 - DOURBES","SPO-BETN100_00001_100","SO2","Sulphur dioxide (air)","winter-avg","Winter mean","2016","0.435","ug/m3","96.20","1","Background","Rural","4.5948","50.0957","225.0","","","","E1a/validated data AQ e-Reporting","18/03/2023 22:50:43","http://fme.discomap.eea.europa.eu/fmedatastreaming/AirQualityDownload/AQData_Extract.fmw?CountryCode=BE&CityName=&Pollutant=1&Year_from=2016&Year_to=2016&Station=STA-BETN100&Samplingpoint=&Source=E1a&Output=HTML&UpdateDate="
"Belgium","NET-Wallonia","Wallonia","BETN093","43N093 - SINSIN","SPO-BETN093_00005_100","PM10","Particulate matter < 10 µm (aerosol)","P1Y-hr-min","1 year hour min","2016","0.000","ug/m3","97.67","1","Background","Rural","5.2352","50.2745","265.0","","","","E1a/validated data AQ e-Reporting","18/03/2023 22:31:20","http://fme.discomap.eea.europa.eu/fmedatastreaming/AirQualityDownload/AQData_Extract.fmw?CountryCode=BE&CityName=&Pollutant=5&Year_from=2016&Year_to=2016&Station=STA-BETN093&Samplingpoint=&Source=E1a&Output=HTML&UpdateDate="
"Belgium","NET-Wallonia","Wallonia","BETN063","43N063 - CORROY L.G.","SPO-BETN063_00005_100","PM10","Particulate matter < 10 µm (aerosol)","P1Y-day-min","1 year day min","2016","0.195","ug/m3","100.00","1","Background","Rural","4.6683","50.6554","145.0","","","","E1a/validated data AQ e-Reporting","18/03/2023 21:55:13","http://fme.discomap.eea.europa.eu/fmedatastreaming/AirQualityDownload/AQData_Extract.fmw?CountryCode=BE&CityName=&Pollutant=5&Year_from=2016&Year_to=2016&Station=STA-BETN063&Samplingpoint=&Source=E1a&Output=HTML&UpdateDate="
"Belgium","NET-Wallonia","Wallonia","BETN121","43N121 - OFFAGNE","SPO-BETN121_00007_100","O3","Ozone (air)","P1Y-hr-max","1 year hour max","2016","155.000","ug/m3","95.54","1","Background","Rural","5.2024","49.8771","430.0","","","","E1a/validated data AQ e-Reporting","18/03/2023 21:57:02","http://fme.discomap.eea.europa.eu/fmedatastreaming/AirQualityDownload/AQData_Extract.fmw?CountryCode=BE&CityName=&Pollutant=7&Year_from=2016&Year_to=2016&Station=STA-BETN121&Samplingpoint=&Source=E1a&Output=HTML&UpdateDate="
"Belgium","NET-Wallonia","Wallonia","BETN121","43N121 - OFFAGNE","SPO-BETN121_00009_100","NOX as NO2","Nitrogen oxides (air)","P1Y-hr-min","1 year hour min","2016","0.000","ug/m3","97.02","1","Background","Rural","5.2024","49.8771","430.0","","","","E1a/validated data AQ e-Reporting","18/03/2023 22:31:20","http://fme.discomap.eea.europa.eu/fmedatastreaming/AirQualityDownload/AQData_Extract.fmw?CountryCode=BE&CityName=&Pollutant=9&Year_from=2016&Year_to=2016&Station=STA-BETN121&Samplingpoint=&Source=E1a&Output=HTML&UpdateDate="
"Belgium","NET-Wallonia","Wallonia","BETN121","43N121 - OFFAGNE","SPO-BETN121_06001_100","PM2.5","Particulate matter < 2.5 µm (aerosol)","P1Y-day-max","1 year day max","2016","35.209","ug/m3","98.09","1","Background","Rural","5.2024","49.8771","430.0","","","","E1a/validated data AQ e-Reporting","18/03/2023 21:43:22","http://fme.discomap.eea.europa.eu/fmedatastreaming/AirQualityDownload/AQData_Extract.fmw?CountryCode=BE&CityName=&Pollutant=6001&Year_from=2016&Year_to=2016&Station=STA-BETN121&Samplingpoint=&Source=E1a&Output=HTML&UpdateDate="
"Belgium","NET-Wallonia","Wallonia","BETN100","43N100 - DOURBES","SPO-BETN100_00001_100","SO2","Sulphur dioxide (air)","P1Y-hr-per50","1 year 50 percentile","2016","0.000","ug/m3","96.25","1","Background","Rural","4.5948","50.0957","225.0","","","","E1a/validated data AQ e-Reporting","18/03/2023 22:05:49","http://fme.discomap.eea.europa.eu/fmedatastreaming/AirQualityDownload/AQData_Extract.fmw?CountryCode=BE&CityName=&Pollutant=1&Year_from=2016&Year_to=2016&Station=STA-BETN100&Samplingpoint=&Source=E1a&Output=HTML&UpdateDate="
"Belgium","NET-Wallonia","Wallonia","BETR240","43R240 - ENGIS","SPO-BETR240_06001_100","PM2.5","Particulate matter < 2.5 µm (aerosol)","P1Y-hr-per50","1 year 50 percentile","2016","8.939","ug/m3","97.70","1","Industrial","Suburban","5.3975","50.5836","135.0","","","","E1a/validated data AQ e-Reporting","18/03/2023 22:05:49","http://fme.discomap.eea.europa.eu/fmedatastreaming/AirQualityDownload/AQData_Extract.fmw?CountryCode=BE&CityName=&Pollutant=6001&Year_from=2016&Year_to=2016&Station=STA-BETR240&Samplingpoint=&Source=E1a&Output=HTML&UpdateDate="
"Belgium","NET-Wallonia","Wallonia","BETR501","45R501 - CHARLEROI","SPO-BETR501_00008_100","NO2","Nitrogen dioxide (air)","P3Y","3 subsequent calendar years mean","2016","31.183","ug/m3","97.41","1","Background","Urban","4.4522","50.4093","115.0","Charleroi                                                                       ","BE004C1                                           ","203314","E1a/validated data AQ e-Reporting","18/03/2023 21:36:00","http://fme.discomap.eea.europa.eu/fmedatastreaming/AirQualityDownload/AQData_Extract.fmw?CountryCode=BE&CityName=&Pollutant=8&Year_from=2016&Year_to=2016&Station=STA-BETR501&Samplingpoint=&Source=E1a&Output=HTML&UpdateDate="
"Belgium","NET-Wallonia","Wallonia","BETR501","45R501 - CHARLEROI","SPO-BETR501_00008_100","NO2","Nitrogen dioxide (air)","P1Y-hrsAbove200","1 year hour exceed 200","2016","0.000","count","97.37","1","Background","Urban","4.4522","50.4093","115.0","Charleroi                                                                       ","BE004C1                                           ","203314","E1a/validated data AQ e-Reporting","18/03/2023 21:48:42","http://fme.discomap.eea.europa.eu/fmedatastreaming/AirQualityDownload/AQData_Extract.fmw?CountryCode=BE&CityName=&Pollutant=8&Year_from=2016&Year_to=2016&Station=STA-BETR501&Samplingpoint=&Source=E1a&Output=HTML&UpdateDate="
"Belgium","NET-Flanders","Flanders","BETE714","47E714 - DUDZELE","SPO-BETE714_00008_100","NO2","Nitrogen dioxide (air)","P1Y-3hAbove400","3 consecutive hours in exceedance of 400","2016","0.000","count","97.27","1","Industrial","Rural","3.2486","51.2790","11.0","Brugge                                                                          ","BE006C1                                           ","118916","E1a/validated data AQ e-Reporting","18/03/2023 22:22:30","http://fme.discomap.eea.europa.eu/fmedatastreaming/AirQualityDownload/AQData_Extract.fmw?CountryCode=BE&CityName=&Pollutant=8&Year_from=2016&Year_to=2016&Station=STA-BETE714&Samplingpoint=&Source=E1a&Output=HTML&UpdateDate="
"Belgium","NET-Flanders","Flanders","BETR811","42R811 - SCHOTEN","SPO-BETR811_00008_100","NO2","Nitrogen dioxide (air)","P1Y-P1D-per99","1 year 99 percentile of daily means (P1D) or .../aq/primaryObservation/day","2016","60.688","ug/m3","98.91","1","Background","Suburban","4.4914","51.2521","8.0","","","","E1a/validated data AQ e-Reporting","18/03/2023 22:10:34","http://fme.discomap.eea.europa.eu/fmedatastreaming/AirQualityDownload/AQData_Extract.fmw?CountryCode=BE&CityName=&Pollutant=8&Year_from=2016&Year_to=2016&Station=STA-BETR811&Samplingpoint=&Source=E1a&Output=HTML&UpdateDate="
"Belgium","NET-Flanders","Flanders","BETR815","42R815 - ZWIJNDRECHT","SPO-BETR815_00008_100","NO2","Nitrogen dioxide (air)","P1Y-day-min","1 year day min","2016","4.174","ug/m3","98.09","1","Industrial","Suburban","4.3322","51.2147","7.0","","","","E1a/validated data AQ e-Reporting","18/03/2023 21:56:03","http://fme.discomap.eea.europa.eu/fmedatastreaming/AirQualityDownload/AQData_Extract.fmw?CountryCode=BE&CityName=&Pollutant=8&Year_from=2016&Year_to=2016&Station=STA-BETR815&Samplingpoint=&Source=E1a&Output=HTML&UpdateDate="
"Belgium","NET-Wallonia","Wallonia","BETN063","43N063 - CORROY L.G.","SPO-BETN063_00005_100","PM10","Particulate matter < 10 µm (aerosol)","P1Y-P1D-per90.4","1 year 90.4 percentile - COMPLIANCE","2016","32.479","ug/m3","100.00","1","Background","Rural","4.6683","50.6554","145.0","","","","E1a/validated data AQ e-Reporting","18/03/2023 22:08:35","http://fme.discomap.eea.europa.eu/fmedatastreaming/AirQualityDownload/AQData_Extract.fmw?CountryCode=BE&CityName=&Pollutant=5&Year_from=2016&Year_to=2016&Station=STA-BETN063&Samplingpoint=&Source=E1a&Output=HTML&UpdateDate="
"Belgium","NET-Wallonia","Wallonia","BETN063","43N063 - CORROY L.G.","SPO-BETN063_00005_100","PM10","Particulate matter < 10 µm (aerosol)","P1Y-P1D-per90.41","1 year 90.41 percentile","2016","32.479","ug/m3","100.00","1","Background","Rural","4.6683","50.6554","145.0","","","","E1a/validated data AQ e-Reporting","18/03/2023 22:09:05","http://fme.discomap.eea.europa.eu/fmedatastreaming/AirQualityDownload/AQData_Extract.fmw?CountryCode=BE&CityName=&Pollutant=5&Year_from=2016&Year_to=2016&Station=STA-BETN063&Samplingpoint=&Source=E1a&Output=HTML&UpdateDate="
"Belgium","NET-Flanders","Flanders","BETR701","44R701 - GENT","SPO-BETR701_00007_100","O3","Ozone (air)","P1Y-dmaxAbove120","1 year daymax exceed 120","2016","8.000","count","89.34","1","Background","Urban","3.7293","51.0583","5.0","Gent                                                                            ","BE003C1                                           ","263687","E1a/validated data AQ e-Reporting","18/03/2023 22:25:06","http://fme.discomap.eea.europa.eu/fmedatastreaming/AirQualityDownload/AQData_Extract.fmw?CountryCode=BE&CityName=&Pollutant=7&Year_from=2016&Year_to=2016&Station=STA-BETR701&Samplingpoint=&Source=E1a&Output=HTML&UpdateDate="
"Belgium","NET-Wallonia","Wallonia","BETR221","43R221 - LIEGE","SPO-BETR221_00001_100","SO2","Sulphur dioxide (air)","P1Y-P1D-per99","1 year 99 percentile of daily means (P1D) or .../aq/primaryObservation/day","2016","5.630","ug/m3","87.98","1","Background","Urban","5.6278","50.6584","65.0","Liège                                                                           ","BE005C1                                           ","383700","E1a/validated data AQ e-Reporting","18/03/2023 22:11:00","http://fme.discomap.eea.europa.eu/fmedatastreaming/AirQualityDownload/AQData_Extract.fmw?CountryCode=BE&CityName=&Pollutant=1&Year_from=2016&Year_to=2016&Station=STA-BETR221&Samplingpoint=&Source=E1a&Output=HTML&UpdateDate="
"Belgium","NET-Wallonia","Wallonia","BETR512","45R512 - MARCHIENNE","SPO-BETR512_00391_100","Black Carbon","black_carbon (aerosol)","P1Y","Annual mean / 1 calendar year","2016","1.257","ug/m3","78.14","1","Industrial","Suburban","4.3959","50.4078","107.0","Charleroi                                                                       ","BE004C1                                           ","203314","E1a/validated data AQ e-Reporting","18/03/2023 21:08:58","http://fme.discomap.eea.europa.eu/fmedatastreaming/AirQualityDownload/AQData_Extract.fmw?CountryCode=BE&CityName=&Pollutant=391&Year_from=2016&Year_to=2016&Station=STA-BETR512&Samplingpoint=&Source=E1a&Output=HTML&UpdateDate="
"Belgium","NET-Wallonia","Wallonia","BETR221","43R221 - LIEGE","SPO-BETR221_00005_100","PM10","Particulate matter < 10 µm (aerosol)","P1Y-day-min","1 year day min","2016","0.006","ug/m3","100.00","1","Background","Urban","5.6278","50.6584","65.0","Liège                                                                           ","BE005C1                                           ","383700","E1a/validated data AQ e-Reporting","18/03/2023 21:55:13","http://fme.discomap.eea.europa.eu/fmedatastreaming/AirQualityDownload/AQData_Extract.fmw?CountryCode=BE&CityName=&Pollutant=5&Year_from=2016&Year_to=2016&Station=STA-BETR221&Samplingpoint=&Source=E1a&Output=HTML&UpdateDate="
"Belgium","NET-Wallonia","Wallonia","BETR501","45R501 - CHARLEROI","SPO-BETR501_00010_100","CO","Carbon monoxide (air)","P1Y-8hdmxAbove10","1 year daymax exceed 10","2016","0.000","count","98.63","1","Background","Urban","4.4522","50.4093","115.0","Charleroi                                                                       ","BE004C1                                           ","203314","E1a/validated data AQ e-Reporting","18/03/2023 22:27:43","http://fme.discomap.eea.europa.eu/fmedatastreaming/AirQualityDownload/AQData_Extract.fmw?CountryCode=BE&CityName=&Pollutant=10&Year_from=2016&Year_to=2016&Station=STA-BETR501&Samplingpoint=&Source=E1a&Output=HTML&UpdateDate="
"Belgium","NET-Wallonia","Wallonia","BETN132","43N132 - HABAY-LA-N.","SPO-BETN132_06001_100","PM2.5","Particulate matter < 2.5 µm (aerosol)","P1Y-day-per50","1 year 50 %ile of daily values in a year","2016","6.038","ug/m3","99.45","1","Background","Rural","5.6304","49.7193","375.0","","","","E1a/validated data AQ e-Reporting","18/03/2023 22:11:51","http://fme.discomap.eea.europa.eu/fmedatastreaming/AirQualityDownload/AQData_Extract.fmw?CountryCode=BE&CityName=&Pollutant=6001&Year_from=2016&Year_to=2016&Station=STA-BETN132&Samplingpoint=&Source=E1a&Output=HTML&UpdateDate="
"Belgium","NET-Wallonia","Wallonia","BETN113","43N113 - SAINT-ODE","SPO-BETN113_00008_100","NO2","Nitrogen dioxide (air)","P1Y-day-per50","1 year 50 %ile of daily values in a year","2016","6.750","ug/m3","91.26","1","Background","Rural","5.5930","50.0270","510.0","","","","E1a/validated data AQ e-Reporting","18/03/2023 22:14:21","http://fme.discomap.eea.europa.eu/fmedatastreaming/AirQualityDownload/AQData_Extract.fmw?CountryCode=BE&CityName=&Pollutant=8&Year_from=2016&Year_to=2016&Station=STA-BETN113&Samplingpoint=&Source=E1a&Output=HTML&UpdateDate="
"Belgium","NET-Wallonia","Wallonia","BETN060","43N060 - HAVINNES","SPO-BETN060_00007_100","O3","Ozone (air)","P3Y-dmaxAbove120","Daymax exceed 120 averaged over 3 consecutive years","2016","4.667","count","100.00","1","Background","Rural","3.4576","50.6167","0.0","","","","E1a/validated data AQ e-Reporting","18/03/2023 22:34:54","http://fme.discomap.eea.europa.eu/fmedatastreaming/AirQualityDownload/AQData_Extract.fmw?CountryCode=BE&CityName=&Pollutant=7&Year_from=2016&Year_to=2016&Station=STA-BETN060&Samplingpoint=&Source=E1a&Output=HTML&UpdateDate="
"Belgium","NET-Wallonia","Wallonia","BETN060","43N060 - HAVINNES","SPO-BETN060_00010_100","CO","Carbon monoxide (air)","P1Y-8hdmxAbove10","1 year daymax exceed 10","2016","0.000","count","87.98","1","Background","Rural","3.4576","50.6167","0.0","","","","E1a/validated data AQ e-Reporting","18/03/2023 22:27:43","http://fme.discomap.eea.europa.eu/fmedatastreaming/AirQualityDownload/AQData_Extract.fmw?CountryCode=BE&CityName=&Pollutant=10&Year_from=2016&Year_to=2016&Station=STA-BETN060&Samplingpoint=&Source=E1a&Output=HTML&UpdateDate="
"Belgium","NET-Wallonia","Wallonia","BETH201","43H201 - LIEGE","SPO-BETH201_00005_100","PM10","Particulate matter < 10 µm (aerosol)","P1Y-day-max","1 year day max","2016","58.771","ug/m3","97.54","1","Background","Suburban","5.5475","50.6250","160.0","Liège                                                                           ","BE005C1                                           ","383700","E1a/validated data AQ e-Reporting","18/03/2023 21:43:06","http://fme.discomap.eea.europa.eu/fmedatastreaming/AirQualityDownload/AQData_Extract.fmw?CountryCode=BE&CityName=&Pollutant=5&Year_from=2016&Year_to=2016&Station=STA-BETH201&Samplingpoint=&Source=E1a&Output=HTML&UpdateDate="
"Belgium","NET-Flanders","Flanders","BETR834","42R834 - Boom","SPO-BETR834_00005_100","PM10","Particulate matter < 10 µm (aerosol)","P1Y-day-min","1 year day min","2016","4.808","ug/m3","99.45","1","Background","Suburban","4.3801","51.0920","0.0","","","","E1a/validated data AQ e-Reporting","18/03/2023 21:55:13","http://fme.discomap.eea.europa.eu/fmedatastreaming/AirQualityDownload/AQData_Extract.fmw?CountryCode=BE&CityName=&Pollutant=5&Year_from=2016&Year_to=2016&Station=STA-BETR834&Samplingpoint=&Source=E1a&Output=HTML&UpdateDate="
"Belgium","NET-Flanders","Flanders","BETR834","42R834 - Boom","SPO-BETR834_00005_100","PM10","Particulate matter < 10 µm (aerosol)","P1Y-day-per50","1 year 50 %ile of daily values in a year","2016","17.704","ug/m3","99.45","1","Background","Suburban","4.3801","51.0920","0.0","","","","E1a/validated data AQ e-Reporting","18/03/2023 22:08:05","http://fme.discomap.eea.europa.eu/fmedatastreaming/AirQualityDownload/AQData_Extract.fmw?CountryCode=BE&CityName=&Pollutant=5&Year_from=2016&Year_to=2016&Station=STA-BETR834&Samplingpoint=&Source=E1a&Output=HTML&UpdateDate="
"Belgium","NET-Wallonia","Wallonia","BEMJMP1","0JMP01 - JEMEPPE","SPO-BEMJMP1_05015_100","Ni in PM10","Nickel in PM10 (aerosol)","P1Y","Annual mean / 1 calendar year","2016","1.404","ng/m3","97.26","1","Industrial","Suburban","5.5164","50.6207","80.0","Liège                                                                           ","BE005C1                                           ","383700","E1a/validated data AQ e-Reporting","18/03/2023 21:08:58","http://fme.discomap.eea.europa.eu/fmedatastreaming/AirQualityDownload/AQData_Extract.fmw?CountryCode=BE&CityName=&Pollutant=5015&Year_from=2016&Year_to=2016&Station=STA-BEMJMP1&Samplingpoint=&Source=E1a&Output=HTML&UpdateDate="
"Belgium","NET-Wallonia","Wallonia","BETN060","43N060 - HAVINNES","SPO-BETN060_00010_100","CO","Carbon monoxide (air)","P1Y-hr-per50","1 year 50 percentile","2016","0.190","mg/m3","86.02","1","Background","Rural","3.4576","50.6167","0.0","","","","E1a/validated data AQ e-Reporting","18/03/2023 22:05:49","http://fme.discomap.eea.europa.eu/fmedatastreaming/AirQualityDownload/AQData_Extract.fmw?CountryCode=BE&CityName=&Pollutant=10&Year_from=2016&Year_to=2016&Station=STA-BETN060&Samplingpoint=&Source=E1a&Output=HTML&UpdateDate="
"Belgium","NET-Wallonia","Wallonia","BETN085","43N085 - VIELSALM","SPO-BETN085_00010_100","CO","Carbon monoxide (air)","P1Y-hr-max","1 year hour max","2016","0.440","mg/m3","96.72","1","Background","Rural","6.0017","50.3032","490.0","","","","E1a/validated data AQ e-Reporting","18/03/2023 21:57:02","http://fme.discomap.eea.europa.eu/fmedatastreaming/AirQualityDownload/AQData_Extract.fmw?CountryCode=BE&CityName=&Pollutant=10&Year_from=2016&Year_to=2016&Station=STA-BETN085&Samplingpoint=&Source=E1a&Output=HTML&UpdateDate="
"Belgium","NET-Flanders","Flanders","BETM802","42M802 - ANTWERPEN","SPO-BETM802_00008_100","NO2","Nitrogen dioxide (air)","P1Y-3hAbove400","3 consecutive hours in exceedance of 400","2016","0.000","count","94.92","1","Industrial","Suburban","4.4244","51.2610","3.0","Antwerpen                                                                       ","BE002C1                                           ","530014","E1a/validated data AQ e-Reporting","18/03/2023 22:22:30","http://fme.discomap.eea.europa.eu/fmedatastreaming/AirQualityDownload/AQData_Extract.fmw?CountryCode=BE&CityName=&Pollutant=8&Year_from=2016&Year_to=2016&Station=STA-BETM802&Samplingpoint=&Source=E1a&Output=HTML&UpdateDate="
"Belgium","NET-Wallonia","Wallonia","BETN063","43N063 - CORROY L.G.","SPO-BETN063_00008_100","NO2","Nitrogen dioxide (air)","P1Y-hrsAbove400","1 year hour exceed 400","2016","0.000","count","97.29","1","Background","Rural","4.6683","50.6554","145.0","","","","E1a/validated data AQ e-Reporting","18/03/2023 21:54:38","http://fme.discomap.eea.europa.eu/fmedatastreaming/AirQualityDownload/AQData_Extract.fmw?CountryCode=BE&CityName=&Pollutant=8&Year_from=2016&Year_to=2016&Station=STA-BETN063&Samplingpoint=&Source=E1a&Output=HTML&UpdateDate="
"Belgium","NET-Wallonia","Wallonia","BETN093","43N093 - SINSIN","SPO-BETN093_00007_100","O3","Ozone (air)","P1Y-hrsAbove240","1 year hour exceed 240","2016","0.000","count","93.59","1","Background","Rural","5.2352","50.2745","265.0","","","","E1a/validated data AQ e-Reporting","18/03/2023 21:50:25","http://fme.discomap.eea.europa.eu/fmedatastreaming/AirQualityDownload/AQData_Extract.fmw?CountryCode=BE&CityName=&Pollutant=7&Year_from=2016&Year_to=2016&Station=STA-BETN093&Samplingpoint=&Source=E1a&Output=HTML&UpdateDate="
"Belgium","NET-Wallonia","Wallonia","BETR502","45R502 - LODELINSART","SPO-BETR502_00007_100","O3","Ozone (air)","P1Y-dmax-per99","1 year 99 percentile daily 8h maximum","2016","115.688","ug/m3","96.17","1","Background","Suburban","4.4587","50.4290","135.0","Charleroi                                                                       ","BE004C1                                           ","203314","E1a/validated data AQ e-Reporting","18/03/2023 22:13:26","http://fme.discomap.eea.europa.eu/fmedatastreaming/AirQualityDownload/AQData_Extract.fmw?CountryCode=BE&CityName=&Pollutant=7&Year_from=2016&Year_to=2016&Station=STA-BETR502&Samplingpoint=&Source=E1a&Output=HTML&UpdateDate="
"Belgium","NET-Wallonia","Wallonia","BEVN060","50N060 - HAVINNES","SPO-BEVN060_06007_100","cis-H3C-CH=CH-CH3","cis-2-Butene (air)","P1Y","Annual mean / 1 calendar year","2016","0.000","ug/m3","49.73","1","Background","Suburban","3.4576","50.6167","0.0","","","","E1a/validated data AQ e-Reporting","18/03/2023 21:08:58","http://fme.discomap.eea.europa.eu/fmedatastreaming/AirQualityDownload/AQData_Extract.fmw?CountryCode=BE&CityName=&Pollutant=6007&Year_from=2016&Year_to=2016&Station=STA-BEVN060&Samplingpoint=&Source=E1a&Output=HTML&UpdateDate="
"Belgium","NET-Wallonia","Wallonia","BETN085","43N085 - VIELSALM","SPO-BETN085_00010_100","CO","Carbon monoxide (air)","P1Y-hr-per50","1 year 50 percentile","2016","0.165","mg/m3","96.72","1","Background","Rural","6.0017","50.3032","490.0","","","","E1a/validated data AQ e-Reporting","18/03/2023 22:05:49","http://fme.discomap.eea.europa.eu/fmedatastreaming/AirQualityDownload/AQData_Extract.fmw?CountryCode=BE&CityName=&Pollutant=10&Year_from=2016&Year_to=2016&Station=STA-BETN085&Samplingpoint=&Source=E1a&Output=HTML&UpdateDate="
"Belgium","NET-Wallonia","Wallonia","BETN085","43N085 - VIELSALM","SPO-BETN085_00005_100","PM10","Particulate matter < 10 µm (aerosol)","P1Y-hr-min","1 year hour min","2016","0.000","ug/m3","98.95","1","Background","Rural","6.0017","50.3032","490.0","","","","E1a/validated data AQ e-Reporting","18/03/2023 22:31:20","http://fme.discomap.eea.europa.eu/fmedatastreaming/AirQualityDownload/AQData_Extract.fmw?CountryCode=BE&CityName=&Pollutant=5&Year_from=2016&Year_to=2016&Station=STA-BETN085&Samplingpoint=&Source=E1a&Output=HTML&UpdateDate="
"Belgium","NET-Wallonia","Wallonia","BETN085","43N085 - VIELSALM","SPO-BETN085_00007_100","O3","Ozone (air)","P1Y-dmaxAbove120","1 year daymax exceed 120","2016","9.000","count","96.17","1","Background","Rural","6.0017","50.3032","490.0","","","","E1a/validated data AQ e-Reporting","18/03/2023 22:25:06","http://fme.discomap.eea.europa.eu/fmedatastreaming/AirQualityDownload/AQData_Extract.fmw?CountryCode=BE&CityName=&Pollutant=7&Year_from=2016&Year_to=2016&Station=STA-BETN085&Samplingpoint=&Source=E1a&Output=HTML&UpdateDate="
"Belgium","NET-Wallonia","Wallonia","BETR223","43R223 - JEMEPPE","SPO-BETR223_00001_100","SO2","Sulphur dioxide (air)","P1Y-hr-max25","1 year hour max 25","2016","6.000","ug/m3","92.60","1","Industrial","Suburban","5.5164","50.6207","50.0","Liège                                                                           ","BE005C1                                           ","383700","E1a/validated data AQ e-Reporting","18/03/2023 22:33:20","http://fme.discomap.eea.europa.eu/fmedatastreaming/AirQualityDownload/AQData_Extract.fmw?CountryCode=BE&CityName=&Pollutant=1&Year_from=2016&Year_to=2016&Station=STA-BETR223&Samplingpoint=&Source=E1a&Output=HTML&UpdateDate="
"Belgium","NET-Wallonia","Wallonia","BEVN060","50N060 - HAVINNES","SPO-BEVN060_06008_100","H2C=CH-CH2-CH2-CH3","1-Pentene (air)","P1Y","Annual mean / 1 calendar year","2016","0.000","ug/m3","49.73","1","Background","Suburban","3.4576","50.6167","0.0","","","","E1a/validated data AQ e-Reporting","18/03/2023 21:08:58","http://fme.discomap.eea.europa.eu/fmedatastreaming/AirQualityDownload/AQData_Extract.fmw?CountryCode=BE&CityName=&Pollutant=6008&Year_from=2016&Year_to=2016&Station=STA-BEVN060&Samplingpoint=&Source=E1a&Output=HTML&UpdateDate="
"Belgium","NET-Wallonia","Wallonia","BETN093","43N093 - SINSIN","SPO-BETN093_00001_100","SO2","Sulphur dioxide (air)","winter-avg","Winter mean","2016","1.144","ug/m3","94.74","1","Background","Rural","5.2352","50.2745","265.0","","","","E1a/validated data AQ e-Reporting","18/03/2023 22:50:43","http://fme.discomap.eea.europa.eu/fmedatastreaming/AirQualityDownload/AQData_Extract.fmw?CountryCode=BE&CityName=&Pollutant=1&Year_from=2016&Year_to=2016&Station=STA-BETN093&Samplingpoint=&Source=E1a&Output=HTML&UpdateDate="
"Belgium","NET-Wallonia","Wallonia","BETN093","43N093 - SINSIN","SPO-BETN093_00005_100","PM10","Particulate matter < 10 µm (aerosol)","P1Y-day-max","1 year day max","2016","64.834","ug/m3","97.27","1","Background","Rural","5.2352","50.2745","265.0","","","","E1a/validated data AQ e-Reporting","18/03/2023 21:43:06","http://fme.discomap.eea.europa.eu/fmedatastreaming/AirQualityDownload/AQData_Extract.fmw?CountryCode=BE&CityName=&Pollutant=5&Year_from=2016&Year_to=2016&Station=STA-BETN093&Samplingpoint=&Source=E1a&Output=HTML&UpdateDate="
"Belgium","NET-Wallonia","Wallonia","BETR240","43R240 - ENGIS","SPO-BETR240_00001_100","SO2","Sulphur dioxide (air)","P1Y","Annual mean / 1 calendar year","2016","3.231","ug/m3","95.16","1","Industrial","Suburban","5.3975","50.5836","135.0","","","","E1a/validated data AQ e-Reporting","18/03/2023 21:08:58","http://fme.discomap.eea.europa.eu/fmedatastreaming/AirQualityDownload/AQData_Extract.fmw?CountryCode=BE&CityName=&Pollutant=1&Year_from=2016&Year_to=2016&Station=STA-BETR240&Samplingpoint=&Source=E1a&Output=HTML&UpdateDate="
"Belgium","NET-Wallonia","Wallonia","BETN067","43N067 - MEMBACH","SPO-BETN067_06001_100","PM2.5","Particulate matter < 2.5 µm (aerosol)","P1Y-day-max","1 year day max","2016","38.049","ug/m3","100.00","1","Background","Suburban","5.9928","50.6123","0.0","","","","E1a/validated data AQ e-Reporting","18/03/2023 21:43:22","http://fme.discomap.eea.europa.eu/fmedatastreaming/AirQualityDownload/AQData_Extract.fmw?CountryCode=BE&CityName=&Pollutant=6001&Year_from=2016&Year_to=2016&Station=STA-BETN067&Samplingpoint=&Source=E1a&Output=HTML&UpdateDate="
"Belgium","NET-Wallonia","Wallonia","BETN070","43N070 - MONS","SPO-BETN070_00001_100","SO2","Sulphur dioxide (air)","P1Y-3hAbove500","3 consecutive hours in exceedance of 500","2016","0.000","count","97.36","1","Background","Suburban","3.9397","50.4652","30.0","Mons                                                                            ","BE009C1                                           ","95922","E1a/validated data AQ e-Reporting","18/03/2023 22:18:09","http://fme.discomap.eea.europa.eu/fmedatastreaming/AirQualityDownload/AQData_Extract.fmw?CountryCode=BE&CityName=&Pollutant=1&Year_from=2016&Year_to=2016&Station=STA-BETN070&Samplingpoint=&Source=E1a&Output=HTML&UpdateDate="
"Belgium","NET-Wallonia","Wallonia","BETN100","43N100 - DOURBES","SPO-BETN100_00008_100","NO2","Nitrogen dioxide (air)","P1Y-hr-min","1 year hour min","2016","0.000","ug/m3","97.32","1","Background","Rural","4.5948","50.0957","225.0","","","","E1a/validated data AQ e-Reporting","18/03/2023 22:31:20","http://fme.discomap.eea.europa.eu/fmedatastreaming/AirQualityDownload/AQData_Extract.fmw?CountryCode=BE&CityName=&Pollutant=8&Year_from=2016&Year_to=2016&Station=STA-BETN100&Samplingpoint=&Source=E1a&Output=HTML&UpdateDate="
"Belgium","NET-Flanders","Flanders","BETR892","42R892 - KALLO","SPO-BETR892_00008_100","NO2","Nitrogen dioxide (air)","P1Y-hr-min","1 year hour min","2016","3.000","ug/m3","96.80","1","Industrial","Rural","4.2789","51.2630","9.0","","","","E1a/validated data AQ e-Reporting","18/03/2023 22:31:20","http://fme.discomap.eea.europa.eu/fmedatastreaming/AirQualityDownload/AQData_Extract.fmw?CountryCode=BE&CityName=&Pollutant=8&Year_from=2016&Year_to=2016&Station=STA-BETR892&Samplingpoint=&Source=E1a&Output=HTML&UpdateDate="
"Belgium","NET-Wallonia","Wallonia","BEVR501","50R501 - CHARLEROI","SPO-BEVR501_00020_100","C6H6","Benzene (air)","P1Y-day-max","1 year day max","2016","3.360","ug/m3","48.36","1","Background","Urban","4.4522","50.4093","115.0","Charleroi                                                                       ","BE004C1                                           ","203314","E1a/validated data AQ e-Reporting","18/03/2023 21:43:39","http://fme.discomap.eea.europa.eu/fmedatastreaming/AirQualityDownload/AQData_Extract.fmw?CountryCode=BE&CityName=&Pollutant=20&Year_from=2016&Year_to=2016&Station=STA-BEVR501&Samplingpoint=&Source=E1a&Output=HTML&UpdateDate="
"Belgium","NET-Wallonia","Wallonia","BETR502","45R502 - LODELINSART","SPO-BETR502_00005_100","PM10","Particulate matter < 10 µm (aerosol)","P1Y-day-min","1 year day min","2016","1.498","ug/m3","100.00","1","Background","Suburban","4.4587","50.4290","135.0","Charleroi                                                                       ","BE004C1                                           ","203314","E1a/validated data AQ e-Reporting","18/03/2023 21:55:13","http://fme.discomap.eea.europa.eu/fmedatastreaming/AirQualityDownload/AQData_Extract.fmw?CountryCode=BE&CityName=&Pollutant=5&Year_from=2016&Year_to=2016&Station=STA-BETR502&Samplingpoint=&Source=E1a&Output=HTML&UpdateDate="
"Belgium","NET-Flanders","Flanders","BETR897","42R897 - ANTWERPEN","SPO-BETR897_00001_100","SO2","Sulphur dioxide (air)","P1Y-hr-max-per99.73","1 year 99.73 %ile of hourly values in a given year","2016","82.000","ug/m3","97.20","1","Industrial","Suburban","4.3421","51.2501","5.0","Antwerpen                                                                       ","BE002C1                                           ","530014","E1a/validated data AQ e-Reporting","18/03/2023 22:06:23","http://fme.discomap.eea.europa.eu/fmedatastreaming/AirQualityDownload/AQData_Extract.fmw?CountryCode=BE&CityName=&Pollutant=1&Year_from=2016&Year_to=2016&Station=STA-BETR897&Samplingpoint=&Source=E1a&Output=HTML&UpdateDate="
"Belgium","NET-Wallonia","Wallonia","BETR502","45R502 - LODELINSART","SPO-BETR502_00005_100","PM10","Particulate matter < 10 µm (aerosol)","P3Y","3 subsequent calendar years mean","2016","19.343","ug/m3","99.36","1","Background","Suburban","4.4587","50.4290","135.0","Charleroi                                                                       ","BE004C1                                           ","203314","E1a/validated data AQ e-Reporting","18/03/2023 21:36:00","http://fme.discomap.eea.europa.eu/fmedatastreaming/AirQualityDownload/AQData_Extract.fmw?CountryCode=BE&CityName=&Pollutant=5&Year_from=2016&Year_to=2016&Station=STA-BETR502&Samplingpoint=&Source=E1a&Output=HTML&UpdateDate="
"Belgium","NET-Flanders","Flanders","BETR893","42R893 - ANTWERPEN","SPO-BETR893_00008_100","NO2","Nitrogen dioxide (air)","P1Y-hrsAbove400","1 year hour exceed 400","2016","0.000","count","96.82","1","Industrial","Suburban","4.3858","51.2814","6.0","Antwerpen                                                                       ","BE002C1                                           ","530014","E1a/validated data AQ e-Reporting","18/03/2023 21:54:38","http://fme.discomap.eea.europa.eu/fmedatastreaming/AirQualityDownload/AQData_Extract.fmw?CountryCode=BE&CityName=&Pollutant=8&Year_from=2016&Year_to=2016&Station=STA-BETR893&Samplingpoint=&Source=E1a&Output=HTML&UpdateDate="
"Belgium","NET-Wallonia","Wallonia","BETN085","43N085 - VIELSALM","SPO-BETN085_00005_100","PM10","Particulate matter < 10 µm (aerosol)","P1Y-day-per50","1 year 50 %ile of daily values in a year","2016","6.875","ug/m3","98.63","1","Background","Rural","6.0017","50.3032","490.0","","","","E1a/validated data AQ e-Reporting","18/03/2023 22:08:05","http://fme.discomap.eea.europa.eu/fmedatastreaming/AirQualityDownload/AQData_Extract.fmw?CountryCode=BE&CityName=&Pollutant=5&Year_from=2016&Year_to=2016&Station=STA-BETN085&Samplingpoint=&Source=E1a&Output=HTML&UpdateDate="
"Belgium","NET-Wallonia","Wallonia","BETN063","43N063 - CORROY L.G.","SPO-BETN063_00008_100","NO2","Nitrogen dioxide (air)","P1Y-hr-min","1 year hour min","2016","0.000","ug/m3","97.29","1","Background","Rural","4.6683","50.6554","145.0","","","","E1a/validated data AQ e-Reporting","18/03/2023 22:31:20","http://fme.discomap.eea.europa.eu/fmedatastreaming/AirQualityDownload/AQData_Extract.fmw?CountryCode=BE&CityName=&Pollutant=8&Year_from=2016&Year_to=2016&Station=STA-BETN063&Samplingpoint=&Source=E1a&Output=HTML&UpdateDate="
"Belgium","NET-Flanders","Flanders","BETR820","42R820 - KAPELLEN","SPO-BETR820_00008_100","NO2","Nitrogen dioxide (air)","P1Y-P1D-per99","1 year 99 percentile of daily means (P1D) or .../aq/primaryObservation/day","2016","47.184","ug/m3","98.91","1","Background","Suburban","4.4448","51.3204","11.0","","","","E1a/validated data AQ e-Reporting","18/03/2023 22:10:34","http://fme.discomap.eea.europa.eu/fmedatastreaming/AirQualityDownload/AQData_Extract.fmw?CountryCode=BE&CityName=&Pollutant=8&Year_from=2016&Year_to=2016&Station=STA-BETR820&Samplingpoint=&Source=E1a&Output=HTML&UpdateDate="
"Belgium","NET-Flanders","Flanders","BEVLU11","59LU11 - LEUVEN","SPO-BEVLU11_00020_100","C6H6","Benzene (air)","P1Y-day-max","1 year day max","2016","1.800","ug/m3","91.80","1","Background","Suburban","4.6911","50.8797","0.0","Leuven                                                                          ","BE008C1                                           ","101625","E1a/validated data AQ e-Reporting","18/03/2023 21:43:39","http://fme.discomap.eea.europa.eu/fmedatastreaming/AirQualityDownload/AQData_Extract.fmw?CountryCode=BE&CityName=&Pollutant=20&Year_from=2016&Year_to=2016&Station=STA-BEVLU11&Samplingpoint=&Source=E1a&Output=HTML&UpdateDate="
"Belgium","NET-Wallonia","Wallonia","BETN066","43N066 - EUPEN","SPO-BETN066_00001_100","SO2","Sulphur dioxide (air)","P1Y-hr-per50","1 year 50 percentile","2016","0.000","ug/m3","95.99","1","Background","Rural","6.0023","50.6289","295.0","","","","E1a/validated data AQ e-Reporting","18/03/2023 22:05:49","http://fme.discomap.eea.europa.eu/fmedatastreaming/AirQualityDownload/AQData_Extract.fmw?CountryCode=BE&CityName=&Pollutant=1&Year_from=2016&Year_to=2016&Station=STA-BETN066&Samplingpoint=&Source=E1a&Output=HTML&UpdateDate="
"Belgium","NET-Wallonia","Wallonia","BETR502","45R502 - LODELINSART","SPO-BETR502_00007_100","O3","Ozone (air)","AOT40cmeasured","AOT40c UNCORRECTED for data capture","2016","5288.500","ug/m3","95.65","1","Background","Suburban","4.4587","50.4290","135.0","Charleroi                                                                       ","BE004C1                                           ","203314","E1a/validated data AQ e-Reporting","18/03/2023 23:01:40","http://fme.discomap.eea.europa.eu/fmedatastreaming/AirQualityDownload/AQData_Extract.fmw?CountryCode=BE&CityName=&Pollutant=7&Year_from=2016&Year_to=2016&Station=STA-BETR502&Samplingpoint=&Source=E1a&Output=HTML&UpdateDate="
"Belgium","NET-Wallonia","Wallonia","BETN121","43N121 - OFFAGNE","SPO-BETN121_00007_100","O3","Ozone (air)","P1Y","Annual mean / 1 calendar year","2016","51.745","ug/m3","95.54","1","Background","Rural","5.2024","49.8771","430.0","","","","E1a/validated data AQ e-Reporting","18/03/2023 21:08:58","http://fme.discomap.eea.europa.eu/fmedatastreaming/AirQualityDownload/AQData_Extract.fmw?CountryCode=BE&CityName=&Pollutant=7&Year_from=2016&Year_to=2016&Station=STA-BETN121&Samplingpoint=&Source=E1a&Output=HTML&UpdateDate="
"Belgium","NET-Wallonia","Wallonia","BETR222","43R222 - SERAING","SPO-BETR222_06001_100","PM2.5","Particulate matter < 2.5 µm (aerosol)","P1Y-day-max","1 year day max","2016","39.802","ug/m3","96.99","1","Background","Suburban","5.5702","50.6134","65.0","Liège                                                                           ","BE005C1                                           ","383700","E1a/validated data AQ e-Reporting","18/03/2023 21:43:22","http://fme.discomap.eea.europa.eu/fmedatastreaming/AirQualityDownload/AQData_Extract.fmw?CountryCode=BE&CityName=&Pollutant=6001&Year_from=2016&Year_to=2016&Station=STA-BETR222&Samplingpoint=&Source=E1a&Output=HTML&UpdateDate="
"Belgium","NET-Wallonia","Wallonia","BETN067","43N067 - MEMBACH","SPO-BETN067_00005_100","PM10","Particulate matter < 10 µm (aerosol)","P1Y","Annual mean / 1 calendar year","2016","12.927","ug/m3","99.80","1","Background","Suburban","5.9928","50.6123","0.0","","","","E1a/validated data AQ e-Reporting","18/03/2023 21:08:58","http://fme.discomap.eea.europa.eu/fmedatastreaming/AirQualityDownload/AQData_Extract.fmw?CountryCode=BE&CityName=&Pollutant=5&Year_from=2016&Year_to=2016&Station=STA-BETN067&Samplingpoint=&Source=E1a&Output=HTML&UpdateDate="
"Belgium","NET-Wallonia","Wallonia","BETN132","43N132 - HABAY-LA-N.","SPO-BETN132_00010_100","CO","Carbon monoxide (air)","P1Y-8hdmxAbove10","1 year daymax exceed 10","2016","0.000","count","98.36","1","Background","Rural","5.6304","49.7193","375.0","","","","E1a/validated data AQ e-Reporting","18/03/2023 22:27:43","http://fme.discomap.eea.europa.eu/fmedatastreaming/AirQualityDownload/AQData_Extract.fmw?CountryCode=BE&CityName=&Pollutant=10&Year_from=2016&Year_to=2016&Station=STA-BETN132&Samplingpoint=&Source=E1a&Output=HTML&UpdateDate="
"Belgium","NET-Wallonia","Wallonia","BEVN132","50N132 - HABAY-LA-N.","SPO-BEVN132_00021_100","C6H5-CH3","Toluene (air)","P1Y","Annual mean / 1 calendar year","2016","0.000","ug/m3","47.27","1","Background","Rural","5.6304","49.7193","375.0","","","","E1a/validated data AQ e-Reporting","18/03/2023 21:08:58","http://fme.discomap.eea.europa.eu/fmedatastreaming/AirQualityDownload/AQData_Extract.fmw?CountryCode=BE&CityName=&Pollutant=21&Year_from=2016&Year_to=2016&Station=STA-BEVN132&Samplingpoint=&Source=E1a&Output=HTML&UpdateDate="
"Belgium","NET-Wallonia","Wallonia","BEMN132","00N132 - HABAY-L-N","SPO-BEMN132_05012_100","Pb in PM10","Lead in PM10 (aerosol)","P1Y","Annual mean / 1 calendar year","2016","0.003","ug/m3","93.43","1","Background","Rural","5.6303","49.7190","375.0","","","","E1a/validated data AQ e-Reporting","18/03/2023 21:08:58","http://fme.discomap.eea.europa.eu/fmedatastreaming/AirQualityDownload/AQData_Extract.fmw?CountryCode=BE&CityName=&Pollutant=5012&Year_from=2016&Year_to=2016&Station=STA-BEMN132&Samplingpoint=&Source=E1a&Output=HTML&UpdateDate="
"Belgium","NET-Wallonia","Wallonia","BETN063","43N063 - CORROY L.G.","SPO-BETN063_00001_100","SO2","Sulphur dioxide (air)","P1Y-hr-min","1 year hour min","2016","0.000","ug/m3","92.54","1","Background","Rural","4.6683","50.6554","145.0","","","","E1a/validated data AQ e-Reporting","18/03/2023 22:31:20","http://fme.discomap.eea.europa.eu/fmedatastreaming/AirQualityDownload/AQData_Extract.fmw?CountryCode=BE&CityName=&Pollutant=1&Year_from=2016&Year_to=2016&Station=STA-BETN063&Samplingpoint=&Source=E1a&Output=HTML&UpdateDate="
"Belgium","NET-Wallonia","Wallonia","BETN093","43N093 - SINSIN","SPO-BETN093_06001_100","PM2.5","Particulate matter < 2.5 µm (aerosol)","P1Y-hr-min","1 year hour min","2016","0.000","ug/m3","97.67","1","Background","Rural","5.2352","50.2745","265.0","","","","E1a/validated data AQ e-Reporting","18/03/2023 22:31:20","http://fme.discomap.eea.europa.eu/fmedatastreaming/AirQualityDownload/AQData_Extract.fmw?CountryCode=BE&CityName=&Pollutant=6001&Year_from=2016&Year_to=2016&Station=STA-BETN093&Samplingpoint=&Source=E1a&Output=HTML&UpdateDate="
"Belgium","NET-Flanders","Flanders","BETR830","42R830 - DOEL","SPO-BETR830_00001_100","SO2","Sulphur dioxide (air)","P1Y-day-max4","1 year day max 4","2016","11.761","ug/m3","99.45","1","Industrial","Rural","4.2626","51.3182","5.0","","","","E1a/validated data AQ e-Reporting","18/03/2023 22:31:46","http://fme.discomap.eea.europa.eu/fmedatastreaming/AirQualityDownload/AQData_Extract.fmw?CountryCode=BE&CityName=&Pollutant=1&Year_from=2016&Year_to=2016&Station=STA-BETR830&Samplingpoint=&Source=E1a&Output=HTML&UpdateDate="
"Belgium","NET-Flanders","Flanders","BETR803","42R803 - ANTWERPEN","SPO-BETR803_00391_100","Black Carbon","black_carbon (aerosol)","P1Y-hr-per50","1 year 50 percentile","2016","1.180","ug/m3","96.61","1","Background","Urban","4.4285","51.2286","0.0","Antwerpen                                                                       ","BE002C1                                           ","530014","E1a/validated data AQ e-Reporting","18/03/2023 22:05:49","http://fme.discomap.eea.europa.eu/fmedatastreaming/AirQualityDownload/AQData_Extract.fmw?CountryCode=BE&CityName=&Pollutant=391&Year_from=2016&Year_to=2016&Station=STA-BETR803&Samplingpoint=&Source=E1a&Output=HTML&UpdateDate="
"Belgium","NET-Flanders","Flanders","BETR803","42R803 - ANTWERPEN","SPO-BETR803_06001_100","PM2.5","Particulate matter < 2.5 µm (aerosol)","P1Y-day-max","1 year day max","2016","53.688","ug/m3","95.90","1","Background","Urban","4.4285","51.2286","0.0","Antwerpen                                                                       ","BE002C1                                           ","530014","E1a/validated data AQ e-Reporting","18/03/2023 21:43:22","http://fme.discomap.eea.europa.eu/fmedatastreaming/AirQualityDownload/AQData_Extract.fmw?CountryCode=BE&CityName=&Pollutant=6001&Year_from=2016&Year_to=2016&Station=STA-BETR803&Samplingpoint=&Source=E1a&Output=HTML&UpdateDate="
"Belgium","NET-Flanders","Flanders","BETR750","44R750 - ZELZATE","SPO-BETR750_00391_100","Black Carbon","black_carbon (aerosol)","P1Y-hr-per50","1 year 50 percentile","2016","1.035","ug/m3","95.23","1","Industrial","Rural","3.8229","51.1961","6.0","","","","E1a/validated data AQ e-Reporting","18/03/2023 22:05:49","http://fme.discomap.eea.europa.eu/fmedatastreaming/AirQualityDownload/AQData_Extract.fmw?CountryCode=BE&CityName=&Pollutant=391&Year_from=2016&Year_to=2016&Station=STA-BETR750&Samplingpoint=&Source=E1a&Output=HTML&UpdateDate="
"Belgium","NET-Flanders","Flanders","BETR020","42R020 - VILVOORDE","SPO-BETR020_00008_100","NO2","Nitrogen dioxide (air)","P1Y-hr-max19","1 year hour max19","2016","104.500","ug/m3","94.13","1","Background","Suburban","4.4367","50.9414","12.0","","","","E1a/validated data AQ e-Reporting","18/03/2023 22:34:35","http://fme.discomap.eea.europa.eu/fmedatastreaming/AirQualityDownload/AQData_Extract.fmw?CountryCode=BE&CityName=&Pollutant=8&Year_from=2016&Year_to=2016&Station=STA-BETR020&Samplingpoint=&Source=E1a&Output=HTML&UpdateDate="
"Belgium","NET-Wallonia","Wallonia","BEMM522","00M522 - MONS","SPO-BEMM522_05014_100","Cd in PM10","Cadmium in PM10 (aerosol)","P1Y","Annual mean / 1 calendar year","2016","0.158","ng/m3","95.34","1","Background","Urban","3.9390","50.4651","56.0","Mons                                                                            ","BE009C1                                           ","95922","E1a/validated data AQ e-Reporting","18/03/2023 21:08:58","http://fme.discomap.eea.europa.eu/fmedatastreaming/AirQualityDownload/AQData_Extract.fmw?CountryCode=BE&CityName=&Pollutant=5014&Year_from=2016&Year_to=2016&Station=STA-BEMM522&Samplingpoint=&Source=E1a&Output=HTML&UpdateDate="
"Belgium","NET-Flanders","Flanders","BETR802","42R802 - BORGERHOUT","SPO-BETR802_00391_100","Black Carbon","black_carbon (aerosol)","P1Y","Annual mean / 1 calendar year","2016","2.495","ug/m3","98.45","1","Traffic","Urban","4.4318","51.2095","6.0","Antwerpen                                                                       ","BE002C1                                           ","530014","E1a/validated data AQ e-Reporting","18/03/2023 21:08:58","http://fme.discomap.eea.europa.eu/fmedatastreaming/AirQualityDownload/AQData_Extract.fmw?CountryCode=BE&CityName=&Pollutant=391&Year_from=2016&Year_to=2016&Station=STA-BETR802&Samplingpoint=&Source=E1a&Output=HTML&UpdateDate="
"Belgium","NET-Wallonia","Wallonia","BETN067","43N067 - MEMBACH","SPO-BETN067_06001_100","PM2.5","Particulate matter < 2.5 µm (aerosol)","P3Y","3 subsequent calendar years mean","2016","9.358","ug/m3","98.59","1","Background","Suburban","5.9928","50.6123","0.0","","","","E1a/validated data AQ e-Reporting","18/03/2023 21:36:00","http://fme.discomap.eea.europa.eu/fmedatastreaming/AirQualityDownload/AQData_Extract.fmw?CountryCode=BE&CityName=&Pollutant=6001&Year_from=2016&Year_to=2016&Station=STA-BETN067&Samplingpoint=&Source=E1a&Output=HTML&UpdateDate="
"Belgium","NET-Wallonia","Wallonia","BETN073","43N073 - VEZIN","SPO-BETN073_00007_100","O3","Ozone (air)","P1Y-hr-max","1 year hour max","2016","199.000","ug/m3","96.08","1","Background","Rural","4.9884","50.5027","160.0","","","","E1a/validated data AQ e-Reporting","18/03/2023 21:57:02","http://fme.discomap.eea.europa.eu/fmedatastreaming/AirQualityDownload/AQData_Extract.fmw?CountryCode=BE&CityName=&Pollutant=7&Year_from=2016&Year_to=2016&Station=STA-BETN073&Samplingpoint=&Source=E1a&Output=HTML&UpdateDate="
"Belgium","NET-Wallonia","Wallonia","BETN070","43N070 - MONS","SPO-BETN070_00007_100","O3","Ozone (air)","P1Y-hr-max","1 year hour max","2016","175.500","ug/m3","96.33","1","Background","Suburban","3.9397","50.4652","30.0","Mons                                                                            ","BE009C1                                           ","95922","E1a/validated data AQ e-Reporting","18/03/2023 21:57:02","http://fme.discomap.eea.europa.eu/fmedatastreaming/AirQualityDownload/AQData_Extract.fmw?CountryCode=BE&CityName=&Pollutant=7&Year_from=2016&Year_to=2016&Station=STA-BETN070&Samplingpoint=&Source=E1a&Output=HTML&UpdateDate="
"Belgium","NET-Wallonia","Wallonia","BETR502","45R502 - LODELINSART","SPO-BETR502_00005_100","PM10","Particulate matter < 10 µm (aerosol)","P1Y-daysAbove50","1 year day exceed 50","2016","12.000","count","100.00","1","Background","Suburban","4.4587","50.4290","135.0","Charleroi                                                                       ","BE004C1                                           ","203314","E1a/validated data AQ e-Reporting","18/03/2023 22:27:00","http://fme.discomap.eea.europa.eu/fmedatastreaming/AirQualityDownload/AQData_Extract.fmw?CountryCode=BE&CityName=&Pollutant=5&Year_from=2016&Year_to=2016&Station=STA-BETR502&Samplingpoint=&Source=E1a&Output=HTML&UpdateDate="
"Belgium","NET-Wallonia","Wallonia","BETR221","43R221 - LIEGE","SPO-BETR221_00007_100","O3","Ozone (air)","P1Y-dmax-per93.15","1 year 93.15 percentile daily 8h maximum","2016","93.188","ug/m3","96.45","1","Background","Urban","5.6278","50.6584","65.0","Liège                                                                           ","BE005C1                                           ","383700","E1a/validated data AQ e-Reporting","18/03/2023 22:12:55","http://fme.discomap.eea.europa.eu/fmedatastreaming/AirQualityDownload/AQData_Extract.fmw?CountryCode=BE&CityName=&Pollutant=7&Year_from=2016&Year_to=2016&Station=STA-BETR221&Samplingpoint=&Source=E1a&Output=HTML&UpdateDate="
"Belgium","NET-Wallonia","Wallonia","BETN121","43N121 - OFFAGNE","SPO-BETN121_00008_100","NO2","Nitrogen dioxide (air)","P1Y-hr-per50","1 year 50 percentile","2016","4.500","ug/m3","97.02","1","Background","Rural","5.2024","49.8771","430.0","","","","E1a/validated data AQ e-Reporting","18/03/2023 22:05:49","http://fme.discomap.eea.europa.eu/fmedatastreaming/AirQualityDownload/AQData_Extract.fmw?CountryCode=BE&CityName=&Pollutant=8&Year_from=2016&Year_to=2016&Station=STA-BETN121&Samplingpoint=&Source=E1a&Output=HTML&UpdateDate="
"Belgium","NET-Wallonia","Wallonia","BETR501","45R501 - CHARLEROI","SPO-BETR501_00005_100","PM10","Particulate matter < 10 µm (aerosol)","P1Y-day-max36","1 year day max 36","2016","39.834","ug/m3","100.00","1","Background","Urban","4.4522","50.4093","115.0","Charleroi                                                                       ","BE004C1                                           ","203314","E1a/validated data AQ e-Reporting","18/03/2023 22:32:47","http://fme.discomap.eea.europa.eu/fmedatastreaming/AirQualityDownload/AQData_Extract.fmw?CountryCode=BE&CityName=&Pollutant=5&Year_from=2016&Year_to=2016&Station=STA-BETR501&Samplingpoint=&Source=E1a&Output=HTML&UpdateDate="
"Belgium","NET-Wallonia","Wallonia","BETR221","43R221 - LIEGE","SPO-BETR221_00007_100","O3","Ozone (air)","P1Y-dx-max","1 year day max max","2016","170.313","ug/m3","96.45","1","Background","Urban","5.6278","50.6584","65.0","Liège                                                                           ","BE005C1                                           ","383700","E1a/validated data AQ e-Reporting","18/03/2023 21:44:39","http://fme.discomap.eea.europa.eu/fmedatastreaming/AirQualityDownload/AQData_Extract.fmw?CountryCode=BE&CityName=&Pollutant=7&Year_from=2016&Year_to=2016&Station=STA-BETR221&Samplingpoint=&Source=E1a&Output=HTML&UpdateDate="
"Belgium","NET-Wallonia","Wallonia","BEVN520","50N520 - PERUWELZ","SPO-BEVN520_00441_100","C7H16","n-Heptane (air)","P1Y","Annual mean / 1 calendar year","2016","0.000","ug/m3","48.09","1","Background","Suburban","3.5943","50.5055","30.0","","","","E1a/validated data AQ e-Reporting","18/03/2023 21:08:58","http://fme.discomap.eea.europa.eu/fmedatastreaming/AirQualityDownload/AQData_Extract.fmw?CountryCode=BE&CityName=&Pollutant=441&Year_from=2016&Year_to=2016&Station=STA-BEVN520&Samplingpoint=&Source=E1a&Output=HTML&UpdateDate="
"Belgium","NET-Wallonia","Wallonia","BEVR221","50R221 - LIEGE","SPO-BEVR221_00021_100","C6H5-CH3","Toluene (air)","P1Y","Annual mean / 1 calendar year","2016","0.002","ug/m3","45.63","1","Background","Urban","5.6278","50.6584","65.0","Liège                                                                           ","BE005C1                                           ","383700","E1a/validated data AQ e-Reporting","18/03/2023 21:08:58","http://fme.discomap.eea.europa.eu/fmedatastreaming/AirQualityDownload/AQData_Extract.fmw?CountryCode=BE&CityName=&Pollutant=21&Year_from=2016&Year_to=2016&Station=STA-BEVR221&Samplingpoint=&Source=E1a&Output=HTML&UpdateDate="
"Belgium","NET-Wallonia","Wallonia","BEVN073","50N073 - VEZIN","SPO-BEVN073_00394_100","H3C-CH2-CH2-CH3","n-Butane (air)","P1Y","Annual mean / 1 calendar year","2016","0.001","ug/m3","48.09","1","Background","Rural","4.9884","50.5027","160.0","","","","E1a/validated data AQ e-Reporting","18/03/2023 21:08:58","http://fme.discomap.eea.europa.eu/fmedatastreaming/AirQualityDownload/AQData_Extract.fmw?CountryCode=BE&CityName=&Pollutant=394&Year_from=2016&Year_to=2016&Station=STA-BEVN073&Samplingpoint=&Source=E1a&Output=HTML&UpdateDate="
"Belgium","NET-Wallonia","Wallonia","BETR502","45R502 - LODELINSART","SPO-BETR502_00005_100","PM10","Particulate matter < 10 µm (aerosol)","P1Y-P1D-per99","1 year 99 percentile of daily means (P1D) or .../aq/primaryObservation/day","2016","57.292","ug/m3","100.00","1","Background","Suburban","4.4587","50.4290","135.0","Charleroi                                                                       ","BE004C1                                           ","203314","E1a/validated data AQ e-Reporting","18/03/2023 22:09:38","http://fme.discomap.eea.europa.eu/fmedatastreaming/AirQualityDownload/AQData_Extract.fmw?CountryCode=BE&CityName=&Pollutant=5&Year_from=2016&Year_to=2016&Station=STA-BETR502&Samplingpoint=&Source=E1a&Output=HTML&UpdateDate="
"Belgium","NET-Flanders","Flanders","BETR823","42R823 - BEVEREN","SPO-BETR823_00008_100","NO2","Nitrogen dioxide (air)","P1Y-hr-max19","1 year hour max19","2016","83.000","ug/m3","97.12","1","Background","Suburban","4.2399","51.2133","0.0","","","","E1a/validated data AQ e-Reporting","18/03/2023 22:34:35","http://fme.discomap.eea.europa.eu/fmedatastreaming/AirQualityDownload/AQData_Extract.fmw?CountryCode=BE&CityName=&Pollutant=8&Year_from=2016&Year_to=2016&Station=STA-BETR823&Samplingpoint=&Source=E1a&Output=HTML&UpdateDate="
"Belgium","NET-Wallonia","Wallonia","BETR221","43R221 - LIEGE","SPO-BETR221_00008_100","NO2","Nitrogen dioxide (air)","P1Y-day-per50","1 year 50 %ile of daily values in a year","2016","25.326","ug/m3","99.45","1","Background","Urban","5.6278","50.6584","65.0","Liège                                                                           ","BE005C1                                           ","383700","E1a/validated data AQ e-Reporting","18/03/2023 22:14:21","http://fme.discomap.eea.europa.eu/fmedatastreaming/AirQualityDownload/AQData_Extract.fmw?CountryCode=BE&CityName=&Pollutant=8&Year_from=2016&Year_to=2016&Station=STA-BETR221&Samplingpoint=&Source=E1a&Output=HTML&UpdateDate="
"Belgium","NET-Wallonia","Wallonia","BEVMOU1","5MOU01 - MOUSCRON","SPO-BEVMOU1_00441_100","C7H16","n-Heptane (air)","P1Y","Annual mean / 1 calendar year","2016","0.000","ug/m3","49.73","1","Industrial","Suburban","3.2414","50.7532","42.0","Mouscron                                                                        ","BE013C1                                           ","58862","E1a/validated data AQ e-Reporting","18/03/2023 21:08:58","http://fme.discomap.eea.europa.eu/fmedatastreaming/AirQualityDownload/AQData_Extract.fmw?CountryCode=BE&CityName=&Pollutant=441&Year_from=2016&Year_to=2016&Station=STA-BEVMOU1&Samplingpoint=&Source=E1a&Output=HTML&UpdateDate="
"Belgium","NET-Wallonia","Wallonia","BETR221","43R221 - LIEGE","SPO-BETR221_00008_100","NO2","Nitrogen dioxide (air)","P1Y-hr-max-per99.79","1 year 99.79 %ile of hourly values in a given year","2016","87.500","ug/m3","97.02","1","Background","Urban","5.6278","50.6584","65.0","Liège                                                                           ","BE005C1                                           ","383700","E1a/validated data AQ e-Reporting","18/03/2023 22:07:35","http://fme.discomap.eea.europa.eu/fmedatastreaming/AirQualityDownload/AQData_Extract.fmw?CountryCode=BE&CityName=&Pollutant=8&Year_from=2016&Year_to=2016&Station=STA-BETR221&Samplingpoint=&Source=E1a&Output=HTML&UpdateDate="
"Belgium","NET-Flanders","Flanders","BETR831","42R831 - BERENDRECHT","SPO-BETR831_00001_100","SO2","Sulphur dioxide (air)","P1Y-P1D-per99","1 year 99 percentile of daily means (P1D) or .../aq/primaryObservation/day","2016","11.739","ug/m3","99.45","1","Industrial","Rural","4.3397","51.3488","3.0","Antwerpen                                                                       ","BE002C1                                           ","530014","E1a/validated data AQ e-Reporting","18/03/2023 22:11:00","http://fme.discomap.eea.europa.eu/fmedatastreaming/AirQualityDownload/AQData_Extract.fmw?CountryCode=BE&CityName=&Pollutant=1&Year_from=2016&Year_to=2016&Station=STA-BETR831&Samplingpoint=&Source=E1a&Output=HTML&UpdateDate="
"Belgium","NET-Wallonia","Wallonia","BETR222","43R222 - SERAING","SPO-BETR222_00010_100","CO","Carbon monoxide (air)","P1Y-8hdmxAbove10","1 year daymax exceed 10","2016","0.000","count","92.62","1","Background","Suburban","5.5702","50.6134","65.0","Liège                                                                           ","BE005C1                                           ","383700","E1a/validated data AQ e-Reporting","18/03/2023 22:27:43","http://fme.discomap.eea.europa.eu/fmedatastreaming/AirQualityDownload/AQData_Extract.fmw?CountryCode=BE&CityName=&Pollutant=10&Year_from=2016&Year_to=2016&Station=STA-BETR222&Samplingpoint=&Source=E1a&Output=HTML&UpdateDate="
"Belgium","NET-Wallonia","Wallonia","BETN132","43N132 - HABAY-LA-N.","SPO-BETN132_00008_100","NO2","Nitrogen dioxide (air)","P1Y-day-per50","1 year 50 %ile of daily values in a year","2016","7.688","ug/m3","98.63","1","Background","Rural","5.6304","49.7193","375.0","","","","E1a/validated data AQ e-Reporting","18/03/2023 22:14:21","http://fme.discomap.eea.europa.eu/fmedatastreaming/AirQualityDownload/AQData_Extract.fmw?CountryCode=BE&CityName=&Pollutant=8&Year_from=2016&Year_to=2016&Station=STA-BETN132&Samplingpoint=&Source=E1a&Output=HTML&UpdateDate="
"Belgium","NET-Wallonia","Wallonia","BETR223","43R223 - JEMEPPE","SPO-BETR223_00001_100","SO2","Sulphur dioxide (air)","P1Y-hr-per50","1 year 50 percentile","2016","1.000","ug/m3","92.60","1","Industrial","Suburban","5.5164","50.6207","50.0","Liège                                                                           ","BE005C1                                           ","383700","E1a/validated data AQ e-Reporting","18/03/2023 22:05:49","http://fme.discomap.eea.europa.eu/fmedatastreaming/AirQualityDownload/AQData_Extract.fmw?CountryCode=BE&CityName=&Pollutant=1&Year_from=2016&Year_to=2016&Station=STA-BETR223&Samplingpoint=&Source=E1a&Output=HTML&UpdateDate="
"Belgium","NET-Flanders","Flanders","BETR740","44R740 - ST.KRUIS-WI","SPO-BETR740_06001_100","PM2.5","Particulate matter < 2.5 µm (aerosol)","P1Y","Annual mean / 1 calendar year","2016","15.215","ug/m3","99.80","1","Industrial","Rural","3.8087","51.1501","5.0","Gent                                                                            ","BE003C1                                           ","263687","E1a/validated data AQ e-Reporting","18/03/2023 21:08:58","http://fme.discomap.eea.europa.eu/fmedatastreaming/AirQualityDownload/AQData_Extract.fmw?CountryCode=BE&CityName=&Pollutant=6001&Year_from=2016&Year_to=2016&Station=STA-BETR740&Samplingpoint=&Source=E1a&Output=HTML&UpdateDate="
"Belgium","NET-Flanders","Flanders","BETR811","42R811 - SCHOTEN","SPO-BETR811_06001_100","PM2.5","Particulate matter < 2.5 µm (aerosol)","P3Y","3 subsequent calendar years mean","2016","14.066","ug/m3","84.55","1","Background","Suburban","4.4914","51.2521","8.0","","","","E1a/validated data AQ e-Reporting","18/03/2023 21:36:00","http://fme.discomap.eea.europa.eu/fmedatastreaming/AirQualityDownload/AQData_Extract.fmw?CountryCode=BE&CityName=&Pollutant=6001&Year_from=2016&Year_to=2016&Station=STA-BETR811&Samplingpoint=&Source=E1a&Output=HTML&UpdateDate="
"Belgium","NET-Wallonia","Wallonia","BETR223","43R223 - JEMEPPE","SPO-BETR223_00008_100","NO2","Nitrogen dioxide (air)","P3Y","3 subsequent calendar years mean","2016","25.080","ug/m3","96.63","1","Industrial","Suburban","5.5164","50.6207","50.0","Liège                                                                           ","BE005C1                                           ","383700","E1a/validated data AQ e-Reporting","18/03/2023 21:36:00","http://fme.discomap.eea.europa.eu/fmedatastreaming/AirQualityDownload/AQData_Extract.fmw?CountryCode=BE&CityName=&Pollutant=8&Year_from=2016&Year_to=2016&Station=STA-BETR223&Samplingpoint=&Source=E1a&Output=HTML&UpdateDate="
"Belgium","NET-Wallonia","Wallonia","BETN093","43N093 - SINSIN","SPO-BETN093_00007_100","O3","Ozone (air)","P1Y-day-max","1 year day max","2016","99.310","ug/m3","94.81","1","Background","Rural","5.2352","50.2745","265.0","","","","E1a/validated data AQ e-Reporting","18/03/2023 21:44:13","http://fme.discomap.eea.europa.eu/fmedatastreaming/AirQualityDownload/AQData_Extract.fmw?CountryCode=BE&CityName=&Pollutant=7&Year_from=2016&Year_to=2016&Station=STA-BETN093&Samplingpoint=&Source=E1a&Output=HTML&UpdateDate="
"Belgium","NET-Wallonia","Wallonia","BEMCHA2","0CHA02 - LODELINSART","SPO-BEMCHA2_05015_100","Ni in PM10","Nickel in PM10 (aerosol)","P1Y","Annual mean / 1 calendar year","2016","6.008","ng/m3","62.83","1","Background","Suburban","4.4587","50.4290","135.0","Charleroi                                                                       ","BE004C1                                           ","203314","E1a/validated data AQ e-Reporting","18/03/2023 21:08:58","http://fme.discomap.eea.europa.eu/fmedatastreaming/AirQualityDownload/AQData_Extract.fmw?CountryCode=BE&CityName=&Pollutant=5015&Year_from=2016&Year_to=2016&Station=STA-BEMCHA2&Samplingpoint=&Source=E1a&Output=HTML&UpdateDate="
"Belgium","NET-Wallonia","Wallonia","BETN093","43N093 - SINSIN","SPO-BETN093_00007_100","O3","Ozone (air)","SOMO35","Sum of Ozone Means Over 35 ppb","2016","2332.056","ug/m3","93.72","1","Background","Rural","5.2352","50.2745","265.0","","","","E1a/validated data AQ e-Reporting","18/03/2023 22:59:23","http://fme.discomap.eea.europa.eu/fmedatastreaming/AirQualityDownload/AQData_Extract.fmw?CountryCode=BE&CityName=&Pollutant=7&Year_from=2016&Year_to=2016&Station=STA-BETN093&Samplingpoint=&Source=E1a&Output=HTML&UpdateDate="
"Belgium","NET-Wallonia","Wallonia","BETR240","43R240 - ENGIS","SPO-BETR240_00005_100","PM10","Particulate matter < 10 µm (aerosol)","P1Y-day-max","1 year day max","2016","87.271","ug/m3","96.72","1","Industrial","Suburban","5.3975","50.5836","135.0","","","","E1a/validated data AQ e-Reporting","18/03/2023 21:43:06","http://fme.discomap.eea.europa.eu/fmedatastreaming/AirQualityDownload/AQData_Extract.fmw?CountryCode=BE&CityName=&Pollutant=5&Year_from=2016&Year_to=2016&Station=STA-BETR240&Samplingpoint=&Source=E1a&Output=HTML&UpdateDate="
"Belgium","NET-Flanders","Flanders","BETR750","44R750 - ZELZATE","SPO-BETR750_00008_100","NO2","Nitrogen dioxide (air)","P1Y-hr-min","1 year hour min","2016","1.000","ug/m3","94.17","1","Industrial","Rural","3.8229","51.1961","6.0","","","","E1a/validated data AQ e-Reporting","18/03/2023 22:31:20","http://fme.discomap.eea.europa.eu/fmedatastreaming/AirQualityDownload/AQData_Extract.fmw?CountryCode=BE&CityName=&Pollutant=8&Year_from=2016&Year_to=2016&Station=STA-BETR750&Samplingpoint=&Source=E1a&Output=HTML&UpdateDate="
"Belgium","NET-Wallonia","Wallonia","BETN093","43N093 - SINSIN","SPO-BETN093_06001_100","PM2.5","Particulate matter < 2.5 µm (aerosol)","P1Y-day-per50","1 year 50 %ile of daily values in a year","2016","6.158","ug/m3","97.27","1","Background","Rural","5.2352","50.2745","265.0","","","","E1a/validated data AQ e-Reporting","18/03/2023 22:11:51","http://fme.discomap.eea.europa.eu/fmedatastreaming/AirQualityDownload/AQData_Extract.fmw?CountryCode=BE&CityName=&Pollutant=6001&Year_from=2016&Year_to=2016&Station=STA-BETN093&Samplingpoint=&Source=E1a&Output=HTML&UpdateDate="
"Belgium","NET-Wallonia","Wallonia","BETR222","43R222 - SERAING","SPO-BETR222_00010_100","CO","Carbon monoxide (air)","P1Y-P1D-per99","1 year 99 percentile of daily means (P1D) or .../aq/primaryObservation/day","2016","0.674","mg/m3","93.72","1","Background","Suburban","5.5702","50.6134","65.0","Liège                                                                           ","BE005C1                                           ","383700","E1a/validated data AQ e-Reporting","18/03/2023 22:11:26","http://fme.discomap.eea.europa.eu/fmedatastreaming/AirQualityDownload/AQData_Extract.fmw?CountryCode=BE&CityName=&Pollutant=10&Year_from=2016&Year_to=2016&Station=STA-BETR222&Samplingpoint=&Source=E1a&Output=HTML&UpdateDate="
"Belgium","NET-Wallonia","Wallonia","BEVMOU1","5MOU01 - MOUSCRON","SPO-BEVMOU1_00475_100","C8H18","n-Octane (air)","P1Y","Annual mean / 1 calendar year","2016","0.000","ug/m3","49.73","1","Industrial","Suburban","3.2414","50.7532","42.0","Mouscron                                                                        ","BE013C1                                           ","58862","E1a/validated data AQ e-Reporting","18/03/2023 21:08:58","http://fme.discomap.eea.europa.eu/fmedatastreaming/AirQualityDownload/AQData_Extract.fmw?CountryCode=BE&CityName=&Pollutant=475&Year_from=2016&Year_to=2016&Station=STA-BEVMOU1&Samplingpoint=&Source=E1a&Output=HTML&UpdateDate="
"Belgium","NET-Wallonia","Wallonia","BETR501","45R501 - CHARLEROI","SPO-BETR501_00005_100","PM10","Particulate matter < 10 µm (aerosol)","P3Y","3 subsequent calendar years mean","2016","21.603","ug/m3","99.10","1","Background","Urban","4.4522","50.4093","115.0","Charleroi                                                                       ","BE004C1                                           ","203314","E1a/validated data AQ e-Reporting","18/03/2023 21:36:00","http://fme.discomap.eea.europa.eu/fmedatastreaming/AirQualityDownload/AQData_Extract.fmw?CountryCode=BE&CityName=&Pollutant=5&Year_from=2016&Year_to=2016&Station=STA-BETR501&Samplingpoint=&Source=E1a&Output=HTML&UpdateDate="
"Belgium","NET-Wallonia","Wallonia","BEVR221","50R221 - LIEGE","SPO-BEVR221_00020_100","C6H6","Benzene (air)","P1Y-day-min","1 year day min","2016","0.270","ug/m3","45.63","1","Background","Urban","5.6278","50.6584","65.0","Liège                                                                           ","BE005C1                                           ","383700","E1a/validated data AQ e-Reporting","18/03/2023 21:55:46","http://fme.discomap.eea.europa.eu/fmedatastreaming/AirQualityDownload/AQData_Extract.fmw?CountryCode=BE&CityName=&Pollutant=20&Year_from=2016&Year_to=2016&Station=STA-BEVR221&Samplingpoint=&Source=E1a&Output=HTML&UpdateDate="
"Belgium","NET-Wallonia","Wallonia","BETN073","43N073 - VEZIN","SPO-BETN073_00007_100","O3","Ozone (air)","SOMO35","Sum of Ozone Means Over 35 ppb","2016","2544.623","ug/m3","97.81","1","Background","Rural","4.9884","50.5027","160.0","","","","E1a/validated data AQ e-Reporting","18/03/2023 22:59:23","http://fme.discomap.eea.europa.eu/fmedatastreaming/AirQualityDownload/AQData_Extract.fmw?CountryCode=BE&CityName=&Pollutant=7&Year_from=2016&Year_to=2016&Station=STA-BETN073&Samplingpoint=&Source=E1a&Output=HTML&UpdateDate="
"Belgium","NET-Flanders","Flanders","BETR803","42R803 - ANTWERPEN","SPO-BETR803_00005_100","PM10","Particulate matter < 10 µm (aerosol)","P1Y","Annual mean / 1 calendar year","2016","22.917","ug/m3","97.30","1","Background","Urban","4.4285","51.2286","0.0","Antwerpen                                                                       ","BE002C1                                           ","530014","E1a/validated data AQ e-Reporting","18/03/2023 21:08:58","http://fme.discomap.eea.europa.eu/fmedatastreaming/AirQualityDownload/AQData_Extract.fmw?CountryCode=BE&CityName=&Pollutant=5&Year_from=2016&Year_to=2016&Station=STA-BETR803&Samplingpoint=&Source=E1a&Output=HTML&UpdateDate="
"Belgium","NET-Wallonia","Wallonia","BEVN066","50N066 - EUPEN","SPO-BEVN066_00020_100","C6H6","Benzene (air)","P1Y","Annual mean / 1 calendar year","2016","0.462","ug/m3","48.09","1","Background","Rural","6.0023","50.6289","295.0","","","","E1a/validated data AQ e-Reporting","18/03/2023 21:08:58","http://fme.discomap.eea.europa.eu/fmedatastreaming/AirQualityDownload/AQData_Extract.fmw?CountryCode=BE&CityName=&Pollutant=20&Year_from=2016&Year_to=2016&Station=STA-BEVN066&Samplingpoint=&Source=E1a&Output=HTML&UpdateDate="
"Belgium","NET-Wallonia","Wallonia","BETR221","43R221 - LIEGE","SPO-BETR221_00001_100","SO2","Sulphur dioxide (air)","P1Y-hr-max25","1 year hour max 25","2016","8.000","ug/m3","85.80","1","Background","Urban","5.6278","50.6584","65.0","Liège                                                                           ","BE005C1                                           ","383700","E1a/validated data AQ e-Reporting","18/03/2023 22:33:20","http://fme.discomap.eea.europa.eu/fmedatastreaming/AirQualityDownload/AQData_Extract.fmw?CountryCode=BE&CityName=&Pollutant=1&Year_from=2016&Year_to=2016&Station=STA-BETR221&Samplingpoint=&Source=E1a&Output=HTML&UpdateDate="
"Belgium","NET-Wallonia","Wallonia","BETN060","43N060 - HAVINNES","SPO-BETN060_00007_100","O3","Ozone (air)","SOMO35","Sum of Ozone Means Over 35 ppb","2016","1799.745","ug/m3","97.27","1","Background","Rural","3.4576","50.6167","0.0","","","","E1a/validated data AQ e-Reporting","18/03/2023 22:59:23","http://fme.discomap.eea.europa.eu/fmedatastreaming/AirQualityDownload/AQData_Extract.fmw?CountryCode=BE&CityName=&Pollutant=7&Year_from=2016&Year_to=2016&Station=STA-BETN060&Samplingpoint=&Source=E1a&Output=HTML&UpdateDate="
"Belgium","NET-Wallonia","Wallonia","BETN121","43N121 - OFFAGNE","SPO-BETN121_00008_100","NO2","Nitrogen dioxide (air)","P1Y-hr-max19","1 year hour max19","2016","46.000","ug/m3","97.02","1","Background","Rural","5.2024","49.8771","430.0","","","","E1a/validated data AQ e-Reporting","18/03/2023 22:34:35","http://fme.discomap.eea.europa.eu/fmedatastreaming/AirQualityDownload/AQData_Extract.fmw?CountryCode=BE&CityName=&Pollutant=8&Year_from=2016&Year_to=2016&Station=STA-BETN121&Samplingpoint=&Source=E1a&Output=HTML&UpdateDate="
"Belgium","NET-Wallonia","Wallonia","BETN093","43N093 - SINSIN","SPO-BETN093_00009_100","NOX as NO2","Nitrogen oxides (air)","P1Y-hr-per50","1 year 50 percentile","2016","8.000","ug/m3","95.36","1","Background","Rural","5.2352","50.2745","265.0","","","","E1a/validated data AQ e-Reporting","18/03/2023 22:05:49","http://fme.discomap.eea.europa.eu/fmedatastreaming/AirQualityDownload/AQData_Extract.fmw?CountryCode=BE&CityName=&Pollutant=9&Year_from=2016&Year_to=2016&Station=STA-BETN093&Samplingpoint=&Source=E1a&Output=HTML&UpdateDate="
"Belgium","NET-Flanders","Flanders","BETR831","42R831 - BERENDRECHT","SPO-BETR831_00001_100","SO2","Sulphur dioxide (air)","P1Y-day-max","1 year day max","2016","18.543","ug/m3","99.45","1","Industrial","Rural","4.3397","51.3488","3.0","Antwerpen                                                                       ","BE002C1                                           ","530014","E1a/validated data AQ e-Reporting","18/03/2023 21:42:48","http://fme.discomap.eea.europa.eu/fmedatastreaming/AirQualityDownload/AQData_Extract.fmw?CountryCode=BE&CityName=&Pollutant=1&Year_from=2016&Year_to=2016&Station=STA-BETR831&Samplingpoint=&Source=E1a&Output=HTML&UpdateDate="
"Belgium","NET-Flanders","Flanders","BETR831","42R831 - BERENDRECHT","SPO-BETR831_00001_100","SO2","Sulphur dioxide (air)","P1Y-day-max4","1 year day max 4","2016","11.978","ug/m3","99.45","1","Industrial","Rural","4.3397","51.3488","3.0","Antwerpen                                                                       ","BE002C1                                           ","530014","E1a/validated data AQ e-Reporting","18/03/2023 22:31:46","http://fme.discomap.eea.europa.eu/fmedatastreaming/AirQualityDownload/AQData_Extract.fmw?CountryCode=BE&CityName=&Pollutant=1&Year_from=2016&Year_to=2016&Station=STA-BETR831&Samplingpoint=&Source=E1a&Output=HTML&UpdateDate="
"Belgium","NET-Wallonia","Wallonia","BEVN060","50N060 - HAVINNES","SPO-BEVN060_00024_100","CH2=CH-CH=CH2","1.3 Butadiene (air)","P1Y","Annual mean / 1 calendar year","2016","0.000","ug/m3","49.73","1","Background","Suburban","3.4576","50.6167","0.0","","","","E1a/validated data AQ e-Reporting","18/03/2023 21:08:58","http://fme.discomap.eea.europa.eu/fmedatastreaming/AirQualityDownload/AQData_Extract.fmw?CountryCode=BE&CityName=&Pollutant=24&Year_from=2016&Year_to=2016&Station=STA-BEVN060&Samplingpoint=&Source=E1a&Output=HTML&UpdateDate="
"Belgium","NET-Wallonia","Wallonia","BEVN060","50N060 - HAVINNES","SPO-BEVN060_00431_100","C6H5-C2H5","Ethyl benzene (air)","P1Y","Annual mean / 1 calendar year","2016","0.000","ug/m3","49.73","1","Background","Suburban","3.4576","50.6167","0.0","","","","E1a/validated data AQ e-Reporting","18/03/2023 21:08:58","http://fme.discomap.eea.europa.eu/fmedatastreaming/AirQualityDownload/AQData_Extract.fmw?CountryCode=BE&CityName=&Pollutant=431&Year_from=2016&Year_to=2016&Station=STA-BEVN060&Samplingpoint=&Source=E1a&Output=HTML&UpdateDate="
"Belgium","NET-Flanders","Flanders","BETR811","42R811 - SCHOTEN","SPO-BETR811_00005_100","PM10","Particulate matter < 10 µm (aerosol)","P1Y-P1D-per90.41","1 year 90.41 percentile","2016","35.725","ug/m3","99.73","1","Background","Suburban","4.4914","51.2521","8.0","","","","E1a/validated data AQ e-Reporting","18/03/2023 22:09:05","http://fme.discomap.eea.europa.eu/fmedatastreaming/AirQualityDownload/AQData_Extract.fmw?CountryCode=BE&CityName=&Pollutant=5&Year_from=2016&Year_to=2016&Station=STA-BETR811&Samplingpoint=&Source=E1a&Output=HTML&UpdateDate="
"Belgium","NET-Wallonia","Wallonia","BEVN113","50N113 - SAINT-ODE","SPO-BEVN113_00441_100","C7H16","n-Heptane (air)","P1Y","Annual mean / 1 calendar year","2016","0.000","ug/m3","42.90","1","Background","Rural","5.5930","50.0270","510.0","","","","E1a/validated data AQ e-Reporting","18/03/2023 21:08:58","http://fme.discomap.eea.europa.eu/fmedatastreaming/AirQualityDownload/AQData_Extract.fmw?CountryCode=BE&CityName=&Pollutant=441&Year_from=2016&Year_to=2016&Station=STA-BEVN113&Samplingpoint=&Source=E1a&Output=HTML&UpdateDate="
"Belgium","NET-Wallonia","Wallonia","BETN060","43N060 - HAVINNES","SPO-BETN060_00001_100","SO2","Sulphur dioxide (air)","P1Y-daysAbove125","1 year day exceed 125","2016","0.000","count","97.81","1","Background","Rural","3.4576","50.6167","0.0","","","","E1a/validated data AQ e-Reporting","18/03/2023 22:23:37","http://fme.discomap.eea.europa.eu/fmedatastreaming/AirQualityDownload/AQData_Extract.fmw?CountryCode=BE&CityName=&Pollutant=1&Year_from=2016&Year_to=2016&Station=STA-BETN060&Samplingpoint=&Source=E1a&Output=HTML&UpdateDate="
"Belgium","NET-Wallonia","Wallonia","BETR501","45R501 - CHARLEROI","SPO-BETR501_06001_100","PM2.5","Particulate matter < 2.5 µm (aerosol)","P1Y-hr-min","1 year hour min","2016","0.000","ug/m3","99.68","1","Background","Urban","4.4522","50.4093","115.0","Charleroi                                                                       ","BE004C1                                           ","203314","E1a/validated data AQ e-Reporting","18/03/2023 22:31:20","http://fme.discomap.eea.europa.eu/fmedatastreaming/AirQualityDownload/AQData_Extract.fmw?CountryCode=BE&CityName=&Pollutant=6001&Year_from=2016&Year_to=2016&Station=STA-BETR501&Samplingpoint=&Source=E1a&Output=HTML&UpdateDate="
"Belgium","NET-Wallonia","Wallonia","BETN085","43N085 - VIELSALM","SPO-BETN085_00007_100","O3","Ozone (air)","P1Y-hr-min","1 year hour min","2016","2.000","ug/m3","94.87","1","Background","Rural","6.0017","50.3032","490.0","","","","E1a/validated data AQ e-Reporting","18/03/2023 22:31:20","http://fme.discomap.eea.europa.eu/fmedatastreaming/AirQualityDownload/AQData_Extract.fmw?CountryCode=BE&CityName=&Pollutant=7&Year_from=2016&Year_to=2016&Station=STA-BETN085&Samplingpoint=&Source=E1a&Output=HTML&UpdateDate="
"Belgium","NET-Wallonia","Wallonia","BEVR221","50R221 - LIEGE","SPO-BEVR221_00449_100","(CH3)3-C-CH2-CH-(CH3)2","i-Octane (2,2,4-trimethylpentane) (air)","P1Y","Annual mean / 1 calendar year","2016","0.000","ug/m3","45.90","1","Background","Urban","5.6278","50.6584","65.0","Liège                                                                           ","BE005C1                                           ","383700","E1a/validated data AQ e-Reporting","18/03/2023 21:08:58","http://fme.discomap.eea.europa.eu/fmedatastreaming/AirQualityDownload/AQData_Extract.fmw?CountryCode=BE&CityName=&Pollutant=449&Year_from=2016&Year_to=2016&Station=STA-BEVR221&Samplingpoint=&Source=E1a&Output=HTML&UpdateDate="
"Belgium","NET-Wallonia","Wallonia","BETR223","43R223 - JEMEPPE","SPO-BETR223_00008_100","NO2","Nitrogen dioxide (air)","P1Y-hr-max19","1 year hour max19","2016","85.000","ug/m3","97.01","1","Industrial","Suburban","5.5164","50.6207","50.0","Liège                                                                           ","BE005C1                                           ","383700","E1a/validated data AQ e-Reporting","18/03/2023 22:34:35","http://fme.discomap.eea.europa.eu/fmedatastreaming/AirQualityDownload/AQData_Extract.fmw?CountryCode=BE&CityName=&Pollutant=8&Year_from=2016&Year_to=2016&Station=STA-BETR223&Samplingpoint=&Source=E1a&Output=HTML&UpdateDate="
"Belgium","NET-Flanders","Flanders","BETR740","44R740 - ST.KRUIS-WI","SPO-BETR740_00008_100","NO2","Nitrogen dioxide (air)","P1Y-hr-max19","1 year hour max19","2016","77.000","ug/m3","96.32","1","Industrial","Rural","3.8087","51.1501","5.0","Gent                                                                            ","BE003C1                                           ","263687","E1a/validated data AQ e-Reporting","18/03/2023 22:34:35","http://fme.discomap.eea.europa.eu/fmedatastreaming/AirQualityDownload/AQData_Extract.fmw?CountryCode=BE&CityName=&Pollutant=8&Year_from=2016&Year_to=2016&Station=STA-BETR740&Samplingpoint=&Source=E1a&Output=HTML&UpdateDate="
"Belgium","NET-Wallonia","Wallonia","BETN085","43N085 - VIELSALM","SPO-BETN085_00009_100","NOX as NO2","Nitrogen oxides (air)","P1Y","Annual mean / 1 calendar year","2016","6.996","ug/m3","95.72","1","Background","Rural","6.0017","50.3032","490.0","","","","E1a/validated data AQ e-Reporting","18/03/2023 21:08:58","http://fme.discomap.eea.europa.eu/fmedatastreaming/AirQualityDownload/AQData_Extract.fmw?CountryCode=BE&CityName=&Pollutant=9&Year_from=2016&Year_to=2016&Station=STA-BETN085&Samplingpoint=&Source=E1a&Output=HTML&UpdateDate="
"Belgium","NET-Flanders","Flanders","BETR801","42R801 - BORGERHOUT","SPO-BETR801_00007_100","O3","Ozone (air)","SOMO10","Sum of Ozone Means Over 10 ppb","2016","9704.955","ug/m3","95.36","1","Background","Urban","4.4318","51.2097","6.0","Antwerpen                                                                       ","BE002C1                                           ","530014","E1a/validated data AQ e-Reporting","18/03/2023 22:59:50","http://fme.discomap.eea.europa.eu/fmedatastreaming/AirQualityDownload/AQData_Extract.fmw?CountryCode=BE&CityName=&Pollutant=7&Year_from=2016&Year_to=2016&Station=STA-BETR801&Samplingpoint=&Source=E1a&Output=HTML&UpdateDate="
"Belgium","NET-Wallonia","Wallonia","BEVN066","50N066 - EUPEN","SPO-BEVN066_06011_100","1,2,4-C6H3(CH3)3","1,2,4-Trimethylbenzene (air)","P1Y","Annual mean / 1 calendar year","2016","0.000","ug/m3","50.00","1","Background","Rural","6.0023","50.6289","295.0","","","","E1a/validated data AQ e-Reporting","18/03/2023 21:08:58","http://fme.discomap.eea.europa.eu/fmedatastreaming/AirQualityDownload/AQData_Extract.fmw?CountryCode=BE&CityName=&Pollutant=6011&Year_from=2016&Year_to=2016&Station=STA-BEVN066&Samplingpoint=&Source=E1a&Output=HTML&UpdateDate="
"Belgium","NET-Wallonia","Wallonia","BEVN070","50N070 - MONS","SPO-BEVN070_00020_100","C6H6","Benzene (air)","P1Y","Annual mean / 1 calendar year","2016","0.571","ug/m3","47.80","1","Background","Suburban","3.9397","50.4652","30.0","Mons                                                                            ","BE009C1                                           ","95922","E1a/validated data AQ e-Reporting","18/03/2023 21:08:58","http://fme.discomap.eea.europa.eu/fmedatastreaming/AirQualityDownload/AQData_Extract.fmw?CountryCode=BE&CityName=&Pollutant=20&Year_from=2016&Year_to=2016&Station=STA-BEVN070&Samplingpoint=&Source=E1a&Output=HTML&UpdateDate="
"Belgium","NET-Flanders","Flanders","BETN052","44N052 - ZWEVEGEM","SPO-BETN052_00008_100","NO2","Nitrogen dioxide (air)","P1Y-P1D-per99","1 year 99 percentile of daily means (P1D) or .../aq/primaryObservation/day","2016","52.375","ug/m3","96.72","1","Background","Suburban","3.3225","50.8149","27.0","","","","E1a/validated data AQ e-Reporting","18/03/2023 22:10:34","http://fme.discomap.eea.europa.eu/fmedatastreaming/AirQualityDownload/AQData_Extract.fmw?CountryCode=BE&CityName=&Pollutant=8&Year_from=2016&Year_to=2016&Station=STA-BETN052&Samplingpoint=&Source=E1a&Output=HTML&UpdateDate="
"Belgium","NET-Wallonia","Wallonia","BETR502","45R502 - LODELINSART","SPO-BETR502_00007_100","O3","Ozone (air)","P1Y-day-per50","1 year 50 %ile of daily values in a year","2016","36.522","ug/m3","96.99","1","Background","Suburban","4.4587","50.4290","135.0","Charleroi                                                                       ","BE004C1                                           ","203314","E1a/validated data AQ e-Reporting","18/03/2023 22:15:13","http://fme.discomap.eea.europa.eu/fmedatastreaming/AirQualityDownload/AQData_Extract.fmw?CountryCode=BE&CityName=&Pollutant=7&Year_from=2016&Year_to=2016&Station=STA-BETR502&Samplingpoint=&Source=E1a&Output=HTML&UpdateDate="
"Belgium","NET-Flanders","Flanders","BETR841","42R841 - MECHELEN","SPO-BETR841_00005_100","PM10","Particulate matter < 10 µm (aerosol)","P1Y-P1D-per99","1 year 99 percentile of daily means (P1D) or .../aq/primaryObservation/day","2016","53.288","ug/m3","98.09","1","Background","Suburban","4.4693","51.0025","8.0","Mechelen                                                                        ","BE012C1                                           ","86911","E1a/validated data AQ e-Reporting","18/03/2023 22:09:38","http://fme.discomap.eea.europa.eu/fmedatastreaming/AirQualityDownload/AQData_Extract.fmw?CountryCode=BE&CityName=&Pollutant=5&Year_from=2016&Year_to=2016&Station=STA-BETR841&Samplingpoint=&Source=E1a&Output=HTML&UpdateDate="
"Belgium","NET-Wallonia","Wallonia","BETR510","45R510 - CHATELINEAU","SPO-BETR510_00001_100","SO2","Sulphur dioxide (air)","P1Y-day-max-per99.18","1 year 99.18 percentile of daily maximum","2016","4.304","ug/m3","99.45","1","Background","Suburban","4.5211","50.4164","118.0","Charleroi                                                                       ","BE004C1                                           ","203314","E1a/validated data AQ e-Reporting","18/03/2023 22:12:16","http://fme.discomap.eea.europa.eu/fmedatastreaming/AirQualityDownload/AQData_Extract.fmw?CountryCode=BE&CityName=&Pollutant=1&Year_from=2016&Year_to=2016&Station=STA-BETR510&Samplingpoint=&Source=E1a&Output=HTML&UpdateDate="
"Belgium","NET-Wallonia","Wallonia","BEVN066","50N066 - EUPEN","SPO-BEVN066_00020_100","C6H6","Benzene (air)","P1Y-day-min","1 year day min","2016","0.150","ug/m3","48.09","1","Background","Rural","6.0023","50.6289","295.0","","","","E1a/validated data AQ e-Reporting","18/03/2023 21:55:46","http://fme.discomap.eea.europa.eu/fmedatastreaming/AirQualityDownload/AQData_Extract.fmw?CountryCode=BE&CityName=&Pollutant=20&Year_from=2016&Year_to=2016&Station=STA-BEVN066&Samplingpoint=&Source=E1a&Output=HTML&UpdateDate="
"Belgium","NET-Wallonia","Wallonia","BETR501","45R501 - CHARLEROI","SPO-BETR501_06001_100","PM2.5","Particulate matter < 2.5 µm (aerosol)","P1Y-hr-per50","1 year 50 percentile","2016","9.422","ug/m3","99.68","1","Background","Urban","4.4522","50.4093","115.0","Charleroi                                                                       ","BE004C1                                           ","203314","E1a/validated data AQ e-Reporting","18/03/2023 22:05:49","http://fme.discomap.eea.europa.eu/fmedatastreaming/AirQualityDownload/AQData_Extract.fmw?CountryCode=BE&CityName=&Pollutant=6001&Year_from=2016&Year_to=2016&Station=STA-BETR501&Samplingpoint=&Source=E1a&Output=HTML&UpdateDate="
"Belgium","NET-Wallonia","Wallonia","BETN070","43N070 - MONS","SPO-BETN070_00008_100","NO2","Nitrogen dioxide (air)","P1Y-day-max","1 year day max","2016","64.717","ug/m3","100.00","1","Background","Suburban","3.9397","50.4652","30.0","Mons                                                                            ","BE009C1                                           ","95922","E1a/validated data AQ e-Reporting","18/03/2023 21:43:56","http://fme.discomap.eea.europa.eu/fmedatastreaming/AirQualityDownload/AQData_Extract.fmw?CountryCode=BE&CityName=&Pollutant=8&Year_from=2016&Year_to=2016&Station=STA-BETN070&Samplingpoint=&Source=E1a&Output=HTML&UpdateDate="
"Belgium","NET-Wallonia","Wallonia","BETN063","43N063 - CORROY L.G.","SPO-BETN063_00010_100","CO","Carbon monoxide (air)","P1Y-dx-max","1 year day max max","2016","0.801","mg/m3","99.45","1","Background","Rural","4.6683","50.6554","145.0","","","","E1a/validated data AQ e-Reporting","18/03/2023 21:44:39","http://fme.discomap.eea.europa.eu/fmedatastreaming/AirQualityDownload/AQData_Extract.fmw?CountryCode=BE&CityName=&Pollutant=10&Year_from=2016&Year_to=2016&Station=STA-BETN063&Samplingpoint=&Source=E1a&Output=HTML&UpdateDate="
"Belgium","NET-Wallonia","Wallonia","BETR221","43R221 - LIEGE","SPO-BETR221_00001_100","SO2","Sulphur dioxide (air)","P1Y-hr-max-per99.73","1 year 99.73 %ile of hourly values in a given year","2016","8.000","ug/m3","85.80","1","Background","Urban","5.6278","50.6584","65.0","Liège                                                                           ","BE005C1                                           ","383700","E1a/validated data AQ e-Reporting","18/03/2023 22:06:23","http://fme.discomap.eea.europa.eu/fmedatastreaming/AirQualityDownload/AQData_Extract.fmw?CountryCode=BE&CityName=&Pollutant=1&Year_from=2016&Year_to=2016&Station=STA-BETR221&Samplingpoint=&Source=E1a&Output=HTML&UpdateDate="
"Belgium","NET-Wallonia","Wallonia","BETN132","43N132 - HABAY-LA-N.","SPO-BETN132_00005_100","PM10","Particulate matter < 10 µm (aerosol)","P1Y-daysAbove50","1 year day exceed 50","2016","0.000","count","99.45","1","Background","Rural","5.6304","49.7193","375.0","","","","E1a/validated data AQ e-Reporting","18/03/2023 22:27:00","http://fme.discomap.eea.europa.eu/fmedatastreaming/AirQualityDownload/AQData_Extract.fmw?CountryCode=BE&CityName=&Pollutant=5&Year_from=2016&Year_to=2016&Station=STA-BETN132&Samplingpoint=&Source=E1a&Output=HTML&UpdateDate="
"Belgium","NET-Wallonia","Wallonia","BETN132","43N132 - HABAY-LA-N.","SPO-BETN132_00005_100","PM10","Particulate matter < 10 µm (aerosol)","P1Y-hr-max","1 year hour max","2016","155.271","ug/m3","99.34","1","Background","Rural","5.6304","49.7193","375.0","","","","E1a/validated data AQ e-Reporting","18/03/2023 21:57:02","http://fme.discomap.eea.europa.eu/fmedatastreaming/AirQualityDownload/AQData_Extract.fmw?CountryCode=BE&CityName=&Pollutant=5&Year_from=2016&Year_to=2016&Station=STA-BETN132&Samplingpoint=&Source=E1a&Output=HTML&UpdateDate="
"Belgium","NET-Flanders","Flanders","BETR701","44R701 - GENT","SPO-BETR701_00008_100","NO2","Nitrogen dioxide (air)","P1Y-hr-max","1 year hour max","2016","114.500","ug/m3","94.79","1","Background","Urban","3.7293","51.0583","5.0","Gent                                                                            ","BE003C1                                           ","263687","E1a/validated data AQ e-Reporting","18/03/2023 21:57:02","http://fme.discomap.eea.europa.eu/fmedatastreaming/AirQualityDownload/AQData_Extract.fmw?CountryCode=BE&CityName=&Pollutant=8&Year_from=2016&Year_to=2016&Station=STA-BETR701&Samplingpoint=&Source=E1a&Output=HTML&UpdateDate="
"Belgium","NET-Wallonia","Wallonia","BETR221","43R221 - LIEGE","SPO-BETR221_00008_100","NO2","Nitrogen dioxide (air)","P1Y-hr-per50","1 year 50 percentile","2016","23.500","ug/m3","97.02","1","Background","Urban","5.6278","50.6584","65.0","Liège                                                                           ","BE005C1                                           ","383700","E1a/validated data AQ e-Reporting","18/03/2023 22:05:49","http://fme.discomap.eea.europa.eu/fmedatastreaming/AirQualityDownload/AQData_Extract.fmw?CountryCode=BE&CityName=&Pollutant=8&Year_from=2016&Year_to=2016&Station=STA-BETR221&Samplingpoint=&Source=E1a&Output=HTML&UpdateDate="
"Belgium","NET-Wallonia","Wallonia","BETR221","43R221 - LIEGE","SPO-BETR221_00008_100","NO2","Nitrogen dioxide (air)","P1Y-hrsAbove400","1 year hour exceed 400","2016","0.000","count","97.02","1","Background","Urban","5.6278","50.6584","65.0","Liège                                                                           ","BE005C1                                           ","383700","E1a/validated data AQ e-Reporting","18/03/2023 21:54:38","http://fme.discomap.eea.europa.eu/fmedatastreaming/AirQualityDownload/AQData_Extract.fmw?CountryCode=BE&CityName=&Pollutant=8&Year_from=2016&Year_to=2016&Station=STA-BETR221&Samplingpoint=&Source=E1a&Output=HTML&UpdateDate="
"Belgium","NET-Wallonia","Wallonia","BETN070","43N070 - MONS","SPO-BETN070_06001_100","PM2.5","Particulate matter < 2.5 µm (aerosol)","P1Y-hr-min","1 year hour min","2016","0.000","ug/m3","99.59","1","Background","Suburban","3.9397","50.4652","30.0","Mons                                                                            ","BE009C1                                           ","95922","E1a/validated data AQ e-Reporting","18/03/2023 22:31:20","http://fme.discomap.eea.europa.eu/fmedatastreaming/AirQualityDownload/AQData_Extract.fmw?CountryCode=BE&CityName=&Pollutant=6001&Year_from=2016&Year_to=2016&Station=STA-BETN070&Samplingpoint=&Source=E1a&Output=HTML&UpdateDate="
"Belgium","NET-Wallonia","Wallonia","BETN063","43N063 - CORROY L.G.","SPO-BETN063_00008_100","NO2","Nitrogen dioxide (air)","P1Y-3hAbove400","3 consecutive hours in exceedance of 400","2016","0.000","count","97.29","1","Background","Rural","4.6683","50.6554","145.0","","","","E1a/validated data AQ e-Reporting","18/03/2023 22:22:30","http://fme.discomap.eea.europa.eu/fmedatastreaming/AirQualityDownload/AQData_Extract.fmw?CountryCode=BE&CityName=&Pollutant=8&Year_from=2016&Year_to=2016&Station=STA-BETN063&Samplingpoint=&Source=E1a&Output=HTML&UpdateDate="
"Belgium","NET-Wallonia","Wallonia","BETN121","43N121 - OFFAGNE","SPO-BETN121_00007_100","O3","Ozone (air)","P3Y-dmaxAbove120","Daymax exceed 120 averaged over 3 consecutive years","2016","10.333","count","100.00","1","Background","Rural","5.2024","49.8771","430.0","","","","E1a/validated data AQ e-Reporting","18/03/2023 22:34:54","http://fme.discomap.eea.europa.eu/fmedatastreaming/AirQualityDownload/AQData_Extract.fmw?CountryCode=BE&CityName=&Pollutant=7&Year_from=2016&Year_to=2016&Station=STA-BETN121&Samplingpoint=&Source=E1a&Output=HTML&UpdateDate="
"Belgium","NET-Wallonia","Wallonia","BETR222","43R222 - SERAING","SPO-BETR222_00010_100","CO","Carbon monoxide (air)","P1Y-hr-max","1 year hour max","2016","1.265","mg/m3","90.72","1","Background","Suburban","5.5702","50.6134","65.0","Liège                                                                           ","BE005C1                                           ","383700","E1a/validated data AQ e-Reporting","18/03/2023 21:57:02","http://fme.discomap.eea.europa.eu/fmedatastreaming/AirQualityDownload/AQData_Extract.fmw?CountryCode=BE&CityName=&Pollutant=10&Year_from=2016&Year_to=2016&Station=STA-BETR222&Samplingpoint=&Source=E1a&Output=HTML&UpdateDate="
"Belgium","NET-Wallonia","Wallonia","BETM204","43M204 - ANGLEUR","SPO-BETM204_00005_100","PM10","Particulate matter < 10 µm (aerosol)","P1Y-hr-min","1 year hour min","2016","0.000","ug/m3","98.47","1","Background","Suburban","5.6112","50.6119","70.0","Liège                                                                           ","BE005C1                                           ","383700","E1a/validated data AQ e-Reporting","18/03/2023 22:31:20","http://fme.discomap.eea.europa.eu/fmedatastreaming/AirQualityDownload/AQData_Extract.fmw?CountryCode=BE&CityName=&Pollutant=5&Year_from=2016&Year_to=2016&Station=STA-BETM204&Samplingpoint=&Source=E1a&Output=HTML&UpdateDate="
"Belgium","NET-Flanders","Flanders","BETR815","42R815 - ZWIJNDRECHT","SPO-BETR815_00008_100","NO2","Nitrogen dioxide (air)","P1Y-P1D-per99","1 year 99 percentile of daily means (P1D) or .../aq/primaryObservation/day","2016","69.283","ug/m3","98.09","1","Industrial","Suburban","4.3322","51.2147","7.0","","","","E1a/validated data AQ e-Reporting","18/03/2023 22:10:34","http://fme.discomap.eea.europa.eu/fmedatastreaming/AirQualityDownload/AQData_Extract.fmw?CountryCode=BE&CityName=&Pollutant=8&Year_from=2016&Year_to=2016&Station=STA-BETR815&Samplingpoint=&Source=E1a&Output=HTML&UpdateDate="
"Belgium","NET-Wallonia","Wallonia","BETH201","43H201 - LIEGE","SPO-BETH201_00005_100","PM10","Particulate matter < 10 µm (aerosol)","P3Y","3 subsequent calendar years mean","2016","16.632","ug/m3","98.95","1","Background","Suburban","5.5475","50.6250","160.0","Liège                                                                           ","BE005C1                                           ","383700","E1a/validated data AQ e-Reporting","18/03/2023 21:36:00","http://fme.discomap.eea.europa.eu/fmedatastreaming/AirQualityDownload/AQData_Extract.fmw?CountryCode=BE&CityName=&Pollutant=5&Year_from=2016&Year_to=2016&Station=STA-BETH201&Samplingpoint=&Source=E1a&Output=HTML&UpdateDate="
"Belgium","NET-Wallonia","Wallonia","BETR240","43R240 - ENGIS","SPO-BETR240_00001_100","SO2","Sulphur dioxide (air)","P1Y-3hAbove500","3 consecutive hours in exceedance of 500","2016","0.000","count","95.16","1","Industrial","Suburban","5.3975","50.5836","135.0","","","","E1a/validated data AQ e-Reporting","18/03/2023 22:18:09","http://fme.discomap.eea.europa.eu/fmedatastreaming/AirQualityDownload/AQData_Extract.fmw?CountryCode=BE&CityName=&Pollutant=1&Year_from=2016&Year_to=2016&Station=STA-BETR240&Samplingpoint=&Source=E1a&Output=HTML&UpdateDate="
"Belgium","NET-Wallonia","Wallonia","BETN073","43N073 - VEZIN","SPO-BETN073_00007_100","O3","Ozone (air)","P3Y-dmaxAbove120","Daymax exceed 120 averaged over 3 consecutive years","2016","10.000","count","100.00","1","Background","Rural","4.9884","50.5027","160.0","","","","E1a/validated data AQ e-Reporting","18/03/2023 22:34:54","http://fme.discomap.eea.europa.eu/fmedatastreaming/AirQualityDownload/AQData_Extract.fmw?CountryCode=BE&CityName=&Pollutant=7&Year_from=2016&Year_to=2016&Station=STA-BETN073&Samplingpoint=&Source=E1a&Output=HTML&UpdateDate="
"Belgium","NET-Flanders","Flanders","BETN016","42N016 - DESSEL","SPO-BETN016_06001_100","PM2.5","Particulate matter < 2.5 µm (aerosol)","P3Y","3 subsequent calendar years mean","2016","13.358","ug/m3","85.10","1","Background","Rural","5.1640","51.2337","30.0","","","","E1a/validated data AQ e-Reporting","18/03/2023 21:36:00","http://fme.discomap.eea.europa.eu/fmedatastreaming/AirQualityDownload/AQData_Extract.fmw?CountryCode=BE&CityName=&Pollutant=6001&Year_from=2016&Year_to=2016&Station=STA-BETN016&Samplingpoint=&Source=E1a&Output=HTML&UpdateDate="
"Belgium","NET-Wallonia","Wallonia","BETN073","43N073 - VEZIN","SPO-BETN073_00008_100","NO2","Nitrogen dioxide (air)","P1Y-day-max","1 year day max","2016","44.391","ug/m3","100.00","1","Background","Rural","4.9884","50.5027","160.0","","","","E1a/validated data AQ e-Reporting","18/03/2023 21:43:56","http://fme.discomap.eea.europa.eu/fmedatastreaming/AirQualityDownload/AQData_Extract.fmw?CountryCode=BE&CityName=&Pollutant=8&Year_from=2016&Year_to=2016&Station=STA-BETN073&Samplingpoint=&Source=E1a&Output=HTML&UpdateDate="
"Belgium","NET-Wallonia","Wallonia","BETN073","43N073 - VEZIN","SPO-BETN073_00008_100","NO2","Nitrogen dioxide (air)","P1Y-hr-per50","1 year 50 percentile","2016","9.000","ug/m3","97.44","1","Background","Rural","4.9884","50.5027","160.0","","","","E1a/validated data AQ e-Reporting","18/03/2023 22:05:49","http://fme.discomap.eea.europa.eu/fmedatastreaming/AirQualityDownload/AQData_Extract.fmw?CountryCode=BE&CityName=&Pollutant=8&Year_from=2016&Year_to=2016&Station=STA-BETN073&Samplingpoint=&Source=E1a&Output=HTML&UpdateDate="
"Belgium","NET-Flanders","Flanders","BETR701","44R701 - GENT","SPO-BETR701_00007_100","O3","Ozone (air)","AOT40c","AOT40 vegetation protection","2016","5514.977","ug/m3","89.58","1","Background","Urban","3.7293","51.0583","5.0","Gent                                                                            ","BE003C1                                           ","263687","E1a/validated data AQ e-Reporting","18/03/2023 23:06:29","http://fme.discomap.eea.europa.eu/fmedatastreaming/AirQualityDownload/AQData_Extract.fmw?CountryCode=BE&CityName=&Pollutant=7&Year_from=2016&Year_to=2016&Station=STA-BETR701&Samplingpoint=&Source=E1a&Output=HTML&UpdateDate="
"Belgium","NET-Flanders","Flanders","BETR823","42R823 - BEVEREN","SPO-BETR823_00001_100","SO2","Sulphur dioxide (air)","P1Y-daysAbove125","1 year day exceed 125","2016","0.000","count","99.45","1","Background","Suburban","4.2399","51.2133","0.0","","","","E1a/validated data AQ e-Reporting","18/03/2023 22:23:37","http://fme.discomap.eea.europa.eu/fmedatastreaming/AirQualityDownload/AQData_Extract.fmw?CountryCode=BE&CityName=&Pollutant=1&Year_from=2016&Year_to=2016&Station=STA-BETR823&Samplingpoint=&Source=E1a&Output=HTML&UpdateDate="
"Belgium","NET-Flanders","Flanders","BETR823","42R823 - BEVEREN","SPO-BETR823_00005_100","PM10","Particulate matter < 10 µm (aerosol)","P1Y","Annual mean / 1 calendar year","2016","22.786","ug/m3","99.83","1","Background","Suburban","4.2399","51.2133","0.0","","","","E1a/validated data AQ e-Reporting","18/03/2023 21:08:58","http://fme.discomap.eea.europa.eu/fmedatastreaming/AirQualityDownload/AQData_Extract.fmw?CountryCode=BE&CityName=&Pollutant=5&Year_from=2016&Year_to=2016&Station=STA-BETR823&Samplingpoint=&Source=E1a&Output=HTML&UpdateDate="
"Belgium","NET-Flanders","Flanders","BETR823","42R823 - BEVEREN","SPO-BETR823_06001_100","PM2.5","Particulate matter < 2.5 µm (aerosol)","P1Y-day-min","1 year day min","2016","2.958","ug/m3","100.00","1","Background","Suburban","4.2399","51.2133","0.0","","","","E1a/validated data AQ e-Reporting","18/03/2023 21:55:29","http://fme.discomap.eea.europa.eu/fmedatastreaming/AirQualityDownload/AQData_Extract.fmw?CountryCode=BE&CityName=&Pollutant=6001&Year_from=2016&Year_to=2016&Station=STA-BETR823&Samplingpoint=&Source=E1a&Output=HTML&UpdateDate="
"Belgium","NET-Flanders","Flanders","BETR830","42R830 - DOEL","SPO-BETR830_00001_100","SO2","Sulphur dioxide (air)","winter-avg","Winter mean","2016","2.530","ug/m3","97.02","1","Industrial","Rural","4.2626","51.3182","5.0","","","","E1a/validated data AQ e-Reporting","18/03/2023 22:50:43","http://fme.discomap.eea.europa.eu/fmedatastreaming/AirQualityDownload/AQData_Extract.fmw?CountryCode=BE&CityName=&Pollutant=1&Year_from=2016&Year_to=2016&Station=STA-BETR830&Samplingpoint=&Source=E1a&Output=HTML&UpdateDate="
"Belgium","NET-Flanders","Flanders","BETR805","42R805 - ANTWERPEN","SPO-BETR805_00008_100","NO2","Nitrogen dioxide (air)","P1Y-3hAbove400","3 consecutive hours in exceedance of 400","2016","0.000","count","95.46","1","Traffic","Urban","4.4216","51.2082","6.0","Antwerpen                                                                       ","BE002C1                                           ","530014","E1a/validated data AQ e-Reporting","18/03/2023 22:22:30","http://fme.discomap.eea.europa.eu/fmedatastreaming/AirQualityDownload/AQData_Extract.fmw?CountryCode=BE&CityName=&Pollutant=8&Year_from=2016&Year_to=2016&Station=STA-BETR805&Samplingpoint=&Source=E1a&Output=HTML&UpdateDate="
"Belgium","NET-Flanders","Flanders","BETN054","42N054 - WALSHOUTEM","SPO-BETN054_00008_100","NO2","Nitrogen dioxide (air)","P1Y-hr-max-per99.79","1 year 99.79 %ile of hourly values in a given year","2016","76.000","ug/m3","94.35","1","Background","Rural","5.1032","50.7117","135.0","","","","E1a/validated data AQ e-Reporting","18/03/2023 22:07:35","http://fme.discomap.eea.europa.eu/fmedatastreaming/AirQualityDownload/AQData_Extract.fmw?CountryCode=BE&CityName=&Pollutant=8&Year_from=2016&Year_to=2016&Station=STA-BETN054&Samplingpoint=&Source=E1a&Output=HTML&UpdateDate="
"Belgium","NET-Flanders","Flanders","BETR823","42R823 - BEVEREN","SPO-BETR823_00008_100","NO2","Nitrogen dioxide (air)","P1Y-hr-max","1 year hour max","2016","99.000","ug/m3","97.12","1","Background","Suburban","4.2399","51.2133","0.0","","","","E1a/validated data AQ e-Reporting","18/03/2023 21:57:02","http://fme.discomap.eea.europa.eu/fmedatastreaming/AirQualityDownload/AQData_Extract.fmw?CountryCode=BE&CityName=&Pollutant=8&Year_from=2016&Year_to=2016&Station=STA-BETR823&Samplingpoint=&Source=E1a&Output=HTML&UpdateDate="
"Belgium","NET-Flanders","Flanders","BETN054","42N054 - WALSHOUTEM","SPO-BETN054_00007_100","O3","Ozone (air)","AOT40cmeasured","AOT40c UNCORRECTED for data capture","2016","8305.500","ug/m3","96.01","1","Background","Rural","5.1032","50.7117","135.0","","","","E1a/validated data AQ e-Reporting","18/03/2023 23:01:40","http://fme.discomap.eea.europa.eu/fmedatastreaming/AirQualityDownload/AQData_Extract.fmw?CountryCode=BE&CityName=&Pollutant=7&Year_from=2016&Year_to=2016&Station=STA-BETN054&Samplingpoint=&Source=E1a&Output=HTML&UpdateDate="
"Belgium","NET-Flanders","Flanders","BETN054","42N054 - WALSHOUTEM","SPO-BETN054_00007_100","O3","Ozone (air)","P1Y-day-max","1 year day max","2016","117.609","ug/m3","93.17","1","Background","Rural","5.1032","50.7117","135.0","","","","E1a/validated data AQ e-Reporting","18/03/2023 21:44:13","http://fme.discomap.eea.europa.eu/fmedatastreaming/AirQualityDownload/AQData_Extract.fmw?CountryCode=BE&CityName=&Pollutant=7&Year_from=2016&Year_to=2016&Station=STA-BETN054&Samplingpoint=&Source=E1a&Output=HTML&UpdateDate="
"Belgium","NET-Flanders","Flanders","BETR805","42R805 - ANTWERPEN","SPO-BETR805_06001_100","PM2.5","Particulate matter < 2.5 µm (aerosol)","P3Y","3 subsequent calendar years mean","2016","12.972","ug/m3","45.09","1","Traffic","Urban","4.4216","51.2082","6.0","Antwerpen                                                                       ","BE002C1                                           ","530014","E1a/validated data AQ e-Reporting","18/03/2023 21:36:00","http://fme.discomap.eea.europa.eu/fmedatastreaming/AirQualityDownload/AQData_Extract.fmw?CountryCode=BE&CityName=&Pollutant=6001&Year_from=2016&Year_to=2016&Station=STA-BETR805&Samplingpoint=&Source=E1a&Output=HTML&UpdateDate="
"Belgium","NET-Wallonia","Wallonia","BETN085","43N085 - VIELSALM","SPO-BETN085_00001_100","SO2","Sulphur dioxide (air)","P1Y-P1D-per99","1 year 99 percentile of daily means (P1D) or .../aq/primaryObservation/day","2016","1.000","ug/m3","98.09","1","Background","Rural","6.0017","50.3032","490.0","","","","E1a/validated data AQ e-Reporting","18/03/2023 22:11:00","http://fme.discomap.eea.europa.eu/fmedatastreaming/AirQualityDownload/AQData_Extract.fmw?CountryCode=BE&CityName=&Pollutant=1&Year_from=2016&Year_to=2016&Station=STA-BETN085&Samplingpoint=&Source=E1a&Output=HTML&UpdateDate="
"Belgium","NET-Wallonia","Wallonia","BETN093","43N093 - SINSIN","SPO-BETN093_00007_100","O3","Ozone (air)","P1Y-hr-per50","1 year 50 percentile","2016","46.500","ug/m3","93.59","1","Background","Rural","5.2352","50.2745","265.0","","","","E1a/validated data AQ e-Reporting","18/03/2023 22:05:49","http://fme.discomap.eea.europa.eu/fmedatastreaming/AirQualityDownload/AQData_Extract.fmw?CountryCode=BE&CityName=&Pollutant=7&Year_from=2016&Year_to=2016&Station=STA-BETN093&Samplingpoint=&Source=E1a&Output=HTML&UpdateDate="
"Belgium","NET-Flanders","Flanders","BETR710","44R710 - DESTELBERGE","SPO-BETR710_00008_100","NO2","Nitrogen dioxide (air)","P1Y-day-min","1 year day min","2016","4.196","ug/m3","97.27","1","Background","Suburban","3.7753","51.0613","6.0","","","","E1a/validated data AQ e-Reporting","18/03/2023 21:56:03","http://fme.discomap.eea.europa.eu/fmedatastreaming/AirQualityDownload/AQData_Extract.fmw?CountryCode=BE&CityName=&Pollutant=8&Year_from=2016&Year_to=2016&Station=STA-BETR710&Samplingpoint=&Source=E1a&Output=HTML&UpdateDate="
"Belgium","NET-Flanders","Flanders","BETR823","42R823 - BEVEREN","SPO-BETR823_00008_100","NO2","Nitrogen dioxide (air)","P1Y-hr-min","1 year hour min","2016","1.000","ug/m3","97.12","1","Background","Suburban","4.2399","51.2133","0.0","","","","E1a/validated data AQ e-Reporting","18/03/2023 22:31:20","http://fme.discomap.eea.europa.eu/fmedatastreaming/AirQualityDownload/AQData_Extract.fmw?CountryCode=BE&CityName=&Pollutant=8&Year_from=2016&Year_to=2016&Station=STA-BETR823&Samplingpoint=&Source=E1a&Output=HTML&UpdateDate="
"Belgium","NET-Flanders","Flanders","BETR831","42R831 - BERENDRECHT","SPO-BETR831_00005_100","PM10","Particulate matter < 10 µm (aerosol)","P1Y-P1D-per90.41","1 year 90.41 percentile","2016","35.688","ug/m3","97.81","1","Industrial","Rural","4.3397","51.3488","3.0","Antwerpen                                                                       ","BE002C1                                           ","530014","E1a/validated data AQ e-Reporting","18/03/2023 22:09:05","http://fme.discomap.eea.europa.eu/fmedatastreaming/AirQualityDownload/AQData_Extract.fmw?CountryCode=BE&CityName=&Pollutant=5&Year_from=2016&Year_to=2016&Station=STA-BETR831&Samplingpoint=&Source=E1a&Output=HTML&UpdateDate="
"Belgium","NET-Flanders","Flanders","BETR831","42R831 - BERENDRECHT","SPO-BETR831_00001_100","SO2","Sulphur dioxide (air)","P1Y-hr-max-per99.73","1 year 99.73 %ile of hourly values in a given year","2016","36.000","ug/m3","97.13","1","Industrial","Rural","4.3397","51.3488","3.0","Antwerpen                                                                       ","BE002C1                                           ","530014","E1a/validated data AQ e-Reporting","18/03/2023 22:06:23","http://fme.discomap.eea.europa.eu/fmedatastreaming/AirQualityDownload/AQData_Extract.fmw?CountryCode=BE&CityName=&Pollutant=1&Year_from=2016&Year_to=2016&Station=STA-BETR831&Samplingpoint=&Source=E1a&Output=HTML&UpdateDate="
"Belgium","NET-Flanders","Flanders","BETR831","42R831 - BERENDRECHT","SPO-BETR831_00001_100","SO2","Sulphur dioxide (air)","winter-avg","Winter mean","2016","2.718","ug/m3","96.54","1","Industrial","Rural","4.3397","51.3488","3.0","Antwerpen                                                                       ","BE002C1                                           ","530014","E1a/validated data AQ e-Reporting","18/03/2023 22:50:43","http://fme.discomap.eea.europa.eu/fmedatastreaming/AirQualityDownload/AQData_Extract.fmw?CountryCode=BE&CityName=&Pollutant=1&Year_from=2016&Year_to=2016&Station=STA-BETR831&Samplingpoint=&Source=E1a&Output=HTML&UpdateDate="
"Belgium","NET-Flanders","Flanders","BETR801","42R801 - BORGERHOUT","SPO-BETR801_00007_100","O3","Ozone (air)","P3Y","3 subsequent calendar years mean","2016","31.925","ug/m3","92.39","1","Background","Urban","4.4318","51.2097","6.0","Antwerpen                                                                       ","BE002C1                                           ","530014","E1a/validated data AQ e-Reporting","18/03/2023 21:36:00","http://fme.discomap.eea.europa.eu/fmedatastreaming/AirQualityDownload/AQData_Extract.fmw?CountryCode=BE&CityName=&Pollutant=7&Year_from=2016&Year_to=2016&Station=STA-BETR801&Samplingpoint=&Source=E1a&Output=HTML&UpdateDate="
"Belgium","NET-Wallonia","Wallonia","BEVN070","50N070 - MONS","SPO-BEVN070_00021_100","C6H5-CH3","Toluene (air)","P1Y","Annual mean / 1 calendar year","2016","0.001","ug/m3","47.80","1","Background","Suburban","3.9397","50.4652","30.0","Mons                                                                            ","BE009C1                                           ","95922","E1a/validated data AQ e-Reporting","18/03/2023 21:08:58","http://fme.discomap.eea.europa.eu/fmedatastreaming/AirQualityDownload/AQData_Extract.fmw?CountryCode=BE&CityName=&Pollutant=21&Year_from=2016&Year_to=2016&Station=STA-BEVN070&Samplingpoint=&Source=E1a&Output=HTML&UpdateDate="
"Belgium","NET-Flanders","Flanders","BETN029","44N029 - HOUTEM","SPO-BETN029_00008_100","NO2","Nitrogen dioxide (air)","P1Y-hr-max19","1 year hour max19","2016","52.500","ug/m3","96.62","1","Background","Rural","2.5823","51.0163","2.0","","","","E1a/validated data AQ e-Reporting","18/03/2023 22:34:35","http://fme.discomap.eea.europa.eu/fmedatastreaming/AirQualityDownload/AQData_Extract.fmw?CountryCode=BE&CityName=&Pollutant=8&Year_from=2016&Year_to=2016&Station=STA-BETN029&Samplingpoint=&Source=E1a&Output=HTML&UpdateDate="
"Belgium","NET-Flanders","Flanders","BETR721","44R721 - WONDELGEM","SPO-BETR721_00001_100","SO2","Sulphur dioxide (air)","P1Y-daysAbove125","1 year day exceed 125","2016","0.000","count","98.09","1","Industrial","Suburban","3.7161","51.0890","6.0","Gent                                                                            ","BE003C1                                           ","263687","E1a/validated data AQ e-Reporting","18/03/2023 22:23:37","http://fme.discomap.eea.europa.eu/fmedatastreaming/AirQualityDownload/AQData_Extract.fmw?CountryCode=BE&CityName=&Pollutant=1&Year_from=2016&Year_to=2016&Station=STA-BETR721&Samplingpoint=&Source=E1a&Output=HTML&UpdateDate="
"Belgium","NET-Flanders","Flanders","BETR817","42R817 - ANTWERPEN","SPO-BETR817_06001_100","PM2.5","Particulate matter < 2.5 µm (aerosol)","P1Y-day-min","1 year day min","2016","2.292","ug/m3","100.00","1","Background","Suburban","4.4180","51.1771","6.0","Antwerpen                                                                       ","BE002C1                                           ","530014","E1a/validated data AQ e-Reporting","18/03/2023 21:55:29","http://fme.discomap.eea.europa.eu/fmedatastreaming/AirQualityDownload/AQData_Extract.fmw?CountryCode=BE&CityName=&Pollutant=6001&Year_from=2016&Year_to=2016&Station=STA-BETR817&Samplingpoint=&Source=E1a&Output=HTML&UpdateDate="
"Belgium","NET-Flanders","Flanders","BETR802","42R802 - BORGERHOUT","SPO-BETR802_00005_100","PM10","Particulate matter < 10 µm (aerosol)","P1Y-P1D-per90.41","1 year 90.41 percentile","2016","38.871","ug/m3","98.91","1","Traffic","Urban","4.4318","51.2095","6.0","Antwerpen                                                                       ","BE002C1                                           ","530014","E1a/validated data AQ e-Reporting","18/03/2023 22:09:05","http://fme.discomap.eea.europa.eu/fmedatastreaming/AirQualityDownload/AQData_Extract.fmw?CountryCode=BE&CityName=&Pollutant=5&Year_from=2016&Year_to=2016&Station=STA-BETR802&Samplingpoint=&Source=E1a&Output=HTML&UpdateDate="
"Belgium","NET-Wallonia","Wallonia","BEVN073","50N073 - VEZIN","SPO-BEVN073_00441_100","C7H16","n-Heptane (air)","P1Y","Annual mean / 1 calendar year","2016","0.000","ug/m3","49.45","1","Background","Rural","4.9884","50.5027","160.0","","","","E1a/validated data AQ e-Reporting","18/03/2023 21:08:58","http://fme.discomap.eea.europa.eu/fmedatastreaming/AirQualityDownload/AQData_Extract.fmw?CountryCode=BE&CityName=&Pollutant=441&Year_from=2016&Year_to=2016&Station=STA-BEVN073&Samplingpoint=&Source=E1a&Output=HTML&UpdateDate="
"Belgium","NET-Wallonia","Wallonia","BEVN073","50N073 - VEZIN","SPO-BEVN073_00482_100","o-C6H4-(CH3)2","o-Xylene (air)","P1Y","Annual mean / 1 calendar year","2016","0.000","ug/m3","49.45","1","Background","Rural","4.9884","50.5027","160.0","","","","E1a/validated data AQ e-Reporting","18/03/2023 21:08:58","http://fme.discomap.eea.europa.eu/fmedatastreaming/AirQualityDownload/AQData_Extract.fmw?CountryCode=BE&CityName=&Pollutant=482&Year_from=2016&Year_to=2016&Station=STA-BEVN073&Samplingpoint=&Source=E1a&Output=HTML&UpdateDate="
"Belgium","NET-Flanders","Flanders","BETR830","42R830 - DOEL","SPO-BETR830_00001_100","SO2","Sulphur dioxide (air)","P1Y-hrsAbove350","1 year hour exceed 350","2016","0.000","count","97.24","1","Industrial","Rural","4.2626","51.3182","5.0","","","","E1a/validated data AQ e-Reporting","18/03/2023 21:52:12","http://fme.discomap.eea.europa.eu/fmedatastreaming/AirQualityDownload/AQData_Extract.fmw?CountryCode=BE&CityName=&Pollutant=1&Year_from=2016&Year_to=2016&Station=STA-BETR830&Samplingpoint=&Source=E1a&Output=HTML&UpdateDate="
"Belgium","NET-Wallonia","Wallonia","BETN093","43N093 - SINSIN","SPO-BETN093_00001_100","SO2","Sulphur dioxide (air)","P1Y-3hAbove500","3 consecutive hours in exceedance of 500","2016","0.000","count","94.90","1","Background","Rural","5.2352","50.2745","265.0","","","","E1a/validated data AQ e-Reporting","18/03/2023 22:18:09","http://fme.discomap.eea.europa.eu/fmedatastreaming/AirQualityDownload/AQData_Extract.fmw?CountryCode=BE&CityName=&Pollutant=1&Year_from=2016&Year_to=2016&Station=STA-BETN093&Samplingpoint=&Source=E1a&Output=HTML&UpdateDate="
"Belgium","NET-Wallonia","Wallonia","BETN093","43N093 - SINSIN","SPO-BETN093_00001_100","SO2","Sulphur dioxide (air)","P1Y-hr-max-per99.73","1 year 99.73 %ile of hourly values in a given year","2016","3.000","ug/m3","94.90","1","Background","Rural","5.2352","50.2745","265.0","","","","E1a/validated data AQ e-Reporting","18/03/2023 22:06:23","http://fme.discomap.eea.europa.eu/fmedatastreaming/AirQualityDownload/AQData_Extract.fmw?CountryCode=BE&CityName=&Pollutant=1&Year_from=2016&Year_to=2016&Station=STA-BETN093&Samplingpoint=&Source=E1a&Output=HTML&UpdateDate="
"Belgium","NET-Flanders","Flanders","BETR811","42R811 - SCHOTEN","SPO-BETR811_00007_100","O3","Ozone (air)","P1Y-hr-max","1 year hour max","2016","187.500","ug/m3","93.39","1","Background","Suburban","4.4914","51.2521","8.0","","","","E1a/validated data AQ e-Reporting","18/03/2023 21:57:02","http://fme.discomap.eea.europa.eu/fmedatastreaming/AirQualityDownload/AQData_Extract.fmw?CountryCode=BE&CityName=&Pollutant=7&Year_from=2016&Year_to=2016&Station=STA-BETR811&Samplingpoint=&Source=E1a&Output=HTML&UpdateDate="
"Belgium","NET-Wallonia","Wallonia","BEVN070","50N070 - MONS","SPO-BEVN070_00020_100","C6H6","Benzene (air)","P1Y-day-min","1 year day min","2016","0.160","ug/m3","47.81","1","Background","Suburban","3.9397","50.4652","30.0","Mons                                                                            ","BE009C1                                           ","95922","E1a/validated data AQ e-Reporting","18/03/2023 21:55:46","http://fme.discomap.eea.europa.eu/fmedatastreaming/AirQualityDownload/AQData_Extract.fmw?CountryCode=BE&CityName=&Pollutant=20&Year_from=2016&Year_to=2016&Station=STA-BEVN070&Samplingpoint=&Source=E1a&Output=HTML&UpdateDate="
"Belgium","NET-Wallonia","Wallonia","BETR502","45R502 - LODELINSART","SPO-BETR502_00008_100","NO2","Nitrogen dioxide (air)","P1Y-hr-per50","1 year 50 percentile","2016","23.000","ug/m3","97.52","1","Background","Suburban","4.4587","50.4290","135.0","Charleroi                                                                       ","BE004C1                                           ","203314","E1a/validated data AQ e-Reporting","18/03/2023 22:05:49","http://fme.discomap.eea.europa.eu/fmedatastreaming/AirQualityDownload/AQData_Extract.fmw?CountryCode=BE&CityName=&Pollutant=8&Year_from=2016&Year_to=2016&Station=STA-BETR502&Samplingpoint=&Source=E1a&Output=HTML&UpdateDate="
"Belgium","NET-Wallonia","Wallonia","BEVN070","50N070 - MONS","SPO-BEVN070_06007_100","cis-H3C-CH=CH-CH3","cis-2-Butene (air)","P1Y","Annual mean / 1 calendar year","2016","0.000","ug/m3","47.80","1","Background","Suburban","3.9397","50.4652","30.0","Mons                                                                            ","BE009C1                                           ","95922","E1a/validated data AQ e-Reporting","18/03/2023 21:08:58","http://fme.discomap.eea.europa.eu/fmedatastreaming/AirQualityDownload/AQData_Extract.fmw?CountryCode=BE&CityName=&Pollutant=6007&Year_from=2016&Year_to=2016&Station=STA-BEVN070&Samplingpoint=&Source=E1a&Output=HTML&UpdateDate="
"Belgium","NET-Wallonia","Wallonia","BEVR231","50R231 - ANS","SPO-BEVR231_00486_100","H3C-(CH2)3-CH3","n-Pentane (air)","P1Y","Annual mean / 1 calendar year","2016","0.001","ug/m3","44.81","1","Background","Urban","5.5294","50.6601","160.0","Liège                                                                           ","BE005C1                                           ","383700","E1a/validated data AQ e-Reporting","18/03/2023 21:08:58","http://fme.discomap.eea.europa.eu/fmedatastreaming/AirQualityDownload/AQData_Extract.fmw?CountryCode=BE&CityName=&Pollutant=486&Year_from=2016&Year_to=2016&Station=STA-BEVR231&Samplingpoint=&Source=E1a&Output=HTML&UpdateDate="
"Belgium","NET-Wallonia","Wallonia","BEVR240","50R240 - ENGIS","SPO-BEVR240_06007_100","cis-H3C-CH=CH-CH3","cis-2-Butene (air)","P1Y","Annual mean / 1 calendar year","2016","0.000","ug/m3","48.63","1","Industrial","Suburban","5.3975","50.5836","135.0","","","","E1a/validated data AQ e-Reporting","18/03/2023 21:08:58","http://fme.discomap.eea.europa.eu/fmedatastreaming/AirQualityDownload/AQData_Extract.fmw?CountryCode=BE&CityName=&Pollutant=6007&Year_from=2016&Year_to=2016&Station=STA-BEVR240&Samplingpoint=&Source=E1a&Output=HTML&UpdateDate="
"Belgium","NET-Wallonia","Wallonia","BETR512","45R512 - MARCHIENNE","SPO-BETR512_06001_100","PM2.5","Particulate matter < 2.5 µm (aerosol)","P1Y-hr-min","1 year hour min","2016","0.000","ug/m3","99.27","1","Industrial","Suburban","4.3959","50.4078","107.0","Charleroi                                                                       ","BE004C1                                           ","203314","E1a/validated data AQ e-Reporting","18/03/2023 22:31:20","http://fme.discomap.eea.europa.eu/fmedatastreaming/AirQualityDownload/AQData_Extract.fmw?CountryCode=BE&CityName=&Pollutant=6001&Year_from=2016&Year_to=2016&Station=STA-BETR512&Samplingpoint=&Source=E1a&Output=HTML&UpdateDate="
"Belgium","NET-Wallonia","Wallonia","BEVN063","50N063 - CORROY L.G.","SPO-BEVN063_00020_100","C6H6","Benzene (air)","P1Y","Annual mean / 1 calendar year","2016","0.473","ug/m3","44.81","1","Background","Rural","4.6683","50.6554","145.0","","","","E1a/validated data AQ e-Reporting","18/03/2023 21:08:58","http://fme.discomap.eea.europa.eu/fmedatastreaming/AirQualityDownload/AQData_Extract.fmw?CountryCode=BE&CityName=&Pollutant=20&Year_from=2016&Year_to=2016&Station=STA-BEVN063&Samplingpoint=&Source=E1a&Output=HTML&UpdateDate="
"Belgium","NET-Wallonia","Wallonia","BETR223","43R223 - JEMEPPE","SPO-BETR223_00008_100","NO2","Nitrogen dioxide (air)","P1Y-3hAbove400","3 consecutive hours in exceedance of 400","2016","0.000","count","97.01","1","Industrial","Suburban","5.5164","50.6207","50.0","Liège                                                                           ","BE005C1                                           ","383700","E1a/validated data AQ e-Reporting","18/03/2023 22:22:30","http://fme.discomap.eea.europa.eu/fmedatastreaming/AirQualityDownload/AQData_Extract.fmw?CountryCode=BE&CityName=&Pollutant=8&Year_from=2016&Year_to=2016&Station=STA-BETR223&Samplingpoint=&Source=E1a&Output=HTML&UpdateDate="
"Belgium","NET-Wallonia","Wallonia","BEVN063","50N063 - CORROY L.G.","SPO-BEVN063_00475_100","C8H18","n-Octane (air)","P1Y","Annual mean / 1 calendar year","2016","0.000","ug/m3","46.72","1","Background","Rural","4.6683","50.6554","145.0","","","","E1a/validated data AQ e-Reporting","18/03/2023 21:08:58","http://fme.discomap.eea.europa.eu/fmedatastreaming/AirQualityDownload/AQData_Extract.fmw?CountryCode=BE&CityName=&Pollutant=475&Year_from=2016&Year_to=2016&Station=STA-BEVN063&Samplingpoint=&Source=E1a&Output=HTML&UpdateDate="
"Belgium","NET-Wallonia","Wallonia","BEVN066","50N066 - EUPEN","SPO-BEVN066_00020_100","C6H6","Benzene (air)","P1Y-day-max","1 year day max","2016","1.330","ug/m3","48.09","1","Background","Rural","6.0023","50.6289","295.0","","","","E1a/validated data AQ e-Reporting","18/03/2023 21:43:39","http://fme.discomap.eea.europa.eu/fmedatastreaming/AirQualityDownload/AQData_Extract.fmw?CountryCode=BE&CityName=&Pollutant=20&Year_from=2016&Year_to=2016&Station=STA-BEVN066&Samplingpoint=&Source=E1a&Output=HTML&UpdateDate="
"Belgium","NET-Wallonia","Wallonia","BETN070","43N070 - MONS","SPO-BETN070_00005_100","PM10","Particulate matter < 10 µm (aerosol)","P1Y-hr-max","1 year hour max","2016","153.271","ug/m3","99.59","1","Background","Suburban","3.9397","50.4652","30.0","Mons                                                                            ","BE009C1                                           ","95922","E1a/validated data AQ e-Reporting","18/03/2023 21:57:02","http://fme.discomap.eea.europa.eu/fmedatastreaming/AirQualityDownload/AQData_Extract.fmw?CountryCode=BE&CityName=&Pollutant=5&Year_from=2016&Year_to=2016&Station=STA-BETN070&Samplingpoint=&Source=E1a&Output=HTML&UpdateDate="
"Belgium","NET-Wallonia","Wallonia","BETN067","43N067 - MEMBACH","SPO-BETN067_00005_100","PM10","Particulate matter < 10 µm (aerosol)","P1Y-day-max36","1 year day max 36","2016","27.250","ug/m3","100.00","1","Background","Suburban","5.9928","50.6123","0.0","","","","E1a/validated data AQ e-Reporting","18/03/2023 22:32:47","http://fme.discomap.eea.europa.eu/fmedatastreaming/AirQualityDownload/AQData_Extract.fmw?CountryCode=BE&CityName=&Pollutant=5&Year_from=2016&Year_to=2016&Station=STA-BETN067&Samplingpoint=&Source=E1a&Output=HTML&UpdateDate="
"Belgium","NET-Flanders","Flanders","BETR811","42R811 - SCHOTEN","SPO-BETR811_06001_100","PM2.5","Particulate matter < 2.5 µm (aerosol)","P1Y-hr-max","1 year hour max","2016","101.500","ug/m3","99.64","1","Background","Suburban","4.4914","51.2521","8.0","","","","E1a/validated data AQ e-Reporting","18/03/2023 21:57:02","http://fme.discomap.eea.europa.eu/fmedatastreaming/AirQualityDownload/AQData_Extract.fmw?CountryCode=BE&CityName=&Pollutant=6001&Year_from=2016&Year_to=2016&Station=STA-BETR811&Samplingpoint=&Source=E1a&Output=HTML&UpdateDate="
"Belgium","NET-Wallonia","Wallonia","BETN093","43N093 - SINSIN","SPO-BETN093_00005_100","PM10","Particulate matter < 10 µm (aerosol)","P1Y-day-per50","1 year 50 %ile of daily values in a year","2016","11.718","ug/m3","97.27","1","Background","Rural","5.2352","50.2745","265.0","","","","E1a/validated data AQ e-Reporting","18/03/2023 22:08:05","http://fme.discomap.eea.europa.eu/fmedatastreaming/AirQualityDownload/AQData_Extract.fmw?CountryCode=BE&CityName=&Pollutant=5&Year_from=2016&Year_to=2016&Station=STA-BETN093&Samplingpoint=&Source=E1a&Output=HTML&UpdateDate="
"Belgium","NET-Flanders","Flanders","BETR831","42R831 - BERENDRECHT","SPO-BETR831_00008_100","NO2","Nitrogen dioxide (air)","P1Y-3hAbove400","3 consecutive hours in exceedance of 400","2016","0.000","count","88.85","1","Industrial","Rural","4.3397","51.3488","3.0","Antwerpen                                                                       ","BE002C1                                           ","530014","E1a/validated data AQ e-Reporting","18/03/2023 22:22:30","http://fme.discomap.eea.europa.eu/fmedatastreaming/AirQualityDownload/AQData_Extract.fmw?CountryCode=BE&CityName=&Pollutant=8&Year_from=2016&Year_to=2016&Station=STA-BETR831&Samplingpoint=&Source=E1a&Output=HTML&UpdateDate="
"Belgium","NET-Flanders","Flanders","BETR811","42R811 - SCHOTEN","SPO-BETR811_00007_100","O3","Ozone (air)","P1Y-dmaxAbove120","1 year daymax exceed 120","2016","15.000","count","95.08","1","Background","Suburban","4.4914","51.2521","8.0","","","","E1a/validated data AQ e-Reporting","18/03/2023 22:25:06","http://fme.discomap.eea.europa.eu/fmedatastreaming/AirQualityDownload/AQData_Extract.fmw?CountryCode=BE&CityName=&Pollutant=7&Year_from=2016&Year_to=2016&Station=STA-BETR811&Samplingpoint=&Source=E1a&Output=HTML&UpdateDate="
"Belgium","NET-Flanders","Flanders","BETR831","42R831 - BERENDRECHT","SPO-BETR831_06001_100","PM2.5","Particulate matter < 2.5 µm (aerosol)","P1Y-day-per50","1 year 50 %ile of daily values in a year","2016","9.875","ug/m3","100.00","1","Industrial","Rural","4.3397","51.3488","3.0","Antwerpen                                                                       ","BE002C1                                           ","530014","E1a/validated data AQ e-Reporting","18/03/2023 22:11:51","http://fme.discomap.eea.europa.eu/fmedatastreaming/AirQualityDownload/AQData_Extract.fmw?CountryCode=BE&CityName=&Pollutant=6001&Year_from=2016&Year_to=2016&Station=STA-BETR831&Samplingpoint=&Source=E1a&Output=HTML&UpdateDate="
"Belgium","NET-Wallonia","Wallonia","BETR221","43R221 - LIEGE","SPO-BETR221_00007_100","O3","Ozone (air)","P1Y-hrsAbove240","1 year hour exceed 240","2016","0.000","count","95.81","1","Background","Urban","5.6278","50.6584","65.0","Liège                                                                           ","BE005C1                                           ","383700","E1a/validated data AQ e-Reporting","18/03/2023 21:50:25","http://fme.discomap.eea.europa.eu/fmedatastreaming/AirQualityDownload/AQData_Extract.fmw?CountryCode=BE&CityName=&Pollutant=7&Year_from=2016&Year_to=2016&Station=STA-BETR221&Samplingpoint=&Source=E1a&Output=HTML&UpdateDate="
"Belgium","NET-Wallonia","Wallonia","BETR221","43R221 - LIEGE","SPO-BETR221_06001_100","PM2.5","Particulate matter < 2.5 µm (aerosol)","P1Y-hr-per50","1 year 50 percentile","2016","7.972","ug/m3","99.48","1","Background","Urban","5.6278","50.6584","65.0","Liège                                                                           ","BE005C1                                           ","383700","E1a/validated data AQ e-Reporting","18/03/2023 22:05:49","http://fme.discomap.eea.europa.eu/fmedatastreaming/AirQualityDownload/AQData_Extract.fmw?CountryCode=BE&CityName=&Pollutant=6001&Year_from=2016&Year_to=2016&Station=STA-BETR221&Samplingpoint=&Source=E1a&Output=HTML&UpdateDate="
"Belgium","NET-Wallonia","Wallonia","BETR222","43R222 - SERAING","SPO-BETR222_00005_100","PM10","Particulate matter < 10 µm (aerosol)","P1Y-hr-max","1 year hour max","2016","193.271","ug/m3","97.51","1","Background","Suburban","5.5702","50.6134","65.0","Liège                                                                           ","BE005C1                                           ","383700","E1a/validated data AQ e-Reporting","18/03/2023 21:57:02","http://fme.discomap.eea.europa.eu/fmedatastreaming/AirQualityDownload/AQData_Extract.fmw?CountryCode=BE&CityName=&Pollutant=5&Year_from=2016&Year_to=2016&Station=STA-BETR222&Samplingpoint=&Source=E1a&Output=HTML&UpdateDate="
"Belgium","NET-Wallonia","Wallonia","BETR511","45R511 - MARCINELLE","SPO-BETR511_00005_100","PM10","Particulate matter < 10 µm (aerosol)","P1Y-day-max","1 year day max","2016","62.334","ug/m3","96.99","1","Background","Suburban","4.4247","50.3776","157.0","Charleroi                                                                       ","BE004C1                                           ","203314","E1a/validated data AQ e-Reporting","18/03/2023 21:43:06","http://fme.discomap.eea.europa.eu/fmedatastreaming/AirQualityDownload/AQData_Extract.fmw?CountryCode=BE&CityName=&Pollutant=5&Year_from=2016&Year_to=2016&Station=STA-BETR511&Samplingpoint=&Source=E1a&Output=HTML&UpdateDate="
"Belgium","NET-Wallonia","Wallonia","BETR222","43R222 - SERAING","SPO-BETR222_00007_100","O3","Ozone (air)","P1Y-dmax-per93.15","1 year 93.15 percentile daily 8h maximum","2016","100.250","ug/m3","94.81","1","Background","Suburban","5.5702","50.6134","65.0","Liège                                                                           ","BE005C1                                           ","383700","E1a/validated data AQ e-Reporting","18/03/2023 22:12:55","http://fme.discomap.eea.europa.eu/fmedatastreaming/AirQualityDownload/AQData_Extract.fmw?CountryCode=BE&CityName=&Pollutant=7&Year_from=2016&Year_to=2016&Station=STA-BETR222&Samplingpoint=&Source=E1a&Output=HTML&UpdateDate="
"Belgium","NET-Flanders","Flanders","BETR811","42R811 - SCHOTEN","SPO-BETR811_00008_100","NO2","Nitrogen dioxide (air)","P1Y-hrsAbove200","1 year hour exceed 200","2016","0.000","count","96.93","1","Background","Suburban","4.4914","51.2521","8.0","","","","E1a/validated data AQ e-Reporting","18/03/2023 21:48:42","http://fme.discomap.eea.europa.eu/fmedatastreaming/AirQualityDownload/AQData_Extract.fmw?CountryCode=BE&CityName=&Pollutant=8&Year_from=2016&Year_to=2016&Station=STA-BETR811&Samplingpoint=&Source=E1a&Output=HTML&UpdateDate="
"Belgium","NET-Wallonia","Wallonia","BETN100","43N100 - DOURBES","SPO-BETN100_00001_100","SO2","Sulphur dioxide (air)","P1Y-day-max","1 year day max","2016","2.021","ug/m3","98.09","1","Background","Rural","4.5948","50.0957","225.0","","","","E1a/validated data AQ e-Reporting","18/03/2023 21:42:48","http://fme.discomap.eea.europa.eu/fmedatastreaming/AirQualityDownload/AQData_Extract.fmw?CountryCode=BE&CityName=&Pollutant=1&Year_from=2016&Year_to=2016&Station=STA-BETN100&Samplingpoint=&Source=E1a&Output=HTML&UpdateDate="
"Belgium","NET-Flanders","Flanders","BETR740","44R740 - ST.KRUIS-WI","SPO-BETR740_06001_100","PM2.5","Particulate matter < 2.5 µm (aerosol)","P1Y-day-min","1 year day min","2016","3.042","ug/m3","100.00","1","Industrial","Rural","3.8087","51.1501","5.0","Gent                                                                            ","BE003C1                                           ","263687","E1a/validated data AQ e-Reporting","18/03/2023 21:55:29","http://fme.discomap.eea.europa.eu/fmedatastreaming/AirQualityDownload/AQData_Extract.fmw?CountryCode=BE&CityName=&Pollutant=6001&Year_from=2016&Year_to=2016&Station=STA-BETR740&Samplingpoint=&Source=E1a&Output=HTML&UpdateDate="
"Belgium","NET-Wallonia","Wallonia","BETN060","43N060 - HAVINNES","SPO-BETN060_00005_100","PM10","Particulate matter < 10 µm (aerosol)","P1Y-day-min","1 year day min","2016","0.246","ug/m3","100.00","1","Background","Rural","3.4576","50.6167","0.0","","","","E1a/validated data AQ e-Reporting","18/03/2023 21:55:13","http://fme.discomap.eea.europa.eu/fmedatastreaming/AirQualityDownload/AQData_Extract.fmw?CountryCode=BE&CityName=&Pollutant=5&Year_from=2016&Year_to=2016&Station=STA-BETN060&Samplingpoint=&Source=E1a&Output=HTML&UpdateDate="
"Belgium","NET-Flanders","Flanders","BETR750","44R750 - ZELZATE","SPO-BETR750_00001_100","SO2","Sulphur dioxide (air)","winter-avg","Winter mean","2016","4.540","ug/m3","95.01","1","Industrial","Rural","3.8229","51.1961","6.0","","","","E1a/validated data AQ e-Reporting","18/03/2023 22:50:43","http://fme.discomap.eea.europa.eu/fmedatastreaming/AirQualityDownload/AQData_Extract.fmw?CountryCode=BE&CityName=&Pollutant=1&Year_from=2016&Year_to=2016&Station=STA-BETR750&Samplingpoint=&Source=E1a&Output=HTML&UpdateDate="
"Belgium","NET-Wallonia","Wallonia","BETN093","43N093 - SINSIN","SPO-BETN093_06001_100","PM2.5","Particulate matter < 2.5 µm (aerosol)","P1Y-P1D-per99","1 year 99 percentile of daily means (P1D) or .../aq/primaryObservation/day","2016","28.198","ug/m3","97.27","1","Background","Rural","5.2352","50.2745","265.0","","","","E1a/validated data AQ e-Reporting","18/03/2023 22:10:03","http://fme.discomap.eea.europa.eu/fmedatastreaming/AirQualityDownload/AQData_Extract.fmw?CountryCode=BE&CityName=&Pollutant=6001&Year_from=2016&Year_to=2016&Station=STA-BETN093&Samplingpoint=&Source=E1a&Output=HTML&UpdateDate="
"Belgium","NET-Wallonia","Wallonia","BETR510","45R510 - CHATELINEAU","SPO-BETR510_00005_100","PM10","Particulate matter < 10 µm (aerosol)","P1Y-day-max","1 year day max","2016","61.375","ug/m3","100.00","1","Background","Suburban","4.5211","50.4164","118.0","Charleroi                                                                       ","BE004C1                                           ","203314","E1a/validated data AQ e-Reporting","18/03/2023 21:43:06","http://fme.discomap.eea.europa.eu/fmedatastreaming/AirQualityDownload/AQData_Extract.fmw?CountryCode=BE&CityName=&Pollutant=5&Year_from=2016&Year_to=2016&Station=STA-BETR510&Samplingpoint=&Source=E1a&Output=HTML&UpdateDate="
"Belgium","NET-Wallonia","Wallonia","BETR502","45R502 - LODELINSART","SPO-BETR502_00005_100","PM10","Particulate matter < 10 µm (aerosol)","P1Y-P1D-per90.4","1 year 90.4 percentile - COMPLIANCE","2016","36.396","ug/m3","100.00","1","Background","Suburban","4.4587","50.4290","135.0","Charleroi                                                                       ","BE004C1                                           ","203314","E1a/validated data AQ e-Reporting","18/03/2023 22:08:35","http://fme.discomap.eea.europa.eu/fmedatastreaming/AirQualityDownload/AQData_Extract.fmw?CountryCode=BE&CityName=&Pollutant=5&Year_from=2016&Year_to=2016&Station=STA-BETR502&Samplingpoint=&Source=E1a&Output=HTML&UpdateDate="
"Belgium","NET-Wallonia","Wallonia","BETR510","45R510 - CHATELINEAU","SPO-BETR510_06001_100","PM2.5","Particulate matter < 2.5 µm (aerosol)","P1Y-hr-min","1 year hour min","2016","0.000","ug/m3","99.69","1","Background","Suburban","4.5211","50.4164","118.0","Charleroi                                                                       ","BE004C1                                           ","203314","E1a/validated data AQ e-Reporting","18/03/2023 22:31:20","http://fme.discomap.eea.europa.eu/fmedatastreaming/AirQualityDownload/AQData_Extract.fmw?CountryCode=BE&CityName=&Pollutant=6001&Year_from=2016&Year_to=2016&Station=STA-BETR510&Samplingpoint=&Source=E1a&Output=HTML&UpdateDate="
"Belgium","NET-Wallonia","Wallonia","BETR502","45R502 - LODELINSART","SPO-BETR502_00007_100","O3","Ozone (air)","P1Y","Annual mean / 1 calendar year","2016","35.820","ug/m3","95.41","1","Background","Suburban","4.4587","50.4290","135.0","Charleroi                                                                       ","BE004C1                                           ","203314","E1a/validated data AQ e-Reporting","18/03/2023 21:08:58","http://fme.discomap.eea.europa.eu/fmedatastreaming/AirQualityDownload/AQData_Extract.fmw?CountryCode=BE&CityName=&Pollutant=7&Year_from=2016&Year_to=2016&Station=STA-BETR502&Samplingpoint=&Source=E1a&Output=HTML&UpdateDate="
"Belgium","NET-Wallonia","Wallonia","BEVN520","50N520 - PERUWELZ","SPO-BEVN520_00394_100","H3C-CH2-CH2-CH3","n-Butane (air)","P1Y","Annual mean / 1 calendar year","2016","0.001","ug/m3","48.09","1","Background","Suburban","3.5943","50.5055","30.0","","","","E1a/validated data AQ e-Reporting","18/03/2023 21:08:58","http://fme.discomap.eea.europa.eu/fmedatastreaming/AirQualityDownload/AQData_Extract.fmw?CountryCode=BE&CityName=&Pollutant=394&Year_from=2016&Year_to=2016&Station=STA-BEVN520&Samplingpoint=&Source=E1a&Output=HTML&UpdateDate="
"Belgium","NET-Wallonia","Wallonia","BETH201","43H201 - LIEGE","SPO-BETH201_00005_100","PM10","Particulate matter < 10 µm (aerosol)","P1Y-daysAbove50","1 year day exceed 50","2016","3.000","count","97.54","1","Background","Suburban","5.5475","50.6250","160.0","Liège                                                                           ","BE005C1                                           ","383700","E1a/validated data AQ e-Reporting","18/03/2023 22:27:00","http://fme.discomap.eea.europa.eu/fmedatastreaming/AirQualityDownload/AQData_Extract.fmw?CountryCode=BE&CityName=&Pollutant=5&Year_from=2016&Year_to=2016&Station=STA-BETH201&Samplingpoint=&Source=E1a&Output=HTML&UpdateDate="
"Belgium","NET-Wallonia","Wallonia","BETN121","43N121 - OFFAGNE","SPO-BETN121_00007_100","O3","Ozone (air)","summer-avg","Summer mean","2016","59.250","ug/m3","96.79","1","Background","Rural","5.2024","49.8771","430.0","","","","E1a/validated data AQ e-Reporting","18/03/2023 22:50:22","http://fme.discomap.eea.europa.eu/fmedatastreaming/AirQualityDownload/AQData_Extract.fmw?CountryCode=BE&CityName=&Pollutant=7&Year_from=2016&Year_to=2016&Station=STA-BETN121&Samplingpoint=&Source=E1a&Output=HTML&UpdateDate="
"Belgium","NET-Wallonia","Wallonia","BETN100","43N100 - DOURBES","SPO-BETN100_00008_100","NO2","Nitrogen dioxide (air)","P1Y-day-max","1 year day max","2016","39.688","ug/m3","99.73","1","Background","Rural","4.5948","50.0957","225.0","","","","E1a/validated data AQ e-Reporting","18/03/2023 21:43:56","http://fme.discomap.eea.europa.eu/fmedatastreaming/AirQualityDownload/AQData_Extract.fmw?CountryCode=BE&CityName=&Pollutant=8&Year_from=2016&Year_to=2016&Station=STA-BETN100&Samplingpoint=&Source=E1a&Output=HTML&UpdateDate="
"Belgium","NET-Flanders","Flanders","BETR893","42R893 - ANTWERPEN","SPO-BETR893_00001_100","SO2","Sulphur dioxide (air)","P1Y-day-max4","1 year day max 4","2016","12.783","ug/m3","98.91","1","Industrial","Suburban","4.3858","51.2814","6.0","Antwerpen                                                                       ","BE002C1                                           ","530014","E1a/validated data AQ e-Reporting","18/03/2023 22:31:46","http://fme.discomap.eea.europa.eu/fmedatastreaming/AirQualityDownload/AQData_Extract.fmw?CountryCode=BE&CityName=&Pollutant=1&Year_from=2016&Year_to=2016&Station=STA-BETR893&Samplingpoint=&Source=E1a&Output=HTML&UpdateDate="
"Belgium","NET-Wallonia","Wallonia","BETN085","43N085 - VIELSALM","SPO-BETN085_00007_100","O3","Ozone (air)","P1Y-dx-max26","1 year daymax max 26","2016","97.688","ug/m3","96.17","1","Background","Rural","6.0017","50.3032","490.0","","","","E1a/validated data AQ e-Reporting","18/03/2023 22:32:17","http://fme.discomap.eea.europa.eu/fmedatastreaming/AirQualityDownload/AQData_Extract.fmw?CountryCode=BE&CityName=&Pollutant=7&Year_from=2016&Year_to=2016&Station=STA-BETN085&Samplingpoint=&Source=E1a&Output=HTML&UpdateDate="
"Belgium","NET-Wallonia","Wallonia","BETN085","43N085 - VIELSALM","SPO-BETN085_00007_100","O3","Ozone (air)","P1Y-hrsAbove240","1 year hour exceed 240","2016","0.000","count","94.87","1","Background","Rural","6.0017","50.3032","490.0","","","","E1a/validated data AQ e-Reporting","18/03/2023 21:50:25","http://fme.discomap.eea.europa.eu/fmedatastreaming/AirQualityDownload/AQData_Extract.fmw?CountryCode=BE&CityName=&Pollutant=7&Year_from=2016&Year_to=2016&Station=STA-BETN085&Samplingpoint=&Source=E1a&Output=HTML&UpdateDate="
"Belgium","NET-Wallonia","Wallonia","BEVN520","50N520 - PERUWELZ","SPO-BEVN520_00449_100","(CH3)3-C-CH2-CH-(CH3)2","i-Octane (2,2,4-trimethylpentane) (air)","P1Y","Annual mean / 1 calendar year","2016","0.000","ug/m3","48.09","1","Background","Suburban","3.5943","50.5055","30.0","","","","E1a/validated data AQ e-Reporting","18/03/2023 21:08:58","http://fme.discomap.eea.europa.eu/fmedatastreaming/AirQualityDownload/AQData_Extract.fmw?CountryCode=BE&CityName=&Pollutant=449&Year_from=2016&Year_to=2016&Station=STA-BEVN520&Samplingpoint=&Source=E1a&Output=HTML&UpdateDate="
"Belgium","NET-Wallonia","Wallonia","BEVN073","50N073 - VEZIN","SPO-BEVN073_00464_100","m,p-C6H4(CH3)2","m,p-Xylene (air)","P1Y","Annual mean / 1 calendar year","2016","0.000","ug/m3","48.63","1","Background","Rural","4.9884","50.5027","160.0","","","","E1a/validated data AQ e-Reporting","18/03/2023 21:08:58","http://fme.discomap.eea.europa.eu/fmedatastreaming/AirQualityDownload/AQData_Extract.fmw?CountryCode=BE&CityName=&Pollutant=464&Year_from=2016&Year_to=2016&Station=STA-BEVN073&Samplingpoint=&Source=E1a&Output=HTML&UpdateDate="
"Belgium","NET-Wallonia","Wallonia","BEVR221","50R221 - LIEGE","SPO-BEVR221_06013_100","1,3,5-C6H3(CH3)3","1,3,5-Trimethylbenzene (air)","P1Y","Annual mean / 1 calendar year","2016","0.000","ug/m3","46.45","1","Background","Urban","5.6278","50.6584","65.0","Liège                                                                           ","BE005C1                                           ","383700","E1a/validated data AQ e-Reporting","18/03/2023 21:08:58","http://fme.discomap.eea.europa.eu/fmedatastreaming/AirQualityDownload/AQData_Extract.fmw?CountryCode=BE&CityName=&Pollutant=6013&Year_from=2016&Year_to=2016&Station=STA-BEVR221&Samplingpoint=&Source=E1a&Output=HTML&UpdateDate="
"Belgium","NET-Wallonia","Wallonia","BEVR501","50R501 - CHARLEROI","SPO-BEVR501_00020_100","C6H6","Benzene (air)","P1Y","Annual mean / 1 calendar year","2016","0.645","ug/m3","48.36","1","Background","Urban","4.4522","50.4093","115.0","Charleroi                                                                       ","BE004C1                                           ","203314","E1a/validated data AQ e-Reporting","18/03/2023 21:08:58","http://fme.discomap.eea.europa.eu/fmedatastreaming/AirQualityDownload/AQData_Extract.fmw?CountryCode=BE&CityName=&Pollutant=20&Year_from=2016&Year_to=2016&Station=STA-BEVR501&Samplingpoint=&Source=E1a&Output=HTML&UpdateDate="
"Belgium","NET-Wallonia","Wallonia","BEVN113","50N113 - SAINT-ODE","SPO-BEVN113_00020_100","C6H6","Benzene (air)","P1Y-day-per50","1 year 50 %ile of daily values in a year","2016","0.310","ug/m3","42.90","1","Background","Rural","5.5930","50.0270","510.0","","","","E1a/validated data AQ e-Reporting","18/03/2023 22:13:51","http://fme.discomap.eea.europa.eu/fmedatastreaming/AirQualityDownload/AQData_Extract.fmw?CountryCode=BE&CityName=&Pollutant=20&Year_from=2016&Year_to=2016&Station=STA-BEVN113&Samplingpoint=&Source=E1a&Output=HTML&UpdateDate="
"Belgium","NET-Wallonia","Wallonia","BETR502","45R502 - LODELINSART","SPO-BETR502_00005_100","PM10","Particulate matter < 10 µm (aerosol)","P1Y-hr-per50","1 year 50 percentile","2016","16.271","ug/m3","99.77","1","Background","Suburban","4.4587","50.4290","135.0","Charleroi                                                                       ","BE004C1                                           ","203314","E1a/validated data AQ e-Reporting","18/03/2023 22:05:49","http://fme.discomap.eea.europa.eu/fmedatastreaming/AirQualityDownload/AQData_Extract.fmw?CountryCode=BE&CityName=&Pollutant=5&Year_from=2016&Year_to=2016&Station=STA-BETR502&Samplingpoint=&Source=E1a&Output=HTML&UpdateDate="
"Belgium","NET-Wallonia","Wallonia","BETR501","45R501 - CHARLEROI","SPO-BETR501_00008_100","NO2","Nitrogen dioxide (air)","P1Y-hrsAbove400","1 year hour exceed 400","2016","0.000","count","97.37","1","Background","Urban","4.4522","50.4093","115.0","Charleroi                                                                       ","BE004C1                                           ","203314","E1a/validated data AQ e-Reporting","18/03/2023 21:54:38","http://fme.discomap.eea.europa.eu/fmedatastreaming/AirQualityDownload/AQData_Extract.fmw?CountryCode=BE&CityName=&Pollutant=8&Year_from=2016&Year_to=2016&Station=STA-BETR501&Samplingpoint=&Source=E1a&Output=HTML&UpdateDate="
"Belgium","NET-Wallonia","Wallonia","BEVR231","50R231 - ANS","SPO-BEVR231_00082_100","trans-H3C-HC=CH-CH2-CH3","trans-2-Pentene (air)","P1Y","Annual mean / 1 calendar year","2016","0.000","ug/m3","44.81","1","Background","Urban","5.5294","50.6601","160.0","Liège                                                                           ","BE005C1                                           ","383700","E1a/validated data AQ e-Reporting","18/03/2023 21:08:58","http://fme.discomap.eea.europa.eu/fmedatastreaming/AirQualityDownload/AQData_Extract.fmw?CountryCode=BE&CityName=&Pollutant=82&Year_from=2016&Year_to=2016&Station=STA-BEVR231&Samplingpoint=&Source=E1a&Output=HTML&UpdateDate="
"Belgium","NET-Wallonia","Wallonia","BETN070","43N070 - MONS","SPO-BETN070_00008_100","NO2","Nitrogen dioxide (air)","P1Y-3hAbove400","3 consecutive hours in exceedance of 400","2016","0.000","count","97.34","1","Background","Suburban","3.9397","50.4652","30.0","Mons                                                                            ","BE009C1                                           ","95922","E1a/validated data AQ e-Reporting","18/03/2023 22:22:30","http://fme.discomap.eea.europa.eu/fmedatastreaming/AirQualityDownload/AQData_Extract.fmw?CountryCode=BE&CityName=&Pollutant=8&Year_from=2016&Year_to=2016&Station=STA-BETN070&Samplingpoint=&Source=E1a&Output=HTML&UpdateDate="
"Belgium","NET-Wallonia","Wallonia","BETN073","43N073 - VEZIN","SPO-BETN073_00005_100","PM10","Particulate matter < 10 µm (aerosol)","P1Y-day-max36","1 year day max 36","2016","28.479","ug/m3","100.00","1","Background","Rural","4.9884","50.5027","160.0","","","","E1a/validated data AQ e-Reporting","18/03/2023 22:32:47","http://fme.discomap.eea.europa.eu/fmedatastreaming/AirQualityDownload/AQData_Extract.fmw?CountryCode=BE&CityName=&Pollutant=5&Year_from=2016&Year_to=2016&Station=STA-BETN073&Samplingpoint=&Source=E1a&Output=HTML&UpdateDate="
"Belgium","NET-Wallonia","Wallonia","BEVR501","50R501 - CHARLEROI","SPO-BEVR501_00394_100","H3C-CH2-CH2-CH3","n-Butane (air)","P1Y","Annual mean / 1 calendar year","2016","0.002","ug/m3","48.36","1","Background","Urban","4.4522","50.4093","115.0","Charleroi                                                                       ","BE004C1                                           ","203314","E1a/validated data AQ e-Reporting","18/03/2023 21:08:58","http://fme.discomap.eea.europa.eu/fmedatastreaming/AirQualityDownload/AQData_Extract.fmw?CountryCode=BE&CityName=&Pollutant=394&Year_from=2016&Year_to=2016&Station=STA-BEVR501&Samplingpoint=&Source=E1a&Output=HTML&UpdateDate="
"Belgium","NET-Wallonia","Wallonia","BETN066","43N066 - EUPEN","SPO-BETN066_00007_100","O3","Ozone (air)","P1Y-dmax-per99","1 year 99 percentile daily 8h maximum","2016","122.500","ug/m3","97.54","1","Background","Rural","6.0023","50.6289","295.0","","","","E1a/validated data AQ e-Reporting","18/03/2023 22:13:26","http://fme.discomap.eea.europa.eu/fmedatastreaming/AirQualityDownload/AQData_Extract.fmw?CountryCode=BE&CityName=&Pollutant=7&Year_from=2016&Year_to=2016&Station=STA-BETN066&Samplingpoint=&Source=E1a&Output=HTML&UpdateDate="
"Belgium","NET-Wallonia","Wallonia","BEVN085","50N085 - VIELSALM","SPO-BEVN085_00020_100","C6H6","Benzene (air)","P1Y-day-max","1 year day max","2016","1.060","ug/m3","47.27","1","Background","Rural","6.0017","50.3032","490.0","","","","E1a/validated data AQ e-Reporting","18/03/2023 21:43:39","http://fme.discomap.eea.europa.eu/fmedatastreaming/AirQualityDownload/AQData_Extract.fmw?CountryCode=BE&CityName=&Pollutant=20&Year_from=2016&Year_to=2016&Station=STA-BEVN085&Samplingpoint=&Source=E1a&Output=HTML&UpdateDate="
"Belgium","NET-Wallonia","Wallonia","BEVN085","50N085 - VIELSALM","SPO-BEVN085_00021_100","C6H5-CH3","Toluene (air)","P1Y","Annual mean / 1 calendar year","2016","0.000","ug/m3","47.27","1","Background","Rural","6.0017","50.3032","490.0","","","","E1a/validated data AQ e-Reporting","18/03/2023 21:08:58","http://fme.discomap.eea.europa.eu/fmedatastreaming/AirQualityDownload/AQData_Extract.fmw?CountryCode=BE&CityName=&Pollutant=21&Year_from=2016&Year_to=2016&Station=STA-BEVN085&Samplingpoint=&Source=E1a&Output=HTML&UpdateDate="
"Belgium","NET-Wallonia","Wallonia","BETR501","45R501 - CHARLEROI","SPO-BETR501_00010_100","CO","Carbon monoxide (air)","P1Y-dx-max","1 year day max max","2016","1.696","mg/m3","98.63","1","Background","Urban","4.4522","50.4093","115.0","Charleroi                                                                       ","BE004C1                                           ","203314","E1a/validated data AQ e-Reporting","18/03/2023 21:44:39","http://fme.discomap.eea.europa.eu/fmedatastreaming/AirQualityDownload/AQData_Extract.fmw?CountryCode=BE&CityName=&Pollutant=10&Year_from=2016&Year_to=2016&Station=STA-BETR501&Samplingpoint=&Source=E1a&Output=HTML&UpdateDate="
"Belgium","NET-Wallonia","Wallonia","BEVN093","50N093 - SINSIN","SPO-BEVN093_00475_100","C8H18","n-Octane (air)","P1Y","Annual mean / 1 calendar year","2016","0.000","ug/m3","42.35","1","Background","Rural","5.2352","50.2745","265.0","","","","E1a/validated data AQ e-Reporting","18/03/2023 21:08:58","http://fme.discomap.eea.europa.eu/fmedatastreaming/AirQualityDownload/AQData_Extract.fmw?CountryCode=BE&CityName=&Pollutant=475&Year_from=2016&Year_to=2016&Station=STA-BEVN093&Samplingpoint=&Source=E1a&Output=HTML&UpdateDate="
"Belgium","NET-Wallonia","Wallonia","BEVN066","50N066 - EUPEN","SPO-BEVN066_00021_100","C6H5-CH3","Toluene (air)","P1Y","Annual mean / 1 calendar year","2016","0.000","ug/m3","48.36","1","Background","Rural","6.0023","50.6289","295.0","","","","E1a/validated data AQ e-Reporting","18/03/2023 21:08:58","http://fme.discomap.eea.europa.eu/fmedatastreaming/AirQualityDownload/AQData_Extract.fmw?CountryCode=BE&CityName=&Pollutant=21&Year_from=2016&Year_to=2016&Station=STA-BEVN066&Samplingpoint=&Source=E1a&Output=HTML&UpdateDate="
"Belgium","NET-Wallonia","Wallonia","BETN073","43N073 - VEZIN","SPO-BETN073_00008_100","NO2","Nitrogen dioxide (air)","P1Y-hr-min","1 year hour min","2016","0.000","ug/m3","97.44","1","Background","Rural","4.9884","50.5027","160.0","","","","E1a/validated data AQ e-Reporting","18/03/2023 22:31:20","http://fme.discomap.eea.europa.eu/fmedatastreaming/AirQualityDownload/AQData_Extract.fmw?CountryCode=BE&CityName=&Pollutant=8&Year_from=2016&Year_to=2016&Station=STA-BETN073&Samplingpoint=&Source=E1a&Output=HTML&UpdateDate="
"Belgium","NET-Wallonia","Wallonia","BETR240","43R240 - ENGIS","SPO-BETR240_00007_100","O3","Ozone (air)","P1Y-day-max","1 year day max","2016","125.609","ug/m3","93.72","1","Industrial","Suburban","5.3975","50.5836","135.0","","","","E1a/validated data AQ e-Reporting","18/03/2023 21:44:13","http://fme.discomap.eea.europa.eu/fmedatastreaming/AirQualityDownload/AQData_Extract.fmw?CountryCode=BE&CityName=&Pollutant=7&Year_from=2016&Year_to=2016&Station=STA-BETR240&Samplingpoint=&Source=E1a&Output=HTML&UpdateDate="
"Belgium","NET-Wallonia","Wallonia","BEVN063","50N063 - CORROY L.G.","SPO-BEVN063_00482_100","o-C6H4-(CH3)2","o-Xylene (air)","P1Y","Annual mean / 1 calendar year","2016","0.000","ug/m3","46.45","1","Background","Rural","4.6683","50.6554","145.0","","","","E1a/validated data AQ e-Reporting","18/03/2023 21:08:58","http://fme.discomap.eea.europa.eu/fmedatastreaming/AirQualityDownload/AQData_Extract.fmw?CountryCode=BE&CityName=&Pollutant=482&Year_from=2016&Year_to=2016&Station=STA-BEVN063&Samplingpoint=&Source=E1a&Output=HTML&UpdateDate="
"Belgium","NET-Wallonia","Wallonia","BEVN070","50N070 - MONS","SPO-BEVN070_00020_100","C6H6","Benzene (air)","P1Y-day-max","1 year day max","2016","2.940","ug/m3","47.81","1","Background","Suburban","3.9397","50.4652","30.0","Mons                                                                            ","BE009C1                                           ","95922","E1a/validated data AQ e-Reporting","18/03/2023 21:43:39","http://fme.discomap.eea.europa.eu/fmedatastreaming/AirQualityDownload/AQData_Extract.fmw?CountryCode=BE&CityName=&Pollutant=20&Year_from=2016&Year_to=2016&Station=STA-BEVN070&Samplingpoint=&Source=E1a&Output=HTML&UpdateDate="
"Belgium","NET-Wallonia","Wallonia","BEVN132","50N132 - HABAY-LA-N.","SPO-BEVN132_00020_100","C6H6","Benzene (air)","P1Y-day-per50","1 year 50 %ile of daily values in a year","2016","0.340","ug/m3","47.27","1","Background","Rural","5.6304","49.7193","375.0","","","","E1a/validated data AQ e-Reporting","18/03/2023 22:13:51","http://fme.discomap.eea.europa.eu/fmedatastreaming/AirQualityDownload/AQData_Extract.fmw?CountryCode=BE&CityName=&Pollutant=20&Year_from=2016&Year_to=2016&Station=STA-BEVN132&Samplingpoint=&Source=E1a&Output=HTML&UpdateDate="
"Belgium","NET-Wallonia","Wallonia","BEVR231","50R231 - ANS","SPO-BEVR231_00020_100","C6H6","Benzene (air)","P1Y","Annual mean / 1 calendar year","2016","0.586","ug/m3","44.81","1","Background","Urban","5.5294","50.6601","160.0","Liège                                                                           ","BE005C1                                           ","383700","E1a/validated data AQ e-Reporting","18/03/2023 21:08:58","http://fme.discomap.eea.europa.eu/fmedatastreaming/AirQualityDownload/AQData_Extract.fmw?CountryCode=BE&CityName=&Pollutant=20&Year_from=2016&Year_to=2016&Station=STA-BEVR231&Samplingpoint=&Source=E1a&Output=HTML&UpdateDate="
"Belgium","NET-Flanders","Flanders","BETR817","42R817 - ANTWERPEN","SPO-BETR817_06001_100","PM2.5","Particulate matter < 2.5 µm (aerosol)","P1Y-hr-max","1 year hour max","2016","136.500","ug/m3","99.70","1","Background","Suburban","4.4180","51.1771","6.0","Antwerpen                                                                       ","BE002C1                                           ","530014","E1a/validated data AQ e-Reporting","18/03/2023 21:57:02","http://fme.discomap.eea.europa.eu/fmedatastreaming/AirQualityDownload/AQData_Extract.fmw?CountryCode=BE&CityName=&Pollutant=6001&Year_from=2016&Year_to=2016&Station=STA-BETR817&Samplingpoint=&Source=E1a&Output=HTML&UpdateDate="
"Belgium","NET-Flanders","Flanders","BETR834","42R834 - Boom","SPO-BETR834_00008_100","NO2","Nitrogen dioxide (air)","P1Y-P1D-per99","1 year 99 percentile of daily means (P1D) or .../aq/primaryObservation/day","2016","58.750","ug/m3","98.91","1","Background","Suburban","4.3801","51.0920","0.0","","","","E1a/validated data AQ e-Reporting","18/03/2023 22:10:34","http://fme.discomap.eea.europa.eu/fmedatastreaming/AirQualityDownload/AQData_Extract.fmw?CountryCode=BE&CityName=&Pollutant=8&Year_from=2016&Year_to=2016&Station=STA-BETR834&Samplingpoint=&Source=E1a&Output=HTML&UpdateDate="
"Belgium","NET-Flanders","Flanders","BETR893","42R893 - ANTWERPEN","SPO-BETR893_00001_100","SO2","Sulphur dioxide (air)","P1Y-hr-per50","1 year 50 percentile","2016","1.000","ug/m3","96.89","1","Industrial","Suburban","4.3858","51.2814","6.0","Antwerpen                                                                       ","BE002C1                                           ","530014","E1a/validated data AQ e-Reporting","18/03/2023 22:05:49","http://fme.discomap.eea.europa.eu/fmedatastreaming/AirQualityDownload/AQData_Extract.fmw?CountryCode=BE&CityName=&Pollutant=1&Year_from=2016&Year_to=2016&Station=STA-BETR893&Samplingpoint=&Source=E1a&Output=HTML&UpdateDate="
"Belgium","NET-Flanders","Flanders","BETR834","42R834 - Boom","SPO-BETR834_06001_100","PM2.5","Particulate matter < 2.5 µm (aerosol)","P3Y","3 subsequent calendar years mean","2016","13.566","ug/m3","80.31","1","Background","Suburban","4.3801","51.0920","0.0","","","","E1a/validated data AQ e-Reporting","18/03/2023 21:36:00","http://fme.discomap.eea.europa.eu/fmedatastreaming/AirQualityDownload/AQData_Extract.fmw?CountryCode=BE&CityName=&Pollutant=6001&Year_from=2016&Year_to=2016&Station=STA-BETR834&Samplingpoint=&Source=E1a&Output=HTML&UpdateDate="
"Belgium","NET-Flanders","Flanders","BETR841","42R841 - MECHELEN","SPO-BETR841_00007_100","O3","Ozone (air)","P1Y-maxP6M-P8H-dmax","Yearly highest six monthly average of daily maximum 8-hour mean concentration","2016","70.589","ug/m3","83.33","1","Background","Suburban","4.4693","51.0025","8.0","Mechelen                                                                        ","BE012C1                                           ","86911","E1a/validated data AQ e-Reporting","18/03/2023 22:58:54","http://fme.discomap.eea.europa.eu/fmedatastreaming/AirQualityDownload/AQData_Extract.fmw?CountryCode=BE&CityName=&Pollutant=7&Year_from=2016&Year_to=2016&Station=STA-BETR841&Samplingpoint=&Source=E1a&Output=HTML&UpdateDate="
"Belgium","NET-Flanders","Flanders","BETM705","44M705 - ROESELARE","SPO-BETM705_00007_100","O3","Ozone (air)","P1Y-dx-max","1 year day max max","2016","160.188","ug/m3","92.35","1","Industrial","Suburban","3.1524","50.9454","19.0","","","","E1a/validated data AQ e-Reporting","18/03/2023 21:44:39","http://fme.discomap.eea.europa.eu/fmedatastreaming/AirQualityDownload/AQData_Extract.fmw?CountryCode=BE&CityName=&Pollutant=7&Year_from=2016&Year_to=2016&Station=STA-BETM705&Samplingpoint=&Source=E1a&Output=HTML&UpdateDate="
"Belgium","NET-Wallonia","Wallonia","BETN121","43N121 - OFFAGNE","SPO-BETN121_00008_100","NO2","Nitrogen dioxide (air)","P1Y-day-per50","1 year 50 %ile of daily values in a year","2016","5.500","ug/m3","98.91","1","Background","Rural","5.2024","49.8771","430.0","","","","E1a/validated data AQ e-Reporting","18/03/2023 22:14:21","http://fme.discomap.eea.europa.eu/fmedatastreaming/AirQualityDownload/AQData_Extract.fmw?CountryCode=BE&CityName=&Pollutant=8&Year_from=2016&Year_to=2016&Station=STA-BETN121&Samplingpoint=&Source=E1a&Output=HTML&UpdateDate="
"Belgium","NET-Flanders","Flanders","BETR823","42R823 - BEVEREN","SPO-BETR823_06001_100","PM2.5","Particulate matter < 2.5 µm (aerosol)","P1Y-day-max","1 year day max","2016","54.042","ug/m3","100.00","1","Background","Suburban","4.2399","51.2133","0.0","","","","E1a/validated data AQ e-Reporting","18/03/2023 21:43:22","http://fme.discomap.eea.europa.eu/fmedatastreaming/AirQualityDownload/AQData_Extract.fmw?CountryCode=BE&CityName=&Pollutant=6001&Year_from=2016&Year_to=2016&Station=STA-BETR823&Samplingpoint=&Source=E1a&Output=HTML&UpdateDate="
"Belgium","NET-Flanders","Flanders","BETR802","42R802 - BORGERHOUT","SPO-BETR802_00010_100","CO","Carbon monoxide (air)","P1Y-dx-avg","1 year daymax average","2016","0.378","mg/m3","97.27","1","Traffic","Urban","4.4318","51.2095","6.0","Antwerpen                                                                       ","BE002C1                                           ","530014","E1a/validated data AQ e-Reporting","18/03/2023 22:27:48","http://fme.discomap.eea.europa.eu/fmedatastreaming/AirQualityDownload/AQData_Extract.fmw?CountryCode=BE&CityName=&Pollutant=10&Year_from=2016&Year_to=2016&Station=STA-BETR802&Samplingpoint=&Source=E1a&Output=HTML&UpdateDate="
"Belgium","NET-Wallonia","Wallonia","BETN121","43N121 - OFFAGNE","SPO-BETN121_00009_100","NOX as NO2","Nitrogen oxides (air)","P1Y-hr-per50","1 year 50 percentile","2016","5.500","ug/m3","97.02","1","Background","Rural","5.2024","49.8771","430.0","","","","E1a/validated data AQ e-Reporting","18/03/2023 22:05:49","http://fme.discomap.eea.europa.eu/fmedatastreaming/AirQualityDownload/AQData_Extract.fmw?CountryCode=BE&CityName=&Pollutant=9&Year_from=2016&Year_to=2016&Station=STA-BETN121&Samplingpoint=&Source=E1a&Output=HTML&UpdateDate="
"Belgium","NET-Wallonia","Wallonia","BETN073","43N073 - VEZIN","SPO-BETN073_00005_100","PM10","Particulate matter < 10 µm (aerosol)","P1Y","Annual mean / 1 calendar year","2016","15.252","ug/m3","99.67","1","Background","Rural","4.9884","50.5027","160.0","","","","E1a/validated data AQ e-Reporting","18/03/2023 21:08:58","http://fme.discomap.eea.europa.eu/fmedatastreaming/AirQualityDownload/AQData_Extract.fmw?CountryCode=BE&CityName=&Pollutant=5&Year_from=2016&Year_to=2016&Station=STA-BETN073&Samplingpoint=&Source=E1a&Output=HTML&UpdateDate="
"Belgium","NET-Wallonia","Wallonia","BETN132","43N132 - HABAY-LA-N.","SPO-BETN132_00001_100","SO2","Sulphur dioxide (air)","P1Y-3hAbove500","3 consecutive hours in exceedance of 500","2016","0.000","count","97.04","1","Background","Rural","5.6304","49.7193","375.0","","","","E1a/validated data AQ e-Reporting","18/03/2023 22:18:09","http://fme.discomap.eea.europa.eu/fmedatastreaming/AirQualityDownload/AQData_Extract.fmw?CountryCode=BE&CityName=&Pollutant=1&Year_from=2016&Year_to=2016&Station=STA-BETN132&Samplingpoint=&Source=E1a&Output=HTML&UpdateDate="
"Belgium","NET-Wallonia","Wallonia","BETN093","43N093 - SINSIN","SPO-BETN093_06001_100","PM2.5","Particulate matter < 2.5 µm (aerosol)","P1Y-day-max","1 year day max","2016","36.861","ug/m3","97.27","1","Background","Rural","5.2352","50.2745","265.0","","","","E1a/validated data AQ e-Reporting","18/03/2023 21:43:22","http://fme.discomap.eea.europa.eu/fmedatastreaming/AirQualityDownload/AQData_Extract.fmw?CountryCode=BE&CityName=&Pollutant=6001&Year_from=2016&Year_to=2016&Station=STA-BETN093&Samplingpoint=&Source=E1a&Output=HTML&UpdateDate="
"Belgium","NET-Flanders","Flanders","BELSA04","40SA04 - Hoevenen","SPO-BELSA04_06001_100","PM2.5","Particulate matter < 2.5 µm (aerosol)","P1Y-day-per50","1 year 50 %ile of daily values in a year","2016","11.688","ug/m3","94.81","1","Industrial","Rural","4.4039","51.3139","6.0","","","","E1a/validated data AQ e-Reporting","18/03/2023 22:11:51","http://fme.discomap.eea.europa.eu/fmedatastreaming/AirQualityDownload/AQData_Extract.fmw?CountryCode=BE&CityName=&Pollutant=6001&Year_from=2016&Year_to=2016&Station=STA-BELSA04&Samplingpoint=&Source=E1a&Output=HTML&UpdateDate="
"Belgium","NET-Wallonia","Wallonia","BETN100","43N100 - DOURBES","SPO-BETN100_00001_100","SO2","Sulphur dioxide (air)","P1Y","Annual mean / 1 calendar year","2016","0.302","ug/m3","96.25","1","Background","Rural","4.5948","50.0957","225.0","","","","E1a/validated data AQ e-Reporting","18/03/2023 21:08:58","http://fme.discomap.eea.europa.eu/fmedatastreaming/AirQualityDownload/AQData_Extract.fmw?CountryCode=BE&CityName=&Pollutant=1&Year_from=2016&Year_to=2016&Station=STA-BETN100&Samplingpoint=&Source=E1a&Output=HTML&UpdateDate="
"Belgium","NET-Flanders","Flanders","BETR740","44R740 - ST.KRUIS-WI","SPO-BETR740_06001_100","PM2.5","Particulate matter < 2.5 µm (aerosol)","P1Y-hr-min","1 year hour min","2016","1.000","ug/m3","99.80","1","Industrial","Rural","3.8087","51.1501","5.0","Gent                                                                            ","BE003C1                                           ","263687","E1a/validated data AQ e-Reporting","18/03/2023 22:31:20","http://fme.discomap.eea.europa.eu/fmedatastreaming/AirQualityDownload/AQData_Extract.fmw?CountryCode=BE&CityName=&Pollutant=6001&Year_from=2016&Year_to=2016&Station=STA-BETR740&Samplingpoint=&Source=E1a&Output=HTML&UpdateDate="
"Belgium","NET-Flanders","Flanders","BETR020","42R020 - VILVOORDE","SPO-BETR020_00010_100","CO","Carbon monoxide (air)","P1Y-hr-max","1 year hour max","2016","1.875","mg/m3","96.60","1","Background","Suburban","4.4367","50.9414","12.0","","","","E1a/validated data AQ e-Reporting","18/03/2023 21:57:02","http://fme.discomap.eea.europa.eu/fmedatastreaming/AirQualityDownload/AQData_Extract.fmw?CountryCode=BE&CityName=&Pollutant=10&Year_from=2016&Year_to=2016&Station=STA-BETR020&Samplingpoint=&Source=E1a&Output=HTML&UpdateDate="
"Belgium","NET-Wallonia","Wallonia","BETR223","43R223 - JEMEPPE","SPO-BETR223_00005_100","PM10","Particulate matter < 10 µm (aerosol)","P1Y-day-min","1 year day min","2016","0.023","ug/m3","99.73","1","Industrial","Suburban","5.5164","50.6207","50.0","Liège                                                                           ","BE005C1                                           ","383700","E1a/validated data AQ e-Reporting","18/03/2023 21:55:13","http://fme.discomap.eea.europa.eu/fmedatastreaming/AirQualityDownload/AQData_Extract.fmw?CountryCode=BE&CityName=&Pollutant=5&Year_from=2016&Year_to=2016&Station=STA-BETR223&Samplingpoint=&Source=E1a&Output=HTML&UpdateDate="
"Belgium","NET-Wallonia","Wallonia","BETN066","43N066 - EUPEN","SPO-BETN066_00007_100","O3","Ozone (air)","P1Y-dx-max","1 year day max max","2016","174.438","ug/m3","97.54","1","Background","Rural","6.0023","50.6289","295.0","","","","E1a/validated data AQ e-Reporting","18/03/2023 21:44:39","http://fme.discomap.eea.europa.eu/fmedatastreaming/AirQualityDownload/AQData_Extract.fmw?CountryCode=BE&CityName=&Pollutant=7&Year_from=2016&Year_to=2016&Station=STA-BETN066&Samplingpoint=&Source=E1a&Output=HTML&UpdateDate="
"Belgium","NET-Wallonia","Wallonia","BEVN132","50N132 - HABAY-LA-N.","SPO-BEVN132_06006_100","trans-H3C-CH=CH-CH3","trans-2-Butene (air)","P1Y","Annual mean / 1 calendar year","2016","0.000","ug/m3","47.27","1","Background","Rural","5.6304","49.7193","375.0","","","","E1a/validated data AQ e-Reporting","18/03/2023 21:08:58","http://fme.discomap.eea.europa.eu/fmedatastreaming/AirQualityDownload/AQData_Extract.fmw?CountryCode=BE&CityName=&Pollutant=6006&Year_from=2016&Year_to=2016&Station=STA-BEVN132&Samplingpoint=&Source=E1a&Output=HTML&UpdateDate="
"Belgium","NET-Wallonia","Wallonia","BEVN520","50N520 - PERUWELZ","SPO-BEVN520_00024_100","CH2=CH-CH=CH2","1.3 Butadiene (air)","P1Y","Annual mean / 1 calendar year","2016","0.000","ug/m3","48.09","1","Background","Suburban","3.5943","50.5055","30.0","","","","E1a/validated data AQ e-Reporting","18/03/2023 21:08:58","http://fme.discomap.eea.europa.eu/fmedatastreaming/AirQualityDownload/AQData_Extract.fmw?CountryCode=BE&CityName=&Pollutant=24&Year_from=2016&Year_to=2016&Station=STA-BEVN520&Samplingpoint=&Source=E1a&Output=HTML&UpdateDate="
"Belgium","NET-Wallonia","Wallonia","BEVN520","50N520 - PERUWELZ","SPO-BEVN520_06011_100","1,2,4-C6H3(CH3)3","1,2,4-Trimethylbenzene (air)","P1Y","Annual mean / 1 calendar year","2016","0.000","ug/m3","48.09","1","Background","Suburban","3.5943","50.5055","30.0","","","","E1a/validated data AQ e-Reporting","18/03/2023 21:08:58","http://fme.discomap.eea.europa.eu/fmedatastreaming/AirQualityDownload/AQData_Extract.fmw?CountryCode=BE&CityName=&Pollutant=6011&Year_from=2016&Year_to=2016&Station=STA-BEVN520&Samplingpoint=&Source=E1a&Output=HTML&UpdateDate="
"Belgium","NET-Wallonia","Wallonia","BETN066","43N066 - EUPEN","SPO-BETN066_00007_100","O3","Ozone (air)","P1Y-hrsAbove240","1 year hour exceed 240","2016","0.000","count","95.86","1","Background","Rural","6.0023","50.6289","295.0","","","","E1a/validated data AQ e-Reporting","18/03/2023 21:50:25","http://fme.discomap.eea.europa.eu/fmedatastreaming/AirQualityDownload/AQData_Extract.fmw?CountryCode=BE&CityName=&Pollutant=7&Year_from=2016&Year_to=2016&Station=STA-BETN066&Samplingpoint=&Source=E1a&Output=HTML&UpdateDate="
"Belgium","NET-Flanders","Flanders","BEDGI04","65GI04 - GRIMBERGEN
","SPO-BEDGI04_07029_100","BaP","Benzo(a)pyrene (precip+dry_dep)","P1Y","Annual mean / 1 calendar year","2016","16.767","ng/m2/day","22.95","1","Background","Suburban","4.4022","50.9352","0.0","","","","E1a/validated data AQ e-Reporting","18/03/2023 21:08:58","http://fme.discomap.eea.europa.eu/fmedatastreaming/AirQualityDownload/AQData_Extract.fmw?CountryCode=BE&CityName=&Pollutant=7029&Year_from=2016&Year_to=2016&Station=STA-BEDGI04&Samplingpoint=&Source=E1a&Output=HTML&UpdateDate="
"Belgium","NET-Flanders","Flanders","BEDHB17","65HB17 - HOBOKEN
","SPO-BEDHB17_00714_100","Phenanthrene","phenanthrene (precip+dry_dep)","P1Y","Annual mean / 1 calendar year","2016","62.597","ng/m2/day","22.95","1","Background","Urban","4.3379","51.1703","0.0","Antwerpen                                                                       ","BE002C1                                           ","530014","E1a/validated data AQ e-Reporting","18/03/2023 21:08:58","http://fme.discomap.eea.europa.eu/fmedatastreaming/AirQualityDownload/AQData_Extract.fmw?CountryCode=BE&CityName=&Pollutant=714&Year_from=2016&Year_to=2016&Station=STA-BEDHB17&Samplingpoint=&Source=E1a&Output=HTML&UpdateDate="
"Belgium","NET-Brussels","Brussels","BETMEU1","41MEU1 - MEUDON","SPO-BETMEU1_00001_100","SO2","Sulphur dioxide (air)","P1Y-hr-max","1 year hour max","2016","8.000","ug/m3","14.09","1","Background","Suburban","4.3957","50.8950","34.0","Bruxelles / Brussel                                                             ","BE001C1                                           ","1223364","E1a/validated data AQ e-Reporting","18/03/2023 21:57:02","http://fme.discomap.eea.europa.eu/fmedatastreaming/AirQualityDownload/AQData_Extract.fmw?CountryCode=BE&CityName=&Pollutant=1&Year_from=2016&Year_to=2016&Station=STA-BETMEU1&Samplingpoint=&Source=E1a&Output=HTML&UpdateDate="
"Belgium","NET-Brussels","Brussels","BETN043","41N043 - HAREN","SPO-BETN043_00008_100","NO2","Nitrogen dioxide (air)","P1Y-hr-max-per99.79","1 year 99.79 %ile of hourly values in a given year","2016","135.000","ug/m3","95.83","1","Industrial","Suburban","4.3830","50.8837","17.0","Bruxelles / Brussel                                                             ","BE001C1                                           ","1223364","E1a/validated data AQ e-Reporting","18/03/2023 22:07:35","http://fme.discomap.eea.europa.eu/fmedatastreaming/AirQualityDownload/AQData_Extract.fmw?CountryCode=BE&CityName=&Pollutant=8&Year_from=2016&Year_to=2016&Station=STA-BETN043&Samplingpoint=&Source=E1a&Output=HTML&UpdateDate="
"Belgium","NET-Flanders","Flanders","BELGK06","40GK06 - GENK","SPO-BELGK06_00005_100","PM10","Particulate matter < 10 µm (aerosol)","P1Y-P1D-per99","1 year 99 percentile of daily means (P1D) or .../aq/primaryObservation/day","2016","48.017","ug/m3","100.00","1","Industrial","Suburban","5.4706","50.9279","44.0","","","","E1a/validated data AQ e-Reporting","18/03/2023 22:09:38","http://fme.discomap.eea.europa.eu/fmedatastreaming/AirQualityDownload/AQData_Extract.fmw?CountryCode=BE&CityName=&Pollutant=5&Year_from=2016&Year_to=2016&Station=STA-BELGK06&Samplingpoint=&Source=E1a&Output=HTML&UpdateDate="
"Belgium","NET-Wallonia","Wallonia","BETN121","43N121 - OFFAGNE","SPO-BETN121_00008_100","NO2","Nitrogen dioxide (air)","P1Y-hr-max","1 year hour max","2016","54.000","ug/m3","97.02","1","Background","Rural","5.2024","49.8771","430.0","","","","E1a/validated data AQ e-Reporting","18/03/2023 21:57:02","http://fme.discomap.eea.europa.eu/fmedatastreaming/AirQualityDownload/AQData_Extract.fmw?CountryCode=BE&CityName=&Pollutant=8&Year_from=2016&Year_to=2016&Station=STA-BETN121&Samplingpoint=&Source=E1a&Output=HTML&UpdateDate="
"Belgium","NET-Wallonia","Wallonia","BETN093","43N093 - SINSIN","SPO-BETN093_00007_100","O3","Ozone (air)","summer-avg","Summer mean","2016","54.373","ug/m3","93.78","1","Background","Rural","5.2352","50.2745","265.0","","","","E1a/validated data AQ e-Reporting","18/03/2023 22:50:22","http://fme.discomap.eea.europa.eu/fmedatastreaming/AirQualityDownload/AQData_Extract.fmw?CountryCode=BE&CityName=&Pollutant=7&Year_from=2016&Year_to=2016&Station=STA-BETN093&Samplingpoint=&Source=E1a&Output=HTML&UpdateDate="
"Belgium","NET-Wallonia","Wallonia","BETN093","43N093 - SINSIN","SPO-BETN093_00008_100","NO2","Nitrogen dioxide (air)","P3Y","3 subsequent calendar years mean","2016","10.005","ug/m3","95.73","1","Background","Rural","5.2352","50.2745","265.0","","","","E1a/validated data AQ e-Reporting","18/03/2023 21:36:00","http://fme.discomap.eea.europa.eu/fmedatastreaming/AirQualityDownload/AQData_Extract.fmw?CountryCode=BE&CityName=&Pollutant=8&Year_from=2016&Year_to=2016&Station=STA-BETN093&Samplingpoint=&Source=E1a&Output=HTML&UpdateDate="
"Belgium","NET-Wallonia","Wallonia","BETR223","43R223 - JEMEPPE","SPO-BETR223_00008_100","NO2","Nitrogen dioxide (air)","P1Y-hr-max","1 year hour max","2016","155.500","ug/m3","97.01","1","Industrial","Suburban","5.5164","50.6207","50.0","Liège                                                                           ","BE005C1                                           ","383700","E1a/validated data AQ e-Reporting","18/03/2023 21:57:02","http://fme.discomap.eea.europa.eu/fmedatastreaming/AirQualityDownload/AQData_Extract.fmw?CountryCode=BE&CityName=&Pollutant=8&Year_from=2016&Year_to=2016&Station=STA-BETR223&Samplingpoint=&Source=E1a&Output=HTML&UpdateDate="
"Belgium","NET-Wallonia","Wallonia","BEVR221","50R221 - LIEGE","SPO-BEVR221_00482_100","o-C6H4-(CH3)2","o-Xylene (air)","P1Y","Annual mean / 1 calendar year","2016","0.000","ug/m3","45.90","1","Background","Urban","5.6278","50.6584","65.0","Liège                                                                           ","BE005C1                                           ","383700","E1a/validated data AQ e-Reporting","18/03/2023 21:08:58","http://fme.discomap.eea.europa.eu/fmedatastreaming/AirQualityDownload/AQData_Extract.fmw?CountryCode=BE&CityName=&Pollutant=482&Year_from=2016&Year_to=2016&Station=STA-BEVR221&Samplingpoint=&Source=E1a&Output=HTML&UpdateDate="
"Belgium","NET-Wallonia","Wallonia","BETN066","43N066 - EUPEN","SPO-BETN066_00001_100","SO2","Sulphur dioxide (air)","P1Y","Annual mean / 1 calendar year","2016","0.456","ug/m3","95.99","1","Background","Rural","6.0023","50.6289","295.0","","","","E1a/validated data AQ e-Reporting","18/03/2023 21:08:58","http://fme.discomap.eea.europa.eu/fmedatastreaming/AirQualityDownload/AQData_Extract.fmw?CountryCode=BE&CityName=&Pollutant=1&Year_from=2016&Year_to=2016&Station=STA-BETN066&Samplingpoint=&Source=E1a&Output=HTML&UpdateDate="
"Belgium","NET-Wallonia","Wallonia","BETR511","45R511 - MARCINELLE","SPO-BETR511_06001_100","PM2.5","Particulate matter < 2.5 µm (aerosol)","P1Y-hr-per50","1 year 50 percentile","2016","7.488","ug/m3","97.64","1","Background","Suburban","4.4247","50.3776","157.0","Charleroi                                                                       ","BE004C1                                           ","203314","E1a/validated data AQ e-Reporting","18/03/2023 22:05:49","http://fme.discomap.eea.europa.eu/fmedatastreaming/AirQualityDownload/AQData_Extract.fmw?CountryCode=BE&CityName=&Pollutant=6001&Year_from=2016&Year_to=2016&Station=STA-BETR511&Samplingpoint=&Source=E1a&Output=HTML&UpdateDate="
"Belgium","NET-Wallonia","Wallonia","BEVMOU1","5MOU01 - MOUSCRON","SPO-BEVMOU1_00451_100","CH2=CH-C(CH3)=CH2","Isoprene (2-methyl-1,3-butadiene) (air)","P1Y","Annual mean / 1 calendar year","2016","0.000","ug/m3","49.73","1","Industrial","Suburban","3.2414","50.7532","42.0","Mouscron                                                                        ","BE013C1                                           ","58862","E1a/validated data AQ e-Reporting","18/03/2023 21:08:58","http://fme.discomap.eea.europa.eu/fmedatastreaming/AirQualityDownload/AQData_Extract.fmw?CountryCode=BE&CityName=&Pollutant=451&Year_from=2016&Year_to=2016&Station=STA-BEVMOU1&Samplingpoint=&Source=E1a&Output=HTML&UpdateDate="
"Belgium","NET-Flanders","Flanders","BETR823","42R823 - BEVEREN","SPO-BETR823_00001_100","SO2","Sulphur dioxide (air)","P1Y-hr-max-per99.73","1 year 99.73 %ile of hourly values in a given year","2016","33.500","ug/m3","97.40","1","Background","Suburban","4.2399","51.2133","0.0","","","","E1a/validated data AQ e-Reporting","18/03/2023 22:06:23","http://fme.discomap.eea.europa.eu/fmedatastreaming/AirQualityDownload/AQData_Extract.fmw?CountryCode=BE&CityName=&Pollutant=1&Year_from=2016&Year_to=2016&Station=STA-BETR823&Samplingpoint=&Source=E1a&Output=HTML&UpdateDate="
"Belgium","NET-Wallonia","Wallonia","BETR223","43R223 - JEMEPPE","SPO-BETR223_00008_100","NO2","Nitrogen dioxide (air)","P1Y-hr-per50","1 year 50 percentile","2016","22.500","ug/m3","97.01","1","Industrial","Suburban","5.5164","50.6207","50.0","Liège                                                                           ","BE005C1                                           ","383700","E1a/validated data AQ e-Reporting","18/03/2023 22:05:49","http://fme.discomap.eea.europa.eu/fmedatastreaming/AirQualityDownload/AQData_Extract.fmw?CountryCode=BE&CityName=&Pollutant=8&Year_from=2016&Year_to=2016&Station=STA-BETR223&Samplingpoint=&Source=E1a&Output=HTML&UpdateDate="
"Belgium","NET-Wallonia","Wallonia","BETN070","43N070 - MONS","SPO-BETN070_00007_100","O3","Ozone (air)","AOT40c","AOT40 vegetation protection","2016","3276.203","ug/m3","96.38","1","Background","Suburban","3.9397","50.4652","30.0","Mons                                                                            ","BE009C1                                           ","95922","E1a/validated data AQ e-Reporting","18/03/2023 23:06:29","http://fme.discomap.eea.europa.eu/fmedatastreaming/AirQualityDownload/AQData_Extract.fmw?CountryCode=BE&CityName=&Pollutant=7&Year_from=2016&Year_to=2016&Station=STA-BETN070&Samplingpoint=&Source=E1a&Output=HTML&UpdateDate="
"Belgium","NET-Wallonia","Wallonia","BETN060","43N060 - HAVINNES","SPO-BETN060_00007_100","O3","Ozone (air)","AOT40cmeasured","AOT40c UNCORRECTED for data capture","2016","5457.500","ug/m3","96.83","1","Background","Rural","3.4576","50.6167","0.0","","","","E1a/validated data AQ e-Reporting","18/03/2023 23:01:40","http://fme.discomap.eea.europa.eu/fmedatastreaming/AirQualityDownload/AQData_Extract.fmw?CountryCode=BE&CityName=&Pollutant=7&Year_from=2016&Year_to=2016&Station=STA-BETN060&Samplingpoint=&Source=E1a&Output=HTML&UpdateDate="
"Belgium","NET-Flanders","Flanders","BETR701","44R701 - GENT","SPO-BETR701_00001_100","SO2","Sulphur dioxide (air)","P1Y-hrsAbove350","1 year hour exceed 350","2016","0.000","count","96.88","1","Background","Urban","3.7293","51.0583","5.0","Gent                                                                            ","BE003C1                                           ","263687","E1a/validated data AQ e-Reporting","18/03/2023 21:52:12","http://fme.discomap.eea.europa.eu/fmedatastreaming/AirQualityDownload/AQData_Extract.fmw?CountryCode=BE&CityName=&Pollutant=1&Year_from=2016&Year_to=2016&Station=STA-BETR701&Samplingpoint=&Source=E1a&Output=HTML&UpdateDate="
"Belgium","NET-Wallonia","Wallonia","BETH201","43H201 - LIEGE","SPO-BETH201_06001_100","PM2.5","Particulate matter < 2.5 µm (aerosol)","P1Y-hr-per50","1 year 50 percentile","2016","7.005","ug/m3","98.28","1","Background","Suburban","5.5475","50.6250","160.0","Liège                                                                           ","BE005C1                                           ","383700","E1a/validated data AQ e-Reporting","18/03/2023 22:05:49","http://fme.discomap.eea.europa.eu/fmedatastreaming/AirQualityDownload/AQData_Extract.fmw?CountryCode=BE&CityName=&Pollutant=6001&Year_from=2016&Year_to=2016&Station=STA-BETH201&Samplingpoint=&Source=E1a&Output=HTML&UpdateDate="
"Belgium","NET-Flanders","Flanders","BETM705","44M705 - ROESELARE","SPO-BETM705_00005_100","PM10","Particulate matter < 10 µm (aerosol)","P1Y-P1D-per90.4","1 year 90.4 percentile - COMPLIANCE","2016","47.433","ug/m3","96.99","1","Industrial","Suburban","3.1524","50.9454","19.0","","","","E1a/validated data AQ e-Reporting","18/03/2023 22:08:35","http://fme.discomap.eea.europa.eu/fmedatastreaming/AirQualityDownload/AQData_Extract.fmw?CountryCode=BE&CityName=&Pollutant=5&Year_from=2016&Year_to=2016&Station=STA-BETM705&Samplingpoint=&Source=E1a&Output=HTML&UpdateDate="
"Belgium","NET-Wallonia","Wallonia","BETN113","43N113 - SAINT-ODE","SPO-BETN113_00005_100","PM10","Particulate matter < 10 µm (aerosol)","P1Y-day-per50","1 year 50 %ile of daily values in a year","2016","9.104","ug/m3","92.08","1","Background","Rural","5.5930","50.0270","510.0","","","","E1a/validated data AQ e-Reporting","18/03/2023 22:08:05","http://fme.discomap.eea.europa.eu/fmedatastreaming/AirQualityDownload/AQData_Extract.fmw?CountryCode=BE&CityName=&Pollutant=5&Year_from=2016&Year_to=2016&Station=STA-BETN113&Samplingpoint=&Source=E1a&Output=HTML&UpdateDate="
"Belgium","NET-Flanders","Flanders","BETM705","44M705 - ROESELARE","SPO-BETM705_00007_100","O3","Ozone (air)","P1Y-maxP6M-P8H-dmax","Yearly highest six monthly average of daily maximum 8-hour mean concentration","2016","75.801","ug/m3","100.00","1","Industrial","Suburban","3.1524","50.9454","19.0","","","","E1a/validated data AQ e-Reporting","18/03/2023 22:58:54","http://fme.discomap.eea.europa.eu/fmedatastreaming/AirQualityDownload/AQData_Extract.fmw?CountryCode=BE&CityName=&Pollutant=7&Year_from=2016&Year_to=2016&Station=STA-BETM705&Samplingpoint=&Source=E1a&Output=HTML&UpdateDate="
"Belgium","NET-Wallonia","Wallonia","BETN113","43N113 - SAINT-ODE","SPO-BETN113_00005_100","PM10","Particulate matter < 10 µm (aerosol)","P1Y-hr-per50","1 year 50 percentile","2016","8.271","ug/m3","94.07","1","Background","Rural","5.5930","50.0270","510.0","","","","E1a/validated data AQ e-Reporting","18/03/2023 22:05:49","http://fme.discomap.eea.europa.eu/fmedatastreaming/AirQualityDownload/AQData_Extract.fmw?CountryCode=BE&CityName=&Pollutant=5&Year_from=2016&Year_to=2016&Station=STA-BETN113&Samplingpoint=&Source=E1a&Output=HTML&UpdateDate="
"Belgium","NET-Flanders","Flanders","BETR897","42R897 - ANTWERPEN","SPO-BETR897_00001_100","SO2","Sulphur dioxide (air)","P1Y-day-max","1 year day max","2016","43.125","ug/m3","99.45","1","Industrial","Suburban","4.3421","51.2501","5.0","Antwerpen                                                                       ","BE002C1                                           ","530014","E1a/validated data AQ e-Reporting","18/03/2023 21:42:48","http://fme.discomap.eea.europa.eu/fmedatastreaming/AirQualityDownload/AQData_Extract.fmw?CountryCode=BE&CityName=&Pollutant=1&Year_from=2016&Year_to=2016&Station=STA-BETR897&Samplingpoint=&Source=E1a&Output=HTML&UpdateDate="
"Belgium","NET-Wallonia","Wallonia","BETR222","43R222 - SERAING","SPO-BETR222_00007_100","O3","Ozone (air)","SOMO10","Sum of Ozone Means Over 10 ppb","2016","13945.334","ug/m3","94.81","1","Background","Suburban","5.5702","50.6134","65.0","Liège                                                                           ","BE005C1                                           ","383700","E1a/validated data AQ e-Reporting","18/03/2023 22:59:50","http://fme.discomap.eea.europa.eu/fmedatastreaming/AirQualityDownload/AQData_Extract.fmw?CountryCode=BE&CityName=&Pollutant=7&Year_from=2016&Year_to=2016&Station=STA-BETR222&Samplingpoint=&Source=E1a&Output=HTML&UpdateDate="
"Belgium","NET-Wallonia","Wallonia","BETN121","43N121 - OFFAGNE","SPO-BETN121_00007_100","O3","Ozone (air)","P1Y-dx-max26","1 year daymax max 26","2016","105.250","ug/m3","96.99","1","Background","Rural","5.2024","49.8771","430.0","","","","E1a/validated data AQ e-Reporting","18/03/2023 22:32:17","http://fme.discomap.eea.europa.eu/fmedatastreaming/AirQualityDownload/AQData_Extract.fmw?CountryCode=BE&CityName=&Pollutant=7&Year_from=2016&Year_to=2016&Station=STA-BETN121&Samplingpoint=&Source=E1a&Output=HTML&UpdateDate="
"Belgium","NET-Wallonia","Wallonia","BETN132","43N132 - HABAY-LA-N.","SPO-BETN132_00008_100","NO2","Nitrogen dioxide (air)","P1Y-day-max","1 year day max","2016","44.523","ug/m3","98.63","1","Background","Rural","5.6304","49.7193","375.0","","","","E1a/validated data AQ e-Reporting","18/03/2023 21:43:56","http://fme.discomap.eea.europa.eu/fmedatastreaming/AirQualityDownload/AQData_Extract.fmw?CountryCode=BE&CityName=&Pollutant=8&Year_from=2016&Year_to=2016&Station=STA-BETN132&Samplingpoint=&Source=E1a&Output=HTML&UpdateDate="
"Belgium","NET-Wallonia","Wallonia","BETN070","43N070 - MONS","SPO-BETN070_00007_100","O3","Ozone (air)","AOT40f","AOT40 for forest protection","2016","5285.481","ug/m3","96.81","1","Background","Suburban","3.9397","50.4652","30.0","Mons                                                                            ","BE009C1                                           ","95922","E1a/validated data AQ e-Reporting","18/03/2023 23:06:40","http://fme.discomap.eea.europa.eu/fmedatastreaming/AirQualityDownload/AQData_Extract.fmw?CountryCode=BE&CityName=&Pollutant=7&Year_from=2016&Year_to=2016&Station=STA-BETN070&Samplingpoint=&Source=E1a&Output=HTML&UpdateDate="
"Belgium","NET-Flanders","Flanders","BELLD02","40LD02 - LAAKDAL","SPO-BELLD02_00008_100","NO2","Nitrogen dioxide (air)","P1Y-hrsAbove400","1 year hour exceed 400","2016","0.000","count","96.46","1","Industrial","Rural","5.0216","51.1204","22.0","","","","E1a/validated data AQ e-Reporting","18/03/2023 21:54:38","http://fme.discomap.eea.europa.eu/fmedatastreaming/AirQualityDownload/AQData_Extract.fmw?CountryCode=BE&CityName=&Pollutant=8&Year_from=2016&Year_to=2016&Station=STA-BELLD02&Samplingpoint=&Source=E1a&Output=HTML&UpdateDate="
"Belgium","NET-Flanders","Flanders","BEGR811","26R811 - SCHOTEN","SPO-BEGR811_06001_100","PM2.5","Particulate matter < 2.5 µm (aerosol)","P1Y","Annual mean / 1 calendar year","2016","13.426","ug/m3","99.18","1","Background","Suburban","4.4914","51.2521","8.0","","","","E1a/validated data AQ e-Reporting","18/03/2023 21:08:58","http://fme.discomap.eea.europa.eu/fmedatastreaming/AirQualityDownload/AQData_Extract.fmw?CountryCode=BE&CityName=&Pollutant=6001&Year_from=2016&Year_to=2016&Station=STA-BEGR811&Samplingpoint=&Source=E1a&Output=HTML&UpdateDate="
"Belgium","NET-Flanders","Flanders","BELAB02","40AB02 - BERENDRECHT","SPO-BELAB02_06001_100","PM2.5","Particulate matter < 2.5 µm (aerosol)","P1Y","Annual mean / 1 calendar year","2016","13.351","ug/m3","99.86","1","Background","Suburban","4.3218","51.3407","10.0","Antwerpen                                                                       ","BE002C1                                           ","530014","E1a/validated data AQ e-Reporting","18/03/2023 21:08:58","http://fme.discomap.eea.europa.eu/fmedatastreaming/AirQualityDownload/AQData_Extract.fmw?CountryCode=BE&CityName=&Pollutant=6001&Year_from=2016&Year_to=2016&Station=STA-BELAB02&Samplingpoint=&Source=E1a&Output=HTML&UpdateDate="
"Belgium","NET-Flanders","Flanders","BELAL01","40AL01 - LINKEROEVER","SPO-BELAL01_00005_100","PM10","Particulate matter < 10 µm (aerosol)","P1Y-hr-min","1 year hour min","2016","4.100","ug/m3","97.61","1","Industrial","Suburban","4.3852","51.2362","10.0","Antwerpen                                                                       ","BE002C1                                           ","530014","E1a/validated data AQ e-Reporting","18/03/2023 22:31:20","http://fme.discomap.eea.europa.eu/fmedatastreaming/AirQualityDownload/AQData_Extract.fmw?CountryCode=BE&CityName=&Pollutant=5&Year_from=2016&Year_to=2016&Station=STA-BELAL01&Samplingpoint=&Source=E1a&Output=HTML&UpdateDate="
"Belgium","NET-Flanders","Flanders","BELAL01","40AL01 - LINKEROEVER","SPO-BELAL01_00008_100","NO2","Nitrogen dioxide (air)","P1Y","Annual mean / 1 calendar year","2016","27.031","ug/m3","94.18","1","Industrial","Suburban","4.3852","51.2362","10.0","Antwerpen                                                                       ","BE002C1                                           ","530014","E1a/validated data AQ e-Reporting","18/03/2023 21:08:58","http://fme.discomap.eea.europa.eu/fmedatastreaming/AirQualityDownload/AQData_Extract.fmw?CountryCode=BE&CityName=&Pollutant=8&Year_from=2016&Year_to=2016&Station=STA-BELAL01&Samplingpoint=&Source=E1a&Output=HTML&UpdateDate="
"Belgium","NET-Wallonia","Wallonia","BEVR221","50R221 - LIEGE","SPO-BEVR221_00082_100","trans-H3C-HC=CH-CH2-CH3","trans-2-Pentene (air)","P1Y","Annual mean / 1 calendar year","2016","0.000","ug/m3","46.72","1","Background","Urban","5.6278","50.6584","65.0","Liège                                                                           ","BE005C1                                           ","383700","E1a/validated data AQ e-Reporting","18/03/2023 21:08:58","http://fme.discomap.eea.europa.eu/fmedatastreaming/AirQualityDownload/AQData_Extract.fmw?CountryCode=BE&CityName=&Pollutant=82&Year_from=2016&Year_to=2016&Station=STA-BEVR221&Samplingpoint=&Source=E1a&Output=HTML&UpdateDate="
"Belgium","NET-Wallonia","Wallonia","BEVN073","50N073 - VEZIN","SPO-BEVN073_00020_100","C6H6","Benzene (air)","P1Y-day-per50","1 year 50 %ile of daily values in a year","2016","0.400","ug/m3","48.09","1","Background","Rural","4.9884","50.5027","160.0","","","","E1a/validated data AQ e-Reporting","18/03/2023 22:13:51","http://fme.discomap.eea.europa.eu/fmedatastreaming/AirQualityDownload/AQData_Extract.fmw?CountryCode=BE&CityName=&Pollutant=20&Year_from=2016&Year_to=2016&Station=STA-BEVN073&Samplingpoint=&Source=E1a&Output=HTML&UpdateDate="
"Belgium","NET-Wallonia","Wallonia","BETN085","43N085 - VIELSALM","SPO-BETN085_00007_100","O3","Ozone (air)","P1Y-dmax-per99","1 year 99 percentile daily 8h maximum","2016","127.500","ug/m3","96.17","1","Background","Rural","6.0017","50.3032","490.0","","","","E1a/validated data AQ e-Reporting","18/03/2023 22:13:26","http://fme.discomap.eea.europa.eu/fmedatastreaming/AirQualityDownload/AQData_Extract.fmw?CountryCode=BE&CityName=&Pollutant=7&Year_from=2016&Year_to=2016&Station=STA-BETN085&Samplingpoint=&Source=E1a&Output=HTML&UpdateDate="
"Belgium","NET-Wallonia","Wallonia","BEVN100","50N100 - DOURBES","SPO-BEVN100_00451_100","CH2=CH-C(CH3)=CH2","Isoprene (2-methyl-1,3-butadiene) (air)","P1Y","Annual mean / 1 calendar year","2016","0.000","ug/m3","48.36","1","Background","Rural","4.5948","50.0957","225.0","","","","E1a/validated data AQ e-Reporting","18/03/2023 21:08:58","http://fme.discomap.eea.europa.eu/fmedatastreaming/AirQualityDownload/AQData_Extract.fmw?CountryCode=BE&CityName=&Pollutant=451&Year_from=2016&Year_to=2016&Station=STA-BEVN100&Samplingpoint=&Source=E1a&Output=HTML&UpdateDate="
"Belgium","NET-Wallonia","Wallonia","BETN093","43N093 - SINSIN","SPO-BETN093_00001_100","SO2","Sulphur dioxide (air)","P1Y-day-min","1 year day min","2016","0.000","ug/m3","96.17","1","Background","Rural","5.2352","50.2745","265.0","","","","E1a/validated data AQ e-Reporting","18/03/2023 21:54:56","http://fme.discomap.eea.europa.eu/fmedatastreaming/AirQualityDownload/AQData_Extract.fmw?CountryCode=BE&CityName=&Pollutant=1&Year_from=2016&Year_to=2016&Station=STA-BETN093&Samplingpoint=&Source=E1a&Output=HTML&UpdateDate="
"Belgium","NET-Wallonia","Wallonia","BETN093","43N093 - SINSIN","SPO-BETN093_00001_100","SO2","Sulphur dioxide (air)","P1Y-hrsAbove350","1 year hour exceed 350","2016","0.000","count","94.90","1","Background","Rural","5.2352","50.2745","265.0","","","","E1a/validated data AQ e-Reporting","18/03/2023 21:52:12","http://fme.discomap.eea.europa.eu/fmedatastreaming/AirQualityDownload/AQData_Extract.fmw?CountryCode=BE&CityName=&Pollutant=1&Year_from=2016&Year_to=2016&Station=STA-BETN093&Samplingpoint=&Source=E1a&Output=HTML&UpdateDate="
"Belgium","NET-Flanders","Flanders","BEDGN78","65GN78 - GENT
","SPO-BEDGN78_00656_100","Indeno-(1,2,3-cd)pyrene","indeno_123cd_pyrene (precip+dry_dep)","P1Y","Annual mean / 1 calendar year","2016","95.573","ng/m2/day","22.95","1","Background","Urban","3.7264","51.0857","0.0","Gent                                                                            ","BE003C1                                           ","263687","E1a/validated data AQ e-Reporting","18/03/2023 21:08:58","http://fme.discomap.eea.europa.eu/fmedatastreaming/AirQualityDownload/AQData_Extract.fmw?CountryCode=BE&CityName=&Pollutant=656&Year_from=2016&Year_to=2016&Station=STA-BEDGN78&Samplingpoint=&Source=E1a&Output=HTML&UpdateDate="
"Belgium","NET-Flanders","Flanders","BEDR750","65R750 - ZELZATE
","SPO-BEDR750_00717_100","Pyrene","pyrene (precip+dry_dep)","P1Y","Annual mean / 1 calendar year","2016","76.938","ng/m2/day","92.62","1","Industrial","Suburban","3.8229","51.1961","0.0","","","","E1a/validated data AQ e-Reporting","18/03/2023 21:08:58","http://fme.discomap.eea.europa.eu/fmedatastreaming/AirQualityDownload/AQData_Extract.fmw?CountryCode=BE&CityName=&Pollutant=717&Year_from=2016&Year_to=2016&Station=STA-BEDR750&Samplingpoint=&Source=E1a&Output=HTML&UpdateDate="
"Belgium","NET-Brussels","Brussels","BETMEU1","41MEU1 - MEUDON","SPO-BETMEU1_00008_100","NO2","Nitrogen dioxide (air)","P1Y-P1D-per99","1 year 99 percentile of daily means (P1D) or .../aq/primaryObservation/day","2016","65.000","ug/m3","98.09","1","Background","Suburban","4.3957","50.8950","34.0","Bruxelles / Brussel                                                             ","BE001C1                                           ","1223364","E1a/validated data AQ e-Reporting","18/03/2023 22:10:34","http://fme.discomap.eea.europa.eu/fmedatastreaming/AirQualityDownload/AQData_Extract.fmw?CountryCode=BE&CityName=&Pollutant=8&Year_from=2016&Year_to=2016&Station=STA-BETMEU1&Samplingpoint=&Source=E1a&Output=HTML&UpdateDate="
"Belgium","NET-Flanders","Flanders","BELAL01","40AL01 - LINKEROEVER","SPO-BELAL01_06001_100","PM2.5","Particulate matter < 2.5 µm (aerosol)","P1Y-hr-max","1 year hour max","2016","111.500","ug/m3","97.61","1","Industrial","Suburban","4.3852","51.2362","10.0","Antwerpen                                                                       ","BE002C1                                           ","530014","E1a/validated data AQ e-Reporting","18/03/2023 21:57:02","http://fme.discomap.eea.europa.eu/fmedatastreaming/AirQualityDownload/AQData_Extract.fmw?CountryCode=BE&CityName=&Pollutant=6001&Year_from=2016&Year_to=2016&Station=STA-BELAL01&Samplingpoint=&Source=E1a&Output=HTML&UpdateDate="
"Belgium","NET-Flanders","Flanders","BELZL01","40ZL01 - ZELZATE","SPO-BELZL01_00020_100","C6H6","Benzene (air)","P1Y-hr-per50","1 year 50 percentile","2016","0.640","ug/m3","91.72","1","Industrial","Suburban","3.8084","51.2031","6.0","","","","E1a/validated data AQ e-Reporting","18/03/2023 22:05:49","http://fme.discomap.eea.europa.eu/fmedatastreaming/AirQualityDownload/AQData_Extract.fmw?CountryCode=BE&CityName=&Pollutant=20&Year_from=2016&Year_to=2016&Station=STA-BELZL01&Samplingpoint=&Source=E1a&Output=HTML&UpdateDate="
"Belgium","NET-Wallonia","Wallonia","BETN093","43N093 - SINSIN","SPO-BETN093_00008_100","NO2","Nitrogen dioxide (air)","P1Y-hr-per50","1 year 50 percentile","2016","7.500","ug/m3","95.36","1","Background","Rural","5.2352","50.2745","265.0","","","","E1a/validated data AQ e-Reporting","18/03/2023 22:05:49","http://fme.discomap.eea.europa.eu/fmedatastreaming/AirQualityDownload/AQData_Extract.fmw?CountryCode=BE&CityName=&Pollutant=8&Year_from=2016&Year_to=2016&Station=STA-BETN093&Samplingpoint=&Source=E1a&Output=HTML&UpdateDate="
"Belgium","NET-Wallonia","Wallonia","BETR240","43R240 - ENGIS","SPO-BETR240_00007_100","O3","Ozone (air)","summer-avg","Summer mean","2016","52.765","ug/m3","90.62","1","Industrial","Suburban","5.3975","50.5836","135.0","","","","E1a/validated data AQ e-Reporting","18/03/2023 22:50:22","http://fme.discomap.eea.europa.eu/fmedatastreaming/AirQualityDownload/AQData_Extract.fmw?CountryCode=BE&CityName=&Pollutant=7&Year_from=2016&Year_to=2016&Station=STA-BETR240&Samplingpoint=&Source=E1a&Output=HTML&UpdateDate="
"Belgium","NET-Flanders","Flanders","BETR750","44R750 - ZELZATE","SPO-BETR750_00005_100","PM10","Particulate matter < 10 µm (aerosol)","P1Y-P1D-per99","1 year 99 percentile of daily means (P1D) or .../aq/primaryObservation/day","2016","63.517","ug/m3","98.36","1","Industrial","Rural","3.8229","51.1961","6.0","","","","E1a/validated data AQ e-Reporting","18/03/2023 22:09:38","http://fme.discomap.eea.europa.eu/fmedatastreaming/AirQualityDownload/AQData_Extract.fmw?CountryCode=BE&CityName=&Pollutant=5&Year_from=2016&Year_to=2016&Station=STA-BETR750&Samplingpoint=&Source=E1a&Output=HTML&UpdateDate="
"Belgium","NET-Wallonia","Wallonia","BETR240","43R240 - ENGIS","SPO-BETR240_06001_100","PM2.5","Particulate matter < 2.5 µm (aerosol)","P1Y-day-max","1 year day max","2016","52.675","ug/m3","96.72","1","Industrial","Suburban","5.3975","50.5836","135.0","","","","E1a/validated data AQ e-Reporting","18/03/2023 21:43:22","http://fme.discomap.eea.europa.eu/fmedatastreaming/AirQualityDownload/AQData_Extract.fmw?CountryCode=BE&CityName=&Pollutant=6001&Year_from=2016&Year_to=2016&Station=STA-BETR240&Samplingpoint=&Source=E1a&Output=HTML&UpdateDate="
"Belgium","NET-Wallonia","Wallonia","BETR221","43R221 - LIEGE","SPO-BETR221_00008_100","NO2","Nitrogen dioxide (air)","P1Y-hr-max","1 year hour max","2016","117.500","ug/m3","97.02","1","Background","Urban","5.6278","50.6584","65.0","Liège                                                                           ","BE005C1                                           ","383700","E1a/validated data AQ e-Reporting","18/03/2023 21:57:02","http://fme.discomap.eea.europa.eu/fmedatastreaming/AirQualityDownload/AQData_Extract.fmw?CountryCode=BE&CityName=&Pollutant=8&Year_from=2016&Year_to=2016&Station=STA-BETR221&Samplingpoint=&Source=E1a&Output=HTML&UpdateDate="
"Belgium","NET-Flanders","Flanders","BETR834","42R834 - Boom","SPO-BETR834_00008_100","NO2","Nitrogen dioxide (air)","P1Y-hr-max-per99.79","1 year 99.79 %ile of hourly values in a given year","2016","85.500","ug/m3","94.79","1","Background","Suburban","4.3801","51.0920","0.0","","","","E1a/validated data AQ e-Reporting","18/03/2023 22:07:35","http://fme.discomap.eea.europa.eu/fmedatastreaming/AirQualityDownload/AQData_Extract.fmw?CountryCode=BE&CityName=&Pollutant=8&Year_from=2016&Year_to=2016&Station=STA-BETR834&Samplingpoint=&Source=E1a&Output=HTML&UpdateDate="
"Belgium","NET-Wallonia","Wallonia","BETN100","43N100 - DOURBES","SPO-BETN100_00001_100","SO2","Sulphur dioxide (air)","P1Y-3hAbove500","3 consecutive hours in exceedance of 500","2016","0.000","count","96.25","1","Background","Rural","4.5948","50.0957","225.0","","","","E1a/validated data AQ e-Reporting","18/03/2023 22:18:09","http://fme.discomap.eea.europa.eu/fmedatastreaming/AirQualityDownload/AQData_Extract.fmw?CountryCode=BE&CityName=&Pollutant=1&Year_from=2016&Year_to=2016&Station=STA-BETN100&Samplingpoint=&Source=E1a&Output=HTML&UpdateDate="
"Belgium","NET-Wallonia","Wallonia","BETR221","43R221 - LIEGE","SPO-BETR221_06001_100","PM2.5","Particulate matter < 2.5 µm (aerosol)","P1Y-day-per50","1 year 50 %ile of daily values in a year","2016","8.677","ug/m3","100.00","1","Background","Urban","5.6278","50.6584","65.0","Liège                                                                           ","BE005C1                                           ","383700","E1a/validated data AQ e-Reporting","18/03/2023 22:11:51","http://fme.discomap.eea.europa.eu/fmedatastreaming/AirQualityDownload/AQData_Extract.fmw?CountryCode=BE&CityName=&Pollutant=6001&Year_from=2016&Year_to=2016&Station=STA-BETR221&Samplingpoint=&Source=E1a&Output=HTML&UpdateDate="
"Belgium","NET-Wallonia","Wallonia","BETN132","43N132 - HABAY-LA-N.","SPO-BETN132_00005_100","PM10","Particulate matter < 10 µm (aerosol)","P1Y-day-max36","1 year day max 36","2016","23.334","ug/m3","99.45","1","Background","Rural","5.6304","49.7193","375.0","","","","E1a/validated data AQ e-Reporting","18/03/2023 22:32:47","http://fme.discomap.eea.europa.eu/fmedatastreaming/AirQualityDownload/AQData_Extract.fmw?CountryCode=BE&CityName=&Pollutant=5&Year_from=2016&Year_to=2016&Station=STA-BETN132&Samplingpoint=&Source=E1a&Output=HTML&UpdateDate="
"Belgium","NET-Wallonia","Wallonia","BETR222","43R222 - SERAING","SPO-BETR222_00007_100","O3","Ozone (air)","P1Y-day-per50","1 year 50 %ile of daily values in a year","2016","39.457","ug/m3","95.63","1","Background","Suburban","5.5702","50.6134","65.0","Liège                                                                           ","BE005C1                                           ","383700","E1a/validated data AQ e-Reporting","18/03/2023 22:15:13","http://fme.discomap.eea.europa.eu/fmedatastreaming/AirQualityDownload/AQData_Extract.fmw?CountryCode=BE&CityName=&Pollutant=7&Year_from=2016&Year_to=2016&Station=STA-BETR222&Samplingpoint=&Source=E1a&Output=HTML&UpdateDate="
"Belgium","NET-Wallonia","Wallonia","BETN085","43N085 - VIELSALM","SPO-BETN085_00001_100","SO2","Sulphur dioxide (air)","P1Y-hr-min","1 year hour min","2016","0.000","ug/m3","96.30","1","Background","Rural","6.0017","50.3032","490.0","","","","E1a/validated data AQ e-Reporting","18/03/2023 22:31:20","http://fme.discomap.eea.europa.eu/fmedatastreaming/AirQualityDownload/AQData_Extract.fmw?CountryCode=BE&CityName=&Pollutant=1&Year_from=2016&Year_to=2016&Station=STA-BETN085&Samplingpoint=&Source=E1a&Output=HTML&UpdateDate="
"Belgium","NET-Wallonia","Wallonia","BEVN060","50N060 - HAVINNES","SPO-BEVN060_00020_100","C6H6","Benzene (air)","P1Y","Annual mean / 1 calendar year","2016","0.536","ug/m3","49.73","1","Background","Suburban","3.4576","50.6167","0.0","","","","E1a/validated data AQ e-Reporting","18/03/2023 21:08:58","http://fme.discomap.eea.europa.eu/fmedatastreaming/AirQualityDownload/AQData_Extract.fmw?CountryCode=BE&CityName=&Pollutant=20&Year_from=2016&Year_to=2016&Station=STA-BEVN060&Samplingpoint=&Source=E1a&Output=HTML&UpdateDate="
"Belgium","NET-Flanders","Flanders","BETR834","42R834 - Boom","SPO-BETR834_00005_100","PM10","Particulate matter < 10 µm (aerosol)","P1Y-P1D-per90.41","1 year 90.41 percentile","2016","34.079","ug/m3","99.45","1","Background","Suburban","4.3801","51.0920","0.0","","","","E1a/validated data AQ e-Reporting","18/03/2023 22:09:05","http://fme.discomap.eea.europa.eu/fmedatastreaming/AirQualityDownload/AQData_Extract.fmw?CountryCode=BE&CityName=&Pollutant=5&Year_from=2016&Year_to=2016&Station=STA-BETR834&Samplingpoint=&Source=E1a&Output=HTML&UpdateDate="
"Belgium","NET-Wallonia","Wallonia","BETR502","45R502 - LODELINSART","SPO-BETR502_00008_100","NO2","Nitrogen dioxide (air)","P1Y","Annual mean / 1 calendar year","2016","26.537","ug/m3","97.52","1","Background","Suburban","4.4587","50.4290","135.0","Charleroi                                                                       ","BE004C1                                           ","203314","E1a/validated data AQ e-Reporting","18/03/2023 21:08:58","http://fme.discomap.eea.europa.eu/fmedatastreaming/AirQualityDownload/AQData_Extract.fmw?CountryCode=BE&CityName=&Pollutant=8&Year_from=2016&Year_to=2016&Station=STA-BETR502&Samplingpoint=&Source=E1a&Output=HTML&UpdateDate="
"Belgium","NET-Flanders","Flanders","BETR841","42R841 - MECHELEN","SPO-BETR841_00008_100","NO2","Nitrogen dioxide (air)","P1Y-day-max","1 year day max","2016","59.729","ug/m3","96.45","1","Background","Suburban","4.4693","51.0025","8.0","Mechelen                                                                        ","BE012C1                                           ","86911","E1a/validated data AQ e-Reporting","18/03/2023 21:43:56","http://fme.discomap.eea.europa.eu/fmedatastreaming/AirQualityDownload/AQData_Extract.fmw?CountryCode=BE&CityName=&Pollutant=8&Year_from=2016&Year_to=2016&Station=STA-BETR841&Samplingpoint=&Source=E1a&Output=HTML&UpdateDate="
"Belgium","NET-Wallonia","Wallonia","BEVN085","50N085 - VIELSALM","SPO-BEVN085_00486_100","H3C-(CH2)3-CH3","n-Pentane (air)","P1Y","Annual mean / 1 calendar year","2016","0.000","ug/m3","47.27","1","Background","Rural","6.0017","50.3032","490.0","","","","E1a/validated data AQ e-Reporting","18/03/2023 21:08:58","http://fme.discomap.eea.europa.eu/fmedatastreaming/AirQualityDownload/AQData_Extract.fmw?CountryCode=BE&CityName=&Pollutant=486&Year_from=2016&Year_to=2016&Station=STA-BEVN085&Samplingpoint=&Source=E1a&Output=HTML&UpdateDate="
"Belgium","NET-Wallonia","Wallonia","BEVN060","50N060 - HAVINNES","SPO-BEVN060_00450_100","H3C-CH2-CH(CH3)2","i-Pentane (2-methylbutane) (air)","P1Y","Annual mean / 1 calendar year","2016","0.001","ug/m3","49.73","1","Background","Suburban","3.4576","50.6167","0.0","","","","E1a/validated data AQ e-Reporting","18/03/2023 21:08:58","http://fme.discomap.eea.europa.eu/fmedatastreaming/AirQualityDownload/AQData_Extract.fmw?CountryCode=BE&CityName=&Pollutant=450&Year_from=2016&Year_to=2016&Station=STA-BEVN060&Samplingpoint=&Source=E1a&Output=HTML&UpdateDate="
"Belgium","NET-Wallonia","Wallonia","BEVN060","50N060 - HAVINNES","SPO-BEVN060_06006_100","trans-H3C-CH=CH-CH3","trans-2-Butene (air)","P1Y","Annual mean / 1 calendar year","2016","0.000","ug/m3","49.73","1","Background","Suburban","3.4576","50.6167","0.0","","","","E1a/validated data AQ e-Reporting","18/03/2023 21:08:58","http://fme.discomap.eea.europa.eu/fmedatastreaming/AirQualityDownload/AQData_Extract.fmw?CountryCode=BE&CityName=&Pollutant=6006&Year_from=2016&Year_to=2016&Station=STA-BEVN060&Samplingpoint=&Source=E1a&Output=HTML&UpdateDate="
"Belgium","NET-Wallonia","Wallonia","BETR502","45R502 - LODELINSART","SPO-BETR502_00007_100","O3","Ozone (air)","P1Y-day-min","1 year day min","2016","0.271","ug/m3","96.99","1","Background","Suburban","4.4587","50.4290","135.0","Charleroi                                                                       ","BE004C1                                           ","203314","E1a/validated data AQ e-Reporting","18/03/2023 21:56:21","http://fme.discomap.eea.europa.eu/fmedatastreaming/AirQualityDownload/AQData_Extract.fmw?CountryCode=BE&CityName=&Pollutant=7&Year_from=2016&Year_to=2016&Station=STA-BETR502&Samplingpoint=&Source=E1a&Output=HTML&UpdateDate="
"Belgium","NET-Wallonia","Wallonia","BEVN093","50N093 - SINSIN","SPO-BEVN093_00441_100","C7H16","n-Heptane (air)","P1Y","Annual mean / 1 calendar year","2016","0.000","ug/m3","42.35","1","Background","Rural","5.2352","50.2745","265.0","","","","E1a/validated data AQ e-Reporting","18/03/2023 21:08:58","http://fme.discomap.eea.europa.eu/fmedatastreaming/AirQualityDownload/AQData_Extract.fmw?CountryCode=BE&CityName=&Pollutant=441&Year_from=2016&Year_to=2016&Station=STA-BEVN093&Samplingpoint=&Source=E1a&Output=HTML&UpdateDate="
"Belgium","NET-Wallonia","Wallonia","BETR512","45R512 - MARCHIENNE","SPO-BETR512_00005_100","PM10","Particulate matter < 10 µm (aerosol)","P1Y-P1D-per90.4","1 year 90.4 percentile - COMPLIANCE","2016","48.896","ug/m3","99.45","1","Industrial","Suburban","4.3959","50.4078","107.0","Charleroi                                                                       ","BE004C1                                           ","203314","E1a/validated data AQ e-Reporting","18/03/2023 22:08:35","http://fme.discomap.eea.europa.eu/fmedatastreaming/AirQualityDownload/AQData_Extract.fmw?CountryCode=BE&CityName=&Pollutant=5&Year_from=2016&Year_to=2016&Station=STA-BETR512&Samplingpoint=&Source=E1a&Output=HTML&UpdateDate="
"Belgium","NET-Wallonia","Wallonia","BETR512","45R512 - MARCHIENNE","SPO-BETR512_00005_100","PM10","Particulate matter < 10 µm (aerosol)","P1Y-P1D-per99","1 year 99 percentile of daily means (P1D) or .../aq/primaryObservation/day","2016","73.313","ug/m3","99.45","1","Industrial","Suburban","4.3959","50.4078","107.0","Charleroi                                                                       ","BE004C1                                           ","203314","E1a/validated data AQ e-Reporting","18/03/2023 22:09:38","http://fme.discomap.eea.europa.eu/fmedatastreaming/AirQualityDownload/AQData_Extract.fmw?CountryCode=BE&CityName=&Pollutant=5&Year_from=2016&Year_to=2016&Station=STA-BETR512&Samplingpoint=&Source=E1a&Output=HTML&UpdateDate="
"Belgium","NET-Wallonia","Wallonia","BEVN063","50N063 - CORROY L.G.","SPO-BEVN063_00021_100","C6H5-CH3","Toluene (air)","P1Y","Annual mean / 1 calendar year","2016","0.001","ug/m3","44.81","1","Background","Rural","4.6683","50.6554","145.0","","","","E1a/validated data AQ e-Reporting","18/03/2023 21:08:58","http://fme.discomap.eea.europa.eu/fmedatastreaming/AirQualityDownload/AQData_Extract.fmw?CountryCode=BE&CityName=&Pollutant=21&Year_from=2016&Year_to=2016&Station=STA-BEVN063&Samplingpoint=&Source=E1a&Output=HTML&UpdateDate="
"Belgium","NET-Wallonia","Wallonia","BEVN113","50N113 - SAINT-ODE","SPO-BEVN113_00443_100","C6H14","n-Hexane (air)","P1Y","Annual mean / 1 calendar year","2016","0.000","ug/m3","42.90","1","Background","Rural","5.5930","50.0270","510.0","","","","E1a/validated data AQ e-Reporting","18/03/2023 21:08:58","http://fme.discomap.eea.europa.eu/fmedatastreaming/AirQualityDownload/AQData_Extract.fmw?CountryCode=BE&CityName=&Pollutant=443&Year_from=2016&Year_to=2016&Station=STA-BEVN113&Samplingpoint=&Source=E1a&Output=HTML&UpdateDate="
"Belgium","NET-Wallonia","Wallonia","BETN085","43N085 - VIELSALM","SPO-BETN085_00007_100","O3","Ozone (air)","SOMO35","Sum of Ozone Means Over 35 ppb","2016","2117.058","ug/m3","96.17","1","Background","Rural","6.0017","50.3032","490.0","","","","E1a/validated data AQ e-Reporting","18/03/2023 22:59:23","http://fme.discomap.eea.europa.eu/fmedatastreaming/AirQualityDownload/AQData_Extract.fmw?CountryCode=BE&CityName=&Pollutant=7&Year_from=2016&Year_to=2016&Station=STA-BETN085&Samplingpoint=&Source=E1a&Output=HTML&UpdateDate="
"Belgium","NET-Wallonia","Wallonia","BEVN520","50N520 - PERUWELZ","SPO-BEVN520_00082_100","trans-H3C-HC=CH-CH2-CH3","trans-2-Pentene (air)","P1Y","Annual mean / 1 calendar year","2016","0.000","ug/m3","48.09","1","Background","Suburban","3.5943","50.5055","30.0","","","","E1a/validated data AQ e-Reporting","18/03/2023 21:08:58","http://fme.discomap.eea.europa.eu/fmedatastreaming/AirQualityDownload/AQData_Extract.fmw?CountryCode=BE&CityName=&Pollutant=82&Year_from=2016&Year_to=2016&Station=STA-BEVN520&Samplingpoint=&Source=E1a&Output=HTML&UpdateDate="
"Belgium","NET-Wallonia","Wallonia","BETN085","43N085 - VIELSALM","SPO-BETN085_00005_100","PM10","Particulate matter < 10 µm (aerosol)","P3Y","3 subsequent calendar years mean","2016","10.470","ug/m3","99.04","1","Background","Rural","6.0017","50.3032","490.0","","","","E1a/validated data AQ e-Reporting","18/03/2023 21:36:00","http://fme.discomap.eea.europa.eu/fmedatastreaming/AirQualityDownload/AQData_Extract.fmw?CountryCode=BE&CityName=&Pollutant=5&Year_from=2016&Year_to=2016&Station=STA-BETN085&Samplingpoint=&Source=E1a&Output=HTML&UpdateDate="
"Belgium","NET-Wallonia","Wallonia","BETR223","43R223 - JEMEPPE","SPO-BETR223_06001_100","PM2.5","Particulate matter < 2.5 µm (aerosol)","P1Y-day-max","1 year day max","2016","60.754","ug/m3","99.73","1","Industrial","Suburban","5.5164","50.6207","50.0","Liège                                                                           ","BE005C1                                           ","383700","E1a/validated data AQ e-Reporting","18/03/2023 21:43:22","http://fme.discomap.eea.europa.eu/fmedatastreaming/AirQualityDownload/AQData_Extract.fmw?CountryCode=BE&CityName=&Pollutant=6001&Year_from=2016&Year_to=2016&Station=STA-BETR223&Samplingpoint=&Source=E1a&Output=HTML&UpdateDate="
"Belgium","NET-Wallonia","Wallonia","BETN093","43N093 - SINSIN","SPO-BETN093_00005_100","PM10","Particulate matter < 10 µm (aerosol)","P1Y-P1D-per90.4","1 year 90.4 percentile - COMPLIANCE","2016","26.584","ug/m3","97.27","1","Background","Rural","5.2352","50.2745","265.0","","","","E1a/validated data AQ e-Reporting","18/03/2023 22:08:35","http://fme.discomap.eea.europa.eu/fmedatastreaming/AirQualityDownload/AQData_Extract.fmw?CountryCode=BE&CityName=&Pollutant=5&Year_from=2016&Year_to=2016&Station=STA-BETN093&Samplingpoint=&Source=E1a&Output=HTML&UpdateDate="
"Belgium","NET-Flanders","Flanders","BETR841","42R841 - MECHELEN","SPO-BETR841_00007_100","O3","Ozone (air)","P1Y-dx-avg","1 year daymax average","2016","55.974","ug/m3","93.99","1","Background","Suburban","4.4693","51.0025","8.0","Mechelen                                                                        ","BE012C1                                           ","86911","E1a/validated data AQ e-Reporting","18/03/2023 22:27:48","http://fme.discomap.eea.europa.eu/fmedatastreaming/AirQualityDownload/AQData_Extract.fmw?CountryCode=BE&CityName=&Pollutant=7&Year_from=2016&Year_to=2016&Station=STA-BETR841&Samplingpoint=&Source=E1a&Output=HTML&UpdateDate="
"Belgium","NET-Wallonia","Wallonia","BETR222","43R222 - SERAING","SPO-BETR222_00005_100","PM10","Particulate matter < 10 µm (aerosol)","P1Y-P1D-per99","1 year 99 percentile of daily means (P1D) or .../aq/primaryObservation/day","2016","58.771","ug/m3","96.99","1","Background","Suburban","5.5702","50.6134","65.0","Liège                                                                           ","BE005C1                                           ","383700","E1a/validated data AQ e-Reporting","18/03/2023 22:09:38","http://fme.discomap.eea.europa.eu/fmedatastreaming/AirQualityDownload/AQData_Extract.fmw?CountryCode=BE&CityName=&Pollutant=5&Year_from=2016&Year_to=2016&Station=STA-BETR222&Samplingpoint=&Source=E1a&Output=HTML&UpdateDate="
"Belgium","NET-Wallonia","Wallonia","BETR223","43R223 - JEMEPPE","SPO-BETR223_06001_100","PM2.5","Particulate matter < 2.5 µm (aerosol)","P1Y-day-min","1 year day min","2016","0.000","ug/m3","99.73","1","Industrial","Suburban","5.5164","50.6207","50.0","Liège                                                                           ","BE005C1                                           ","383700","E1a/validated data AQ e-Reporting","18/03/2023 21:55:29","http://fme.discomap.eea.europa.eu/fmedatastreaming/AirQualityDownload/AQData_Extract.fmw?CountryCode=BE&CityName=&Pollutant=6001&Year_from=2016&Year_to=2016&Station=STA-BETR223&Samplingpoint=&Source=E1a&Output=HTML&UpdateDate="
"Belgium","NET-Wallonia","Wallonia","BETR221","43R221 - LIEGE","SPO-BETR221_00005_100","PM10","Particulate matter < 10 µm (aerosol)","P1Y-daysAbove50","1 year day exceed 50","2016","11.000","count","100.00","1","Background","Urban","5.6278","50.6584","65.0","Liège                                                                           ","BE005C1                                           ","383700","E1a/validated data AQ e-Reporting","18/03/2023 22:27:00","http://fme.discomap.eea.europa.eu/fmedatastreaming/AirQualityDownload/AQData_Extract.fmw?CountryCode=BE&CityName=&Pollutant=5&Year_from=2016&Year_to=2016&Station=STA-BETR221&Samplingpoint=&Source=E1a&Output=HTML&UpdateDate="
"Belgium","NET-Wallonia","Wallonia","BEVN085","50N085 - VIELSALM","SPO-BEVN085_00475_100","C8H18","n-Octane (air)","P1Y","Annual mean / 1 calendar year","2016","0.000","ug/m3","47.27","1","Background","Rural","6.0017","50.3032","490.0","","","","E1a/validated data AQ e-Reporting","18/03/2023 21:08:58","http://fme.discomap.eea.europa.eu/fmedatastreaming/AirQualityDownload/AQData_Extract.fmw?CountryCode=BE&CityName=&Pollutant=475&Year_from=2016&Year_to=2016&Station=STA-BEVN085&Samplingpoint=&Source=E1a&Output=HTML&UpdateDate="
"Belgium","NET-Flanders","Flanders","BETR841","42R841 - MECHELEN","SPO-BETR841_00005_100","PM10","Particulate matter < 10 µm (aerosol)","P1Y-day-max36","1 year day max 36","2016","35.163","ug/m3","98.09","1","Background","Suburban","4.4693","51.0025","8.0","Mechelen                                                                        ","BE012C1                                           ","86911","E1a/validated data AQ e-Reporting","18/03/2023 22:32:47","http://fme.discomap.eea.europa.eu/fmedatastreaming/AirQualityDownload/AQData_Extract.fmw?CountryCode=BE&CityName=&Pollutant=5&Year_from=2016&Year_to=2016&Station=STA-BETR841&Samplingpoint=&Source=E1a&Output=HTML&UpdateDate="
"Belgium","NET-Wallonia","Wallonia","BETN121","43N121 - OFFAGNE","SPO-BETN121_06001_100","PM2.5","Particulate matter < 2.5 µm (aerosol)","P1Y-day-per50","1 year 50 %ile of daily values in a year","2016","5.671","ug/m3","98.09","1","Background","Rural","5.2024","49.8771","430.0","","","","E1a/validated data AQ e-Reporting","18/03/2023 22:11:51","http://fme.discomap.eea.europa.eu/fmedatastreaming/AirQualityDownload/AQData_Extract.fmw?CountryCode=BE&CityName=&Pollutant=6001&Year_from=2016&Year_to=2016&Station=STA-BETN121&Samplingpoint=&Source=E1a&Output=HTML&UpdateDate="
"Belgium","NET-Wallonia","Wallonia","BETN113","43N113 - SAINT-ODE","SPO-BETN113_00007_100","O3","Ozone (air)","SOMO10","Sum of Ozone Means Over 10 ppb","2016","17640.632","ug/m3","88.52","1","Background","Rural","5.5930","50.0270","510.0","","","","E1a/validated data AQ e-Reporting","18/03/2023 22:59:50","http://fme.discomap.eea.europa.eu/fmedatastreaming/AirQualityDownload/AQData_Extract.fmw?CountryCode=BE&CityName=&Pollutant=7&Year_from=2016&Year_to=2016&Station=STA-BETN113&Samplingpoint=&Source=E1a&Output=HTML&UpdateDate="
"Belgium","NET-Wallonia","Wallonia","BETN070","43N070 - MONS","SPO-BETN070_00007_100","O3","Ozone (air)","summer-avg","Summer mean","2016","40.081","ug/m3","97.36","1","Background","Suburban","3.9397","50.4652","30.0","Mons                                                                            ","BE009C1                                           ","95922","E1a/validated data AQ e-Reporting","18/03/2023 22:50:22","http://fme.discomap.eea.europa.eu/fmedatastreaming/AirQualityDownload/AQData_Extract.fmw?CountryCode=BE&CityName=&Pollutant=7&Year_from=2016&Year_to=2016&Station=STA-BETN070&Samplingpoint=&Source=E1a&Output=HTML&UpdateDate="
"Belgium","NET-Flanders","Flanders","BETN035","42N035 - AARSCHOT","SPO-BETN035_00007_100","O3","Ozone (air)","SOMO35","Sum of Ozone Means Over 35 ppb","2016","3048.418","ug/m3","94.81","1","Background","Rural","4.8376","50.9775","55.0","","","","E1a/validated data AQ e-Reporting","18/03/2023 22:59:23","http://fme.discomap.eea.europa.eu/fmedatastreaming/AirQualityDownload/AQData_Extract.fmw?CountryCode=BE&CityName=&Pollutant=7&Year_from=2016&Year_to=2016&Station=STA-BETN035&Samplingpoint=&Source=E1a&Output=HTML&UpdateDate="
"Belgium","NET-Wallonia","Wallonia","BETN132","43N132 - HABAY-LA-N.","SPO-BETN132_00001_100","SO2","Sulphur dioxide (air)","P1Y-hr-min","1 year hour min","2016","0.000","ug/m3","97.04","1","Background","Rural","5.6304","49.7193","375.0","","","","E1a/validated data AQ e-Reporting","18/03/2023 22:31:20","http://fme.discomap.eea.europa.eu/fmedatastreaming/AirQualityDownload/AQData_Extract.fmw?CountryCode=BE&CityName=&Pollutant=1&Year_from=2016&Year_to=2016&Station=STA-BETN132&Samplingpoint=&Source=E1a&Output=HTML&UpdateDate="
"Belgium","NET-Wallonia","Wallonia","BETN113","43N113 - SAINT-ODE","SPO-BETN113_00005_100","PM10","Particulate matter < 10 µm (aerosol)","P1Y-hr-max","1 year hour max","2016","72.771","ug/m3","94.07","1","Background","Rural","5.5930","50.0270","510.0","","","","E1a/validated data AQ e-Reporting","18/03/2023 21:57:02","http://fme.discomap.eea.europa.eu/fmedatastreaming/AirQualityDownload/AQData_Extract.fmw?CountryCode=BE&CityName=&Pollutant=5&Year_from=2016&Year_to=2016&Station=STA-BETN113&Samplingpoint=&Source=E1a&Output=HTML&UpdateDate="
"Belgium","NET-Wallonia","Wallonia","BETR511","45R511 - MARCINELLE","SPO-BETR511_06001_100","PM2.5","Particulate matter < 2.5 µm (aerosol)","P1Y-day-max","1 year day max","2016","47.377","ug/m3","96.99","1","Background","Suburban","4.4247","50.3776","157.0","Charleroi                                                                       ","BE004C1                                           ","203314","E1a/validated data AQ e-Reporting","18/03/2023 21:43:22","http://fme.discomap.eea.europa.eu/fmedatastreaming/AirQualityDownload/AQData_Extract.fmw?CountryCode=BE&CityName=&Pollutant=6001&Year_from=2016&Year_to=2016&Station=STA-BETR511&Samplingpoint=&Source=E1a&Output=HTML&UpdateDate="
"Belgium","NET-Flanders","Flanders","BETTS21","40TS21 - TESSENDERLO","SPO-BETTS21_00001_100","SO2","Sulphur dioxide (air)","P1Y-3hAbove500","3 consecutive hours in exceedance of 500","2016","0.000","count","97.34","1","Industrial","Suburban","5.1075","51.0657","28.0","","","","E1a/validated data AQ e-Reporting","18/03/2023 22:18:09","http://fme.discomap.eea.europa.eu/fmedatastreaming/AirQualityDownload/AQData_Extract.fmw?CountryCode=BE&CityName=&Pollutant=1&Year_from=2016&Year_to=2016&Station=STA-BETTS21&Samplingpoint=&Source=E1a&Output=HTML&UpdateDate="
"Belgium","NET-Wallonia","Wallonia","BETR512","45R512 - MARCHIENNE","SPO-BETR512_00001_100","SO2","Sulphur dioxide (air)","P1Y-hr-max-per99.73","1 year 99.73 %ile of hourly values in a given year","2016","10.000","ug/m3","89.95","1","Industrial","Suburban","4.3959","50.4078","107.0","Charleroi                                                                       ","BE004C1                                           ","203314","E1a/validated data AQ e-Reporting","18/03/2023 22:06:23","http://fme.discomap.eea.europa.eu/fmedatastreaming/AirQualityDownload/AQData_Extract.fmw?CountryCode=BE&CityName=&Pollutant=1&Year_from=2016&Year_to=2016&Station=STA-BETR512&Samplingpoint=&Source=E1a&Output=HTML&UpdateDate="
"Belgium","NET-Flanders","Flanders","BETR803","42R803 - ANTWERPEN","SPO-BETR803_00008_100","NO2","Nitrogen dioxide (air)","P1Y-hr-min","1 year hour min","2016","3.500","ug/m3","93.34","1","Background","Urban","4.4285","51.2286","0.0","Antwerpen                                                                       ","BE002C1                                           ","530014","E1a/validated data AQ e-Reporting","18/03/2023 22:31:20","http://fme.discomap.eea.europa.eu/fmedatastreaming/AirQualityDownload/AQData_Extract.fmw?CountryCode=BE&CityName=&Pollutant=8&Year_from=2016&Year_to=2016&Station=STA-BETR803&Samplingpoint=&Source=E1a&Output=HTML&UpdateDate="
"Belgium","NET-Wallonia","Wallonia","BEVN063","50N063 - CORROY L.G.","SPO-BEVN063_00394_100","H3C-CH2-CH2-CH3","n-Butane (air)","P1Y","Annual mean / 1 calendar year","2016","0.001","ug/m3","44.81","1","Background","Rural","4.6683","50.6554","145.0","","","","E1a/validated data AQ e-Reporting","18/03/2023 21:08:58","http://fme.discomap.eea.europa.eu/fmedatastreaming/AirQualityDownload/AQData_Extract.fmw?CountryCode=BE&CityName=&Pollutant=394&Year_from=2016&Year_to=2016&Station=STA-BEVN063&Samplingpoint=&Source=E1a&Output=HTML&UpdateDate="
"Belgium","NET-Wallonia","Wallonia","BEVN066","50N066 - EUPEN","SPO-BEVN066_00024_100","CH2=CH-CH=CH2","1.3 Butadiene (air)","P1Y","Annual mean / 1 calendar year","2016","0.000","ug/m3","50.00","1","Background","Rural","6.0023","50.6289","295.0","","","","E1a/validated data AQ e-Reporting","18/03/2023 21:08:58","http://fme.discomap.eea.europa.eu/fmedatastreaming/AirQualityDownload/AQData_Extract.fmw?CountryCode=BE&CityName=&Pollutant=24&Year_from=2016&Year_to=2016&Station=STA-BEVN066&Samplingpoint=&Source=E1a&Output=HTML&UpdateDate="
"Belgium","NET-Wallonia","Wallonia","BEVN066","50N066 - EUPEN","SPO-BEVN066_00451_100","CH2=CH-C(CH3)=CH2","Isoprene (2-methyl-1,3-butadiene) (air)","P1Y","Annual mean / 1 calendar year","2016","0.000","ug/m3","50.00","1","Background","Rural","6.0023","50.6289","295.0","","","","E1a/validated data AQ e-Reporting","18/03/2023 21:08:58","http://fme.discomap.eea.europa.eu/fmedatastreaming/AirQualityDownload/AQData_Extract.fmw?CountryCode=BE&CityName=&Pollutant=451&Year_from=2016&Year_to=2016&Station=STA-BEVN066&Samplingpoint=&Source=E1a&Output=HTML&UpdateDate="
"Belgium","NET-Wallonia","Wallonia","BEVR221","50R221 - LIEGE","SPO-BEVR221_00443_100","C6H14","n-Hexane (air)","P1Y","Annual mean / 1 calendar year","2016","0.001","ug/m3","45.63","1","Background","Urban","5.6278","50.6584","65.0","Liège                                                                           ","BE005C1                                           ","383700","E1a/validated data AQ e-Reporting","18/03/2023 21:08:58","http://fme.discomap.eea.europa.eu/fmedatastreaming/AirQualityDownload/AQData_Extract.fmw?CountryCode=BE&CityName=&Pollutant=443&Year_from=2016&Year_to=2016&Station=STA-BEVR221&Samplingpoint=&Source=E1a&Output=HTML&UpdateDate="
"Belgium","NET-Wallonia","Wallonia","BEVR231","50R231 - ANS","SPO-BEVR231_00020_100","C6H6","Benzene (air)","P1Y-day-max","1 year day max","2016","2.750","ug/m3","44.81","1","Background","Urban","5.5294","50.6601","160.0","Liège                                                                           ","BE005C1                                           ","383700","E1a/validated data AQ e-Reporting","18/03/2023 21:43:39","http://fme.discomap.eea.europa.eu/fmedatastreaming/AirQualityDownload/AQData_Extract.fmw?CountryCode=BE&CityName=&Pollutant=20&Year_from=2016&Year_to=2016&Station=STA-BEVR231&Samplingpoint=&Source=E1a&Output=HTML&UpdateDate="
"Belgium","NET-Wallonia","Wallonia","BETN085","43N085 - VIELSALM","SPO-BETN085_00007_100","O3","Ozone (air)","P3Y-dmaxAbove120","Daymax exceed 120 averaged over 3 consecutive years","2016","10.000","count","100.00","1","Background","Rural","6.0017","50.3032","490.0","","","","E1a/validated data AQ e-Reporting","18/03/2023 22:34:54","http://fme.discomap.eea.europa.eu/fmedatastreaming/AirQualityDownload/AQData_Extract.fmw?CountryCode=BE&CityName=&Pollutant=7&Year_from=2016&Year_to=2016&Station=STA-BETN085&Samplingpoint=&Source=E1a&Output=HTML&UpdateDate="
"Belgium","NET-Wallonia","Wallonia","BETN085","43N085 - VIELSALM","SPO-BETN085_00007_100","O3","Ozone (air)","summer-avg","Summer mean","2016","51.727","ug/m3","95.83","1","Background","Rural","6.0017","50.3032","490.0","","","","E1a/validated data AQ e-Reporting","18/03/2023 22:50:22","http://fme.discomap.eea.europa.eu/fmedatastreaming/AirQualityDownload/AQData_Extract.fmw?CountryCode=BE&CityName=&Pollutant=7&Year_from=2016&Year_to=2016&Station=STA-BETN085&Samplingpoint=&Source=E1a&Output=HTML&UpdateDate="
"Belgium","NET-Flanders","Flanders","BETR803","42R803 - ANTWERPEN","SPO-BETR803_06001_100","PM2.5","Particulate matter < 2.5 µm (aerosol)","P1Y-hr-max","1 year hour max","2016","106.500","ug/m3","97.30","1","Background","Urban","4.4285","51.2286","0.0","Antwerpen                                                                       ","BE002C1                                           ","530014","E1a/validated data AQ e-Reporting","18/03/2023 21:57:02","http://fme.discomap.eea.europa.eu/fmedatastreaming/AirQualityDownload/AQData_Extract.fmw?CountryCode=BE&CityName=&Pollutant=6001&Year_from=2016&Year_to=2016&Station=STA-BETR803&Samplingpoint=&Source=E1a&Output=HTML&UpdateDate="
"Belgium","NET-Wallonia","Wallonia","BETN063","43N063 - CORROY L.G.","SPO-BETN063_00005_100","PM10","Particulate matter < 10 µm (aerosol)","P3Y","3 subsequent calendar years mean","2016","17.114","ug/m3","99.33","1","Background","Rural","4.6683","50.6554","145.0","","","","E1a/validated data AQ e-Reporting","18/03/2023 21:36:00","http://fme.discomap.eea.europa.eu/fmedatastreaming/AirQualityDownload/AQData_Extract.fmw?CountryCode=BE&CityName=&Pollutant=5&Year_from=2016&Year_to=2016&Station=STA-BETN063&Samplingpoint=&Source=E1a&Output=HTML&UpdateDate="
"Belgium","NET-Flanders","Flanders","BETR817","42R817 - ANTWERPEN","SPO-BETR817_00008_100","NO2","Nitrogen dioxide (air)","P1Y-hr-max-per99.79","1 year 99.79 %ile of hourly values in a given year","2016","102.500","ug/m3","95.00","1","Background","Suburban","4.4180","51.1771","6.0","Antwerpen                                                                       ","BE002C1                                           ","530014","E1a/validated data AQ e-Reporting","18/03/2023 22:07:35","http://fme.discomap.eea.europa.eu/fmedatastreaming/AirQualityDownload/AQData_Extract.fmw?CountryCode=BE&CityName=&Pollutant=8&Year_from=2016&Year_to=2016&Station=STA-BETR817&Samplingpoint=&Source=E1a&Output=HTML&UpdateDate="
"Belgium","NET-Wallonia","Wallonia","BEMN100","00N100 - DOURBES","SPO-BEMN100_05018_100","As in PM10","Arsenic in PM10 (aerosol)","P1Y","Annual mean / 1 calendar year","2016","0.263","ng/m3","62.83","1","Background","Rural","4.5948","50.0957","225.0","","","","E1a/validated data AQ e-Reporting","18/03/2023 21:08:58","http://fme.discomap.eea.europa.eu/fmedatastreaming/AirQualityDownload/AQData_Extract.fmw?CountryCode=BE&CityName=&Pollutant=5018&Year_from=2016&Year_to=2016&Station=STA-BEMN100&Samplingpoint=&Source=E1a&Output=HTML&UpdateDate="
"Belgium","NET-Wallonia","Wallonia","BETR221","43R221 - LIEGE","SPO-BETR221_00001_100","SO2","Sulphur dioxide (air)","P1Y-day-min","1 year day min","2016","0.000","ug/m3","87.98","1","Background","Urban","5.6278","50.6584","65.0","Liège                                                                           ","BE005C1                                           ","383700","E1a/validated data AQ e-Reporting","18/03/2023 21:54:56","http://fme.discomap.eea.europa.eu/fmedatastreaming/AirQualityDownload/AQData_Extract.fmw?CountryCode=BE&CityName=&Pollutant=1&Year_from=2016&Year_to=2016&Station=STA-BETR221&Samplingpoint=&Source=E1a&Output=HTML&UpdateDate="
"Belgium","NET-Wallonia","Wallonia","BEVN100","50N100 - DOURBES","SPO-BEVN100_00020_100","C6H6","Benzene (air)","P1Y-day-max","1 year day max","2016","1.960","ug/m3","48.36","1","Background","Rural","4.5948","50.0957","225.0","","","","E1a/validated data AQ e-Reporting","18/03/2023 21:43:39","http://fme.discomap.eea.europa.eu/fmedatastreaming/AirQualityDownload/AQData_Extract.fmw?CountryCode=BE&CityName=&Pollutant=20&Year_from=2016&Year_to=2016&Station=STA-BEVN100&Samplingpoint=&Source=E1a&Output=HTML&UpdateDate="
"Belgium","NET-Wallonia","Wallonia","BETN113","43N113 - SAINT-ODE","SPO-BETN113_00007_100","O3","Ozone (air)","P3Y","3 subsequent calendar years mean","2016","57.046","ug/m3","92.91","1","Background","Rural","5.5930","50.0270","510.0","","","","E1a/validated data AQ e-Reporting","18/03/2023 21:36:00","http://fme.discomap.eea.europa.eu/fmedatastreaming/AirQualityDownload/AQData_Extract.fmw?CountryCode=BE&CityName=&Pollutant=7&Year_from=2016&Year_to=2016&Station=STA-BETN113&Samplingpoint=&Source=E1a&Output=HTML&UpdateDate="
"Belgium","NET-Wallonia","Wallonia","BETN113","43N113 - SAINT-ODE","SPO-BETN113_00008_100","NO2","Nitrogen dioxide (air)","P1Y-hr-max-per99.79","1 year 99.79 %ile of hourly values in a given year","2016","39.000","ug/m3","91.55","1","Background","Rural","5.5930","50.0270","510.0","","","","E1a/validated data AQ e-Reporting","18/03/2023 22:07:35","http://fme.discomap.eea.europa.eu/fmedatastreaming/AirQualityDownload/AQData_Extract.fmw?CountryCode=BE&CityName=&Pollutant=8&Year_from=2016&Year_to=2016&Station=STA-BETN113&Samplingpoint=&Source=E1a&Output=HTML&UpdateDate="
"Belgium","NET-Flanders","Flanders","BETR893","42R893 - ANTWERPEN","SPO-BETR893_00001_100","SO2","Sulphur dioxide (air)","P1Y-3hAbove500","3 consecutive hours in exceedance of 500","2016","0.000","count","96.89","1","Industrial","Suburban","4.3858","51.2814","6.0","Antwerpen                                                                       ","BE002C1                                           ","530014","E1a/validated data AQ e-Reporting","18/03/2023 22:18:09","http://fme.discomap.eea.europa.eu/fmedatastreaming/AirQualityDownload/AQData_Extract.fmw?CountryCode=BE&CityName=&Pollutant=1&Year_from=2016&Year_to=2016&Station=STA-BETR893&Samplingpoint=&Source=E1a&Output=HTML&UpdateDate="
"Belgium","NET-Flanders","Flanders","BETR893","42R893 - ANTWERPEN","SPO-BETR893_00008_100","NO2","Nitrogen dioxide (air)","P1Y-day-max","1 year day max","2016","76.542","ug/m3","98.91","1","Industrial","Suburban","4.3858","51.2814","6.0","Antwerpen                                                                       ","BE002C1                                           ","530014","E1a/validated data AQ e-Reporting","18/03/2023 21:43:56","http://fme.discomap.eea.europa.eu/fmedatastreaming/AirQualityDownload/AQData_Extract.fmw?CountryCode=BE&CityName=&Pollutant=8&Year_from=2016&Year_to=2016&Station=STA-BETR893&Samplingpoint=&Source=E1a&Output=HTML&UpdateDate="
"Belgium","NET-Wallonia","Wallonia","BETN113","43N113 - SAINT-ODE","SPO-BETN113_00007_100","O3","Ozone (air)","AOT40f","AOT40 for forest protection","2016","14716.210","ug/m3","86.38","1","Background","Rural","5.5930","50.0270","510.0","","","","E1a/validated data AQ e-Reporting","18/03/2023 23:06:40","http://fme.discomap.eea.europa.eu/fmedatastreaming/AirQualityDownload/AQData_Extract.fmw?CountryCode=BE&CityName=&Pollutant=7&Year_from=2016&Year_to=2016&Station=STA-BETN113&Samplingpoint=&Source=E1a&Output=HTML&UpdateDate="
"Belgium","NET-Brussels","Brussels","BETB011","41B011 - BERCHEM S.A","SPO-BETB011_00005_100","PM10","Particulate matter < 10 µm (aerosol)","P1Y-P1D-per90.41","1 year 90.41 percentile","2016","29.729","ug/m3","82.79","1","Background","Suburban","4.2887","50.8578","66.0","Bruxelles / Brussel                                                             ","BE001C1                                           ","1223364","E1a/validated data AQ e-Reporting","18/03/2023 22:09:05","http://fme.discomap.eea.europa.eu/fmedatastreaming/AirQualityDownload/AQData_Extract.fmw?CountryCode=BE&CityName=&Pollutant=5&Year_from=2016&Year_to=2016&Station=STA-BETB011&Samplingpoint=&Source=E1a&Output=HTML&UpdateDate="
"Belgium","NET-Flanders","Flanders","BEDGI05","65GI05 - GRIMBERGEN
","SPO-BEDGI05_00714_100","Phenanthrene","phenanthrene (precip+dry_dep)","P1Y","Annual mean / 1 calendar year","2016","91.660","ng/m2/day","22.95","1","Background","Suburban","4.4189","50.9482","0.0","","","","E1a/validated data AQ e-Reporting","18/03/2023 21:08:58","http://fme.discomap.eea.europa.eu/fmedatastreaming/AirQualityDownload/AQData_Extract.fmw?CountryCode=BE&CityName=&Pollutant=714&Year_from=2016&Year_to=2016&Station=STA-BEDGI05&Samplingpoint=&Source=E1a&Output=HTML&UpdateDate="
"Belgium","NET-Brussels","Brussels","BETWOL1","41WOL1 - WOL.ST.L.","SPO-BETWOL1_00001_100","SO2","Sulphur dioxide (air)","P1Y-day-max","1 year day max","2016","6.000","ug/m3","93.17","1","Traffic","Suburban","4.4258","50.8567","78.0","Bruxelles / Brussel                                                             ","BE001C1                                           ","1223364","E1a/validated data AQ e-Reporting","18/03/2023 21:42:48","http://fme.discomap.eea.europa.eu/fmedatastreaming/AirQualityDownload/AQData_Extract.fmw?CountryCode=BE&CityName=&Pollutant=1&Year_from=2016&Year_to=2016&Station=STA-BETWOL1&Samplingpoint=&Source=E1a&Output=HTML&UpdateDate="
"Belgium","NET-Brussels","Brussels","BETWOL1","41WOL1 - WOL.ST.L.","SPO-BETWOL1_00008_100","NO2","Nitrogen dioxide (air)","P1Y-hr-per50","1 year 50 percentile","2016","30.000","ug/m3","96.81","1","Traffic","Suburban","4.4258","50.8567","78.0","Bruxelles / Brussel                                                             ","BE001C1                                           ","1223364","E1a/validated data AQ e-Reporting","18/03/2023 22:05:49","http://fme.discomap.eea.europa.eu/fmedatastreaming/AirQualityDownload/AQData_Extract.fmw?CountryCode=BE&CityName=&Pollutant=8&Year_from=2016&Year_to=2016&Station=STA-BETWOL1&Samplingpoint=&Source=E1a&Output=HTML&UpdateDate="
"Belgium","NET-Brussels","Brussels","BETB011","41B011 - BERCHEM S.A","SPO-BETB011_06001_100","PM2.5","Particulate matter < 2.5 µm (aerosol)","P1Y-hr-min","1 year hour min","2016","0.300","ug/m3","87.06","1","Background","Suburban","4.2887","50.8578","66.0","Bruxelles / Brussel                                                             ","BE001C1                                           ","1223364","E1a/validated data AQ e-Reporting","18/03/2023 22:31:20","http://fme.discomap.eea.europa.eu/fmedatastreaming/AirQualityDownload/AQData_Extract.fmw?CountryCode=BE&CityName=&Pollutant=6001&Year_from=2016&Year_to=2016&Station=STA-BETB011&Samplingpoint=&Source=E1a&Output=HTML&UpdateDate="
"Belgium","NET-Wallonia","Wallonia","BETN113","43N113 - SAINT-ODE","SPO-BETN113_00005_100","PM10","Particulate matter < 10 µm (aerosol)","P1Y-P1D-per90.4","1 year 90.4 percentile - COMPLIANCE","2016","21.417","ug/m3","92.08","1","Background","Rural","5.5930","50.0270","510.0","","","","E1a/validated data AQ e-Reporting","18/03/2023 22:08:35","http://fme.discomap.eea.europa.eu/fmedatastreaming/AirQualityDownload/AQData_Extract.fmw?CountryCode=BE&CityName=&Pollutant=5&Year_from=2016&Year_to=2016&Station=STA-BETN113&Samplingpoint=&Source=E1a&Output=HTML&UpdateDate="
"Belgium","NET-Wallonia","Wallonia","BETN113","43N113 - SAINT-ODE","SPO-BETN113_00007_100","O3","Ozone (air)","P1Y-hr-min","1 year hour min","2016","1.000","ug/m3","89.52","1","Background","Rural","5.5930","50.0270","510.0","","","","E1a/validated data AQ e-Reporting","18/03/2023 22:31:20","http://fme.discomap.eea.europa.eu/fmedatastreaming/AirQualityDownload/AQData_Extract.fmw?CountryCode=BE&CityName=&Pollutant=7&Year_from=2016&Year_to=2016&Station=STA-BETN113&Samplingpoint=&Source=E1a&Output=HTML&UpdateDate="
"Belgium","NET-Wallonia","Wallonia","BETR240","43R240 - ENGIS","SPO-BETR240_00001_100","SO2","Sulphur dioxide (air)","P1Y-day-max-per99.18","1 year 99.18 percentile of daily maximum","2016","11.545","ug/m3","96.45","1","Industrial","Suburban","5.3975","50.5836","135.0","","","","E1a/validated data AQ e-Reporting","18/03/2023 22:12:16","http://fme.discomap.eea.europa.eu/fmedatastreaming/AirQualityDownload/AQData_Extract.fmw?CountryCode=BE&CityName=&Pollutant=1&Year_from=2016&Year_to=2016&Station=STA-BETR240&Samplingpoint=&Source=E1a&Output=HTML&UpdateDate="
"Belgium","NET-Wallonia","Wallonia","BETR240","43R240 - ENGIS","SPO-BETR240_00007_100","O3","Ozone (air)","P1Y-day-min","1 year day min","2016","3.587","ug/m3","93.72","1","Industrial","Suburban","5.3975","50.5836","135.0","","","","E1a/validated data AQ e-Reporting","18/03/2023 21:56:21","http://fme.discomap.eea.europa.eu/fmedatastreaming/AirQualityDownload/AQData_Extract.fmw?CountryCode=BE&CityName=&Pollutant=7&Year_from=2016&Year_to=2016&Station=STA-BETR240&Samplingpoint=&Source=E1a&Output=HTML&UpdateDate="
"Belgium","NET-Wallonia","Wallonia","BETR511","45R511 - MARCINELLE","SPO-BETR511_00005_100","PM10","Particulate matter < 10 µm (aerosol)","P1Y-hr-per50","1 year 50 percentile","2016","14.271","ug/m3","97.64","1","Background","Suburban","4.4247","50.3776","157.0","Charleroi                                                                       ","BE004C1                                           ","203314","E1a/validated data AQ e-Reporting","18/03/2023 22:05:49","http://fme.discomap.eea.europa.eu/fmedatastreaming/AirQualityDownload/AQData_Extract.fmw?CountryCode=BE&CityName=&Pollutant=5&Year_from=2016&Year_to=2016&Station=STA-BETR511&Samplingpoint=&Source=E1a&Output=HTML&UpdateDate="
"Belgium","NET-Wallonia","Wallonia","BEVR221","50R221 - LIEGE","SPO-BEVR221_00394_100","H3C-CH2-CH2-CH3","n-Butane (air)","P1Y","Annual mean / 1 calendar year","2016","0.004","ug/m3","45.63","1","Background","Urban","5.6278","50.6584","65.0","Liège                                                                           ","BE005C1                                           ","383700","E1a/validated data AQ e-Reporting","18/03/2023 21:08:58","http://fme.discomap.eea.europa.eu/fmedatastreaming/AirQualityDownload/AQData_Extract.fmw?CountryCode=BE&CityName=&Pollutant=394&Year_from=2016&Year_to=2016&Station=STA-BEVR221&Samplingpoint=&Source=E1a&Output=HTML&UpdateDate="
"Belgium","NET-Flanders","Flanders","BEDZL06","65ZL06 - ZELZATE","SPO-BEDZL06_00645_100","Fluoranthene","fluoranthene (precip+dry_dep)","P1Y","Annual mean / 1 calendar year","2016","116.250","ng/m2/day","22.95","1","Industrial","Suburban","3.8113","51.2087","0.0","","","","E1a/validated data AQ e-Reporting","18/03/2023 21:08:58","http://fme.discomap.eea.europa.eu/fmedatastreaming/AirQualityDownload/AQData_Extract.fmw?CountryCode=BE&CityName=&Pollutant=645&Year_from=2016&Year_to=2016&Station=STA-BEDZL06&Samplingpoint=&Source=E1a&Output=HTML&UpdateDate="
"Belgium","NET-Flanders","Flanders","BELSA04","40SA04 - Hoevenen","SPO-BELSA04_00008_100","NO2","Nitrogen dioxide (air)","P1Y","Annual mean / 1 calendar year","2016","27.047","ug/m3","93.76","1","Industrial","Rural","4.4039","51.3139","6.0","","","","E1a/validated data AQ e-Reporting","18/03/2023 21:08:58","http://fme.discomap.eea.europa.eu/fmedatastreaming/AirQualityDownload/AQData_Extract.fmw?CountryCode=BE&CityName=&Pollutant=8&Year_from=2016&Year_to=2016&Station=STA-BELSA04&Samplingpoint=&Source=E1a&Output=HTML&UpdateDate="
"Belgium","NET-Brussels","Brussels","BETWOL1","41WOL1 - WOL.ST.L.","SPO-BETWOL1_00007_100","O3","Ozone (air)","P1Y","Annual mean / 1 calendar year","2016","31.600","ug/m3","97.13","1","Traffic","Suburban","4.4258","50.8567","78.0","Bruxelles / Brussel                                                             ","BE001C1                                           ","1223364","E1a/validated data AQ e-Reporting","18/03/2023 21:08:58","http://fme.discomap.eea.europa.eu/fmedatastreaming/AirQualityDownload/AQData_Extract.fmw?CountryCode=BE&CityName=&Pollutant=7&Year_from=2016&Year_to=2016&Station=STA-BETWOL1&Samplingpoint=&Source=E1a&Output=HTML&UpdateDate="
"Belgium","NET-Brussels","Brussels","BETWOL1","41WOL1 - WOL.ST.L.","SPO-BETWOL1_00008_100","NO2","Nitrogen dioxide (air)","P1Y-hr-max","1 year hour max","2016","140.500","ug/m3","96.81","1","Traffic","Suburban","4.4258","50.8567","78.0","Bruxelles / Brussel                                                             ","BE001C1                                           ","1223364","E1a/validated data AQ e-Reporting","18/03/2023 21:57:02","http://fme.discomap.eea.europa.eu/fmedatastreaming/AirQualityDownload/AQData_Extract.fmw?CountryCode=BE&CityName=&Pollutant=8&Year_from=2016&Year_to=2016&Station=STA-BETWOL1&Samplingpoint=&Source=E1a&Output=HTML&UpdateDate="
"Belgium","NET-Brussels","Brussels","BETN043","41N043 - HAREN","SPO-BETN043_00010_100","CO","Carbon monoxide (air)","P1Y-hr-per50","1 year 50 percentile","2016","0.270","mg/m3","90.40","1","Industrial","Suburban","4.3830","50.8837","17.0","Bruxelles / Brussel                                                             ","BE001C1                                           ","1223364","E1a/validated data AQ e-Reporting","18/03/2023 22:05:49","http://fme.discomap.eea.europa.eu/fmedatastreaming/AirQualityDownload/AQData_Extract.fmw?CountryCode=BE&CityName=&Pollutant=10&Year_from=2016&Year_to=2016&Station=STA-BETN043&Samplingpoint=&Source=E1a&Output=HTML&UpdateDate="
"Belgium","NET-Brussels","Brussels","BETR012","41R012 - UCCLE","SPO-BETR012_00001_100","SO2","Sulphur dioxide (air)","P1Y-hr-max","1 year hour max","2016","13.050","ug/m3","88.72","1","Background","Suburban","4.3586","50.7966","101.0","Bruxelles / Brussel                                                             ","BE001C1                                           ","1223364","E1a/validated data AQ e-Reporting","18/03/2023 21:57:02","http://fme.discomap.eea.europa.eu/fmedatastreaming/AirQualityDownload/AQData_Extract.fmw?CountryCode=BE&CityName=&Pollutant=1&Year_from=2016&Year_to=2016&Station=STA-BETR012&Samplingpoint=&Source=E1a&Output=HTML&UpdateDate="
"Belgium","NET-Wallonia","Wallonia","BEVR221","50R221 - LIEGE","SPO-BEVR221_06008_100","H2C=CH-CH2-CH2-CH3","1-Pentene (air)","P1Y","Annual mean / 1 calendar year","2016","0.000","ug/m3","46.72","1","Background","Urban","5.6278","50.6584","65.0","Liège                                                                           ","BE005C1                                           ","383700","E1a/validated data AQ e-Reporting","18/03/2023 21:08:58","http://fme.discomap.eea.europa.eu/fmedatastreaming/AirQualityDownload/AQData_Extract.fmw?CountryCode=BE&CityName=&Pollutant=6008&Year_from=2016&Year_to=2016&Station=STA-BEVR221&Samplingpoint=&Source=E1a&Output=HTML&UpdateDate="
"Belgium","NET-Flanders","Flanders","BETR831","42R831 - BERENDRECHT","SPO-BETR831_00007_100","O3","Ozone (air)","P3Y","3 subsequent calendar years mean","2016","38.204","ug/m3","93.78","1","Industrial","Rural","4.3397","51.3488","3.0","Antwerpen                                                                       ","BE002C1                                           ","530014","E1a/validated data AQ e-Reporting","18/03/2023 21:36:00","http://fme.discomap.eea.europa.eu/fmedatastreaming/AirQualityDownload/AQData_Extract.fmw?CountryCode=BE&CityName=&Pollutant=7&Year_from=2016&Year_to=2016&Station=STA-BETR831&Samplingpoint=&Source=E1a&Output=HTML&UpdateDate="
"Belgium","NET-Wallonia","Wallonia","BETN100","43N100 - DOURBES","SPO-BETN100_00007_100","O3","Ozone (air)","P1Y-hr-min","1 year hour min","2016","0.000","ug/m3","96.24","1","Background","Rural","4.5948","50.0957","225.0","","","","E1a/validated data AQ e-Reporting","18/03/2023 22:31:20","http://fme.discomap.eea.europa.eu/fmedatastreaming/AirQualityDownload/AQData_Extract.fmw?CountryCode=BE&CityName=&Pollutant=7&Year_from=2016&Year_to=2016&Station=STA-BETN100&Samplingpoint=&Source=E1a&Output=HTML&UpdateDate="
"Belgium","NET-Wallonia","Wallonia","BETN070","43N070 - MONS","SPO-BETN070_00010_100","CO","Carbon monoxide (air)","P1Y-8hdmxAbove10","1 year daymax exceed 10","2016","0.000","count","99.18","1","Background","Suburban","3.9397","50.4652","30.0","Mons                                                                            ","BE009C1                                           ","95922","E1a/validated data AQ e-Reporting","18/03/2023 22:27:43","http://fme.discomap.eea.europa.eu/fmedatastreaming/AirQualityDownload/AQData_Extract.fmw?CountryCode=BE&CityName=&Pollutant=10&Year_from=2016&Year_to=2016&Station=STA-BETN070&Samplingpoint=&Source=E1a&Output=HTML&UpdateDate="
"Belgium","NET-Wallonia","Wallonia","BETN073","43N073 - VEZIN","SPO-BETN073_00007_100","O3","Ozone (air)","AOT40f","AOT40 for forest protection","2016","13538.392","ug/m3","96.99","1","Background","Rural","4.9884","50.5027","160.0","","","","E1a/validated data AQ e-Reporting","18/03/2023 23:06:40","http://fme.discomap.eea.europa.eu/fmedatastreaming/AirQualityDownload/AQData_Extract.fmw?CountryCode=BE&CityName=&Pollutant=7&Year_from=2016&Year_to=2016&Station=STA-BETN073&Samplingpoint=&Source=E1a&Output=HTML&UpdateDate="
"Belgium","NET-Wallonia","Wallonia","BETN121","43N121 - OFFAGNE","SPO-BETN121_00007_100","O3","Ozone (air)","P1Y-day-max","1 year day max","2016","111.521","ug/m3","96.99","1","Background","Rural","5.2024","49.8771","430.0","","","","E1a/validated data AQ e-Reporting","18/03/2023 21:44:13","http://fme.discomap.eea.europa.eu/fmedatastreaming/AirQualityDownload/AQData_Extract.fmw?CountryCode=BE&CityName=&Pollutant=7&Year_from=2016&Year_to=2016&Station=STA-BETN121&Samplingpoint=&Source=E1a&Output=HTML&UpdateDate="
"Belgium","NET-Flanders","Flanders","BETN040","42N040 - ST.P.LEEUWG","SPO-BETN040_00007_100","O3","Ozone (air)","P3Y","3 subsequent calendar years mean","2016","48.142","ug/m3","88.02","1","Background","Rural","4.2252","50.7681","20.0","","","","E1a/validated data AQ e-Reporting","18/03/2023 21:36:00","http://fme.discomap.eea.europa.eu/fmedatastreaming/AirQualityDownload/AQData_Extract.fmw?CountryCode=BE&CityName=&Pollutant=7&Year_from=2016&Year_to=2016&Station=STA-BETN040&Samplingpoint=&Source=E1a&Output=HTML&UpdateDate="
"Belgium","NET-Wallonia","Wallonia","BETN132","43N132 - HABAY-LA-N.","SPO-BETN132_00007_100","O3","Ozone (air)","P1Y-hrsAbove180","1 year hour exceed 180","2016","0.000","count","95.17","1","Background","Rural","5.6304","49.7193","375.0","","","","E1a/validated data AQ e-Reporting","18/03/2023 21:46:37","http://fme.discomap.eea.europa.eu/fmedatastreaming/AirQualityDownload/AQData_Extract.fmw?CountryCode=BE&CityName=&Pollutant=7&Year_from=2016&Year_to=2016&Station=STA-BETN132&Samplingpoint=&Source=E1a&Output=HTML&UpdateDate="
"Belgium","NET-Wallonia","Wallonia","BETN113","43N113 - SAINT-ODE","SPO-BETN113_00007_100","O3","Ozone (air)","SOMO35","Sum of Ozone Means Over 35 ppb","2016","2774.804","ug/m3","88.52","1","Background","Rural","5.5930","50.0270","510.0","","","","E1a/validated data AQ e-Reporting","18/03/2023 22:59:23","http://fme.discomap.eea.europa.eu/fmedatastreaming/AirQualityDownload/AQData_Extract.fmw?CountryCode=BE&CityName=&Pollutant=7&Year_from=2016&Year_to=2016&Station=STA-BETN113&Samplingpoint=&Source=E1a&Output=HTML&UpdateDate="
"Belgium","NET-Flanders","Flanders","BETR811","42R811 - SCHOTEN","SPO-BETR811_00008_100","NO2","Nitrogen dioxide (air)","P1Y","Annual mean / 1 calendar year","2016","26.286","ug/m3","96.93","1","Background","Suburban","4.4914","51.2521","8.0","","","","E1a/validated data AQ e-Reporting","18/03/2023 21:08:58","http://fme.discomap.eea.europa.eu/fmedatastreaming/AirQualityDownload/AQData_Extract.fmw?CountryCode=BE&CityName=&Pollutant=8&Year_from=2016&Year_to=2016&Station=STA-BETR811&Samplingpoint=&Source=E1a&Output=HTML&UpdateDate="
"Belgium","NET-Flanders","Flanders","BETR702","44R702 - Gent (G.Carlierlaan)","SPO-BETR702_06001_100","PM2.5","Particulate matter < 2.5 µm (aerosol)","P1Y","Annual mean / 1 calendar year","2016","14.555","ug/m3","99.77","1","Traffic","Urban","3.7350","51.0407","8.0","Gent                                                                            ","BE003C1                                           ","263687","E1a/validated data AQ e-Reporting","18/03/2023 21:08:58","http://fme.discomap.eea.europa.eu/fmedatastreaming/AirQualityDownload/AQData_Extract.fmw?CountryCode=BE&CityName=&Pollutant=6001&Year_from=2016&Year_to=2016&Station=STA-BETR702&Samplingpoint=&Source=E1a&Output=HTML&UpdateDate="
"Belgium","NET-Wallonia","Wallonia","BETN121","43N121 - OFFAGNE","SPO-BETN121_00007_100","O3","Ozone (air)","AOT40c","AOT40 vegetation protection","2016","7777.659","ug/m3","95.65","1","Background","Rural","5.2024","49.8771","430.0","","","","E1a/validated data AQ e-Reporting","18/03/2023 23:06:29","http://fme.discomap.eea.europa.eu/fmedatastreaming/AirQualityDownload/AQData_Extract.fmw?CountryCode=BE&CityName=&Pollutant=7&Year_from=2016&Year_to=2016&Station=STA-BETN121&Samplingpoint=&Source=E1a&Output=HTML&UpdateDate="
"Belgium","NET-Wallonia","Wallonia","BEVN073","50N073 - VEZIN","SPO-BEVN073_00021_100","C6H5-CH3","Toluene (air)","P1Y","Annual mean / 1 calendar year","2016","0.001","ug/m3","48.09","1","Background","Rural","4.9884","50.5027","160.0","","","","E1a/validated data AQ e-Reporting","18/03/2023 21:08:58","http://fme.discomap.eea.europa.eu/fmedatastreaming/AirQualityDownload/AQData_Extract.fmw?CountryCode=BE&CityName=&Pollutant=21&Year_from=2016&Year_to=2016&Station=STA-BEVN073&Samplingpoint=&Source=E1a&Output=HTML&UpdateDate="
"Belgium","NET-Wallonia","Wallonia","BEVR522","50R222 - SERAING","SPO-BEVR522_00464_100","m,p-C6H4(CH3)2","m,p-Xylene (air)","P1Y","Annual mean / 1 calendar year","2016","0.001","ug/m3","47.81","1","Background","Suburban","5.5713","50.6105","62.0","Liège                                                                           ","BE005C1                                           ","383700","E1a/validated data AQ e-Reporting","18/03/2023 21:08:58","http://fme.discomap.eea.europa.eu/fmedatastreaming/AirQualityDownload/AQData_Extract.fmw?CountryCode=BE&CityName=&Pollutant=464&Year_from=2016&Year_to=2016&Station=STA-BEVR522&Samplingpoint=&Source=E1a&Output=HTML&UpdateDate="
"Belgium","NET-Wallonia","Wallonia","BEVR221","50R221 - LIEGE","SPO-BEVR221_00020_100","C6H6","Benzene (air)","P1Y-day-per50","1 year 50 %ile of daily values in a year","2016","0.640","ug/m3","45.63","1","Background","Urban","5.6278","50.6584","65.0","Liège                                                                           ","BE005C1                                           ","383700","E1a/validated data AQ e-Reporting","18/03/2023 22:13:51","http://fme.discomap.eea.europa.eu/fmedatastreaming/AirQualityDownload/AQData_Extract.fmw?CountryCode=BE&CityName=&Pollutant=20&Year_from=2016&Year_to=2016&Station=STA-BEVR221&Samplingpoint=&Source=E1a&Output=HTML&UpdateDate="
"Belgium","NET-Wallonia","Wallonia","BEVR231","50R231 - ANS","SPO-BEVR231_00316_100","(CH3)2-CH-CH2-CH2-CH3","i-Hexane (2-methylpentane) (air)","P1Y","Annual mean / 1 calendar year","2016","0.000","ug/m3","44.81","1","Background","Urban","5.5294","50.6601","160.0","Liège                                                                           ","BE005C1                                           ","383700","E1a/validated data AQ e-Reporting","18/03/2023 21:08:58","http://fme.discomap.eea.europa.eu/fmedatastreaming/AirQualityDownload/AQData_Extract.fmw?CountryCode=BE&CityName=&Pollutant=316&Year_from=2016&Year_to=2016&Station=STA-BEVR231&Samplingpoint=&Source=E1a&Output=HTML&UpdateDate="
"Belgium","NET-Wallonia","Wallonia","BETR222","43R222 - SERAING","SPO-BETR222_00008_100","NO2","Nitrogen dioxide (air)","P1Y-hr-max19","1 year hour max19","2016","86.000","ug/m3","93.59","1","Background","Suburban","5.5702","50.6134","65.0","Liège                                                                           ","BE005C1                                           ","383700","E1a/validated data AQ e-Reporting","18/03/2023 22:34:35","http://fme.discomap.eea.europa.eu/fmedatastreaming/AirQualityDownload/AQData_Extract.fmw?CountryCode=BE&CityName=&Pollutant=8&Year_from=2016&Year_to=2016&Station=STA-BETR222&Samplingpoint=&Source=E1a&Output=HTML&UpdateDate="
"Belgium","NET-Flanders","Flanders","BETR815","42R815 - ZWIJNDRECHT","SPO-BETR815_06001_100","PM2.5","Particulate matter < 2.5 µm (aerosol)","P1Y-hr-min","1 year hour min","2016","1.000","ug/m3","99.80","1","Industrial","Suburban","4.3322","51.2147","7.0","","","","E1a/validated data AQ e-Reporting","18/03/2023 22:31:20","http://fme.discomap.eea.europa.eu/fmedatastreaming/AirQualityDownload/AQData_Extract.fmw?CountryCode=BE&CityName=&Pollutant=6001&Year_from=2016&Year_to=2016&Station=STA-BETR815&Samplingpoint=&Source=E1a&Output=HTML&UpdateDate="
"Belgium","NET-Flanders","Flanders","BETR721","44R721 - WONDELGEM","SPO-BETR721_00008_100","NO2","Nitrogen dioxide (air)","P1Y-hr-max","1 year hour max","2016","96.500","ug/m3","91.84","1","Industrial","Suburban","3.7161","51.0890","6.0","Gent                                                                            ","BE003C1                                           ","263687","E1a/validated data AQ e-Reporting","18/03/2023 21:57:02","http://fme.discomap.eea.europa.eu/fmedatastreaming/AirQualityDownload/AQData_Extract.fmw?CountryCode=BE&CityName=&Pollutant=8&Year_from=2016&Year_to=2016&Station=STA-BETR721&Samplingpoint=&Source=E1a&Output=HTML&UpdateDate="
"Belgium","NET-Wallonia","Wallonia","BETR502","45R502 - LODELINSART","SPO-BETR502_00007_100","O3","Ozone (air)","P1Y-dmax-per93.15","1 year 93.15 percentile daily 8h maximum","2016","99.643","ug/m3","96.17","1","Background","Suburban","4.4587","50.4290","135.0","Charleroi                                                                       ","BE004C1                                           ","203314","E1a/validated data AQ e-Reporting","18/03/2023 22:12:55","http://fme.discomap.eea.europa.eu/fmedatastreaming/AirQualityDownload/AQData_Extract.fmw?CountryCode=BE&CityName=&Pollutant=7&Year_from=2016&Year_to=2016&Station=STA-BETR502&Samplingpoint=&Source=E1a&Output=HTML&UpdateDate="
"Belgium","NET-Flanders","Flanders","BETR731","44R731 - EVERGEM","SPO-BETR731_00005_100","PM10","Particulate matter < 10 µm (aerosol)","P1Y","Annual mean / 1 calendar year","2016","23.347","ug/m3","98.91","1","Industrial","Rural","3.7395","51.1247","6.0","","","","E1a/validated data AQ e-Reporting","18/03/2023 21:08:58","http://fme.discomap.eea.europa.eu/fmedatastreaming/AirQualityDownload/AQData_Extract.fmw?CountryCode=BE&CityName=&Pollutant=5&Year_from=2016&Year_to=2016&Station=STA-BETR731&Samplingpoint=&Source=E1a&Output=HTML&UpdateDate="
"Belgium","NET-Flanders","Flanders","BETR731","44R731 - EVERGEM","SPO-BETR731_00005_100","PM10","Particulate matter < 10 µm (aerosol)","P1Y-hr-max","1 year hour max","2016","196.100","ug/m3","98.91","1","Industrial","Rural","3.7395","51.1247","6.0","","","","E1a/validated data AQ e-Reporting","18/03/2023 21:57:02","http://fme.discomap.eea.europa.eu/fmedatastreaming/AirQualityDownload/AQData_Extract.fmw?CountryCode=BE&CityName=&Pollutant=5&Year_from=2016&Year_to=2016&Station=STA-BETR731&Samplingpoint=&Source=E1a&Output=HTML&UpdateDate="
"Belgium","NET-Flanders","Flanders","BETR701","44R701 - GENT","SPO-BETR701_00007_100","O3","Ozone (air)","P3Y","3 subsequent calendar years mean","2016","40.878","ug/m3","87.19","1","Background","Urban","3.7293","51.0583","5.0","Gent                                                                            ","BE003C1                                           ","263687","E1a/validated data AQ e-Reporting","18/03/2023 21:36:00","http://fme.discomap.eea.europa.eu/fmedatastreaming/AirQualityDownload/AQData_Extract.fmw?CountryCode=BE&CityName=&Pollutant=7&Year_from=2016&Year_to=2016&Station=STA-BETR701&Samplingpoint=&Source=E1a&Output=HTML&UpdateDate="
"Belgium","NET-Brussels","Brussels","BETR001","41R001 - MOLENBEEK","SPO-BETR001_00005_100","PM10","Particulate matter < 10 µm (aerosol)","P1Y-hr-max","1 year hour max","2016","138.000","ug/m3","85.56","1","Background","Urban","4.3341","50.8497","20.0","Bruxelles / Brussel                                                             ","BE001C1                                           ","1223364","E1a/validated data AQ e-Reporting","18/03/2023 21:57:02","http://fme.discomap.eea.europa.eu/fmedatastreaming/AirQualityDownload/AQData_Extract.fmw?CountryCode=BE&CityName=&Pollutant=5&Year_from=2016&Year_to=2016&Station=STA-BETR001&Samplingpoint=&Source=E1a&Output=HTML&UpdateDate="
"Belgium","NET-Brussels","Brussels","BETR012","41R012 - UCCLE","SPO-BETR012_00001_100","SO2","Sulphur dioxide (air)","P1Y-day-max-per99.18","1 year 99.18 percentile of daily maximum","2016","3.891","ug/m3","89.34","1","Background","Suburban","4.3586","50.7966","101.0","Bruxelles / Brussel                                                             ","BE001C1                                           ","1223364","E1a/validated data AQ e-Reporting","18/03/2023 22:12:16","http://fme.discomap.eea.europa.eu/fmedatastreaming/AirQualityDownload/AQData_Extract.fmw?CountryCode=BE&CityName=&Pollutant=1&Year_from=2016&Year_to=2016&Station=STA-BETR012&Samplingpoint=&Source=E1a&Output=HTML&UpdateDate="
"Belgium","NET-Brussels","Brussels","BETR012","41R012 - UCCLE","SPO-BETR012_00001_100","SO2","Sulphur dioxide (air)","P1Y-day-per50","1 year 50 %ile of daily values in a year","2016","0.852","ug/m3","89.34","1","Background","Suburban","4.3586","50.7966","101.0","Bruxelles / Brussel                                                             ","BE001C1                                           ","1223364","E1a/validated data AQ e-Reporting","18/03/2023 22:14:46","http://fme.discomap.eea.europa.eu/fmedatastreaming/AirQualityDownload/AQData_Extract.fmw?CountryCode=BE&CityName=&Pollutant=1&Year_from=2016&Year_to=2016&Station=STA-BETR012&Samplingpoint=&Source=E1a&Output=HTML&UpdateDate="
"Belgium","NET-Brussels","Brussels","BETR012","41R012 - UCCLE","SPO-BETR012_00007_100","O3","Ozone (air)","P1Y-day-max","1 year day max","2016","112.565","ug/m3","97.54","1","Background","Suburban","4.3586","50.7966","101.0","Bruxelles / Brussel                                                             ","BE001C1                                           ","1223364","E1a/validated data AQ e-Reporting","18/03/2023 21:44:13","http://fme.discomap.eea.europa.eu/fmedatastreaming/AirQualityDownload/AQData_Extract.fmw?CountryCode=BE&CityName=&Pollutant=7&Year_from=2016&Year_to=2016&Station=STA-BETR012&Samplingpoint=&Source=E1a&Output=HTML&UpdateDate="
"Belgium","NET-Brussels","Brussels","BETB006","41B006 - PARL.EUROPE","SPO-BETB006_00007_100","O3","Ozone (air)","P1Y-dx-avg","1 year daymax average","2016","62.259","ug/m3","37.43","1","Background","Urban","4.3744","50.8386","67.0","Bruxelles / Brussel                                                             ","BE001C1                                           ","1223364","E1a/validated data AQ e-Reporting","18/03/2023 22:27:48","http://fme.discomap.eea.europa.eu/fmedatastreaming/AirQualityDownload/AQData_Extract.fmw?CountryCode=BE&CityName=&Pollutant=7&Year_from=2016&Year_to=2016&Station=STA-BETB006&Samplingpoint=&Source=E1a&Output=HTML&UpdateDate="
"Belgium","NET-Wallonia","Wallonia","BETN132","43N132 - HABAY-LA-N.","SPO-BETN132_00001_100","SO2","Sulphur dioxide (air)","P1Y-day-per50","1 year 50 %ile of daily values in a year","2016","0.500","ug/m3","99.45","1","Background","Rural","5.6304","49.7193","375.0","","","","E1a/validated data AQ e-Reporting","18/03/2023 22:14:46","http://fme.discomap.eea.europa.eu/fmedatastreaming/AirQualityDownload/AQData_Extract.fmw?CountryCode=BE&CityName=&Pollutant=1&Year_from=2016&Year_to=2016&Station=STA-BETN132&Samplingpoint=&Source=E1a&Output=HTML&UpdateDate="
"Belgium","NET-Wallonia","Wallonia","BETN066","43N066 - EUPEN","SPO-BETN066_00008_100","NO2","Nitrogen dioxide (air)","P1Y-hr-max-per99.79","1 year 99.79 %ile of hourly values in a given year","2016","51.500","ug/m3","97.47","1","Background","Rural","6.0023","50.6289","295.0","","","","E1a/validated data AQ e-Reporting","18/03/2023 22:07:35","http://fme.discomap.eea.europa.eu/fmedatastreaming/AirQualityDownload/AQData_Extract.fmw?CountryCode=BE&CityName=&Pollutant=8&Year_from=2016&Year_to=2016&Station=STA-BETN066&Samplingpoint=&Source=E1a&Output=HTML&UpdateDate="
"Belgium","NET-Wallonia","Wallonia","BETN132","43N132 - HABAY-LA-N.","SPO-BETN132_00005_100","PM10","Particulate matter < 10 µm (aerosol)","P1Y-hr-min","1 year hour min","2016","0.000","ug/m3","99.34","1","Background","Rural","5.6304","49.7193","375.0","","","","E1a/validated data AQ e-Reporting","18/03/2023 22:31:20","http://fme.discomap.eea.europa.eu/fmedatastreaming/AirQualityDownload/AQData_Extract.fmw?CountryCode=BE&CityName=&Pollutant=5&Year_from=2016&Year_to=2016&Station=STA-BETN132&Samplingpoint=&Source=E1a&Output=HTML&UpdateDate="
"Belgium","NET-Wallonia","Wallonia","BETR512","45R512 - MARCHIENNE","SPO-BETR512_00001_100","SO2","Sulphur dioxide (air)","P1Y-hr-max25","1 year hour max 25","2016","9.500","ug/m3","89.95","1","Industrial","Suburban","4.3959","50.4078","107.0","Charleroi                                                                       ","BE004C1                                           ","203314","E1a/validated data AQ e-Reporting","18/03/2023 22:33:20","http://fme.discomap.eea.europa.eu/fmedatastreaming/AirQualityDownload/AQData_Extract.fmw?CountryCode=BE&CityName=&Pollutant=1&Year_from=2016&Year_to=2016&Station=STA-BETR512&Samplingpoint=&Source=E1a&Output=HTML&UpdateDate="
"Belgium","NET-Flanders","Flanders","BETR815","42R815 - ZWIJNDRECHT","SPO-BETR815_00001_100","SO2","Sulphur dioxide (air)","P1Y-daysAbove125","1 year day exceed 125","2016","0.000","count","99.45","1","Industrial","Suburban","4.3322","51.2147","7.0","","","","E1a/validated data AQ e-Reporting","18/03/2023 22:23:37","http://fme.discomap.eea.europa.eu/fmedatastreaming/AirQualityDownload/AQData_Extract.fmw?CountryCode=BE&CityName=&Pollutant=1&Year_from=2016&Year_to=2016&Station=STA-BETR815&Samplingpoint=&Source=E1a&Output=HTML&UpdateDate="
"Belgium","NET-Wallonia","Wallonia","BEVN093","50N093 - SINSIN","SPO-BEVN093_00486_100","H3C-(CH2)3-CH3","n-Pentane (air)","P1Y","Annual mean / 1 calendar year","2016","0.000","ug/m3","42.35","1","Background","Rural","5.2352","50.2745","265.0","","","","E1a/validated data AQ e-Reporting","18/03/2023 21:08:58","http://fme.discomap.eea.europa.eu/fmedatastreaming/AirQualityDownload/AQData_Extract.fmw?CountryCode=BE&CityName=&Pollutant=486&Year_from=2016&Year_to=2016&Station=STA-BEVN093&Samplingpoint=&Source=E1a&Output=HTML&UpdateDate="
"Belgium","NET-Wallonia","Wallonia","BETR222","43R222 - SERAING","SPO-BETR222_06001_100","PM2.5","Particulate matter < 2.5 µm (aerosol)","P1Y-hr-max","1 year hour max","2016","66.959","ug/m3","97.51","1","Background","Suburban","5.5702","50.6134","65.0","Liège                                                                           ","BE005C1                                           ","383700","E1a/validated data AQ e-Reporting","18/03/2023 21:57:02","http://fme.discomap.eea.europa.eu/fmedatastreaming/AirQualityDownload/AQData_Extract.fmw?CountryCode=BE&CityName=&Pollutant=6001&Year_from=2016&Year_to=2016&Station=STA-BETR222&Samplingpoint=&Source=E1a&Output=HTML&UpdateDate="
"Belgium","NET-Wallonia","Wallonia","BETN132","43N132 - HABAY-LA-N.","SPO-BETN132_00008_100","NO2","Nitrogen dioxide (air)","P1Y-hr-max","1 year hour max","2016","111.500","ug/m3","96.56","1","Background","Rural","5.6304","49.7193","375.0","","","","E1a/validated data AQ e-Reporting","18/03/2023 21:57:02","http://fme.discomap.eea.europa.eu/fmedatastreaming/AirQualityDownload/AQData_Extract.fmw?CountryCode=BE&CityName=&Pollutant=8&Year_from=2016&Year_to=2016&Station=STA-BETN132&Samplingpoint=&Source=E1a&Output=HTML&UpdateDate="
"Belgium","NET-Wallonia","Wallonia","BETR502","45R502 - LODELINSART","SPO-BETR502_06001_100","PM2.5","Particulate matter < 2.5 µm (aerosol)","P1Y-day-min","1 year day min","2016","0.065","ug/m3","100.00","1","Background","Suburban","4.4587","50.4290","135.0","Charleroi                                                                       ","BE004C1                                           ","203314","E1a/validated data AQ e-Reporting","18/03/2023 21:55:29","http://fme.discomap.eea.europa.eu/fmedatastreaming/AirQualityDownload/AQData_Extract.fmw?CountryCode=BE&CityName=&Pollutant=6001&Year_from=2016&Year_to=2016&Station=STA-BETR502&Samplingpoint=&Source=E1a&Output=HTML&UpdateDate="
"Belgium","NET-Wallonia","Wallonia","BEVN113","50N113 - SAINT-ODE","SPO-BEVN113_00020_100","C6H6","Benzene (air)","P1Y-day-max","1 year day max","2016","1.190","ug/m3","42.90","1","Background","Rural","5.5930","50.0270","510.0","","","","E1a/validated data AQ e-Reporting","18/03/2023 21:43:39","http://fme.discomap.eea.europa.eu/fmedatastreaming/AirQualityDownload/AQData_Extract.fmw?CountryCode=BE&CityName=&Pollutant=20&Year_from=2016&Year_to=2016&Station=STA-BEVN113&Samplingpoint=&Source=E1a&Output=HTML&UpdateDate="
"Belgium","NET-Wallonia","Wallonia","BETR222","43R222 - SERAING","SPO-BETR222_00001_100","SO2","Sulphur dioxide (air)","P1Y-day-max-per99.18","1 year 99.18 percentile of daily maximum","2016","3.313","ug/m3","91.26","1","Background","Suburban","5.5702","50.6134","65.0","Liège                                                                           ","BE005C1                                           ","383700","E1a/validated data AQ e-Reporting","18/03/2023 22:12:16","http://fme.discomap.eea.europa.eu/fmedatastreaming/AirQualityDownload/AQData_Extract.fmw?CountryCode=BE&CityName=&Pollutant=1&Year_from=2016&Year_to=2016&Station=STA-BETR222&Samplingpoint=&Source=E1a&Output=HTML&UpdateDate="
"Belgium","NET-Wallonia","Wallonia","BETN100","43N100 - DOURBES","SPO-BETN100_00009_100","NOX as NO2","Nitrogen oxides (air)","P1Y-hr-max","1 year hour max","2016","107.087","ug/m3","97.32","1","Background","Rural","4.5948","50.0957","225.0","","","","E1a/validated data AQ e-Reporting","18/03/2023 21:57:02","http://fme.discomap.eea.europa.eu/fmedatastreaming/AirQualityDownload/AQData_Extract.fmw?CountryCode=BE&CityName=&Pollutant=9&Year_from=2016&Year_to=2016&Station=STA-BETN100&Samplingpoint=&Source=E1a&Output=HTML&UpdateDate="
"Belgium","NET-Brussels","Brussels","BETB006","41B006 - PARL.EUROPE","SPO-BETB006_00007_100","O3","Ozone (air)","P3Y-dmaxAbove120","Daymax exceed 120 averaged over 3 consecutive years","2016","5.000","count","66.67","1","Background","Urban","4.3744","50.8386","67.0","Bruxelles / Brussel                                                             ","BE001C1                                           ","1223364","E1a/validated data AQ e-Reporting","18/03/2023 22:34:54","http://fme.discomap.eea.europa.eu/fmedatastreaming/AirQualityDownload/AQData_Extract.fmw?CountryCode=BE&CityName=&Pollutant=7&Year_from=2016&Year_to=2016&Station=STA-BETB006&Samplingpoint=&Source=E1a&Output=HTML&UpdateDate="
"Belgium","NET-Flanders","Flanders","BELLD01","40LD01 - LAAKDAL","SPO-BELLD01_00008_100","NO2","Nitrogen dioxide (air)","P1Y-day-max","1 year day max","2016","53.848","ug/m3","97.27","1","Industrial","Rural","5.0049","51.1100","20.0","","","","E1a/validated data AQ e-Reporting","18/03/2023 21:43:56","http://fme.discomap.eea.europa.eu/fmedatastreaming/AirQualityDownload/AQData_Extract.fmw?CountryCode=BE&CityName=&Pollutant=8&Year_from=2016&Year_to=2016&Station=STA-BELLD01&Samplingpoint=&Source=E1a&Output=HTML&UpdateDate="
"Belgium","NET-Brussels","Brussels","BETN043","41N043 - HAREN","SPO-BETN043_00010_100","CO","Carbon monoxide (air)","P1Y-dx-avg","1 year daymax average","2016","0.465","mg/m3","98.36","1","Industrial","Suburban","4.3830","50.8837","17.0","Bruxelles / Brussel                                                             ","BE001C1                                           ","1223364","E1a/validated data AQ e-Reporting","18/03/2023 22:27:48","http://fme.discomap.eea.europa.eu/fmedatastreaming/AirQualityDownload/AQData_Extract.fmw?CountryCode=BE&CityName=&Pollutant=10&Year_from=2016&Year_to=2016&Station=STA-BETN043&Samplingpoint=&Source=E1a&Output=HTML&UpdateDate="
"Belgium","NET-Flanders","Flanders","BEGR701","26R701 - GENT","SPO-BEGR701_06001_100","PM2.5","Particulate matter < 2.5 µm (aerosol)","P1Y-day-per50","1 year 50 %ile of daily values in a year","2016","11.833","ug/m3","97.81","1","Background","Urban","3.7293","51.0583","5.0","Gent                                                                            ","BE003C1                                           ","263687","E1a/validated data AQ e-Reporting","18/03/2023 22:11:51","http://fme.discomap.eea.europa.eu/fmedatastreaming/AirQualityDownload/AQData_Extract.fmw?CountryCode=BE&CityName=&Pollutant=6001&Year_from=2016&Year_to=2016&Station=STA-BEGR701&Samplingpoint=&Source=E1a&Output=HTML&UpdateDate="
"Belgium","NET-Flanders","Flanders","BEDGN78","65GN78 - GENT
","SPO-BEDGN78_07351_100","Acenaphthene","Acenaphthene (precip+dry_dep)","P1Y","Annual mean / 1 calendar year","2016","329.757","ng/m2/day","22.95","1","Background","Urban","3.7264","51.0857","0.0","Gent                                                                            ","BE003C1                                           ","263687","E1a/validated data AQ e-Reporting","18/03/2023 21:08:58","http://fme.discomap.eea.europa.eu/fmedatastreaming/AirQualityDownload/AQData_Extract.fmw?CountryCode=BE&CityName=&Pollutant=7351&Year_from=2016&Year_to=2016&Station=STA-BEDGN78&Samplingpoint=&Source=E1a&Output=HTML&UpdateDate="
"Belgium","NET-Flanders","Flanders","BEDHZ02","65HZ02 - HEUZDEN-ZOLDER
","SPO-BEDHZ02_00717_100","Pyrene","pyrene (precip+dry_dep)","P1Y","Annual mean / 1 calendar year","2016","128.547","ng/m2/day","22.95","1","Industrial","Suburban","5.2477","50.9943","0.0","","","","E1a/validated data AQ e-Reporting","18/03/2023 21:08:58","http://fme.discomap.eea.europa.eu/fmedatastreaming/AirQualityDownload/AQData_Extract.fmw?CountryCode=BE&CityName=&Pollutant=717&Year_from=2016&Year_to=2016&Station=STA-BEDHZ02&Samplingpoint=&Source=E1a&Output=HTML&UpdateDate="
"Belgium","NET-Brussels","Brussels","BETMEU1","41MEU1 - MEUDON","SPO-BETMEU1_00008_100","NO2","Nitrogen dioxide (air)","P1Y-3hAbove400","3 consecutive hours in exceedance of 400","2016","0.000","count","97.05","1","Background","Suburban","4.3957","50.8950","34.0","Bruxelles / Brussel                                                             ","BE001C1                                           ","1223364","E1a/validated data AQ e-Reporting","18/03/2023 22:22:30","http://fme.discomap.eea.europa.eu/fmedatastreaming/AirQualityDownload/AQData_Extract.fmw?CountryCode=BE&CityName=&Pollutant=8&Year_from=2016&Year_to=2016&Station=STA-BETMEU1&Samplingpoint=&Source=E1a&Output=HTML&UpdateDate="
"Belgium","NET-Flanders","Flanders","BELAL01","40AL01 - LINKEROEVER","SPO-BELAL01_06001_100","PM2.5","Particulate matter < 2.5 µm (aerosol)","P1Y-day-min","1 year day min","2016","2.604","ug/m3","97.27","1","Industrial","Suburban","4.3852","51.2362","10.0","Antwerpen                                                                       ","BE002C1                                           ","530014","E1a/validated data AQ e-Reporting","18/03/2023 21:55:29","http://fme.discomap.eea.europa.eu/fmedatastreaming/AirQualityDownload/AQData_Extract.fmw?CountryCode=BE&CityName=&Pollutant=6001&Year_from=2016&Year_to=2016&Station=STA-BELAL01&Samplingpoint=&Source=E1a&Output=HTML&UpdateDate="
"Belgium","NET-Flanders","Flanders","BELSZ02","40SZ02 - STEENOKKERZ","SPO-BELSZ02_00008_100","NO2","Nitrogen dioxide (air)","P1Y-day-max","1 year day max","2016","69.229","ug/m3","97.81","1","Industrial","Rural","4.5122","50.9130","15.0","","","","E1a/validated data AQ e-Reporting","18/03/2023 21:43:56","http://fme.discomap.eea.europa.eu/fmedatastreaming/AirQualityDownload/AQData_Extract.fmw?CountryCode=BE&CityName=&Pollutant=8&Year_from=2016&Year_to=2016&Station=STA-BELSZ02&Samplingpoint=&Source=E1a&Output=HTML&UpdateDate="
"Belgium","NET-Brussels","Brussels","BEVWOL1","51WOL1 - WOL.ST.L.","SPO-BEVWOL1_00475_100","C8H18","n-Octane (air)","P1Y","Annual mean / 1 calendar year","2016","0.000","ug/m3","94.54","1","Background","Suburban","4.4257","50.8566","77.0","Bruxelles / Brussel                                                             ","BE001C1                                           ","1223364","E1a/validated data AQ e-Reporting","18/03/2023 21:08:58","http://fme.discomap.eea.europa.eu/fmedatastreaming/AirQualityDownload/AQData_Extract.fmw?CountryCode=BE&CityName=&Pollutant=475&Year_from=2016&Year_to=2016&Station=STA-BEVWOL1&Samplingpoint=&Source=E1a&Output=HTML&UpdateDate="
"Belgium","NET-Wallonia","Wallonia","BEVN093","50N093 - SINSIN","SPO-BEVN093_06007_100","cis-H3C-CH=CH-CH3","cis-2-Butene (air)","P1Y","Annual mean / 1 calendar year","2016","0.000","ug/m3","42.35","1","Background","Rural","5.2352","50.2745","265.0","","","","E1a/validated data AQ e-Reporting","18/03/2023 21:08:58","http://fme.discomap.eea.europa.eu/fmedatastreaming/AirQualityDownload/AQData_Extract.fmw?CountryCode=BE&CityName=&Pollutant=6007&Year_from=2016&Year_to=2016&Station=STA-BEVN093&Samplingpoint=&Source=E1a&Output=HTML&UpdateDate="
"Belgium","NET-Wallonia","Wallonia","BETN063","43N063 - CORROY L.G.","SPO-BETN063_00007_100","O3","Ozone (air)","P1Y-day-min","1 year day min","2016","2.605","ug/m3","96.45","1","Background","Rural","4.6683","50.6554","145.0","","","","E1a/validated data AQ e-Reporting","18/03/2023 21:56:21","http://fme.discomap.eea.europa.eu/fmedatastreaming/AirQualityDownload/AQData_Extract.fmw?CountryCode=BE&CityName=&Pollutant=7&Year_from=2016&Year_to=2016&Station=STA-BETN063&Samplingpoint=&Source=E1a&Output=HTML&UpdateDate="
"Belgium","NET-Wallonia","Wallonia","BETN070","43N070 - MONS","SPO-BETN070_00005_100","PM10","Particulate matter < 10 µm (aerosol)","P1Y-P1D-per90.41","1 year 90.41 percentile","2016","38.854","ug/m3","100.00","1","Background","Suburban","3.9397","50.4652","30.0","Mons                                                                            ","BE009C1                                           ","95922","E1a/validated data AQ e-Reporting","18/03/2023 22:09:05","http://fme.discomap.eea.europa.eu/fmedatastreaming/AirQualityDownload/AQData_Extract.fmw?CountryCode=BE&CityName=&Pollutant=5&Year_from=2016&Year_to=2016&Station=STA-BETN070&Samplingpoint=&Source=E1a&Output=HTML&UpdateDate="
"Belgium","NET-Wallonia","Wallonia","BEVN132","50N132 - HABAY-LA-N.","SPO-BEVN132_00020_100","C6H6","Benzene (air)","P1Y-day-max","1 year day max","2016","36.000","ug/m3","47.27","1","Background","Rural","5.6304","49.7193","375.0","","","","E1a/validated data AQ e-Reporting","18/03/2023 21:43:39","http://fme.discomap.eea.europa.eu/fmedatastreaming/AirQualityDownload/AQData_Extract.fmw?CountryCode=BE&CityName=&Pollutant=20&Year_from=2016&Year_to=2016&Station=STA-BEVN132&Samplingpoint=&Source=E1a&Output=HTML&UpdateDate="
"Belgium","NET-Wallonia","Wallonia","BETN093","43N093 - SINSIN","SPO-BETN093_00007_100","O3","Ozone (air)","P1Y-dmax-per99","1 year 99 percentile daily 8h maximum","2016","124.500","ug/m3","93.72","1","Background","Rural","5.2352","50.2745","265.0","","","","E1a/validated data AQ e-Reporting","18/03/2023 22:13:26","http://fme.discomap.eea.europa.eu/fmedatastreaming/AirQualityDownload/AQData_Extract.fmw?CountryCode=BE&CityName=&Pollutant=7&Year_from=2016&Year_to=2016&Station=STA-BETN093&Samplingpoint=&Source=E1a&Output=HTML&UpdateDate="
"Belgium","NET-Flanders","Flanders","BETR740","44R740 - ST.KRUIS-WI","SPO-BETR740_00007_100","O3","Ozone (air)","P1Y-dmax-per93.15","1 year 93.15 percentile daily 8h maximum","2016","95.375","ug/m3","90.44","1","Industrial","Rural","3.8087","51.1501","5.0","Gent                                                                            ","BE003C1                                           ","263687","E1a/validated data AQ e-Reporting","18/03/2023 22:12:55","http://fme.discomap.eea.europa.eu/fmedatastreaming/AirQualityDownload/AQData_Extract.fmw?CountryCode=BE&CityName=&Pollutant=7&Year_from=2016&Year_to=2016&Station=STA-BETR740&Samplingpoint=&Source=E1a&Output=HTML&UpdateDate="
"Belgium","NET-Wallonia","Wallonia","BETN060","43N060 - HAVINNES","SPO-BETN060_00010_100","CO","Carbon monoxide (air)","P1Y","Annual mean / 1 calendar year","2016","0.222","mg/m3","86.02","1","Background","Rural","3.4576","50.6167","0.0","","","","E1a/validated data AQ e-Reporting","18/03/2023 21:08:58","http://fme.discomap.eea.europa.eu/fmedatastreaming/AirQualityDownload/AQData_Extract.fmw?CountryCode=BE&CityName=&Pollutant=10&Year_from=2016&Year_to=2016&Station=STA-BETN060&Samplingpoint=&Source=E1a&Output=HTML&UpdateDate="
"Belgium","NET-Wallonia","Wallonia","BETN132","43N132 - HABAY-LA-N.","SPO-BETN132_00001_100","SO2","Sulphur dioxide (air)","P1Y-day-max4","1 year day max 4","2016","2.000","ug/m3","99.45","1","Background","Rural","5.6304","49.7193","375.0","","","","E1a/validated data AQ e-Reporting","18/03/2023 22:31:46","http://fme.discomap.eea.europa.eu/fmedatastreaming/AirQualityDownload/AQData_Extract.fmw?CountryCode=BE&CityName=&Pollutant=1&Year_from=2016&Year_to=2016&Station=STA-BETN132&Samplingpoint=&Source=E1a&Output=HTML&UpdateDate="
"Belgium","NET-Wallonia","Wallonia","BETN093","43N093 - SINSIN","SPO-BETN093_06001_100","PM2.5","Particulate matter < 2.5 µm (aerosol)","P3Y","3 subsequent calendar years mean","2016","8.560","ug/m3","98.29","1","Background","Rural","5.2352","50.2745","265.0","","","","E1a/validated data AQ e-Reporting","18/03/2023 21:36:00","http://fme.discomap.eea.europa.eu/fmedatastreaming/AirQualityDownload/AQData_Extract.fmw?CountryCode=BE&CityName=&Pollutant=6001&Year_from=2016&Year_to=2016&Station=STA-BETN093&Samplingpoint=&Source=E1a&Output=HTML&UpdateDate="
"Belgium","NET-Wallonia","Wallonia","BEVN093","50N093 - SINSIN","SPO-BEVN093_00394_100","H3C-CH2-CH2-CH3","n-Butane (air)","P1Y","Annual mean / 1 calendar year","2016","0.001","ug/m3","42.35","1","Background","Rural","5.2352","50.2745","265.0","","","","E1a/validated data AQ e-Reporting","18/03/2023 21:08:58","http://fme.discomap.eea.europa.eu/fmedatastreaming/AirQualityDownload/AQData_Extract.fmw?CountryCode=BE&CityName=&Pollutant=394&Year_from=2016&Year_to=2016&Station=STA-BEVN093&Samplingpoint=&Source=E1a&Output=HTML&UpdateDate="
"Belgium","NET-Wallonia","Wallonia","BEVN132","50N132 - HABAY-LA-N.","SPO-BEVN132_00464_100","m,p-C6H4(CH3)2","m,p-Xylene (air)","P1Y","Annual mean / 1 calendar year","2016","0.000","ug/m3","47.27","1","Background","Rural","5.6304","49.7193","375.0","","","","E1a/validated data AQ e-Reporting","18/03/2023 21:08:58","http://fme.discomap.eea.europa.eu/fmedatastreaming/AirQualityDownload/AQData_Extract.fmw?CountryCode=BE&CityName=&Pollutant=464&Year_from=2016&Year_to=2016&Station=STA-BEVN132&Samplingpoint=&Source=E1a&Output=HTML&UpdateDate="
"Belgium","NET-Wallonia","Wallonia","BETR502","45R502 - LODELINSART","SPO-BETR502_00005_100","PM10","Particulate matter < 10 µm (aerosol)","P1Y","Annual mean / 1 calendar year","2016","20.092","ug/m3","99.77","1","Background","Suburban","4.4587","50.4290","135.0","Charleroi                                                                       ","BE004C1                                           ","203314","E1a/validated data AQ e-Reporting","18/03/2023 21:08:58","http://fme.discomap.eea.europa.eu/fmedatastreaming/AirQualityDownload/AQData_Extract.fmw?CountryCode=BE&CityName=&Pollutant=5&Year_from=2016&Year_to=2016&Station=STA-BETR502&Samplingpoint=&Source=E1a&Output=HTML&UpdateDate="
"Belgium","NET-Wallonia","Wallonia","BETN113","43N113 - SAINT-ODE","SPO-BETN113_00007_100","O3","Ozone (air)","P1Y-hr-per50","1 year 50 percentile","2016","54.000","ug/m3","89.52","1","Background","Rural","5.5930","50.0270","510.0","","","","E1a/validated data AQ e-Reporting","18/03/2023 22:05:49","http://fme.discomap.eea.europa.eu/fmedatastreaming/AirQualityDownload/AQData_Extract.fmw?CountryCode=BE&CityName=&Pollutant=7&Year_from=2016&Year_to=2016&Station=STA-BETN113&Samplingpoint=&Source=E1a&Output=HTML&UpdateDate="
"Belgium","NET-Flanders","Flanders","BETR820","42R820 - KAPELLEN","SPO-BETR820_00008_100","NO2","Nitrogen dioxide (air)","P1Y-day-min","1 year day min","2016","2.957","ug/m3","98.91","1","Background","Suburban","4.4448","51.3204","11.0","","","","E1a/validated data AQ e-Reporting","18/03/2023 21:56:03","http://fme.discomap.eea.europa.eu/fmedatastreaming/AirQualityDownload/AQData_Extract.fmw?CountryCode=BE&CityName=&Pollutant=8&Year_from=2016&Year_to=2016&Station=STA-BETR820&Samplingpoint=&Source=E1a&Output=HTML&UpdateDate="
"Belgium","NET-Wallonia","Wallonia","BETN063","43N063 - CORROY L.G.","SPO-BETN063_00007_100","O3","Ozone (air)","P1Y-dx-max","1 year day max max","2016","172.375","ug/m3","96.17","1","Background","Rural","4.6683","50.6554","145.0","","","","E1a/validated data AQ e-Reporting","18/03/2023 21:44:39","http://fme.discomap.eea.europa.eu/fmedatastreaming/AirQualityDownload/AQData_Extract.fmw?CountryCode=BE&CityName=&Pollutant=7&Year_from=2016&Year_to=2016&Station=STA-BETN063&Samplingpoint=&Source=E1a&Output=HTML&UpdateDate="
"Belgium","NET-Flanders","Flanders","BETR831","42R831 - BERENDRECHT","SPO-BETR831_06001_100","PM2.5","Particulate matter < 2.5 µm (aerosol)","P1Y","Annual mean / 1 calendar year","2016","12.974","ug/m3","99.85","1","Industrial","Rural","4.3397","51.3488","3.0","Antwerpen                                                                       ","BE002C1                                           ","530014","E1a/validated data AQ e-Reporting","18/03/2023 21:08:58","http://fme.discomap.eea.europa.eu/fmedatastreaming/AirQualityDownload/AQData_Extract.fmw?CountryCode=BE&CityName=&Pollutant=6001&Year_from=2016&Year_to=2016&Station=STA-BETR831&Samplingpoint=&Source=E1a&Output=HTML&UpdateDate="
"Belgium","NET-Wallonia","Wallonia","BETN060","43N060 - HAVINNES","SPO-BETN060_00010_100","CO","Carbon monoxide (air)","P1Y-dx-max","1 year day max max","2016","0.781","mg/m3","87.98","1","Background","Rural","3.4576","50.6167","0.0","","","","E1a/validated data AQ e-Reporting","18/03/2023 21:44:39","http://fme.discomap.eea.europa.eu/fmedatastreaming/AirQualityDownload/AQData_Extract.fmw?CountryCode=BE&CityName=&Pollutant=10&Year_from=2016&Year_to=2016&Station=STA-BETN060&Samplingpoint=&Source=E1a&Output=HTML&UpdateDate="
"Belgium","NET-Flanders","Flanders","BETR823","42R823 - BEVEREN","SPO-BETR823_00005_100","PM10","Particulate matter < 10 µm (aerosol)","P3Y","3 subsequent calendar years mean","2016","22.786","ug/m3","33.34","1","Background","Suburban","4.2399","51.2133","0.0","","","","E1a/validated data AQ e-Reporting","18/03/2023 21:36:00","http://fme.discomap.eea.europa.eu/fmedatastreaming/AirQualityDownload/AQData_Extract.fmw?CountryCode=BE&CityName=&Pollutant=5&Year_from=2016&Year_to=2016&Station=STA-BETR823&Samplingpoint=&Source=E1a&Output=HTML&UpdateDate="
"Belgium","NET-Wallonia","Wallonia","BEVN113","50N113 - SAINT-ODE","SPO-BEVN113_00451_100","CH2=CH-C(CH3)=CH2","Isoprene (2-methyl-1,3-butadiene) (air)","P1Y","Annual mean / 1 calendar year","2016","0.000","ug/m3","42.90","1","Background","Rural","5.5930","50.0270","510.0","","","","E1a/validated data AQ e-Reporting","18/03/2023 21:08:58","http://fme.discomap.eea.europa.eu/fmedatastreaming/AirQualityDownload/AQData_Extract.fmw?CountryCode=BE&CityName=&Pollutant=451&Year_from=2016&Year_to=2016&Station=STA-BEVN113&Samplingpoint=&Source=E1a&Output=HTML&UpdateDate="
"Belgium","NET-Wallonia","Wallonia","BETR223","43R223 - JEMEPPE","SPO-BETR223_00001_100","SO2","Sulphur dioxide (air)","P1Y-day-max","1 year day max","2016","5.696","ug/m3","95.08","1","Industrial","Suburban","5.5164","50.6207","50.0","Liège                                                                           ","BE005C1                                           ","383700","E1a/validated data AQ e-Reporting","18/03/2023 21:42:48","http://fme.discomap.eea.europa.eu/fmedatastreaming/AirQualityDownload/AQData_Extract.fmw?CountryCode=BE&CityName=&Pollutant=1&Year_from=2016&Year_to=2016&Station=STA-BETR223&Samplingpoint=&Source=E1a&Output=HTML&UpdateDate="
"Belgium","NET-Wallonia","Wallonia","BEVR221","50R221 - LIEGE","SPO-BEVR221_00451_100","CH2=CH-C(CH3)=CH2","Isoprene (2-methyl-1,3-butadiene) (air)","P1Y","Annual mean / 1 calendar year","2016","0.000","ug/m3","47.27","1","Background","Urban","5.6278","50.6584","65.0","Liège                                                                           ","BE005C1                                           ","383700","E1a/validated data AQ e-Reporting","18/03/2023 21:08:58","http://fme.discomap.eea.europa.eu/fmedatastreaming/AirQualityDownload/AQData_Extract.fmw?CountryCode=BE&CityName=&Pollutant=451&Year_from=2016&Year_to=2016&Station=STA-BEVR221&Samplingpoint=&Source=E1a&Output=HTML&UpdateDate="
"Belgium","NET-Wallonia","Wallonia","BETR223","43R223 - JEMEPPE","SPO-BETR223_00008_100","NO2","Nitrogen dioxide (air)","P1Y-day-min","1 year day min","2016","5.978","ug/m3","98.91","1","Industrial","Suburban","5.5164","50.6207","50.0","Liège                                                                           ","BE005C1                                           ","383700","E1a/validated data AQ e-Reporting","18/03/2023 21:56:03","http://fme.discomap.eea.europa.eu/fmedatastreaming/AirQualityDownload/AQData_Extract.fmw?CountryCode=BE&CityName=&Pollutant=8&Year_from=2016&Year_to=2016&Station=STA-BETR223&Samplingpoint=&Source=E1a&Output=HTML&UpdateDate="
"Belgium","NET-Wallonia","Wallonia","BETR512","45R512 - MARCHIENNE","SPO-BETR512_06001_100","PM2.5","Particulate matter < 2.5 µm (aerosol)","P1Y-P1D-per99","1 year 99 percentile of daily means (P1D) or .../aq/primaryObservation/day","2016","48.162","ug/m3","99.45","1","Industrial","Suburban","4.3959","50.4078","107.0","Charleroi                                                                       ","BE004C1                                           ","203314","E1a/validated data AQ e-Reporting","18/03/2023 22:10:03","http://fme.discomap.eea.europa.eu/fmedatastreaming/AirQualityDownload/AQData_Extract.fmw?CountryCode=BE&CityName=&Pollutant=6001&Year_from=2016&Year_to=2016&Station=STA-BETR512&Samplingpoint=&Source=E1a&Output=HTML&UpdateDate="
"Belgium","NET-Flanders","Flanders","BETR823","42R823 - BEVEREN","SPO-BETR823_00001_100","SO2","Sulphur dioxide (air)","P1Y-hr-per50","1 year 50 percentile","2016","1.000","ug/m3","97.40","1","Background","Suburban","4.2399","51.2133","0.0","","","","E1a/validated data AQ e-Reporting","18/03/2023 22:05:49","http://fme.discomap.eea.europa.eu/fmedatastreaming/AirQualityDownload/AQData_Extract.fmw?CountryCode=BE&CityName=&Pollutant=1&Year_from=2016&Year_to=2016&Station=STA-BETR823&Samplingpoint=&Source=E1a&Output=HTML&UpdateDate="
"Belgium","NET-Wallonia","Wallonia","BETN132","43N132 - HABAY-LA-N.","SPO-BETN132_00001_100","SO2","Sulphur dioxide (air)","P1Y-hr-per50","1 year 50 percentile","2016","0.500","ug/m3","97.04","1","Background","Rural","5.6304","49.7193","375.0","","","","E1a/validated data AQ e-Reporting","18/03/2023 22:05:49","http://fme.discomap.eea.europa.eu/fmedatastreaming/AirQualityDownload/AQData_Extract.fmw?CountryCode=BE&CityName=&Pollutant=1&Year_from=2016&Year_to=2016&Station=STA-BETN132&Samplingpoint=&Source=E1a&Output=HTML&UpdateDate="
"Belgium","NET-Wallonia","Wallonia","BETN132","43N132 - HABAY-LA-N.","SPO-BETN132_00007_100","O3","Ozone (air)","P1Y-day-max","1 year day max","2016","117.000","ug/m3","96.99","1","Background","Rural","5.6304","49.7193","375.0","","","","E1a/validated data AQ e-Reporting","18/03/2023 21:44:13","http://fme.discomap.eea.europa.eu/fmedatastreaming/AirQualityDownload/AQData_Extract.fmw?CountryCode=BE&CityName=&Pollutant=7&Year_from=2016&Year_to=2016&Station=STA-BETN132&Samplingpoint=&Source=E1a&Output=HTML&UpdateDate="
"Belgium","NET-Wallonia","Wallonia","BETN085","43N085 - VIELSALM","SPO-BETN085_00009_100","NOX as NO2","Nitrogen oxides (air)","P1Y-hr-min","1 year hour min","2016","0.000","ug/m3","95.72","1","Background","Rural","6.0017","50.3032","490.0","","","","E1a/validated data AQ e-Reporting","18/03/2023 22:31:20","http://fme.discomap.eea.europa.eu/fmedatastreaming/AirQualityDownload/AQData_Extract.fmw?CountryCode=BE&CityName=&Pollutant=9&Year_from=2016&Year_to=2016&Station=STA-BETN085&Samplingpoint=&Source=E1a&Output=HTML&UpdateDate="
"Belgium","NET-Wallonia","Wallonia","BETN085","43N085 - VIELSALM","SPO-BETN085_06001_100","PM2.5","Particulate matter < 2.5 µm (aerosol)","P1Y-day-max","1 year day max","2016","31.099","ug/m3","98.63","1","Background","Rural","6.0017","50.3032","490.0","","","","E1a/validated data AQ e-Reporting","18/03/2023 21:43:22","http://fme.discomap.eea.europa.eu/fmedatastreaming/AirQualityDownload/AQData_Extract.fmw?CountryCode=BE&CityName=&Pollutant=6001&Year_from=2016&Year_to=2016&Station=STA-BETN085&Samplingpoint=&Source=E1a&Output=HTML&UpdateDate="
"Belgium","NET-Wallonia","Wallonia","BEVN063","50N063 - CORROY L.G.","SPO-BEVN063_06008_100","H2C=CH-CH2-CH2-CH3","1-Pentene (air)","P1Y","Annual mean / 1 calendar year","2016","0.000","ug/m3","46.99","1","Background","Rural","4.6683","50.6554","145.0","","","","E1a/validated data AQ e-Reporting","18/03/2023 21:08:58","http://fme.discomap.eea.europa.eu/fmedatastreaming/AirQualityDownload/AQData_Extract.fmw?CountryCode=BE&CityName=&Pollutant=6008&Year_from=2016&Year_to=2016&Station=STA-BEVN063&Samplingpoint=&Source=E1a&Output=HTML&UpdateDate="
"Belgium","NET-Wallonia","Wallonia","BETN100","43N100 - DOURBES","SPO-BETN100_00007_100","O3","Ozone (air)","summer-avg","Summer mean","2016","60.230","ug/m3","97.52","1","Background","Rural","4.5948","50.0957","225.0","","","","E1a/validated data AQ e-Reporting","18/03/2023 22:50:22","http://fme.discomap.eea.europa.eu/fmedatastreaming/AirQualityDownload/AQData_Extract.fmw?CountryCode=BE&CityName=&Pollutant=7&Year_from=2016&Year_to=2016&Station=STA-BETN100&Samplingpoint=&Source=E1a&Output=HTML&UpdateDate="
"Belgium","NET-Wallonia","Wallonia","BETN100","43N100 - DOURBES","SPO-BETN100_00008_100","NO2","Nitrogen dioxide (air)","P1Y","Annual mean / 1 calendar year","2016","6.695","ug/m3","97.32","1","Background","Rural","4.5948","50.0957","225.0","","","","E1a/validated data AQ e-Reporting","18/03/2023 21:08:58","http://fme.discomap.eea.europa.eu/fmedatastreaming/AirQualityDownload/AQData_Extract.fmw?CountryCode=BE&CityName=&Pollutant=8&Year_from=2016&Year_to=2016&Station=STA-BETN100&Samplingpoint=&Source=E1a&Output=HTML&UpdateDate="
"Belgium","NET-Wallonia","Wallonia","BEVN093","50N093 - SINSIN","SPO-BEVN093_00482_100","o-C6H4-(CH3)2","o-Xylene (air)","P1Y","Annual mean / 1 calendar year","2016","0.000","ug/m3","42.35","1","Background","Rural","5.2352","50.2745","265.0","","","","E1a/validated data AQ e-Reporting","18/03/2023 21:08:58","http://fme.discomap.eea.europa.eu/fmedatastreaming/AirQualityDownload/AQData_Extract.fmw?CountryCode=BE&CityName=&Pollutant=482&Year_from=2016&Year_to=2016&Station=STA-BEVN093&Samplingpoint=&Source=E1a&Output=HTML&UpdateDate="
"Belgium","NET-Wallonia","Wallonia","BEVN113","50N113 - SAINT-ODE","SPO-BEVN113_00394_100","H3C-CH2-CH2-CH3","n-Butane (air)","P1Y","Annual mean / 1 calendar year","2016","0.000","ug/m3","42.90","1","Background","Rural","5.5930","50.0270","510.0","","","","E1a/validated data AQ e-Reporting","18/03/2023 21:08:58","http://fme.discomap.eea.europa.eu/fmedatastreaming/AirQualityDownload/AQData_Extract.fmw?CountryCode=BE&CityName=&Pollutant=394&Year_from=2016&Year_to=2016&Station=STA-BEVN113&Samplingpoint=&Source=E1a&Output=HTML&UpdateDate="
"Belgium","NET-Wallonia","Wallonia","BEVN113","50N113 - SAINT-ODE","SPO-BEVN113_06008_100","H2C=CH-CH2-CH2-CH3","1-Pentene (air)","P1Y","Annual mean / 1 calendar year","2016","0.000","ug/m3","42.90","1","Background","Rural","5.5930","50.0270","510.0","","","","E1a/validated data AQ e-Reporting","18/03/2023 21:08:58","http://fme.discomap.eea.europa.eu/fmedatastreaming/AirQualityDownload/AQData_Extract.fmw?CountryCode=BE&CityName=&Pollutant=6008&Year_from=2016&Year_to=2016&Station=STA-BEVN113&Samplingpoint=&Source=E1a&Output=HTML&UpdateDate="
"Belgium","NET-Wallonia","Wallonia","BETR512","45R512 - MARCHIENNE","SPO-BETR512_00008_100","NO2","Nitrogen dioxide (air)","P3Y","3 subsequent calendar years mean","2016","22.902","ug/m3","97.14","1","Industrial","Suburban","4.3959","50.4078","107.0","Charleroi                                                                       ","BE004C1                                           ","203314","E1a/validated data AQ e-Reporting","18/03/2023 21:36:00","http://fme.discomap.eea.europa.eu/fmedatastreaming/AirQualityDownload/AQData_Extract.fmw?CountryCode=BE&CityName=&Pollutant=8&Year_from=2016&Year_to=2016&Station=STA-BETR512&Samplingpoint=&Source=E1a&Output=HTML&UpdateDate="
"Belgium","NET-Wallonia","Wallonia","BEVMOU1","5MOU01 - MOUSCRON","SPO-BEVMOU1_00020_100","C6H6","Benzene (air)","P1Y-day-min","1 year day min","2016","0.200","ug/m3","49.73","1","Industrial","Suburban","3.2414","50.7532","42.0","Mouscron                                                                        ","BE013C1                                           ","58862","E1a/validated data AQ e-Reporting","18/03/2023 21:55:46","http://fme.discomap.eea.europa.eu/fmedatastreaming/AirQualityDownload/AQData_Extract.fmw?CountryCode=BE&CityName=&Pollutant=20&Year_from=2016&Year_to=2016&Station=STA-BEVMOU1&Samplingpoint=&Source=E1a&Output=HTML&UpdateDate="
"Belgium","NET-Wallonia","Wallonia","BEVN060","50N060 - HAVINNES","SPO-BEVN060_00464_100","m,p-C6H4(CH3)2","m,p-Xylene (air)","P1Y","Annual mean / 1 calendar year","2016","0.001","ug/m3","49.73","1","Background","Suburban","3.4576","50.6167","0.0","","","","E1a/validated data AQ e-Reporting","18/03/2023 21:08:58","http://fme.discomap.eea.europa.eu/fmedatastreaming/AirQualityDownload/AQData_Extract.fmw?CountryCode=BE&CityName=&Pollutant=464&Year_from=2016&Year_to=2016&Station=STA-BEVN060&Samplingpoint=&Source=E1a&Output=HTML&UpdateDate="
"Belgium","NET-Wallonia","Wallonia","BEVN060","50N060 - HAVINNES","SPO-BEVN060_06013_100","1,3,5-C6H3(CH3)3","1,3,5-Trimethylbenzene (air)","P1Y","Annual mean / 1 calendar year","2016","0.000","ug/m3","49.73","1","Background","Suburban","3.4576","50.6167","0.0","","","","E1a/validated data AQ e-Reporting","18/03/2023 21:08:58","http://fme.discomap.eea.europa.eu/fmedatastreaming/AirQualityDownload/AQData_Extract.fmw?CountryCode=BE&CityName=&Pollutant=6013&Year_from=2016&Year_to=2016&Station=STA-BEVN060&Samplingpoint=&Source=E1a&Output=HTML&UpdateDate="
"Belgium","NET-Wallonia","Wallonia","BETN093","43N093 - SINSIN","SPO-BETN093_00001_100","SO2","Sulphur dioxide (air)","P1Y-daysAbove125","1 year day exceed 125","2016","0.000","count","96.17","1","Background","Rural","5.2352","50.2745","265.0","","","","E1a/validated data AQ e-Reporting","18/03/2023 22:23:37","http://fme.discomap.eea.europa.eu/fmedatastreaming/AirQualityDownload/AQData_Extract.fmw?CountryCode=BE&CityName=&Pollutant=1&Year_from=2016&Year_to=2016&Station=STA-BETN093&Samplingpoint=&Source=E1a&Output=HTML&UpdateDate="
"Belgium","NET-Wallonia","Wallonia","BETR512","45R512 - MARCHIENNE","SPO-BETR512_00008_100","NO2","Nitrogen dioxide (air)","P1Y-hr-min","1 year hour min","2016","1.000","ug/m3","97.43","1","Industrial","Suburban","4.3959","50.4078","107.0","Charleroi                                                                       ","BE004C1                                           ","203314","E1a/validated data AQ e-Reporting","18/03/2023 22:31:20","http://fme.discomap.eea.europa.eu/fmedatastreaming/AirQualityDownload/AQData_Extract.fmw?CountryCode=BE&CityName=&Pollutant=8&Year_from=2016&Year_to=2016&Station=STA-BETR512&Samplingpoint=&Source=E1a&Output=HTML&UpdateDate="
"Belgium","NET-Wallonia","Wallonia","BEVMOU1","5MOU01 - MOUSCRON","SPO-BEVMOU1_00020_100","C6H6","Benzene (air)","P1Y","Annual mean / 1 calendar year","2016","0.613","ug/m3","49.73","1","Industrial","Suburban","3.2414","50.7532","42.0","Mouscron                                                                        ","BE013C1                                           ","58862","E1a/validated data AQ e-Reporting","18/03/2023 21:08:58","http://fme.discomap.eea.europa.eu/fmedatastreaming/AirQualityDownload/AQData_Extract.fmw?CountryCode=BE&CityName=&Pollutant=20&Year_from=2016&Year_to=2016&Station=STA-BEVMOU1&Samplingpoint=&Source=E1a&Output=HTML&UpdateDate="
"Belgium","NET-Brussels","Brussels","BETR012","41R012 - UCCLE","SPO-BETR012_00008_100","NO2","Nitrogen dioxide (air)","P1Y-day-max","1 year day max","2016","57.500","ug/m3","96.45","1","Background","Suburban","4.3586","50.7966","101.0","Bruxelles / Brussel                                                             ","BE001C1                                           ","1223364","E1a/validated data AQ e-Reporting","18/03/2023 21:43:56","http://fme.discomap.eea.europa.eu/fmedatastreaming/AirQualityDownload/AQData_Extract.fmw?CountryCode=BE&CityName=&Pollutant=8&Year_from=2016&Year_to=2016&Station=STA-BETR012&Samplingpoint=&Source=E1a&Output=HTML&UpdateDate="
"Belgium","NET-Brussels","Brussels","BETR002","41R002 - IXELLES","SPO-BETR002_00001_100","SO2","Sulphur dioxide (air)","P1Y-hr-max25","1 year hour max 25","2016","7.500","ug/m3","96.69","1","Traffic","Urban","4.3846","50.8251","76.0","Bruxelles / Brussel                                                             ","BE001C1                                           ","1223364","E1a/validated data AQ e-Reporting","18/03/2023 22:33:20","http://fme.discomap.eea.europa.eu/fmedatastreaming/AirQualityDownload/AQData_Extract.fmw?CountryCode=BE&CityName=&Pollutant=1&Year_from=2016&Year_to=2016&Station=STA-BETR002&Samplingpoint=&Source=E1a&Output=HTML&UpdateDate="
"Belgium","NET-Brussels","Brussels","BEVR002","51R002 - IXELLES","SPO-BEVR002_00443_100","C6H14","n-Hexane (air)","P1Y","Annual mean / 1 calendar year","2016","0.002","ug/m3","70.77","1","Traffic","Suburban","4.3847","50.8251","70.0","Bruxelles / Brussel                                                             ","BE001C1                                           ","1223364","E1a/validated data AQ e-Reporting","18/03/2023 21:08:58","http://fme.discomap.eea.europa.eu/fmedatastreaming/AirQualityDownload/AQData_Extract.fmw?CountryCode=BE&CityName=&Pollutant=443&Year_from=2016&Year_to=2016&Station=STA-BEVR002&Samplingpoint=&Source=E1a&Output=HTML&UpdateDate="
"Belgium","NET-Brussels","Brussels","BETB011","41B011 - BERCHEM S.A","SPO-BETB011_00007_100","O3","Ozone (air)","P1Y-dx-max26","1 year daymax max 26","2016","101.125","ug/m3","99.18","1","Background","Suburban","4.2887","50.8578","66.0","Bruxelles / Brussel                                                             ","BE001C1                                           ","1223364","E1a/validated data AQ e-Reporting","18/03/2023 22:32:17","http://fme.discomap.eea.europa.eu/fmedatastreaming/AirQualityDownload/AQData_Extract.fmw?CountryCode=BE&CityName=&Pollutant=7&Year_from=2016&Year_to=2016&Station=STA-BETB011&Samplingpoint=&Source=E1a&Output=HTML&UpdateDate="
"Belgium","NET-Flanders","Flanders","BELOB02","40OB02 - WIELSBEKE","SPO-BELOB02_00005_100","PM10","Particulate matter < 10 µm (aerosol)","P1Y-hr-max","1 year hour max","2016","152.600","ug/m3","99.85","1","Industrial","Rural","3.3762","50.9150","14.0","","","","E1a/validated data AQ e-Reporting","18/03/2023 21:57:02","http://fme.discomap.eea.europa.eu/fmedatastreaming/AirQualityDownload/AQData_Extract.fmw?CountryCode=BE&CityName=&Pollutant=5&Year_from=2016&Year_to=2016&Station=STA-BELOB02&Samplingpoint=&Source=E1a&Output=HTML&UpdateDate="
"Belgium","NET-Wallonia","Wallonia","BETN100","43N100 - DOURBES","SPO-BETN100_00007_100","O3","Ozone (air)","SOMO35","Sum of Ozone Means Over 35 ppb","2016","3236.759","ug/m3","98.09","1","Background","Rural","4.5948","50.0957","225.0","","","","E1a/validated data AQ e-Reporting","18/03/2023 22:59:23","http://fme.discomap.eea.europa.eu/fmedatastreaming/AirQualityDownload/AQData_Extract.fmw?CountryCode=BE&CityName=&Pollutant=7&Year_from=2016&Year_to=2016&Station=STA-BETN100&Samplingpoint=&Source=E1a&Output=HTML&UpdateDate="
"Belgium","NET-Wallonia","Wallonia","BETR510","45R510 - CHATELINEAU","SPO-BETR510_00001_100","SO2","Sulphur dioxide (air)","P1Y-hr-max25","1 year hour max 25","2016","7.000","ug/m3","97.05","1","Background","Suburban","4.5211","50.4164","118.0","Charleroi                                                                       ","BE004C1                                           ","203314","E1a/validated data AQ e-Reporting","18/03/2023 22:33:20","http://fme.discomap.eea.europa.eu/fmedatastreaming/AirQualityDownload/AQData_Extract.fmw?CountryCode=BE&CityName=&Pollutant=1&Year_from=2016&Year_to=2016&Station=STA-BETR510&Samplingpoint=&Source=E1a&Output=HTML&UpdateDate="
"Belgium","NET-Wallonia","Wallonia","BETN100","43N100 - DOURBES","SPO-BETN100_00008_100","NO2","Nitrogen dioxide (air)","P1Y-3hAbove400","3 consecutive hours in exceedance of 400","2016","0.000","count","97.32","1","Background","Rural","4.5948","50.0957","225.0","","","","E1a/validated data AQ e-Reporting","18/03/2023 22:22:30","http://fme.discomap.eea.europa.eu/fmedatastreaming/AirQualityDownload/AQData_Extract.fmw?CountryCode=BE&CityName=&Pollutant=8&Year_from=2016&Year_to=2016&Station=STA-BETN100&Samplingpoint=&Source=E1a&Output=HTML&UpdateDate="
"Belgium","NET-Wallonia","Wallonia","BETR510","45R510 - CHATELINEAU","SPO-BETR510_00005_100","PM10","Particulate matter < 10 µm (aerosol)","P1Y-daysAbove50","1 year day exceed 50","2016","10.000","count","100.00","1","Background","Suburban","4.5211","50.4164","118.0","Charleroi                                                                       ","BE004C1                                           ","203314","E1a/validated data AQ e-Reporting","18/03/2023 22:27:00","http://fme.discomap.eea.europa.eu/fmedatastreaming/AirQualityDownload/AQData_Extract.fmw?CountryCode=BE&CityName=&Pollutant=5&Year_from=2016&Year_to=2016&Station=STA-BETR510&Samplingpoint=&Source=E1a&Output=HTML&UpdateDate="
"Belgium","NET-Wallonia","Wallonia","BETR511","45R511 - MARCINELLE","SPO-BETR511_00005_100","PM10","Particulate matter < 10 µm (aerosol)","P1Y-daysAbove50","1 year day exceed 50","2016","5.000","count","96.99","1","Background","Suburban","4.4247","50.3776","157.0","Charleroi                                                                       ","BE004C1                                           ","203314","E1a/validated data AQ e-Reporting","18/03/2023 22:27:00","http://fme.discomap.eea.europa.eu/fmedatastreaming/AirQualityDownload/AQData_Extract.fmw?CountryCode=BE&CityName=&Pollutant=5&Year_from=2016&Year_to=2016&Station=STA-BETR511&Samplingpoint=&Source=E1a&Output=HTML&UpdateDate="
"Belgium","NET-Flanders","Flanders","BETR815","42R815 - ZWIJNDRECHT","SPO-BETR815_00008_100","NO2","Nitrogen dioxide (air)","P1Y-hr-min","1 year hour min","2016","2.000","ug/m3","95.82","1","Industrial","Suburban","4.3322","51.2147","7.0","","","","E1a/validated data AQ e-Reporting","18/03/2023 22:31:20","http://fme.discomap.eea.europa.eu/fmedatastreaming/AirQualityDownload/AQData_Extract.fmw?CountryCode=BE&CityName=&Pollutant=8&Year_from=2016&Year_to=2016&Station=STA-BETR815&Samplingpoint=&Source=E1a&Output=HTML&UpdateDate="
"Belgium","NET-Wallonia","Wallonia","BETN060","43N060 - HAVINNES","SPO-BETN060_00001_100","SO2","Sulphur dioxide (air)","P1Y-hr-max-per99.73","1 year 99.73 %ile of hourly values in a given year","2016","6.000","ug/m3","95.67","1","Background","Rural","3.4576","50.6167","0.0","","","","E1a/validated data AQ e-Reporting","18/03/2023 22:06:23","http://fme.discomap.eea.europa.eu/fmedatastreaming/AirQualityDownload/AQData_Extract.fmw?CountryCode=BE&CityName=&Pollutant=1&Year_from=2016&Year_to=2016&Station=STA-BETN060&Samplingpoint=&Source=E1a&Output=HTML&UpdateDate="
"Belgium","NET-Wallonia","Wallonia","BETR223","43R223 - JEMEPPE","SPO-BETR223_00010_100","CO","Carbon monoxide (air)","P1Y-8hdmxAbove10","1 year daymax exceed 10","2016","0.000","count","99.73","1","Industrial","Suburban","5.5164","50.6207","50.0","Liège                                                                           ","BE005C1                                           ","383700","E1a/validated data AQ e-Reporting","18/03/2023 22:27:43","http://fme.discomap.eea.europa.eu/fmedatastreaming/AirQualityDownload/AQData_Extract.fmw?CountryCode=BE&CityName=&Pollutant=10&Year_from=2016&Year_to=2016&Station=STA-BETR223&Samplingpoint=&Source=E1a&Output=HTML&UpdateDate="
"Belgium","NET-Wallonia","Wallonia","BETN073","43N073 - VEZIN","SPO-BETN073_00007_100","O3","Ozone (air)","P1Y-day-min","1 year day min","2016","2.891","ug/m3","98.09","1","Background","Rural","4.9884","50.5027","160.0","","","","E1a/validated data AQ e-Reporting","18/03/2023 21:56:21","http://fme.discomap.eea.europa.eu/fmedatastreaming/AirQualityDownload/AQData_Extract.fmw?CountryCode=BE&CityName=&Pollutant=7&Year_from=2016&Year_to=2016&Station=STA-BETN073&Samplingpoint=&Source=E1a&Output=HTML&UpdateDate="
"Belgium","NET-Wallonia","Wallonia","BETR510","45R510 - CHATELINEAU","SPO-BETR510_00001_100","SO2","Sulphur dioxide (air)","P1Y-hr-max-per99.73","1 year 99.73 %ile of hourly values in a given year","2016","7.500","ug/m3","97.05","1","Background","Suburban","4.5211","50.4164","118.0","Charleroi                                                                       ","BE004C1                                           ","203314","E1a/validated data AQ e-Reporting","18/03/2023 22:06:23","http://fme.discomap.eea.europa.eu/fmedatastreaming/AirQualityDownload/AQData_Extract.fmw?CountryCode=BE&CityName=&Pollutant=1&Year_from=2016&Year_to=2016&Station=STA-BETR510&Samplingpoint=&Source=E1a&Output=HTML&UpdateDate="
"Belgium","NET-Flanders","Flanders","BETR834","42R834 - Boom","SPO-BETR834_06001_100","PM2.5","Particulate matter < 2.5 µm (aerosol)","P1Y-day-per50","1 year 50 %ile of daily values in a year","2016","9.771","ug/m3","99.45","1","Background","Suburban","4.3801","51.0920","0.0","","","","E1a/validated data AQ e-Reporting","18/03/2023 22:11:51","http://fme.discomap.eea.europa.eu/fmedatastreaming/AirQualityDownload/AQData_Extract.fmw?CountryCode=BE&CityName=&Pollutant=6001&Year_from=2016&Year_to=2016&Station=STA-BETR834&Samplingpoint=&Source=E1a&Output=HTML&UpdateDate="
"Belgium","NET-Brussels","Brussels","BETR001","41R001 - MOLENBEEK","SPO-BETR001_00007_100","O3","Ozone (air)","P1Y-hr-min","1 year hour min","2016","2.000","ug/m3","91.46","1","Background","Urban","4.3341","50.8497","20.0","Bruxelles / Brussel                                                             ","BE001C1                                           ","1223364","E1a/validated data AQ e-Reporting","18/03/2023 22:31:20","http://fme.discomap.eea.europa.eu/fmedatastreaming/AirQualityDownload/AQData_Extract.fmw?CountryCode=BE&CityName=&Pollutant=7&Year_from=2016&Year_to=2016&Station=STA-BETR001&Samplingpoint=&Source=E1a&Output=HTML&UpdateDate="
"Belgium","NET-Flanders","Flanders","BELOB01","40OB01 - OOSTROZEBEK","SPO-BELOB01_00005_100","PM10","Particulate matter < 10 µm (aerosol)","P1Y-P1D-per90.4","1 year 90.4 percentile - COMPLIANCE","2016","42.850","ug/m3","99.73","1","Industrial","Rural","3.3074","50.9172","44.0","","","","E1a/validated data AQ e-Reporting","18/03/2023 22:08:35","http://fme.discomap.eea.europa.eu/fmedatastreaming/AirQualityDownload/AQData_Extract.fmw?CountryCode=BE&CityName=&Pollutant=5&Year_from=2016&Year_to=2016&Station=STA-BELOB01&Samplingpoint=&Source=E1a&Output=HTML&UpdateDate="
"Belgium","NET-Brussels","Brussels","BETR002","41R002 - IXELLES","SPO-BETR002_00001_100","SO2","Sulphur dioxide (air)","P1Y-hr-min","1 year hour min","2016","0.200","ug/m3","96.69","1","Traffic","Urban","4.3846","50.8251","76.0","Bruxelles / Brussel                                                             ","BE001C1                                           ","1223364","E1a/validated data AQ e-Reporting","18/03/2023 22:31:20","http://fme.discomap.eea.europa.eu/fmedatastreaming/AirQualityDownload/AQData_Extract.fmw?CountryCode=BE&CityName=&Pollutant=1&Year_from=2016&Year_to=2016&Station=STA-BETR002&Samplingpoint=&Source=E1a&Output=HTML&UpdateDate="
"Belgium","NET-Brussels","Brussels","BETN043","41N043 - HAREN","SPO-BETN043_00008_100","NO2","Nitrogen dioxide (air)","P1Y-day-min","1 year day min","2016","10.708","ug/m3","96.72","1","Industrial","Suburban","4.3830","50.8837","17.0","Bruxelles / Brussel                                                             ","BE001C1                                           ","1223364","E1a/validated data AQ e-Reporting","18/03/2023 21:56:03","http://fme.discomap.eea.europa.eu/fmedatastreaming/AirQualityDownload/AQData_Extract.fmw?CountryCode=BE&CityName=&Pollutant=8&Year_from=2016&Year_to=2016&Station=STA-BETN043&Samplingpoint=&Source=E1a&Output=HTML&UpdateDate="
"Belgium","NET-Brussels","Brussels","BETN043","41N043 - HAREN","SPO-BETN043_06001_100","PM2.5","Particulate matter < 2.5 µm (aerosol)","P1Y","Annual mean / 1 calendar year","2016","17.200","ug/m3","94.50","1","Industrial","Suburban","4.3830","50.8837","17.0","Bruxelles / Brussel                                                             ","BE001C1                                           ","1223364","E1a/validated data AQ e-Reporting","18/03/2023 21:08:58","http://fme.discomap.eea.europa.eu/fmedatastreaming/AirQualityDownload/AQData_Extract.fmw?CountryCode=BE&CityName=&Pollutant=6001&Year_from=2016&Year_to=2016&Station=STA-BETN043&Samplingpoint=&Source=E1a&Output=HTML&UpdateDate="
"Belgium","NET-Brussels","Brussels","BETMEU1","41MEU1 - MEUDON","SPO-BETMEU1_06001_100","PM2.5","Particulate matter < 2.5 µm (aerosol)","P1Y-P1D-per99","1 year 99 percentile of daily means (P1D) or .../aq/primaryObservation/day","2016","45.660","ug/m3","96.99","1","Background","Suburban","4.3957","50.8950","34.0","Bruxelles / Brussel                                                             ","BE001C1                                           ","1223364","E1a/validated data AQ e-Reporting","18/03/2023 22:10:03","http://fme.discomap.eea.europa.eu/fmedatastreaming/AirQualityDownload/AQData_Extract.fmw?CountryCode=BE&CityName=&Pollutant=6001&Year_from=2016&Year_to=2016&Station=STA-BETMEU1&Samplingpoint=&Source=E1a&Output=HTML&UpdateDate="
"Belgium","NET-Brussels","Brussels","BETR002","41R002 - IXELLES","SPO-BETR002_00008_100","NO2","Nitrogen dioxide (air)","P1Y-hr-max-per99.79","1 year 99.79 %ile of hourly values in a given year","2016","122.000","ug/m3","96.77","1","Traffic","Urban","4.3846","50.8251","76.0","Bruxelles / Brussel                                                             ","BE001C1                                           ","1223364","E1a/validated data AQ e-Reporting","18/03/2023 22:07:35","http://fme.discomap.eea.europa.eu/fmedatastreaming/AirQualityDownload/AQData_Extract.fmw?CountryCode=BE&CityName=&Pollutant=8&Year_from=2016&Year_to=2016&Station=STA-BETR002&Samplingpoint=&Source=E1a&Output=HTML&UpdateDate="
"Belgium","NET-Brussels","Brussels","BETWOL1","41WOL1 - WOL.ST.L.","SPO-BETWOL1_00008_100","NO2","Nitrogen dioxide (air)","P1Y-hr-min","1 year hour min","2016","4.000","ug/m3","96.81","1","Traffic","Suburban","4.4258","50.8567","78.0","Bruxelles / Brussel                                                             ","BE001C1                                           ","1223364","E1a/validated data AQ e-Reporting","18/03/2023 22:31:20","http://fme.discomap.eea.europa.eu/fmedatastreaming/AirQualityDownload/AQData_Extract.fmw?CountryCode=BE&CityName=&Pollutant=8&Year_from=2016&Year_to=2016&Station=STA-BETWOL1&Samplingpoint=&Source=E1a&Output=HTML&UpdateDate="
"Belgium","NET-Flanders","Flanders","BEDR802","65R802 - BORGERHOUT","SPO-BEDR802_00624_100","Benzo(ghi)perylene","Benzo(ghi)perylene (precip+dry_dep)","P1Y","Annual mean / 1 calendar year","2016","15.173","ng/m2/day","92.62","1","Background","Urban","4.4317","51.2094","0.0","Antwerpen                                                                       ","BE002C1                                           ","530014","E1a/validated data AQ e-Reporting","18/03/2023 21:08:58","http://fme.discomap.eea.europa.eu/fmedatastreaming/AirQualityDownload/AQData_Extract.fmw?CountryCode=BE&CityName=&Pollutant=624&Year_from=2016&Year_to=2016&Station=STA-BEDR802&Samplingpoint=&Source=E1a&Output=HTML&UpdateDate="
"Belgium","NET-Brussels","Brussels","BETB006","41B006 - PARL.EUROPE","SPO-BETB006_00007_100","O3","Ozone (air)","P1Y-dmax-per99","1 year 99 percentile daily 8h maximum","2016","126.250","ug/m3","37.43","1","Background","Urban","4.3744","50.8386","67.0","Bruxelles / Brussel                                                             ","BE001C1                                           ","1223364","E1a/validated data AQ e-Reporting","18/03/2023 22:13:26","http://fme.discomap.eea.europa.eu/fmedatastreaming/AirQualityDownload/AQData_Extract.fmw?CountryCode=BE&CityName=&Pollutant=7&Year_from=2016&Year_to=2016&Station=STA-BETB006&Samplingpoint=&Source=E1a&Output=HTML&UpdateDate="
"Belgium","NET-Wallonia","Wallonia","BETR240","43R240 - ENGIS","SPO-BETR240_00007_100","O3","Ozone (air)","SOMO10","Sum of Ozone Means Over 10 ppb","2016","14312.871","ug/m3","92.90","1","Industrial","Suburban","5.3975","50.5836","135.0","","","","E1a/validated data AQ e-Reporting","18/03/2023 22:59:50","http://fme.discomap.eea.europa.eu/fmedatastreaming/AirQualityDownload/AQData_Extract.fmw?CountryCode=BE&CityName=&Pollutant=7&Year_from=2016&Year_to=2016&Station=STA-BETR240&Samplingpoint=&Source=E1a&Output=HTML&UpdateDate="
"Belgium","NET-Wallonia","Wallonia","BETN113","43N113 - SAINT-ODE","SPO-BETN113_00007_100","O3","Ozone (air)","P1Y-hrsAbove180","1 year hour exceed 180","2016","1.000","count","89.52","1","Background","Rural","5.5930","50.0270","510.0","","","","E1a/validated data AQ e-Reporting","18/03/2023 21:46:37","http://fme.discomap.eea.europa.eu/fmedatastreaming/AirQualityDownload/AQData_Extract.fmw?CountryCode=BE&CityName=&Pollutant=7&Year_from=2016&Year_to=2016&Station=STA-BETN113&Samplingpoint=&Source=E1a&Output=HTML&UpdateDate="
"Belgium","NET-Wallonia","Wallonia","BETN113","43N113 - SAINT-ODE","SPO-BETN113_00007_100","O3","Ozone (air)","summer-avg","Summer mean","2016","65.942","ug/m3","86.43","1","Background","Rural","5.5930","50.0270","510.0","","","","E1a/validated data AQ e-Reporting","18/03/2023 22:50:22","http://fme.discomap.eea.europa.eu/fmedatastreaming/AirQualityDownload/AQData_Extract.fmw?CountryCode=BE&CityName=&Pollutant=7&Year_from=2016&Year_to=2016&Station=STA-BETN113&Samplingpoint=&Source=E1a&Output=HTML&UpdateDate="
"Belgium","NET-Wallonia","Wallonia","BETN121","43N121 - OFFAGNE","SPO-BETN121_00009_100","NOX as NO2","Nitrogen oxides (air)","P1Y-hr-max","1 year hour max","2016","173.338","ug/m3","97.02","1","Background","Rural","5.2024","49.8771","430.0","","","","E1a/validated data AQ e-Reporting","18/03/2023 21:57:02","http://fme.discomap.eea.europa.eu/fmedatastreaming/AirQualityDownload/AQData_Extract.fmw?CountryCode=BE&CityName=&Pollutant=9&Year_from=2016&Year_to=2016&Station=STA-BETN121&Samplingpoint=&Source=E1a&Output=HTML&UpdateDate="
"Belgium","NET-Wallonia","Wallonia","BETN132","43N132 - HABAY-LA-N.","SPO-BETN132_00001_100","SO2","Sulphur dioxide (air)","P1Y-hr-max-per99.73","1 year 99.73 %ile of hourly values in a given year","2016","2.500","ug/m3","97.04","1","Background","Rural","5.6304","49.7193","375.0","","","","E1a/validated data AQ e-Reporting","18/03/2023 22:06:23","http://fme.discomap.eea.europa.eu/fmedatastreaming/AirQualityDownload/AQData_Extract.fmw?CountryCode=BE&CityName=&Pollutant=1&Year_from=2016&Year_to=2016&Station=STA-BETN132&Samplingpoint=&Source=E1a&Output=HTML&UpdateDate="
"Belgium","NET-Wallonia","Wallonia","BETN132","43N132 - HABAY-LA-N.","SPO-BETN132_00007_100","O3","Ozone (air)","P1Y-dx-max26","1 year daymax max 26","2016","106.357","ug/m3","96.72","1","Background","Rural","5.6304","49.7193","375.0","","","","E1a/validated data AQ e-Reporting","18/03/2023 22:32:17","http://fme.discomap.eea.europa.eu/fmedatastreaming/AirQualityDownload/AQData_Extract.fmw?CountryCode=BE&CityName=&Pollutant=7&Year_from=2016&Year_to=2016&Station=STA-BETN132&Samplingpoint=&Source=E1a&Output=HTML&UpdateDate="
"Belgium","NET-Flanders","Flanders","BETR841","42R841 - MECHELEN","SPO-BETR841_00007_100","O3","Ozone (air)","P1Y-hr-per50","1 year 50 percentile","2016","34.500","ug/m3","93.94","1","Background","Suburban","4.4693","51.0025","8.0","Mechelen                                                                        ","BE012C1                                           ","86911","E1a/validated data AQ e-Reporting","18/03/2023 22:05:49","http://fme.discomap.eea.europa.eu/fmedatastreaming/AirQualityDownload/AQData_Extract.fmw?CountryCode=BE&CityName=&Pollutant=7&Year_from=2016&Year_to=2016&Station=STA-BETR841&Samplingpoint=&Source=E1a&Output=HTML&UpdateDate="
"Belgium","NET-Wallonia","Wallonia","BETN070","43N070 - MONS","SPO-BETN070_00005_100","PM10","Particulate matter < 10 µm (aerosol)","P1Y-hr-per50","1 year 50 percentile","2016","17.771","ug/m3","99.59","1","Background","Suburban","3.9397","50.4652","30.0","Mons                                                                            ","BE009C1                                           ","95922","E1a/validated data AQ e-Reporting","18/03/2023 22:05:49","http://fme.discomap.eea.europa.eu/fmedatastreaming/AirQualityDownload/AQData_Extract.fmw?CountryCode=BE&CityName=&Pollutant=5&Year_from=2016&Year_to=2016&Station=STA-BETN070&Samplingpoint=&Source=E1a&Output=HTML&UpdateDate="
"Belgium","NET-Wallonia","Wallonia","BETR222","43R222 - SERAING","SPO-BETR222_00007_100","O3","Ozone (air)","P1Y","Annual mean / 1 calendar year","2016","38.726","ug/m3","94.17","1","Background","Suburban","5.5702","50.6134","65.0","Liège                                                                           ","BE005C1                                           ","383700","E1a/validated data AQ e-Reporting","18/03/2023 21:08:58","http://fme.discomap.eea.europa.eu/fmedatastreaming/AirQualityDownload/AQData_Extract.fmw?CountryCode=BE&CityName=&Pollutant=7&Year_from=2016&Year_to=2016&Station=STA-BETR222&Samplingpoint=&Source=E1a&Output=HTML&UpdateDate="
"Belgium","NET-Wallonia","Wallonia","BETR222","43R222 - SERAING","SPO-BETR222_00007_100","O3","Ozone (air)","P1Y-dx-avg","1 year daymax average","2016","57.149","ug/m3","94.81","1","Background","Suburban","5.5702","50.6134","65.0","Liège                                                                           ","BE005C1                                           ","383700","E1a/validated data AQ e-Reporting","18/03/2023 22:27:48","http://fme.discomap.eea.europa.eu/fmedatastreaming/AirQualityDownload/AQData_Extract.fmw?CountryCode=BE&CityName=&Pollutant=7&Year_from=2016&Year_to=2016&Station=STA-BETR222&Samplingpoint=&Source=E1a&Output=HTML&UpdateDate="
"Belgium","NET-Wallonia","Wallonia","BETH201","43H201 - LIEGE","SPO-BETH201_00005_100","PM10","Particulate matter < 10 µm (aerosol)","P1Y-day-min","1 year day min","2016","0.045","ug/m3","97.54","1","Background","Suburban","5.5475","50.6250","160.0","Liège                                                                           ","BE005C1                                           ","383700","E1a/validated data AQ e-Reporting","18/03/2023 21:55:13","http://fme.discomap.eea.europa.eu/fmedatastreaming/AirQualityDownload/AQData_Extract.fmw?CountryCode=BE&CityName=&Pollutant=5&Year_from=2016&Year_to=2016&Station=STA-BETH201&Samplingpoint=&Source=E1a&Output=HTML&UpdateDate="
"Belgium","NET-Wallonia","Wallonia","BETR222","43R222 - SERAING","SPO-BETR222_00001_100","SO2","Sulphur dioxide (air)","winter-avg","Winter mean","2016","1.889","ug/m3","90.73","1","Background","Suburban","5.5702","50.6134","65.0","Liège                                                                           ","BE005C1                                           ","383700","E1a/validated data AQ e-Reporting","18/03/2023 22:50:43","http://fme.discomap.eea.europa.eu/fmedatastreaming/AirQualityDownload/AQData_Extract.fmw?CountryCode=BE&CityName=&Pollutant=1&Year_from=2016&Year_to=2016&Station=STA-BETR222&Samplingpoint=&Source=E1a&Output=HTML&UpdateDate="
"Belgium","NET-Wallonia","Wallonia","BETR501","45R501 - CHARLEROI","SPO-BETR501_00005_100","PM10","Particulate matter < 10 µm (aerosol)","P1Y-daysAbove50","1 year day exceed 50","2016","13.000","count","100.00","1","Background","Urban","4.4522","50.4093","115.0","Charleroi                                                                       ","BE004C1                                           ","203314","E1a/validated data AQ e-Reporting","18/03/2023 22:27:00","http://fme.discomap.eea.europa.eu/fmedatastreaming/AirQualityDownload/AQData_Extract.fmw?CountryCode=BE&CityName=&Pollutant=5&Year_from=2016&Year_to=2016&Station=STA-BETR501&Samplingpoint=&Source=E1a&Output=HTML&UpdateDate="
"Belgium","NET-Wallonia","Wallonia","BETR502","45R502 - LODELINSART","SPO-BETR502_00007_100","O3","Ozone (air)","P1Y-hrsAbove180","1 year hour exceed 180","2016","3.000","count","95.41","1","Background","Suburban","4.4587","50.4290","135.0","Charleroi                                                                       ","BE004C1                                           ","203314","E1a/validated data AQ e-Reporting","18/03/2023 21:46:37","http://fme.discomap.eea.europa.eu/fmedatastreaming/AirQualityDownload/AQData_Extract.fmw?CountryCode=BE&CityName=&Pollutant=7&Year_from=2016&Year_to=2016&Station=STA-BETR502&Samplingpoint=&Source=E1a&Output=HTML&UpdateDate="
"Belgium","NET-Flanders","Flanders","BEDR802","65R802 - BORGERHOUT","SPO-BEDR802_07406_100","Chrysene","Chrysene (precip+dry_dep)","P1Y","Annual mean / 1 calendar year","2016","63.914","ng/m2/day","92.62","1","Background","Urban","4.4317","51.2094","0.0","Antwerpen                                                                       ","BE002C1                                           ","530014","E1a/validated data AQ e-Reporting","18/03/2023 21:08:58","http://fme.discomap.eea.europa.eu/fmedatastreaming/AirQualityDownload/AQData_Extract.fmw?CountryCode=BE&CityName=&Pollutant=7406&Year_from=2016&Year_to=2016&Station=STA-BEDR802&Samplingpoint=&Source=E1a&Output=HTML&UpdateDate="
"Belgium","NET-Brussels","Brussels","BETB006","41B006 - PARL.EUROPE","SPO-BETB006_00010_100","CO","Carbon monoxide (air)","P1Y-hr-max","1 year hour max","2016","0.820","mg/m3","45.94","1","Background","Urban","4.3744","50.8386","67.0","Bruxelles / Brussel                                                             ","BE001C1                                           ","1223364","E1a/validated data AQ e-Reporting","18/03/2023 21:57:02","http://fme.discomap.eea.europa.eu/fmedatastreaming/AirQualityDownload/AQData_Extract.fmw?CountryCode=BE&CityName=&Pollutant=10&Year_from=2016&Year_to=2016&Station=STA-BETB006&Samplingpoint=&Source=E1a&Output=HTML&UpdateDate="
"Belgium","NET-Brussels","Brussels","BETB004","41B004 - STE.CATHERI","SPO-BETB004_00007_100","O3","Ozone (air)","P1Y-hrsAbove180","1 year hour exceed 180","2016","0.000","count","92.74","1","Background","Urban","4.3478","50.8521","17.0","Bruxelles / Brussel                                                             ","BE001C1                                           ","1223364","E1a/validated data AQ e-Reporting","18/03/2023 21:46:37","http://fme.discomap.eea.europa.eu/fmedatastreaming/AirQualityDownload/AQData_Extract.fmw?CountryCode=BE&CityName=&Pollutant=7&Year_from=2016&Year_to=2016&Station=STA-BETB004&Samplingpoint=&Source=E1a&Output=HTML&UpdateDate="
"Belgium","NET-Flanders","Flanders","BELR833","40R833 - STABROEK","SPO-BELR833_00008_100","NO2","Nitrogen dioxide (air)","P1Y-hr-max19","1 year hour max19","2016","84.000","ug/m3","94.67","1","Industrial","Rural","4.3623","51.3277","5.0","","","","E1a/validated data AQ e-Reporting","18/03/2023 22:34:35","http://fme.discomap.eea.europa.eu/fmedatastreaming/AirQualityDownload/AQData_Extract.fmw?CountryCode=BE&CityName=&Pollutant=8&Year_from=2016&Year_to=2016&Station=STA-BELR833&Samplingpoint=&Source=E1a&Output=HTML&UpdateDate="
"Belgium","NET-Brussels","Brussels","BETB006","41B006 - PARL.EUROPE","SPO-BETB006_00007_100","O3","Ozone (air)","P1Y-day-max","1 year day max","2016","98.896","ug/m3","37.43","1","Background","Urban","4.3744","50.8386","67.0","Bruxelles / Brussel                                                             ","BE001C1                                           ","1223364","E1a/validated data AQ e-Reporting","18/03/2023 21:44:13","http://fme.discomap.eea.europa.eu/fmedatastreaming/AirQualityDownload/AQData_Extract.fmw?CountryCode=BE&CityName=&Pollutant=7&Year_from=2016&Year_to=2016&Station=STA-BETB006&Samplingpoint=&Source=E1a&Output=HTML&UpdateDate="
"Belgium","NET-Brussels","Brussels","BETWOL2","41WOL2 - WOL.ST.L.","SPO-BETWOL2_00020_100","C6H6","Benzene (air)","P1Y","Annual mean / 1 calendar year","2016","0.491","ug/m3","37.82","1","Background","Suburban","4.4257","50.8566","20.0","Bruxelles / Brussel                                                             ","BE001C1                                           ","1223364","E1a/validated data AQ e-Reporting","18/03/2023 21:08:58","http://fme.discomap.eea.europa.eu/fmedatastreaming/AirQualityDownload/AQData_Extract.fmw?CountryCode=BE&CityName=&Pollutant=20&Year_from=2016&Year_to=2016&Station=STA-BETWOL2&Samplingpoint=&Source=E1a&Output=HTML&UpdateDate="
"Belgium","NET-Brussels","Brussels","BETWOL2","41WOL2 - WOL.ST.L.","SPO-BETWOL2_00020_100","C6H6","Benzene (air)","P1Y-day-min","1 year day min","2016","0.100","ug/m3","34.15","1","Background","Suburban","4.4257","50.8566","20.0","Bruxelles / Brussel                                                             ","BE001C1                                           ","1223364","E1a/validated data AQ e-Reporting","18/03/2023 21:55:46","http://fme.discomap.eea.europa.eu/fmedatastreaming/AirQualityDownload/AQData_Extract.fmw?CountryCode=BE&CityName=&Pollutant=20&Year_from=2016&Year_to=2016&Station=STA-BETWOL2&Samplingpoint=&Source=E1a&Output=HTML&UpdateDate="
"Belgium","NET-Flanders","Flanders","BELSZ02","40SZ02 - STEENOKKERZ","SPO-BELSZ02_00005_100","PM10","Particulate matter < 10 µm (aerosol)","P1Y-hr-per50","1 year 50 percentile","2016","17.100","ug/m3","98.84","1","Industrial","Rural","4.5122","50.9130","15.0","","","","E1a/validated data AQ e-Reporting","18/03/2023 22:05:49","http://fme.discomap.eea.europa.eu/fmedatastreaming/AirQualityDownload/AQData_Extract.fmw?CountryCode=BE&CityName=&Pollutant=5&Year_from=2016&Year_to=2016&Station=STA-BELSZ02&Samplingpoint=&Source=E1a&Output=HTML&UpdateDate="
"Belgium","NET-Brussels","Brussels","BETR012","41R012 - UCCLE","SPO-BETR012_00007_100","O3","Ozone (air)","SOMO35","Sum of Ozone Means Over 35 ppb","2016","2308.401","ug/m3","97.27","1","Background","Suburban","4.3586","50.7966","101.0","Bruxelles / Brussel                                                             ","BE001C1                                           ","1223364","E1a/validated data AQ e-Reporting","18/03/2023 22:59:23","http://fme.discomap.eea.europa.eu/fmedatastreaming/AirQualityDownload/AQData_Extract.fmw?CountryCode=BE&CityName=&Pollutant=7&Year_from=2016&Year_to=2016&Station=STA-BETR012&Samplingpoint=&Source=E1a&Output=HTML&UpdateDate="
"Belgium","NET-Flanders","Flanders","BEM5K01","05KK01 - KOKSIJDE","SPO-BEM5K01_07013_100","Hg","Mercury (precip+dry_dep)","P1Y","Annual mean / 1 calendar year","2016","0.016","ug/m2/day","100.00","1","Background","Suburban","2.6585","51.1209","6.0","","","","E1a/validated data AQ e-Reporting","18/03/2023 21:08:58","http://fme.discomap.eea.europa.eu/fmedatastreaming/AirQualityDownload/AQData_Extract.fmw?CountryCode=BE&CityName=&Pollutant=7013&Year_from=2016&Year_to=2016&Station=STA-BEM5K01&Samplingpoint=&Source=E1a&Output=HTML&UpdateDate="
"Belgium","NET-Brussels","Brussels","BETWOL1","41WOL1 - WOL.ST.L.","SPO-BETWOL1_00005_100","PM10","Particulate matter < 10 µm (aerosol)","P1Y","Annual mean / 1 calendar year","2016","18.750","ug/m3","96.21","1","Traffic","Suburban","4.4258","50.8567","78.0","Bruxelles / Brussel                                                             ","BE001C1                                           ","1223364","E1a/validated data AQ e-Reporting","18/03/2023 21:08:58","http://fme.discomap.eea.europa.eu/fmedatastreaming/AirQualityDownload/AQData_Extract.fmw?CountryCode=BE&CityName=&Pollutant=5&Year_from=2016&Year_to=2016&Station=STA-BETWOL1&Samplingpoint=&Source=E1a&Output=HTML&UpdateDate="
"Belgium","NET-Wallonia","Wallonia","BETN085","43N085 - VIELSALM","SPO-BETN085_00391_100","Black Carbon","black_carbon (aerosol)","P1Y-hr-max","1 year hour max","2016","5.255","ug/m3","85.70","1","Background","Rural","6.0017","50.3032","490.0","","","","E1a/validated data AQ e-Reporting","18/03/2023 21:57:02","http://fme.discomap.eea.europa.eu/fmedatastreaming/AirQualityDownload/AQData_Extract.fmw?CountryCode=BE&CityName=&Pollutant=391&Year_from=2016&Year_to=2016&Station=STA-BETN085&Samplingpoint=&Source=E1a&Output=HTML&UpdateDate="
"Belgium","NET-Flanders","Flanders","BETR803","42R803 - ANTWERPEN","SPO-BETR803_06001_100","PM2.5","Particulate matter < 2.5 µm (aerosol)","P3Y","3 subsequent calendar years mean","2016","13.933","ug/m3","43.05","1","Background","Urban","4.4285","51.2286","0.0","Antwerpen                                                                       ","BE002C1                                           ","530014","E1a/validated data AQ e-Reporting","18/03/2023 21:36:00","http://fme.discomap.eea.europa.eu/fmedatastreaming/AirQualityDownload/AQData_Extract.fmw?CountryCode=BE&CityName=&Pollutant=6001&Year_from=2016&Year_to=2016&Station=STA-BETR803&Samplingpoint=&Source=E1a&Output=HTML&UpdateDate="
"Belgium","NET-Wallonia","Wallonia","BETN063","43N063 - CORROY L.G.","SPO-BETN063_00007_100","O3","Ozone (air)","SOMO35","Sum of Ozone Means Over 35 ppb","2016","2491.936","ug/m3","96.17","1","Background","Rural","4.6683","50.6554","145.0","","","","E1a/validated data AQ e-Reporting","18/03/2023 22:59:23","http://fme.discomap.eea.europa.eu/fmedatastreaming/AirQualityDownload/AQData_Extract.fmw?CountryCode=BE&CityName=&Pollutant=7&Year_from=2016&Year_to=2016&Station=STA-BETN063&Samplingpoint=&Source=E1a&Output=HTML&UpdateDate="
"Belgium","NET-Wallonia","Wallonia","BETR222","43R222 - SERAING","SPO-BETR222_00005_100","PM10","Particulate matter < 10 µm (aerosol)","P1Y-P1D-per90.41","1 year 90.41 percentile","2016","36.667","ug/m3","96.99","1","Background","Suburban","5.5702","50.6134","65.0","Liège                                                                           ","BE005C1                                           ","383700","E1a/validated data AQ e-Reporting","18/03/2023 22:09:05","http://fme.discomap.eea.europa.eu/fmedatastreaming/AirQualityDownload/AQData_Extract.fmw?CountryCode=BE&CityName=&Pollutant=5&Year_from=2016&Year_to=2016&Station=STA-BETR222&Samplingpoint=&Source=E1a&Output=HTML&UpdateDate="
"Belgium","NET-Wallonia","Wallonia","BETR222","43R222 - SERAING","SPO-BETR222_00007_100","O3","Ozone (air)","summer-avg","Summer mean","2016","49.120","ug/m3","95.81","1","Background","Suburban","5.5702","50.6134","65.0","Liège                                                                           ","BE005C1                                           ","383700","E1a/validated data AQ e-Reporting","18/03/2023 22:50:22","http://fme.discomap.eea.europa.eu/fmedatastreaming/AirQualityDownload/AQData_Extract.fmw?CountryCode=BE&CityName=&Pollutant=7&Year_from=2016&Year_to=2016&Station=STA-BETR222&Samplingpoint=&Source=E1a&Output=HTML&UpdateDate="
"Belgium","NET-Wallonia","Wallonia","BETN070","43N070 - MONS","SPO-BETN070_00005_100","PM10","Particulate matter < 10 µm (aerosol)","P1Y-P1D-per99","1 year 99 percentile of daily means (P1D) or .../aq/primaryObservation/day","2016","61.459","ug/m3","100.00","1","Background","Suburban","3.9397","50.4652","30.0","Mons                                                                            ","BE009C1                                           ","95922","E1a/validated data AQ e-Reporting","18/03/2023 22:09:38","http://fme.discomap.eea.europa.eu/fmedatastreaming/AirQualityDownload/AQData_Extract.fmw?CountryCode=BE&CityName=&Pollutant=5&Year_from=2016&Year_to=2016&Station=STA-BETN070&Samplingpoint=&Source=E1a&Output=HTML&UpdateDate="
"Belgium","NET-Wallonia","Wallonia","BEVN093","50N093 - SINSIN","SPO-BEVN093_00082_100","trans-H3C-HC=CH-CH2-CH3","trans-2-Pentene (air)","P1Y","Annual mean / 1 calendar year","2016","0.000","ug/m3","42.35","1","Background","Rural","5.2352","50.2745","265.0","","","","E1a/validated data AQ e-Reporting","18/03/2023 21:08:58","http://fme.discomap.eea.europa.eu/fmedatastreaming/AirQualityDownload/AQData_Extract.fmw?CountryCode=BE&CityName=&Pollutant=82&Year_from=2016&Year_to=2016&Station=STA-BEVN093&Samplingpoint=&Source=E1a&Output=HTML&UpdateDate="
"Belgium","NET-Wallonia","Wallonia","BEVN100","50N100 - DOURBES","SPO-BEVN100_00443_100","C6H14","n-Hexane (air)","P1Y","Annual mean / 1 calendar year","2016","0.000","ug/m3","48.36","1","Background","Rural","4.5948","50.0957","225.0","","","","E1a/validated data AQ e-Reporting","18/03/2023 21:08:58","http://fme.discomap.eea.europa.eu/fmedatastreaming/AirQualityDownload/AQData_Extract.fmw?CountryCode=BE&CityName=&Pollutant=443&Year_from=2016&Year_to=2016&Station=STA-BEVN100&Samplingpoint=&Source=E1a&Output=HTML&UpdateDate="
"Belgium","NET-Wallonia","Wallonia","BEVN093","50N093 - SINSIN","SPO-BEVN093_06011_100","1,2,4-C6H3(CH3)3","1,2,4-Trimethylbenzene (air)","P1Y","Annual mean / 1 calendar year","2016","0.000","ug/m3","42.35","1","Background","Rural","5.2352","50.2745","265.0","","","","E1a/validated data AQ e-Reporting","18/03/2023 21:08:58","http://fme.discomap.eea.europa.eu/fmedatastreaming/AirQualityDownload/AQData_Extract.fmw?CountryCode=BE&CityName=&Pollutant=6011&Year_from=2016&Year_to=2016&Station=STA-BEVN093&Samplingpoint=&Source=E1a&Output=HTML&UpdateDate="
"Belgium","NET-Wallonia","Wallonia","BETR221","43R221 - LIEGE","SPO-BETR221_00005_100","PM10","Particulate matter < 10 µm (aerosol)","P1Y","Annual mean / 1 calendar year","2016","19.521","ug/m3","99.48","1","Background","Urban","5.6278","50.6584","65.0","Liège                                                                           ","BE005C1                                           ","383700","E1a/validated data AQ e-Reporting","18/03/2023 21:08:58","http://fme.discomap.eea.europa.eu/fmedatastreaming/AirQualityDownload/AQData_Extract.fmw?CountryCode=BE&CityName=&Pollutant=5&Year_from=2016&Year_to=2016&Station=STA-BETR221&Samplingpoint=&Source=E1a&Output=HTML&UpdateDate="
"Belgium","NET-Wallonia","Wallonia","BEVN100","50N100 - DOURBES","SPO-BEVN100_06006_100","trans-H3C-CH=CH-CH3","trans-2-Butene (air)","P1Y","Annual mean / 1 calendar year","2016","0.000","ug/m3","48.36","1","Background","Rural","4.5948","50.0957","225.0","","","","E1a/validated data AQ e-Reporting","18/03/2023 21:08:58","http://fme.discomap.eea.europa.eu/fmedatastreaming/AirQualityDownload/AQData_Extract.fmw?CountryCode=BE&CityName=&Pollutant=6006&Year_from=2016&Year_to=2016&Station=STA-BEVN100&Samplingpoint=&Source=E1a&Output=HTML&UpdateDate="
"Belgium","NET-Wallonia","Wallonia","BEVN113","50N113 - SAINT-ODE","SPO-BEVN113_00450_100","H3C-CH2-CH(CH3)2","i-Pentane (2-methylbutane) (air)","P1Y","Annual mean / 1 calendar year","2016","0.000","ug/m3","42.90","1","Background","Rural","5.5930","50.0270","510.0","","","","E1a/validated data AQ e-Reporting","18/03/2023 21:08:58","http://fme.discomap.eea.europa.eu/fmedatastreaming/AirQualityDownload/AQData_Extract.fmw?CountryCode=BE&CityName=&Pollutant=450&Year_from=2016&Year_to=2016&Station=STA-BEVN113&Samplingpoint=&Source=E1a&Output=HTML&UpdateDate="
"Belgium","NET-Flanders","Flanders","BELRL01","40RL01 - ROESELARE","SPO-BELRL01_06001_100","PM2.5","Particulate matter < 2.5 µm (aerosol)","P3Y","3 subsequent calendar years mean","2016","13.970","ug/m3","70.32","1","Background","Urban","3.1212","50.9532","20.0","","","","E1a/validated data AQ e-Reporting","18/03/2023 21:36:00","http://fme.discomap.eea.europa.eu/fmedatastreaming/AirQualityDownload/AQData_Extract.fmw?CountryCode=BE&CityName=&Pollutant=6001&Year_from=2016&Year_to=2016&Station=STA-BELRL01&Samplingpoint=&Source=E1a&Output=HTML&UpdateDate="
"Belgium","NET-Brussels","Brussels","BETB006","41B006 - PARL.EUROPE","SPO-BETB006_00007_100","O3","Ozone (air)","P1Y-hr-per50","1 year 50 percentile","2016","45.500","ug/m3","37.43","1","Background","Urban","4.3744","50.8386","67.0","Bruxelles / Brussel                                                             ","BE001C1                                           ","1223364","E1a/validated data AQ e-Reporting","18/03/2023 22:05:49","http://fme.discomap.eea.europa.eu/fmedatastreaming/AirQualityDownload/AQData_Extract.fmw?CountryCode=BE&CityName=&Pollutant=7&Year_from=2016&Year_to=2016&Station=STA-BETB006&Samplingpoint=&Source=E1a&Output=HTML&UpdateDate="
"Belgium","NET-Flanders","Flanders","BELSA04","40SA04 - Hoevenen","SPO-BELSA04_00005_100","PM10","Particulate matter < 10 µm (aerosol)","P1Y-daysAbove50","1 year day exceed 50","2016","7.000","count","98.91","1","Industrial","Rural","4.4039","51.3139","6.0","","","","E1a/validated data AQ e-Reporting","18/03/2023 22:27:00","http://fme.discomap.eea.europa.eu/fmedatastreaming/AirQualityDownload/AQData_Extract.fmw?CountryCode=BE&CityName=&Pollutant=5&Year_from=2016&Year_to=2016&Station=STA-BELSA04&Samplingpoint=&Source=E1a&Output=HTML&UpdateDate="
"Belgium","NET-Flanders","Flanders","BELAL01","40AL01 - LINKEROEVER","SPO-BELAL01_00008_100","NO2","Nitrogen dioxide (air)","P1Y-P1D-per99","1 year 99 percentile of daily means (P1D) or .../aq/primaryObservation/day","2016","69.696","ug/m3","95.63","1","Industrial","Suburban","4.3852","51.2362","10.0","Antwerpen                                                                       ","BE002C1                                           ","530014","E1a/validated data AQ e-Reporting","18/03/2023 22:10:34","http://fme.discomap.eea.europa.eu/fmedatastreaming/AirQualityDownload/AQData_Extract.fmw?CountryCode=BE&CityName=&Pollutant=8&Year_from=2016&Year_to=2016&Station=STA-BELAL01&Samplingpoint=&Source=E1a&Output=HTML&UpdateDate="
"Belgium","NET-Brussels","Brussels","BETR001","41R001 - MOLENBEEK","SPO-BETR001_00005_100","PM10","Particulate matter < 10 µm (aerosol)","P1Y","Annual mean / 1 calendar year","2016","22.715","ug/m3","85.56","1","Background","Urban","4.3341","50.8497","20.0","Bruxelles / Brussel                                                             ","BE001C1                                           ","1223364","E1a/validated data AQ e-Reporting","18/03/2023 21:08:58","http://fme.discomap.eea.europa.eu/fmedatastreaming/AirQualityDownload/AQData_Extract.fmw?CountryCode=BE&CityName=&Pollutant=5&Year_from=2016&Year_to=2016&Station=STA-BETR001&Samplingpoint=&Source=E1a&Output=HTML&UpdateDate="
"Belgium","NET-Wallonia","Wallonia","BETN060","43N060 - HAVINNES","SPO-BETN060_06001_100","PM2.5","Particulate matter < 2.5 µm (aerosol)","P1Y-hr-max","1 year hour max","2016","179.131","ug/m3","99.60","1","Background","Rural","3.4576","50.6167","0.0","","","","E1a/validated data AQ e-Reporting","18/03/2023 21:57:02","http://fme.discomap.eea.europa.eu/fmedatastreaming/AirQualityDownload/AQData_Extract.fmw?CountryCode=BE&CityName=&Pollutant=6001&Year_from=2016&Year_to=2016&Station=STA-BETN060&Samplingpoint=&Source=E1a&Output=HTML&UpdateDate="
"Belgium","NET-Wallonia","Wallonia","BETN063","43N063 - CORROY L.G.","SPO-BETN063_00001_100","SO2","Sulphur dioxide (air)","P1Y-day-max-per99.18","1 year 99.18 percentile of daily maximum","2016","2.750","ug/m3","95.08","1","Background","Rural","4.6683","50.6554","145.0","","","","E1a/validated data AQ e-Reporting","18/03/2023 22:12:16","http://fme.discomap.eea.europa.eu/fmedatastreaming/AirQualityDownload/AQData_Extract.fmw?CountryCode=BE&CityName=&Pollutant=1&Year_from=2016&Year_to=2016&Station=STA-BETN063&Samplingpoint=&Source=E1a&Output=HTML&UpdateDate="
"Belgium","NET-Wallonia","Wallonia","BETN063","43N063 - CORROY L.G.","SPO-BETN063_00007_100","O3","Ozone (air)","AOT40cmeasured","AOT40c UNCORRECTED for data capture","2016","6378.000","ug/m3","96.74","1","Background","Rural","4.6683","50.6554","145.0","","","","E1a/validated data AQ e-Reporting","18/03/2023 23:01:40","http://fme.discomap.eea.europa.eu/fmedatastreaming/AirQualityDownload/AQData_Extract.fmw?CountryCode=BE&CityName=&Pollutant=7&Year_from=2016&Year_to=2016&Station=STA-BETN063&Samplingpoint=&Source=E1a&Output=HTML&UpdateDate="
"Belgium","NET-Wallonia","Wallonia","BETR223","43R223 - JEMEPPE","SPO-BETR223_00001_100","SO2","Sulphur dioxide (air)","P1Y-hr-max-per99.73","1 year 99.73 %ile of hourly values in a given year","2016","6.000","ug/m3","92.60","1","Industrial","Suburban","5.5164","50.6207","50.0","Liège                                                                           ","BE005C1                                           ","383700","E1a/validated data AQ e-Reporting","18/03/2023 22:06:23","http://fme.discomap.eea.europa.eu/fmedatastreaming/AirQualityDownload/AQData_Extract.fmw?CountryCode=BE&CityName=&Pollutant=1&Year_from=2016&Year_to=2016&Station=STA-BETR223&Samplingpoint=&Source=E1a&Output=HTML&UpdateDate="
"Belgium","NET-Wallonia","Wallonia","BETR240","43R240 - ENGIS","SPO-BETR240_00005_100","PM10","Particulate matter < 10 µm (aerosol)","P1Y-daysAbove50","1 year day exceed 50","2016","19.000","count","96.72","1","Industrial","Suburban","5.3975","50.5836","135.0","","","","E1a/validated data AQ e-Reporting","18/03/2023 22:27:00","http://fme.discomap.eea.europa.eu/fmedatastreaming/AirQualityDownload/AQData_Extract.fmw?CountryCode=BE&CityName=&Pollutant=5&Year_from=2016&Year_to=2016&Station=STA-BETR240&Samplingpoint=&Source=E1a&Output=HTML&UpdateDate="
"Belgium","NET-Flanders","Flanders","BETR702","44R702 - Gent (G.Carlierlaan)","SPO-BETR702_00008_100","NO2","Nitrogen dioxide (air)","P1Y-day-min","1 year day min","2016","9.896","ug/m3","99.18","1","Traffic","Urban","3.7350","51.0407","8.0","Gent                                                                            ","BE003C1                                           ","263687","E1a/validated data AQ e-Reporting","18/03/2023 21:56:03","http://fme.discomap.eea.europa.eu/fmedatastreaming/AirQualityDownload/AQData_Extract.fmw?CountryCode=BE&CityName=&Pollutant=8&Year_from=2016&Year_to=2016&Station=STA-BETR702&Samplingpoint=&Source=E1a&Output=HTML&UpdateDate="
"Belgium","NET-Wallonia","Wallonia","BEVN520","50N520 - PERUWELZ","SPO-BEVN520_06008_100","H2C=CH-CH2-CH2-CH3","1-Pentene (air)","P1Y","Annual mean / 1 calendar year","2016","0.000","ug/m3","48.09","1","Background","Suburban","3.5943","50.5055","30.0","","","","E1a/validated data AQ e-Reporting","18/03/2023 21:08:58","http://fme.discomap.eea.europa.eu/fmedatastreaming/AirQualityDownload/AQData_Extract.fmw?CountryCode=BE&CityName=&Pollutant=6008&Year_from=2016&Year_to=2016&Station=STA-BEVN520&Samplingpoint=&Source=E1a&Output=HTML&UpdateDate="
"Belgium","NET-Wallonia","Wallonia","BETR502","45R502 - LODELINSART","SPO-BETR502_00007_100","O3","Ozone (air)","AOT40f","AOT40 for forest protection","2016","9519.348","ug/m3","94.58","1","Background","Suburban","4.4587","50.4290","135.0","Charleroi                                                                       ","BE004C1                                           ","203314","E1a/validated data AQ e-Reporting","18/03/2023 23:06:40","http://fme.discomap.eea.europa.eu/fmedatastreaming/AirQualityDownload/AQData_Extract.fmw?CountryCode=BE&CityName=&Pollutant=7&Year_from=2016&Year_to=2016&Station=STA-BETR502&Samplingpoint=&Source=E1a&Output=HTML&UpdateDate="
"Belgium","NET-Wallonia","Wallonia","BETN066","43N066 - EUPEN","SPO-BETN066_00008_100","NO2","Nitrogen dioxide (air)","P1Y-3hAbove400","3 consecutive hours in exceedance of 400","2016","0.000","count","97.47","1","Background","Rural","6.0023","50.6289","295.0","","","","E1a/validated data AQ e-Reporting","18/03/2023 22:22:30","http://fme.discomap.eea.europa.eu/fmedatastreaming/AirQualityDownload/AQData_Extract.fmw?CountryCode=BE&CityName=&Pollutant=8&Year_from=2016&Year_to=2016&Station=STA-BETN066&Samplingpoint=&Source=E1a&Output=HTML&UpdateDate="
"Belgium","NET-Wallonia","Wallonia","BETR501","45R501 - CHARLEROI","SPO-BETR501_06001_100","PM2.5","Particulate matter < 2.5 µm (aerosol)","P1Y","Annual mean / 1 calendar year","2016","13.085","ug/m3","99.68","1","Background","Urban","4.4522","50.4093","115.0","Charleroi                                                                       ","BE004C1                                           ","203314","E1a/validated data AQ e-Reporting","18/03/2023 21:08:58","http://fme.discomap.eea.europa.eu/fmedatastreaming/AirQualityDownload/AQData_Extract.fmw?CountryCode=BE&CityName=&Pollutant=6001&Year_from=2016&Year_to=2016&Station=STA-BETR501&Samplingpoint=&Source=E1a&Output=HTML&UpdateDate="
"Belgium","NET-Wallonia","Wallonia","BETR221","43R221 - LIEGE","SPO-BETR221_00008_100","NO2","Nitrogen dioxide (air)","P1Y-day-max","1 year day max","2016","60.109","ug/m3","99.45","1","Background","Urban","5.6278","50.6584","65.0","Liège                                                                           ","BE005C1                                           ","383700","E1a/validated data AQ e-Reporting","18/03/2023 21:43:56","http://fme.discomap.eea.europa.eu/fmedatastreaming/AirQualityDownload/AQData_Extract.fmw?CountryCode=BE&CityName=&Pollutant=8&Year_from=2016&Year_to=2016&Station=STA-BETR221&Samplingpoint=&Source=E1a&Output=HTML&UpdateDate="
"Belgium","NET-Wallonia","Wallonia","BEVR501","50R501 - CHARLEROI","SPO-BEVR501_06011_100","1,2,4-C6H3(CH3)3","1,2,4-Trimethylbenzene (air)","P1Y","Annual mean / 1 calendar year","2016","0.000","ug/m3","48.36","1","Background","Urban","4.4522","50.4093","115.0","Charleroi                                                                       ","BE004C1                                           ","203314","E1a/validated data AQ e-Reporting","18/03/2023 21:08:58","http://fme.discomap.eea.europa.eu/fmedatastreaming/AirQualityDownload/AQData_Extract.fmw?CountryCode=BE&CityName=&Pollutant=6011&Year_from=2016&Year_to=2016&Station=STA-BEVR501&Samplingpoint=&Source=E1a&Output=HTML&UpdateDate="
"Belgium","NET-Brussels","Brussels","BETR001","41R001 - MOLENBEEK","SPO-BETR001_00010_100","CO","Carbon monoxide (air)","P1Y","Annual mean / 1 calendar year","2016","0.290","mg/m3","87.24","1","Background","Urban","4.3341","50.8497","20.0","Bruxelles / Brussel                                                             ","BE001C1                                           ","1223364","E1a/validated data AQ e-Reporting","18/03/2023 21:08:58","http://fme.discomap.eea.europa.eu/fmedatastreaming/AirQualityDownload/AQData_Extract.fmw?CountryCode=BE&CityName=&Pollutant=10&Year_from=2016&Year_to=2016&Station=STA-BETR001&Samplingpoint=&Source=E1a&Output=HTML&UpdateDate="
"Belgium","NET-Brussels","Brussels","BETR001","41R001 - MOLENBEEK","SPO-BETR001_00005_100","PM10","Particulate matter < 10 µm (aerosol)","P1Y-P1D-per90.41","1 year 90.41 percentile","2016","38.771","ug/m3","84.43","1","Background","Urban","4.3341","50.8497","20.0","Bruxelles / Brussel                                                             ","BE001C1                                           ","1223364","E1a/validated data AQ e-Reporting","18/03/2023 22:09:05","http://fme.discomap.eea.europa.eu/fmedatastreaming/AirQualityDownload/AQData_Extract.fmw?CountryCode=BE&CityName=&Pollutant=5&Year_from=2016&Year_to=2016&Station=STA-BETR001&Samplingpoint=&Source=E1a&Output=HTML&UpdateDate="
"Belgium","NET-Brussels","Brussels","BETN043","41N043 - HAREN","SPO-BETN043_00005_100","PM10","Particulate matter < 10 µm (aerosol)","P1Y-hr-max","1 year hour max","2016","178.500","ug/m3","94.68","1","Industrial","Suburban","4.3830","50.8837","17.0","Bruxelles / Brussel                                                             ","BE001C1                                           ","1223364","E1a/validated data AQ e-Reporting","18/03/2023 21:57:02","http://fme.discomap.eea.europa.eu/fmedatastreaming/AirQualityDownload/AQData_Extract.fmw?CountryCode=BE&CityName=&Pollutant=5&Year_from=2016&Year_to=2016&Station=STA-BETN043&Samplingpoint=&Source=E1a&Output=HTML&UpdateDate="
"Belgium","NET-Flanders","Flanders","BEGR801","26R801 - BORGERHOUT","SPO-BEGR801_06001_100","PM2.5","Particulate matter < 2.5 µm (aerosol)","P3Y","3 subsequent calendar years mean","2016","14.955","ug/m3","95.62","1","Background","Urban","4.4318","51.2097","6.0","Antwerpen                                                                       ","BE002C1                                           ","530014","E1a/validated data AQ e-Reporting","18/03/2023 21:36:00","http://fme.discomap.eea.europa.eu/fmedatastreaming/AirQualityDownload/AQData_Extract.fmw?CountryCode=BE&CityName=&Pollutant=6001&Year_from=2016&Year_to=2016&Station=STA-BEGR801&Samplingpoint=&Source=E1a&Output=HTML&UpdateDate="
"Belgium","NET-Flanders","Flanders","BEDR750","65R750 - ZELZATE
","SPO-BEDR750_07465_100","Naphthalene","Naphthalene (precip+dry_dep)","P1Y","Annual mean / 1 calendar year","2016","91.810","ng/m2/day","92.62","1","Industrial","Suburban","3.8229","51.1961","0.0","","","","E1a/validated data AQ e-Reporting","18/03/2023 21:08:58","http://fme.discomap.eea.europa.eu/fmedatastreaming/AirQualityDownload/AQData_Extract.fmw?CountryCode=BE&CityName=&Pollutant=7465&Year_from=2016&Year_to=2016&Station=STA-BEDR750&Samplingpoint=&Source=E1a&Output=HTML&UpdateDate="
"Belgium","NET-Wallonia","Wallonia","BETN063","43N063 - CORROY L.G.","SPO-BETN063_00010_100","CO","Carbon monoxide (air)","P1Y-P1D-per99","1 year 99 percentile of daily means (P1D) or .../aq/primaryObservation/day","2016","0.444","mg/m3","99.73","1","Background","Rural","4.6683","50.6554","145.0","","","","E1a/validated data AQ e-Reporting","18/03/2023 22:11:26","http://fme.discomap.eea.europa.eu/fmedatastreaming/AirQualityDownload/AQData_Extract.fmw?CountryCode=BE&CityName=&Pollutant=10&Year_from=2016&Year_to=2016&Station=STA-BETN063&Samplingpoint=&Source=E1a&Output=HTML&UpdateDate="
"Belgium","NET-Wallonia","Wallonia","BETN121","43N121 - OFFAGNE","SPO-BETN121_00007_100","O3","Ozone (air)","P1Y-hrsAbove180","1 year hour exceed 180","2016","0.000","count","95.54","1","Background","Rural","5.2024","49.8771","430.0","","","","E1a/validated data AQ e-Reporting","18/03/2023 21:46:37","http://fme.discomap.eea.europa.eu/fmedatastreaming/AirQualityDownload/AQData_Extract.fmw?CountryCode=BE&CityName=&Pollutant=7&Year_from=2016&Year_to=2016&Station=STA-BETN121&Samplingpoint=&Source=E1a&Output=HTML&UpdateDate="
"Belgium","NET-Wallonia","Wallonia","BEVN100","50N100 - DOURBES","SPO-BEVN100_00450_100","H3C-CH2-CH(CH3)2","i-Pentane (2-methylbutane) (air)","P1Y","Annual mean / 1 calendar year","2016","0.000","ug/m3","48.36","1","Background","Rural","4.5948","50.0957","225.0","","","","E1a/validated data AQ e-Reporting","18/03/2023 21:08:58","http://fme.discomap.eea.europa.eu/fmedatastreaming/AirQualityDownload/AQData_Extract.fmw?CountryCode=BE&CityName=&Pollutant=450&Year_from=2016&Year_to=2016&Station=STA-BEVN100&Samplingpoint=&Source=E1a&Output=HTML&UpdateDate="
"Belgium","NET-Wallonia","Wallonia","BETN066","43N066 - EUPEN","SPO-BETN066_00001_100","SO2","Sulphur dioxide (air)","P1Y-day-max-per99.18","1 year 99.18 percentile of daily maximum","2016","2.083","ug/m3","98.63","1","Background","Rural","6.0023","50.6289","295.0","","","","E1a/validated data AQ e-Reporting","18/03/2023 22:12:16","http://fme.discomap.eea.europa.eu/fmedatastreaming/AirQualityDownload/AQData_Extract.fmw?CountryCode=BE&CityName=&Pollutant=1&Year_from=2016&Year_to=2016&Station=STA-BETN066&Samplingpoint=&Source=E1a&Output=HTML&UpdateDate="
"Belgium","NET-Wallonia","Wallonia","BETR223","43R223 - JEMEPPE","SPO-BETR223_00005_100","PM10","Particulate matter < 10 µm (aerosol)","P1Y-day-max","1 year day max","2016","74.188","ug/m3","99.73","1","Industrial","Suburban","5.5164","50.6207","50.0","Liège                                                                           ","BE005C1                                           ","383700","E1a/validated data AQ e-Reporting","18/03/2023 21:43:06","http://fme.discomap.eea.europa.eu/fmedatastreaming/AirQualityDownload/AQData_Extract.fmw?CountryCode=BE&CityName=&Pollutant=5&Year_from=2016&Year_to=2016&Station=STA-BETR223&Samplingpoint=&Source=E1a&Output=HTML&UpdateDate="
"Belgium","NET-Flanders","Flanders","BETR801","42R801 - BORGERHOUT","SPO-BETR801_00007_100","O3","Ozone (air)","AOT40c","AOT40 vegetation protection","2016","1833.649","ug/m3","97.10","1","Background","Urban","4.4318","51.2097","6.0","Antwerpen                                                                       ","BE002C1                                           ","530014","E1a/validated data AQ e-Reporting","18/03/2023 23:06:29","http://fme.discomap.eea.europa.eu/fmedatastreaming/AirQualityDownload/AQData_Extract.fmw?CountryCode=BE&CityName=&Pollutant=7&Year_from=2016&Year_to=2016&Station=STA-BETR801&Samplingpoint=&Source=E1a&Output=HTML&UpdateDate="
"Belgium","NET-Wallonia","Wallonia","BEVN066","50N066 - EUPEN","SPO-BEVN066_06006_100","trans-H3C-CH=CH-CH3","trans-2-Butene (air)","P1Y","Annual mean / 1 calendar year","2016","0.000","ug/m3","50.00","1","Background","Rural","6.0023","50.6289","295.0","","","","E1a/validated data AQ e-Reporting","18/03/2023 21:08:58","http://fme.discomap.eea.europa.eu/fmedatastreaming/AirQualityDownload/AQData_Extract.fmw?CountryCode=BE&CityName=&Pollutant=6006&Year_from=2016&Year_to=2016&Station=STA-BEVN066&Samplingpoint=&Source=E1a&Output=HTML&UpdateDate="
"Belgium","NET-Wallonia","Wallonia","BETR221","43R221 - LIEGE","SPO-BETR221_00005_100","PM10","Particulate matter < 10 µm (aerosol)","P1Y-P1D-per90.4","1 year 90.4 percentile - COMPLIANCE","2016","37.375","ug/m3","100.00","1","Background","Urban","5.6278","50.6584","65.0","Liège                                                                           ","BE005C1                                           ","383700","E1a/validated data AQ e-Reporting","18/03/2023 22:08:35","http://fme.discomap.eea.europa.eu/fmedatastreaming/AirQualityDownload/AQData_Extract.fmw?CountryCode=BE&CityName=&Pollutant=5&Year_from=2016&Year_to=2016&Station=STA-BETR221&Samplingpoint=&Source=E1a&Output=HTML&UpdateDate="
"Belgium","NET-Wallonia","Wallonia","BETN100","43N100 - DOURBES","SPO-BETN100_00001_100","SO2","Sulphur dioxide (air)","P1Y-day-max-per99.18","1 year 99.18 percentile of daily maximum","2016","1.370","ug/m3","98.09","1","Background","Rural","4.5948","50.0957","225.0","","","","E1a/validated data AQ e-Reporting","18/03/2023 22:12:16","http://fme.discomap.eea.europa.eu/fmedatastreaming/AirQualityDownload/AQData_Extract.fmw?CountryCode=BE&CityName=&Pollutant=1&Year_from=2016&Year_to=2016&Station=STA-BETN100&Samplingpoint=&Source=E1a&Output=HTML&UpdateDate="
"Belgium","NET-Wallonia","Wallonia","BEVR501","50R501 - CHARLEROI","SPO-BEVR501_00451_100","CH2=CH-C(CH3)=CH2","Isoprene (2-methyl-1,3-butadiene) (air)","P1Y","Annual mean / 1 calendar year","2016","0.000","ug/m3","48.36","1","Background","Urban","4.4522","50.4093","115.0","Charleroi                                                                       ","BE004C1                                           ","203314","E1a/validated data AQ e-Reporting","18/03/2023 21:08:58","http://fme.discomap.eea.europa.eu/fmedatastreaming/AirQualityDownload/AQData_Extract.fmw?CountryCode=BE&CityName=&Pollutant=451&Year_from=2016&Year_to=2016&Station=STA-BEVR501&Samplingpoint=&Source=E1a&Output=HTML&UpdateDate="
"Belgium","NET-Wallonia","Wallonia","BEVR501","50R501 - CHARLEROI","SPO-BEVR501_06007_100","cis-H3C-CH=CH-CH3","cis-2-Butene (air)","P1Y","Annual mean / 1 calendar year","2016","0.000","ug/m3","48.36","1","Background","Urban","4.4522","50.4093","115.0","Charleroi                                                                       ","BE004C1                                           ","203314","E1a/validated data AQ e-Reporting","18/03/2023 21:08:58","http://fme.discomap.eea.europa.eu/fmedatastreaming/AirQualityDownload/AQData_Extract.fmw?CountryCode=BE&CityName=&Pollutant=6007&Year_from=2016&Year_to=2016&Station=STA-BEVR501&Samplingpoint=&Source=E1a&Output=HTML&UpdateDate="
"Belgium","NET-Flanders","Flanders","BETR841","42R841 - MECHELEN","SPO-BETR841_00005_100","PM10","Particulate matter < 10 µm (aerosol)","P1Y-hr-max","1 year hour max","2016","132.600","ug/m3","98.84","1","Background","Suburban","4.4693","51.0025","8.0","Mechelen                                                                        ","BE012C1                                           ","86911","E1a/validated data AQ e-Reporting","18/03/2023 21:57:02","http://fme.discomap.eea.europa.eu/fmedatastreaming/AirQualityDownload/AQData_Extract.fmw?CountryCode=BE&CityName=&Pollutant=5&Year_from=2016&Year_to=2016&Station=STA-BETR841&Samplingpoint=&Source=E1a&Output=HTML&UpdateDate="
"Belgium","NET-Wallonia","Wallonia","BETR502","45R502 - LODELINSART","SPO-BETR502_00008_100","NO2","Nitrogen dioxide (air)","P1Y-day-max","1 year day max","2016","68.217","ug/m3","100.00","1","Background","Suburban","4.4587","50.4290","135.0","Charleroi                                                                       ","BE004C1                                           ","203314","E1a/validated data AQ e-Reporting","18/03/2023 21:43:56","http://fme.discomap.eea.europa.eu/fmedatastreaming/AirQualityDownload/AQData_Extract.fmw?CountryCode=BE&CityName=&Pollutant=8&Year_from=2016&Year_to=2016&Station=STA-BETR502&Samplingpoint=&Source=E1a&Output=HTML&UpdateDate="
"Belgium","NET-Wallonia","Wallonia","BETR502","45R502 - LODELINSART","SPO-BETR502_00008_100","NO2","Nitrogen dioxide (air)","P1Y-hrsAbove400","1 year hour exceed 400","2016","0.000","count","97.52","1","Background","Suburban","4.4587","50.4290","135.0","Charleroi                                                                       ","BE004C1                                           ","203314","E1a/validated data AQ e-Reporting","18/03/2023 21:54:38","http://fme.discomap.eea.europa.eu/fmedatastreaming/AirQualityDownload/AQData_Extract.fmw?CountryCode=BE&CityName=&Pollutant=8&Year_from=2016&Year_to=2016&Station=STA-BETR502&Samplingpoint=&Source=E1a&Output=HTML&UpdateDate="
"Belgium","NET-Wallonia","Wallonia","BETN113","43N113 - SAINT-ODE","SPO-BETN113_00007_100","O3","Ozone (air)","P1Y-dx-max","1 year day max max","2016","157.938","ug/m3","88.52","1","Background","Rural","5.5930","50.0270","510.0","","","","E1a/validated data AQ e-Reporting","18/03/2023 21:44:39","http://fme.discomap.eea.europa.eu/fmedatastreaming/AirQualityDownload/AQData_Extract.fmw?CountryCode=BE&CityName=&Pollutant=7&Year_from=2016&Year_to=2016&Station=STA-BETN113&Samplingpoint=&Source=E1a&Output=HTML&UpdateDate="
"Belgium","NET-Wallonia","Wallonia","BETR502","45R502 - LODELINSART","SPO-BETR502_00007_100","O3","Ozone (air)","P1Y-day-max","1 year day max","2016","94.792","ug/m3","96.99","1","Background","Suburban","4.4587","50.4290","135.0","Charleroi                                                                       ","BE004C1                                           ","203314","E1a/validated data AQ e-Reporting","18/03/2023 21:44:13","http://fme.discomap.eea.europa.eu/fmedatastreaming/AirQualityDownload/AQData_Extract.fmw?CountryCode=BE&CityName=&Pollutant=7&Year_from=2016&Year_to=2016&Station=STA-BETR502&Samplingpoint=&Source=E1a&Output=HTML&UpdateDate="
"Belgium","NET-Wallonia","Wallonia","BETN066","43N066 - EUPEN","SPO-BETN066_00007_100","O3","Ozone (air)","P1Y-dmax-per93.15","1 year 93.15 percentile daily 8h maximum","2016","105.214","ug/m3","97.54","1","Background","Rural","6.0023","50.6289","295.0","","","","E1a/validated data AQ e-Reporting","18/03/2023 22:12:55","http://fme.discomap.eea.europa.eu/fmedatastreaming/AirQualityDownload/AQData_Extract.fmw?CountryCode=BE&CityName=&Pollutant=7&Year_from=2016&Year_to=2016&Station=STA-BETN066&Samplingpoint=&Source=E1a&Output=HTML&UpdateDate="
"Belgium","NET-Wallonia","Wallonia","BETR223","43R223 - JEMEPPE","SPO-BETR223_00008_100","NO2","Nitrogen dioxide (air)","P1Y-P1D-per99","1 year 99 percentile of daily means (P1D) or .../aq/primaryObservation/day","2016","52.104","ug/m3","98.91","1","Industrial","Suburban","5.5164","50.6207","50.0","Liège                                                                           ","BE005C1                                           ","383700","E1a/validated data AQ e-Reporting","18/03/2023 22:10:34","http://fme.discomap.eea.europa.eu/fmedatastreaming/AirQualityDownload/AQData_Extract.fmw?CountryCode=BE&CityName=&Pollutant=8&Year_from=2016&Year_to=2016&Station=STA-BETR223&Samplingpoint=&Source=E1a&Output=HTML&UpdateDate="
"Belgium","NET-Wallonia","Wallonia","BETN113","43N113 - SAINT-ODE","SPO-BETN113_06001_100","PM2.5","Particulate matter < 2.5 µm (aerosol)","P1Y-hr-min","1 year hour min","2016","0.000","ug/m3","94.07","1","Background","Rural","5.5930","50.0270","510.0","","","","E1a/validated data AQ e-Reporting","18/03/2023 22:31:20","http://fme.discomap.eea.europa.eu/fmedatastreaming/AirQualityDownload/AQData_Extract.fmw?CountryCode=BE&CityName=&Pollutant=6001&Year_from=2016&Year_to=2016&Station=STA-BETN113&Samplingpoint=&Source=E1a&Output=HTML&UpdateDate="
"Belgium","NET-Wallonia","Wallonia","BETN063","43N063 - CORROY L.G.","SPO-BETN063_06001_100","PM2.5","Particulate matter < 2.5 µm (aerosol)","P1Y-P1D-per99","1 year 99 percentile of daily means (P1D) or .../aq/primaryObservation/day","2016","38.231","ug/m3","100.00","1","Background","Rural","4.6683","50.6554","145.0","","","","E1a/validated data AQ e-Reporting","18/03/2023 22:10:03","http://fme.discomap.eea.europa.eu/fmedatastreaming/AirQualityDownload/AQData_Extract.fmw?CountryCode=BE&CityName=&Pollutant=6001&Year_from=2016&Year_to=2016&Station=STA-BETN063&Samplingpoint=&Source=E1a&Output=HTML&UpdateDate="
"Belgium","NET-Flanders","Flanders","BETR721","44R721 - WONDELGEM","SPO-BETR721_00008_100","NO2","Nitrogen dioxide (air)","P1Y-day-min","1 year day min","2016","3.208","ug/m3","95.08","1","Industrial","Suburban","3.7161","51.0890","6.0","Gent                                                                            ","BE003C1                                           ","263687","E1a/validated data AQ e-Reporting","18/03/2023 21:56:03","http://fme.discomap.eea.europa.eu/fmedatastreaming/AirQualityDownload/AQData_Extract.fmw?CountryCode=BE&CityName=&Pollutant=8&Year_from=2016&Year_to=2016&Station=STA-BETR721&Samplingpoint=&Source=E1a&Output=HTML&UpdateDate="
"Belgium","NET-Wallonia","Wallonia","BEVN070","50N070 - MONS","SPO-BEVN070_00449_100","(CH3)3-C-CH2-CH-(CH3)2","i-Octane (2,2,4-trimethylpentane) (air)","P1Y","Annual mean / 1 calendar year","2016","0.000","ug/m3","47.80","1","Background","Suburban","3.9397","50.4652","30.0","Mons                                                                            ","BE009C1                                           ","95922","E1a/validated data AQ e-Reporting","18/03/2023 21:08:58","http://fme.discomap.eea.europa.eu/fmedatastreaming/AirQualityDownload/AQData_Extract.fmw?CountryCode=BE&CityName=&Pollutant=449&Year_from=2016&Year_to=2016&Station=STA-BEVN070&Samplingpoint=&Source=E1a&Output=HTML&UpdateDate="
"Belgium","NET-Wallonia","Wallonia","BETR502","45R502 - LODELINSART","SPO-BETR502_00008_100","NO2","Nitrogen dioxide (air)","P1Y-day-min","1 year day min","2016","6.375","ug/m3","100.00","1","Background","Suburban","4.4587","50.4290","135.0","Charleroi                                                                       ","BE004C1                                           ","203314","E1a/validated data AQ e-Reporting","18/03/2023 21:56:03","http://fme.discomap.eea.europa.eu/fmedatastreaming/AirQualityDownload/AQData_Extract.fmw?CountryCode=BE&CityName=&Pollutant=8&Year_from=2016&Year_to=2016&Station=STA-BETR502&Samplingpoint=&Source=E1a&Output=HTML&UpdateDate="
"Belgium","NET-Wallonia","Wallonia","BETR510","45R510 - CHATELINEAU","SPO-BETR510_00001_100","SO2","Sulphur dioxide (air)","P1Y","Annual mean / 1 calendar year","2016","0.774","ug/m3","97.05","1","Background","Suburban","4.5211","50.4164","118.0","Charleroi                                                                       ","BE004C1                                           ","203314","E1a/validated data AQ e-Reporting","18/03/2023 21:08:58","http://fme.discomap.eea.europa.eu/fmedatastreaming/AirQualityDownload/AQData_Extract.fmw?CountryCode=BE&CityName=&Pollutant=1&Year_from=2016&Year_to=2016&Station=STA-BETR510&Samplingpoint=&Source=E1a&Output=HTML&UpdateDate="
"Belgium","NET-Wallonia","Wallonia","BETR510","45R510 - CHATELINEAU","SPO-BETR510_00001_100","SO2","Sulphur dioxide (air)","P1Y-daysAbove125","1 year day exceed 125","2016","0.000","count","99.45","1","Background","Suburban","4.5211","50.4164","118.0","Charleroi                                                                       ","BE004C1                                           ","203314","E1a/validated data AQ e-Reporting","18/03/2023 22:23:37","http://fme.discomap.eea.europa.eu/fmedatastreaming/AirQualityDownload/AQData_Extract.fmw?CountryCode=BE&CityName=&Pollutant=1&Year_from=2016&Year_to=2016&Station=STA-BETR510&Samplingpoint=&Source=E1a&Output=HTML&UpdateDate="
"Belgium","NET-Wallonia","Wallonia","BEVR240","50R240 - ENGIS","SPO-BEVR240_00020_100","C6H6","Benzene (air)","P1Y-day-per50","1 year 50 %ile of daily values in a year","2016","0.430","ug/m3","46.72","1","Industrial","Suburban","5.3975","50.5836","135.0","","","","E1a/validated data AQ e-Reporting","18/03/2023 22:13:51","http://fme.discomap.eea.europa.eu/fmedatastreaming/AirQualityDownload/AQData_Extract.fmw?CountryCode=BE&CityName=&Pollutant=20&Year_from=2016&Year_to=2016&Station=STA-BEVR240&Samplingpoint=&Source=E1a&Output=HTML&UpdateDate="
"Belgium","NET-Flanders","Flanders","BETR897","42R897 - ANTWERPEN","SPO-BETR897_00008_100","NO2","Nitrogen dioxide (air)","P1Y-hr-min","1 year hour min","2016","3.000","ug/m3","96.27","1","Industrial","Suburban","4.3421","51.2501","5.0","Antwerpen                                                                       ","BE002C1                                           ","530014","E1a/validated data AQ e-Reporting","18/03/2023 22:31:20","http://fme.discomap.eea.europa.eu/fmedatastreaming/AirQualityDownload/AQData_Extract.fmw?CountryCode=BE&CityName=&Pollutant=8&Year_from=2016&Year_to=2016&Station=STA-BETR897&Samplingpoint=&Source=E1a&Output=HTML&UpdateDate="
"Belgium","NET-Wallonia","Wallonia","BETN093","43N093 - SINSIN","SPO-BETN093_00008_100","NO2","Nitrogen dioxide (air)","P1Y-P1D-per99","1 year 99 percentile of daily means (P1D) or .../aq/primaryObservation/day","2016","32.152","ug/m3","96.99","1","Background","Rural","5.2352","50.2745","265.0","","","","E1a/validated data AQ e-Reporting","18/03/2023 22:10:34","http://fme.discomap.eea.europa.eu/fmedatastreaming/AirQualityDownload/AQData_Extract.fmw?CountryCode=BE&CityName=&Pollutant=8&Year_from=2016&Year_to=2016&Station=STA-BETN093&Samplingpoint=&Source=E1a&Output=HTML&UpdateDate="
"Belgium","NET-Flanders","Flanders","BETR721","44R721 - WONDELGEM","SPO-BETR721_00008_100","NO2","Nitrogen dioxide (air)","P1Y-hr-per50","1 year 50 percentile","2016","19.500","ug/m3","91.84","1","Industrial","Suburban","3.7161","51.0890","6.0","Gent                                                                            ","BE003C1                                           ","263687","E1a/validated data AQ e-Reporting","18/03/2023 22:05:49","http://fme.discomap.eea.europa.eu/fmedatastreaming/AirQualityDownload/AQData_Extract.fmw?CountryCode=BE&CityName=&Pollutant=8&Year_from=2016&Year_to=2016&Station=STA-BETR721&Samplingpoint=&Source=E1a&Output=HTML&UpdateDate="
"Belgium","NET-Flanders","Flanders","BEVLU11","59LU11 - LEUVEN","SPO-BEVLU11_06016_100","C6H12","1-Hexene (air)","P1Y","Annual mean / 1 calendar year","2016","0.000","ug/m3","87.98","1","Background","Suburban","4.6911","50.8797","0.0","Leuven                                                                          ","BE008C1                                           ","101625","E1a/validated data AQ e-Reporting","18/03/2023 21:08:58","http://fme.discomap.eea.europa.eu/fmedatastreaming/AirQualityDownload/AQData_Extract.fmw?CountryCode=BE&CityName=&Pollutant=6016&Year_from=2016&Year_to=2016&Station=STA-BEVLU11&Samplingpoint=&Source=E1a&Output=HTML&UpdateDate="
"Belgium","NET-Wallonia","Wallonia","BETN100","43N100 - DOURBES","SPO-BETN100_00005_100","PM10","Particulate matter < 10 µm (aerosol)","P1Y-hr-min","1 year hour min","2016","0.000","ug/m3","99.57","1","Background","Rural","4.5948","50.0957","225.0","","","","E1a/validated data AQ e-Reporting","18/03/2023 22:31:20","http://fme.discomap.eea.europa.eu/fmedatastreaming/AirQualityDownload/AQData_Extract.fmw?CountryCode=BE&CityName=&Pollutant=5&Year_from=2016&Year_to=2016&Station=STA-BETN100&Samplingpoint=&Source=E1a&Output=HTML&UpdateDate="
"Belgium","NET-Flanders","Flanders","BESN029","59N029 - VEURNE","SPO-BESN029_06011_100","1,2,4-C6H3(CH3)3","1,2,4-Trimethylbenzene (air)","P1Y","Annual mean / 1 calendar year","2016","0.000","ug/m3","87.99","1","Background","Suburban","2.5823","51.0163","0.0","","","","E1a/validated data AQ e-Reporting","18/03/2023 21:08:58","http://fme.discomap.eea.europa.eu/fmedatastreaming/AirQualityDownload/AQData_Extract.fmw?CountryCode=BE&CityName=&Pollutant=6011&Year_from=2016&Year_to=2016&Station=STA-BESN029&Samplingpoint=&Source=E1a&Output=HTML&UpdateDate="
"Belgium","NET-Flanders","Flanders","BETM705","44M705 - ROESELARE","SPO-BETM705_00008_100","NO2","Nitrogen dioxide (air)","P1Y","Annual mean / 1 calendar year","2016","24.234","ug/m3","96.85","1","Industrial","Suburban","3.1524","50.9454","19.0","","","","E1a/validated data AQ e-Reporting","18/03/2023 21:08:58","http://fme.discomap.eea.europa.eu/fmedatastreaming/AirQualityDownload/AQData_Extract.fmw?CountryCode=BE&CityName=&Pollutant=8&Year_from=2016&Year_to=2016&Station=STA-BETM705&Samplingpoint=&Source=E1a&Output=HTML&UpdateDate="
"Belgium","NET-Flanders","Flanders","BETM705","44M705 - ROESELARE","SPO-BETM705_06001_100","PM2.5","Particulate matter < 2.5 µm (aerosol)","P1Y-P1D-per99","1 year 99 percentile of daily means (P1D) or .../aq/primaryObservation/day","2016","49.396","ug/m3","96.99","1","Industrial","Suburban","3.1524","50.9454","19.0","","","","E1a/validated data AQ e-Reporting","18/03/2023 22:10:03","http://fme.discomap.eea.europa.eu/fmedatastreaming/AirQualityDownload/AQData_Extract.fmw?CountryCode=BE&CityName=&Pollutant=6001&Year_from=2016&Year_to=2016&Station=STA-BETM705&Samplingpoint=&Source=E1a&Output=HTML&UpdateDate="
"Belgium","NET-Flanders","Flanders","BELHB23","40HB23 - HOBOKEN","SPO-BELHB23_00005_100","PM10","Particulate matter < 10 µm (aerosol)","P1Y-P1D-per90.4","1 year 90.4 percentile - COMPLIANCE","2016","38.642","ug/m3","96.99","1","Industrial","Suburban","4.3410","51.1703","13.0","Antwerpen                                                                       ","BE002C1                                           ","530014","E1a/validated data AQ e-Reporting","18/03/2023 22:08:35","http://fme.discomap.eea.europa.eu/fmedatastreaming/AirQualityDownload/AQData_Extract.fmw?CountryCode=BE&CityName=&Pollutant=5&Year_from=2016&Year_to=2016&Station=STA-BELHB23&Samplingpoint=&Source=E1a&Output=HTML&UpdateDate="
"Belgium","NET-Flanders","Flanders","BELHB23","40HB23 - HOBOKEN","SPO-BELHB23_00008_100","NO2","Nitrogen dioxide (air)","P1Y-day-max","1 year day max","2016","79.333","ug/m3","96.45","1","Industrial","Suburban","4.3410","51.1703","13.0","Antwerpen                                                                       ","BE002C1                                           ","530014","E1a/validated data AQ e-Reporting","18/03/2023 21:43:56","http://fme.discomap.eea.europa.eu/fmedatastreaming/AirQualityDownload/AQData_Extract.fmw?CountryCode=BE&CityName=&Pollutant=8&Year_from=2016&Year_to=2016&Station=STA-BELHB23&Samplingpoint=&Source=E1a&Output=HTML&UpdateDate="
"Belgium","NET-Wallonia","Wallonia","BEVR501","50R501 - CHARLEROI","SPO-BEVR501_00486_100","H3C-(CH2)3-CH3","n-Pentane (air)","P1Y","Annual mean / 1 calendar year","2016","0.005","ug/m3","48.36","1","Background","Urban","4.4522","50.4093","115.0","Charleroi                                                                       ","BE004C1                                           ","203314","E1a/validated data AQ e-Reporting","18/03/2023 21:08:58","http://fme.discomap.eea.europa.eu/fmedatastreaming/AirQualityDownload/AQData_Extract.fmw?CountryCode=BE&CityName=&Pollutant=486&Year_from=2016&Year_to=2016&Station=STA-BEVR501&Samplingpoint=&Source=E1a&Output=HTML&UpdateDate="
"Belgium","NET-Wallonia","Wallonia","BEVN066","50N066 - EUPEN","SPO-BEVN066_00464_100","m,p-C6H4(CH3)2","m,p-Xylene (air)","P1Y","Annual mean / 1 calendar year","2016","0.000","ug/m3","49.73","1","Background","Rural","6.0023","50.6289","295.0","","","","E1a/validated data AQ e-Reporting","18/03/2023 21:08:58","http://fme.discomap.eea.europa.eu/fmedatastreaming/AirQualityDownload/AQData_Extract.fmw?CountryCode=BE&CityName=&Pollutant=464&Year_from=2016&Year_to=2016&Station=STA-BEVN066&Samplingpoint=&Source=E1a&Output=HTML&UpdateDate="
"Belgium","NET-Wallonia","Wallonia","BEVN066","50N066 - EUPEN","SPO-BEVN066_06008_100","H2C=CH-CH2-CH2-CH3","1-Pentene (air)","P1Y","Annual mean / 1 calendar year","2016","0.000","ug/m3","48.36","1","Background","Rural","6.0023","50.6289","295.0","","","","E1a/validated data AQ e-Reporting","18/03/2023 21:08:58","http://fme.discomap.eea.europa.eu/fmedatastreaming/AirQualityDownload/AQData_Extract.fmw?CountryCode=BE&CityName=&Pollutant=6008&Year_from=2016&Year_to=2016&Station=STA-BEVN066&Samplingpoint=&Source=E1a&Output=HTML&UpdateDate="
"Belgium","NET-Wallonia","Wallonia","BEVR240","50R240 - ENGIS","SPO-BEVR240_00431_100","C6H5-C2H5","Ethyl benzene (air)","P1Y","Annual mean / 1 calendar year","2016","0.000","ug/m3","47.54","1","Industrial","Suburban","5.3975","50.5836","135.0","","","","E1a/validated data AQ e-Reporting","18/03/2023 21:08:58","http://fme.discomap.eea.europa.eu/fmedatastreaming/AirQualityDownload/AQData_Extract.fmw?CountryCode=BE&CityName=&Pollutant=431&Year_from=2016&Year_to=2016&Station=STA-BEVR240&Samplingpoint=&Source=E1a&Output=HTML&UpdateDate="
"Belgium","NET-Wallonia","Wallonia","BEVR231","50R231 - ANS","SPO-BEVR231_06013_100","1,3,5-C6H3(CH3)3","1,3,5-Trimethylbenzene (air)","P1Y","Annual mean / 1 calendar year","2016","0.000","ug/m3","44.81","1","Background","Urban","5.5294","50.6601","160.0","Liège                                                                           ","BE005C1                                           ","383700","E1a/validated data AQ e-Reporting","18/03/2023 21:08:58","http://fme.discomap.eea.europa.eu/fmedatastreaming/AirQualityDownload/AQData_Extract.fmw?CountryCode=BE&CityName=&Pollutant=6013&Year_from=2016&Year_to=2016&Station=STA-BEVR231&Samplingpoint=&Source=E1a&Output=HTML&UpdateDate="
"Belgium","NET-Wallonia","Wallonia","BEVN073","50N073 - VEZIN","SPO-BEVN073_00020_100","C6H6","Benzene (air)","P1Y-day-min","1 year day min","2016","0.090","ug/m3","48.09","1","Background","Rural","4.9884","50.5027","160.0","","","","E1a/validated data AQ e-Reporting","18/03/2023 21:55:46","http://fme.discomap.eea.europa.eu/fmedatastreaming/AirQualityDownload/AQData_Extract.fmw?CountryCode=BE&CityName=&Pollutant=20&Year_from=2016&Year_to=2016&Station=STA-BEVN073&Samplingpoint=&Source=E1a&Output=HTML&UpdateDate="
"Belgium","NET-Flanders","Flanders","BETR731","44R731 - EVERGEM","SPO-BETR731_00005_100","PM10","Particulate matter < 10 µm (aerosol)","P1Y-hr-min","1 year hour min","2016","3.600","ug/m3","98.91","1","Industrial","Rural","3.7395","51.1247","6.0","","","","E1a/validated data AQ e-Reporting","18/03/2023 22:31:20","http://fme.discomap.eea.europa.eu/fmedatastreaming/AirQualityDownload/AQData_Extract.fmw?CountryCode=BE&CityName=&Pollutant=5&Year_from=2016&Year_to=2016&Station=STA-BETR731&Samplingpoint=&Source=E1a&Output=HTML&UpdateDate="
"Belgium","NET-Wallonia","Wallonia","BETN100","43N100 - DOURBES","SPO-BETN100_00007_100","O3","Ozone (air)","P1Y-dx-avg","1 year daymax average","2016","69.279","ug/m3","98.09","1","Background","Rural","4.5948","50.0957","225.0","","","","E1a/validated data AQ e-Reporting","18/03/2023 22:27:48","http://fme.discomap.eea.europa.eu/fmedatastreaming/AirQualityDownload/AQData_Extract.fmw?CountryCode=BE&CityName=&Pollutant=7&Year_from=2016&Year_to=2016&Station=STA-BETN100&Samplingpoint=&Source=E1a&Output=HTML&UpdateDate="
"Belgium","NET-Flanders","Flanders","BETR731","44R731 - EVERGEM","SPO-BETR731_00005_100","PM10","Particulate matter < 10 µm (aerosol)","P1Y-hr-per50","1 year 50 percentile","2016","19.100","ug/m3","98.91","1","Industrial","Rural","3.7395","51.1247","6.0","","","","E1a/validated data AQ e-Reporting","18/03/2023 22:05:49","http://fme.discomap.eea.europa.eu/fmedatastreaming/AirQualityDownload/AQData_Extract.fmw?CountryCode=BE&CityName=&Pollutant=5&Year_from=2016&Year_to=2016&Station=STA-BETR731&Samplingpoint=&Source=E1a&Output=HTML&UpdateDate="
"Belgium","NET-Flanders","Flanders","BETR731","44R731 - EVERGEM","SPO-BETR731_00008_100","NO2","Nitrogen dioxide (air)","P1Y-day-max","1 year day max","2016","72.104","ug/m3","96.99","1","Industrial","Rural","3.7395","51.1247","6.0","","","","E1a/validated data AQ e-Reporting","18/03/2023 21:43:56","http://fme.discomap.eea.europa.eu/fmedatastreaming/AirQualityDownload/AQData_Extract.fmw?CountryCode=BE&CityName=&Pollutant=8&Year_from=2016&Year_to=2016&Station=STA-BETR731&Samplingpoint=&Source=E1a&Output=HTML&UpdateDate="
"Belgium","NET-Wallonia","Wallonia","BETN066","43N066 - EUPEN","SPO-BETN066_00001_100","SO2","Sulphur dioxide (air)","P1Y-3hAbove500","3 consecutive hours in exceedance of 500","2016","0.000","count","95.99","1","Background","Rural","6.0023","50.6289","295.0","","","","E1a/validated data AQ e-Reporting","18/03/2023 22:18:09","http://fme.discomap.eea.europa.eu/fmedatastreaming/AirQualityDownload/AQData_Extract.fmw?CountryCode=BE&CityName=&Pollutant=1&Year_from=2016&Year_to=2016&Station=STA-BETN066&Samplingpoint=&Source=E1a&Output=HTML&UpdateDate="
"Belgium","NET-Wallonia","Wallonia","BETR223","43R223 - JEMEPPE","SPO-BETR223_00001_100","SO2","Sulphur dioxide (air)","P1Y-hr-min","1 year hour min","2016","0.000","ug/m3","92.60","1","Industrial","Suburban","5.5164","50.6207","50.0","Liège                                                                           ","BE005C1                                           ","383700","E1a/validated data AQ e-Reporting","18/03/2023 22:31:20","http://fme.discomap.eea.europa.eu/fmedatastreaming/AirQualityDownload/AQData_Extract.fmw?CountryCode=BE&CityName=&Pollutant=1&Year_from=2016&Year_to=2016&Station=STA-BETR223&Samplingpoint=&Source=E1a&Output=HTML&UpdateDate="
"Belgium","NET-Flanders","Flanders","BELLD01","40LD01 - LAAKDAL","SPO-BELLD01_00008_100","NO2","Nitrogen dioxide (air)","P1Y-hr-max19","1 year hour max19","2016","80.500","ug/m3","95.49","1","Industrial","Rural","5.0049","51.1100","20.0","","","","E1a/validated data AQ e-Reporting","18/03/2023 22:34:35","http://fme.discomap.eea.europa.eu/fmedatastreaming/AirQualityDownload/AQData_Extract.fmw?CountryCode=BE&CityName=&Pollutant=8&Year_from=2016&Year_to=2016&Station=STA-BELLD01&Samplingpoint=&Source=E1a&Output=HTML&UpdateDate="
"Belgium","NET-Flanders","Flanders","BELHB23","40HB23 - HOBOKEN","SPO-BELHB23_00001_100","SO2","Sulphur dioxide (air)","P1Y-day-max-per99.18","1 year 99.18 percentile of daily maximum","2016","39.333","ug/m3","96.45","1","Industrial","Suburban","4.3410","51.1703","13.0","Antwerpen                                                                       ","BE002C1                                           ","530014","E1a/validated data AQ e-Reporting","18/03/2023 22:12:16","http://fme.discomap.eea.europa.eu/fmedatastreaming/AirQualityDownload/AQData_Extract.fmw?CountryCode=BE&CityName=&Pollutant=1&Year_from=2016&Year_to=2016&Station=STA-BELHB23&Samplingpoint=&Source=E1a&Output=HTML&UpdateDate="
"Belgium","NET-Flanders","Flanders","BELHB23","40HB23 - HOBOKEN","SPO-BELHB23_00005_100","PM10","Particulate matter < 10 µm (aerosol)","P1Y-day-max","1 year day max","2016","67.746","ug/m3","96.99","1","Industrial","Suburban","4.3410","51.1703","13.0","Antwerpen                                                                       ","BE002C1                                           ","530014","E1a/validated data AQ e-Reporting","18/03/2023 21:43:06","http://fme.discomap.eea.europa.eu/fmedatastreaming/AirQualityDownload/AQData_Extract.fmw?CountryCode=BE&CityName=&Pollutant=5&Year_from=2016&Year_to=2016&Station=STA-BELHB23&Samplingpoint=&Source=E1a&Output=HTML&UpdateDate="
"Belgium","NET-Flanders","Flanders","BELMN01","40MN01 - MENEN","SPO-BELMN01_06001_100","PM2.5","Particulate matter < 2.5 µm (aerosol)","P1Y-P1D-per99","1 year 99 percentile of daily means (P1D) or .../aq/primaryObservation/day","2016","43.909","ug/m3","97.81","1","Industrial","Rural","3.1096","50.7935","10.0","","","","E1a/validated data AQ e-Reporting","18/03/2023 22:10:03","http://fme.discomap.eea.europa.eu/fmedatastreaming/AirQualityDownload/AQData_Extract.fmw?CountryCode=BE&CityName=&Pollutant=6001&Year_from=2016&Year_to=2016&Station=STA-BELMN01&Samplingpoint=&Source=E1a&Output=HTML&UpdateDate="
"Belgium","NET-Brussels","Brussels","BETMEU1","41MEU1 - MEUDON","SPO-BETMEU1_00001_100","SO2","Sulphur dioxide (air)","P1Y-day-min","1 year day min","2016","2.000","ug/m3","13.93","1","Background","Suburban","4.3957","50.8950","34.0","Bruxelles / Brussel                                                             ","BE001C1                                           ","1223364","E1a/validated data AQ e-Reporting","18/03/2023 21:54:56","http://fme.discomap.eea.europa.eu/fmedatastreaming/AirQualityDownload/AQData_Extract.fmw?CountryCode=BE&CityName=&Pollutant=1&Year_from=2016&Year_to=2016&Station=STA-BETMEU1&Samplingpoint=&Source=E1a&Output=HTML&UpdateDate="
"Belgium","NET-Wallonia","Wallonia","BETN085","43N085 - VIELSALM","SPO-BETN085_00007_100","O3","Ozone (air)","AOT40c","AOT40 vegetation protection","2016","6293.439","ug/m3","93.93","1","Background","Rural","6.0017","50.3032","490.0","","","","E1a/validated data AQ e-Reporting","18/03/2023 23:06:29","http://fme.discomap.eea.europa.eu/fmedatastreaming/AirQualityDownload/AQData_Extract.fmw?CountryCode=BE&CityName=&Pollutant=7&Year_from=2016&Year_to=2016&Station=STA-BETN085&Samplingpoint=&Source=E1a&Output=HTML&UpdateDate="
"Belgium","NET-Wallonia","Wallonia","BEVR501","50R501 - CHARLEROI","SPO-BEVR501_06006_100","trans-H3C-CH=CH-CH3","trans-2-Butene (air)","P1Y","Annual mean / 1 calendar year","2016","0.000","ug/m3","48.36","1","Background","Urban","4.4522","50.4093","115.0","Charleroi                                                                       ","BE004C1                                           ","203314","E1a/validated data AQ e-Reporting","18/03/2023 21:08:58","http://fme.discomap.eea.europa.eu/fmedatastreaming/AirQualityDownload/AQData_Extract.fmw?CountryCode=BE&CityName=&Pollutant=6006&Year_from=2016&Year_to=2016&Station=STA-BEVR501&Samplingpoint=&Source=E1a&Output=HTML&UpdateDate="
"Belgium","NET-Wallonia","Wallonia","BEVR522","50R222 - SERAING","SPO-BEVR522_00441_100","C7H16","n-Heptane (air)","P1Y","Annual mean / 1 calendar year","2016","0.000","ug/m3","47.81","1","Background","Suburban","5.5713","50.6105","62.0","Liège                                                                           ","BE005C1                                           ","383700","E1a/validated data AQ e-Reporting","18/03/2023 21:08:58","http://fme.discomap.eea.europa.eu/fmedatastreaming/AirQualityDownload/AQData_Extract.fmw?CountryCode=BE&CityName=&Pollutant=441&Year_from=2016&Year_to=2016&Station=STA-BEVR522&Samplingpoint=&Source=E1a&Output=HTML&UpdateDate="
"Belgium","NET-Wallonia","Wallonia","BEVN132","50N132 - HABAY-LA-N.","SPO-BEVN132_00443_100","C6H14","n-Hexane (air)","P1Y","Annual mean / 1 calendar year","2016","0.000","ug/m3","47.27","1","Background","Rural","5.6304","49.7193","375.0","","","","E1a/validated data AQ e-Reporting","18/03/2023 21:08:58","http://fme.discomap.eea.europa.eu/fmedatastreaming/AirQualityDownload/AQData_Extract.fmw?CountryCode=BE&CityName=&Pollutant=443&Year_from=2016&Year_to=2016&Station=STA-BEVN132&Samplingpoint=&Source=E1a&Output=HTML&UpdateDate="
"Belgium","NET-Wallonia","Wallonia","BEVR231","50R231 - ANS","SPO-BEVR231_06006_100","trans-H3C-CH=CH-CH3","trans-2-Butene (air)","P1Y","Annual mean / 1 calendar year","2016","0.000","ug/m3","44.81","1","Background","Urban","5.5294","50.6601","160.0","Liège                                                                           ","BE005C1                                           ","383700","E1a/validated data AQ e-Reporting","18/03/2023 21:08:58","http://fme.discomap.eea.europa.eu/fmedatastreaming/AirQualityDownload/AQData_Extract.fmw?CountryCode=BE&CityName=&Pollutant=6006&Year_from=2016&Year_to=2016&Station=STA-BEVR231&Samplingpoint=&Source=E1a&Output=HTML&UpdateDate="
"Belgium","NET-Wallonia","Wallonia","BETN100","43N100 - DOURBES","SPO-BETN100_00005_100","PM10","Particulate matter < 10 µm (aerosol)","P1Y-P1D-per90.4","1 year 90.4 percentile - COMPLIANCE","2016","25.229","ug/m3","99.73","1","Background","Rural","4.5948","50.0957","225.0","","","","E1a/validated data AQ e-Reporting","18/03/2023 22:08:35","http://fme.discomap.eea.europa.eu/fmedatastreaming/AirQualityDownload/AQData_Extract.fmw?CountryCode=BE&CityName=&Pollutant=5&Year_from=2016&Year_to=2016&Station=STA-BETN100&Samplingpoint=&Source=E1a&Output=HTML&UpdateDate="
"Belgium","NET-Wallonia","Wallonia","BETR223","43R223 - JEMEPPE","SPO-BETR223_00005_100","PM10","Particulate matter < 10 µm (aerosol)","P1Y","Annual mean / 1 calendar year","2016","21.657","ug/m3","99.51","1","Industrial","Suburban","5.5164","50.6207","50.0","Liège                                                                           ","BE005C1                                           ","383700","E1a/validated data AQ e-Reporting","18/03/2023 21:08:58","http://fme.discomap.eea.europa.eu/fmedatastreaming/AirQualityDownload/AQData_Extract.fmw?CountryCode=BE&CityName=&Pollutant=5&Year_from=2016&Year_to=2016&Station=STA-BETR223&Samplingpoint=&Source=E1a&Output=HTML&UpdateDate="
"Belgium","NET-Wallonia","Wallonia","BETR510","45R510 - CHATELINEAU","SPO-BETR510_06001_100","PM2.5","Particulate matter < 2.5 µm (aerosol)","P1Y","Annual mean / 1 calendar year","2016","11.744","ug/m3","99.69","1","Background","Suburban","4.5211","50.4164","118.0","Charleroi                                                                       ","BE004C1                                           ","203314","E1a/validated data AQ e-Reporting","18/03/2023 21:08:58","http://fme.discomap.eea.europa.eu/fmedatastreaming/AirQualityDownload/AQData_Extract.fmw?CountryCode=BE&CityName=&Pollutant=6001&Year_from=2016&Year_to=2016&Station=STA-BETR510&Samplingpoint=&Source=E1a&Output=HTML&UpdateDate="
"Belgium","NET-Wallonia","Wallonia","BETR511","45R511 - MARCINELLE","SPO-BETR511_00005_100","PM10","Particulate matter < 10 µm (aerosol)","P1Y","Annual mean / 1 calendar year","2016","18.228","ug/m3","97.64","1","Background","Suburban","4.4247","50.3776","157.0","Charleroi                                                                       ","BE004C1                                           ","203314","E1a/validated data AQ e-Reporting","18/03/2023 21:08:58","http://fme.discomap.eea.europa.eu/fmedatastreaming/AirQualityDownload/AQData_Extract.fmw?CountryCode=BE&CityName=&Pollutant=5&Year_from=2016&Year_to=2016&Station=STA-BETR511&Samplingpoint=&Source=E1a&Output=HTML&UpdateDate="
"Belgium","NET-Wallonia","Wallonia","BETN067","43N067 - MEMBACH","SPO-BETN067_00005_100","PM10","Particulate matter < 10 µm (aerosol)","P1Y-P1D-per90.4","1 year 90.4 percentile - COMPLIANCE","2016","27.250","ug/m3","100.00","1","Background","Suburban","5.9928","50.6123","0.0","","","","E1a/validated data AQ e-Reporting","18/03/2023 22:08:35","http://fme.discomap.eea.europa.eu/fmedatastreaming/AirQualityDownload/AQData_Extract.fmw?CountryCode=BE&CityName=&Pollutant=5&Year_from=2016&Year_to=2016&Station=STA-BETN067&Samplingpoint=&Source=E1a&Output=HTML&UpdateDate="
"Belgium","NET-Wallonia","Wallonia","BETR511","45R511 - MARCINELLE","SPO-BETR511_00005_100","PM10","Particulate matter < 10 µm (aerosol)","P1Y-day-min","1 year day min","2016","0.365","ug/m3","96.99","1","Background","Suburban","4.4247","50.3776","157.0","Charleroi                                                                       ","BE004C1                                           ","203314","E1a/validated data AQ e-Reporting","18/03/2023 21:55:13","http://fme.discomap.eea.europa.eu/fmedatastreaming/AirQualityDownload/AQData_Extract.fmw?CountryCode=BE&CityName=&Pollutant=5&Year_from=2016&Year_to=2016&Station=STA-BETR511&Samplingpoint=&Source=E1a&Output=HTML&UpdateDate="
"Belgium","NET-Brussels","Brussels","BETMEU1","41MEU1 - MEUDON","SPO-BETMEU1_00001_100","SO2","Sulphur dioxide (air)","winter-avg","Winter mean","2016","2.127","ug/m3","77.53","1","Background","Suburban","4.3957","50.8950","34.0","Bruxelles / Brussel                                                             ","BE001C1                                           ","1223364","E1a/validated data AQ e-Reporting","18/03/2023 22:50:43","http://fme.discomap.eea.europa.eu/fmedatastreaming/AirQualityDownload/AQData_Extract.fmw?CountryCode=BE&CityName=&Pollutant=1&Year_from=2016&Year_to=2016&Station=STA-BETMEU1&Samplingpoint=&Source=E1a&Output=HTML&UpdateDate="
"Belgium","NET-Flanders","Flanders","BEGR801","26R801 - BORGERHOUT","SPO-BEGR801_06001_100","PM2.5","Particulate matter < 2.5 µm (aerosol)","P1Y-P1D-per99","1 year 99 percentile of daily means (P1D) or .../aq/primaryObservation/day","2016","45.417","ug/m3","94.54","1","Background","Urban","4.4318","51.2097","6.0","Antwerpen                                                                       ","BE002C1                                           ","530014","E1a/validated data AQ e-Reporting","18/03/2023 22:10:03","http://fme.discomap.eea.europa.eu/fmedatastreaming/AirQualityDownload/AQData_Extract.fmw?CountryCode=BE&CityName=&Pollutant=6001&Year_from=2016&Year_to=2016&Station=STA-BEGR801&Samplingpoint=&Source=E1a&Output=HTML&UpdateDate="
"Belgium","NET-Flanders","Flanders","BESR801","59R801 - ANTWERPEN","SPO-BESR801_00450_100","H3C-CH2-CH(CH3)2","i-Pentane (2-methylbutane) (air)","P1Y","Annual mean / 1 calendar year","2016","0.000","ug/m3","84.16","1","Background","Suburban","4.4318","51.2097","0.0","Antwerpen                                                                       ","BE002C1                                           ","530014","E1a/validated data AQ e-Reporting","18/03/2023 21:08:58","http://fme.discomap.eea.europa.eu/fmedatastreaming/AirQualityDownload/AQData_Extract.fmw?CountryCode=BE&CityName=&Pollutant=450&Year_from=2016&Year_to=2016&Station=STA-BESR801&Samplingpoint=&Source=E1a&Output=HTML&UpdateDate="
"Belgium","NET-Flanders","Flanders","BEGRT01","26RT01 - RETIE","SPO-BEGRT01_01657_100","K+ in PM2.5","potassium in PM2.5 (aerosol)","P1Y","Annual mean / 1 calendar year","2016","0.390","ug/m3","0.01","1","Background","Rural","5.0533","51.2309","23.0","","","","E1a/validated data AQ e-Reporting","18/03/2023 21:08:58","http://fme.discomap.eea.europa.eu/fmedatastreaming/AirQualityDownload/AQData_Extract.fmw?CountryCode=BE&CityName=&Pollutant=1657&Year_from=2016&Year_to=2016&Station=STA-BEGRT01&Samplingpoint=&Source=E1a&Output=HTML&UpdateDate="
"Belgium","NET-Brussels","Brussels","BETN043","41N043 - HAREN","SPO-BETN043_00008_100","NO2","Nitrogen dioxide (air)","P1Y-hr-per50","1 year 50 percentile","2016","38.000","ug/m3","95.83","1","Industrial","Suburban","4.3830","50.8837","17.0","Bruxelles / Brussel                                                             ","BE001C1                                           ","1223364","E1a/validated data AQ e-Reporting","18/03/2023 22:05:49","http://fme.discomap.eea.europa.eu/fmedatastreaming/AirQualityDownload/AQData_Extract.fmw?CountryCode=BE&CityName=&Pollutant=8&Year_from=2016&Year_to=2016&Station=STA-BETN043&Samplingpoint=&Source=E1a&Output=HTML&UpdateDate="
"Belgium","NET-Wallonia","Wallonia","BEVR501","50R501 - CHARLEROI","SPO-BEVR501_00020_100","C6H6","Benzene (air)","P1Y-day-per50","1 year 50 %ile of daily values in a year","2016","0.550","ug/m3","48.36","1","Background","Urban","4.4522","50.4093","115.0","Charleroi                                                                       ","BE004C1                                           ","203314","E1a/validated data AQ e-Reporting","18/03/2023 22:13:51","http://fme.discomap.eea.europa.eu/fmedatastreaming/AirQualityDownload/AQData_Extract.fmw?CountryCode=BE&CityName=&Pollutant=20&Year_from=2016&Year_to=2016&Station=STA-BEVR501&Samplingpoint=&Source=E1a&Output=HTML&UpdateDate="
"Belgium","NET-Wallonia","Wallonia","BETR510","45R510 - CHATELINEAU","SPO-BETR510_00005_100","PM10","Particulate matter < 10 µm (aerosol)","P1Y-day-per50","1 year 50 %ile of daily values in a year","2016","16.292","ug/m3","100.00","1","Background","Suburban","4.5211","50.4164","118.0","Charleroi                                                                       ","BE004C1                                           ","203314","E1a/validated data AQ e-Reporting","18/03/2023 22:08:05","http://fme.discomap.eea.europa.eu/fmedatastreaming/AirQualityDownload/AQData_Extract.fmw?CountryCode=BE&CityName=&Pollutant=5&Year_from=2016&Year_to=2016&Station=STA-BETR510&Samplingpoint=&Source=E1a&Output=HTML&UpdateDate="
"Belgium","NET-Wallonia","Wallonia","BEVN520","50N520 - PERUWELZ","SPO-BEVN520_00450_100","H3C-CH2-CH(CH3)2","i-Pentane (2-methylbutane) (air)","P1Y","Annual mean / 1 calendar year","2016","0.000","ug/m3","48.09","1","Background","Suburban","3.5943","50.5055","30.0","","","","E1a/validated data AQ e-Reporting","18/03/2023 21:08:58","http://fme.discomap.eea.europa.eu/fmedatastreaming/AirQualityDownload/AQData_Extract.fmw?CountryCode=BE&CityName=&Pollutant=450&Year_from=2016&Year_to=2016&Station=STA-BEVN520&Samplingpoint=&Source=E1a&Output=HTML&UpdateDate="
"Belgium","NET-Wallonia","Wallonia","BETR512","45R512 - MARCHIENNE","SPO-BETR512_00008_100","NO2","Nitrogen dioxide (air)","P1Y-day-min","1 year day min","2016","4.875","ug/m3","100.00","1","Industrial","Suburban","4.3959","50.4078","107.0","Charleroi                                                                       ","BE004C1                                           ","203314","E1a/validated data AQ e-Reporting","18/03/2023 21:56:03","http://fme.discomap.eea.europa.eu/fmedatastreaming/AirQualityDownload/AQData_Extract.fmw?CountryCode=BE&CityName=&Pollutant=8&Year_from=2016&Year_to=2016&Station=STA-BETR512&Samplingpoint=&Source=E1a&Output=HTML&UpdateDate="
"Belgium","NET-Wallonia","Wallonia","BETR240","43R240 - ENGIS","SPO-BETR240_06001_100","PM2.5","Particulate matter < 2.5 µm (aerosol)","P1Y-hr-min","1 year hour min","2016","0.000","ug/m3","97.70","1","Industrial","Suburban","5.3975","50.5836","135.0","","","","E1a/validated data AQ e-Reporting","18/03/2023 22:31:20","http://fme.discomap.eea.europa.eu/fmedatastreaming/AirQualityDownload/AQData_Extract.fmw?CountryCode=BE&CityName=&Pollutant=6001&Year_from=2016&Year_to=2016&Station=STA-BETR240&Samplingpoint=&Source=E1a&Output=HTML&UpdateDate="
"Belgium","NET-Flanders","Flanders","BETR834","42R834 - Boom","SPO-BETR834_00008_100","NO2","Nitrogen dioxide (air)","P1Y-3hAbove400","3 consecutive hours in exceedance of 400","2016","0.000","count","94.79","1","Background","Suburban","4.3801","51.0920","0.0","","","","E1a/validated data AQ e-Reporting","18/03/2023 22:22:30","http://fme.discomap.eea.europa.eu/fmedatastreaming/AirQualityDownload/AQData_Extract.fmw?CountryCode=BE&CityName=&Pollutant=8&Year_from=2016&Year_to=2016&Station=STA-BETR834&Samplingpoint=&Source=E1a&Output=HTML&UpdateDate="
"Belgium","NET-Wallonia","Wallonia","BETR512","45R512 - MARCHIENNE","SPO-BETR512_00001_100","SO2","Sulphur dioxide (air)","P1Y","Annual mean / 1 calendar year","2016","0.870","ug/m3","89.95","1","Industrial","Suburban","4.3959","50.4078","107.0","Charleroi                                                                       ","BE004C1                                           ","203314","E1a/validated data AQ e-Reporting","18/03/2023 21:08:58","http://fme.discomap.eea.europa.eu/fmedatastreaming/AirQualityDownload/AQData_Extract.fmw?CountryCode=BE&CityName=&Pollutant=1&Year_from=2016&Year_to=2016&Station=STA-BETR512&Samplingpoint=&Source=E1a&Output=HTML&UpdateDate="
"Belgium","NET-Wallonia","Wallonia","BEMCHA1","0CHA01 - CHARLEROI","SPO-BEMCHA1_05014_100","Cd in PM10","Cadmium in PM10 (aerosol)","P1Y","Annual mean / 1 calendar year","2016","0.314","ng/m3","97.26","1","Background","Urban","4.4522","50.4093","115.0","Charleroi                                                                       ","BE004C1                                           ","203314","E1a/validated data AQ e-Reporting","18/03/2023 21:08:58","http://fme.discomap.eea.europa.eu/fmedatastreaming/AirQualityDownload/AQData_Extract.fmw?CountryCode=BE&CityName=&Pollutant=5014&Year_from=2016&Year_to=2016&Station=STA-BEMCHA1&Samplingpoint=&Source=E1a&Output=HTML&UpdateDate="
"Belgium","NET-Wallonia","Wallonia","BEMCHA1","0CHA01 - CHARLEROI","SPO-BEMCHA1_05015_100","Ni in PM10","Nickel in PM10 (aerosol)","P1Y","Annual mean / 1 calendar year","2016","4.205","ng/m3","97.26","1","Background","Urban","4.4522","50.4093","115.0","Charleroi                                                                       ","BE004C1                                           ","203314","E1a/validated data AQ e-Reporting","18/03/2023 21:08:58","http://fme.discomap.eea.europa.eu/fmedatastreaming/AirQualityDownload/AQData_Extract.fmw?CountryCode=BE&CityName=&Pollutant=5015&Year_from=2016&Year_to=2016&Station=STA-BEMCHA1&Samplingpoint=&Source=E1a&Output=HTML&UpdateDate="
"Belgium","NET-Wallonia","Wallonia","BEMR221","00R221 - LIEGE","SPO-BEMR221_05012_100","Pb in PM10","Lead in PM10 (aerosol)","P1Y","Annual mean / 1 calendar year","2016","0.010","ug/m3","97.26","1","Background","Urban","5.6278","50.6584","65.0","Liège                                                                           ","BE005C1                                           ","383700","E1a/validated data AQ e-Reporting","18/03/2023 21:08:58","http://fme.discomap.eea.europa.eu/fmedatastreaming/AirQualityDownload/AQData_Extract.fmw?CountryCode=BE&CityName=&Pollutant=5012&Year_from=2016&Year_to=2016&Station=STA-BEMR221&Samplingpoint=&Source=E1a&Output=HTML&UpdateDate="
"Belgium","NET-Brussels","Brussels","BETWOL1","41WOL1 - WOL.ST.L.","SPO-BETWOL1_00005_100","PM10","Particulate matter < 10 µm (aerosol)","P1Y-hr-per50","1 year 50 percentile","2016","16.000","ug/m3","96.21","1","Traffic","Suburban","4.4258","50.8567","78.0","Bruxelles / Brussel                                                             ","BE001C1                                           ","1223364","E1a/validated data AQ e-Reporting","18/03/2023 22:05:49","http://fme.discomap.eea.europa.eu/fmedatastreaming/AirQualityDownload/AQData_Extract.fmw?CountryCode=BE&CityName=&Pollutant=5&Year_from=2016&Year_to=2016&Station=STA-BETWOL1&Samplingpoint=&Source=E1a&Output=HTML&UpdateDate="
"Belgium","NET-Flanders","Flanders","BETE009","47E009 - Zemst","SPO-BETE009_00008_100","NO2","Nitrogen dioxide (air)","P1Y-3hAbove400","3 consecutive hours in exceedance of 400","2016","0.000","count","96.73","1","Industrial","Rural","4.4354","50.9549","43.0","","","","E1a/validated data AQ e-Reporting","18/03/2023 22:22:30","http://fme.discomap.eea.europa.eu/fmedatastreaming/AirQualityDownload/AQData_Extract.fmw?CountryCode=BE&CityName=&Pollutant=8&Year_from=2016&Year_to=2016&Station=STA-BETE009&Samplingpoint=&Source=E1a&Output=HTML&UpdateDate="
"Belgium","NET-Brussels","Brussels","BETWOL1","41WOL1 - WOL.ST.L.","SPO-BETWOL1_00007_100","O3","Ozone (air)","P1Y-dmaxAbove120","1 year daymax exceed 120","2016","0.000","count","97.54","1","Traffic","Suburban","4.4258","50.8567","78.0","Bruxelles / Brussel                                                             ","BE001C1                                           ","1223364","E1a/validated data AQ e-Reporting","18/03/2023 22:25:06","http://fme.discomap.eea.europa.eu/fmedatastreaming/AirQualityDownload/AQData_Extract.fmw?CountryCode=BE&CityName=&Pollutant=7&Year_from=2016&Year_to=2016&Station=STA-BETWOL1&Samplingpoint=&Source=E1a&Output=HTML&UpdateDate="
"Belgium","NET-Brussels","Brussels","BETWOL1","41WOL1 - WOL.ST.L.","SPO-BETWOL1_00008_100","NO2","Nitrogen dioxide (air)","P3Y","3 subsequent calendar years mean","2016","35.701","ug/m3","93.44","1","Traffic","Suburban","4.4258","50.8567","78.0","Bruxelles / Brussel                                                             ","BE001C1                                           ","1223364","E1a/validated data AQ e-Reporting","18/03/2023 21:36:00","http://fme.discomap.eea.europa.eu/fmedatastreaming/AirQualityDownload/AQData_Extract.fmw?CountryCode=BE&CityName=&Pollutant=8&Year_from=2016&Year_to=2016&Station=STA-BETWOL1&Samplingpoint=&Source=E1a&Output=HTML&UpdateDate="
"Belgium","NET-Brussels","Brussels","BETWOL1","41WOL1 - WOL.ST.L.","SPO-BETWOL1_00010_100","CO","Carbon monoxide (air)","P1Y","Annual mean / 1 calendar year","2016","0.248","mg/m3","90.86","1","Traffic","Suburban","4.4258","50.8567","78.0","Bruxelles / Brussel                                                             ","BE001C1                                           ","1223364","E1a/validated data AQ e-Reporting","18/03/2023 21:08:58","http://fme.discomap.eea.europa.eu/fmedatastreaming/AirQualityDownload/AQData_Extract.fmw?CountryCode=BE&CityName=&Pollutant=10&Year_from=2016&Year_to=2016&Station=STA-BETWOL1&Samplingpoint=&Source=E1a&Output=HTML&UpdateDate="
"Belgium","NET-Wallonia","Wallonia","BETN113","43N113 - SAINT-ODE","SPO-BETN113_00007_100","O3","Ozone (air)","P1Y-day-per50","1 year 50 %ile of daily values in a year","2016","53.413","ug/m3","89.07","1","Background","Rural","5.5930","50.0270","510.0","","","","E1a/validated data AQ e-Reporting","18/03/2023 22:15:13","http://fme.discomap.eea.europa.eu/fmedatastreaming/AirQualityDownload/AQData_Extract.fmw?CountryCode=BE&CityName=&Pollutant=7&Year_from=2016&Year_to=2016&Station=STA-BETN113&Samplingpoint=&Source=E1a&Output=HTML&UpdateDate="
"Belgium","NET-Wallonia","Wallonia","BETN113","43N113 - SAINT-ODE","SPO-BETN113_00007_100","O3","Ozone (air)","P1Y-hr-max","1 year hour max","2016","181.000","ug/m3","89.52","1","Background","Rural","5.5930","50.0270","510.0","","","","E1a/validated data AQ e-Reporting","18/03/2023 21:57:02","http://fme.discomap.eea.europa.eu/fmedatastreaming/AirQualityDownload/AQData_Extract.fmw?CountryCode=BE&CityName=&Pollutant=7&Year_from=2016&Year_to=2016&Station=STA-BETN113&Samplingpoint=&Source=E1a&Output=HTML&UpdateDate="
"Belgium","NET-Wallonia","Wallonia","BETN121","43N121 - OFFAGNE","SPO-BETN121_00005_100","PM10","Particulate matter < 10 µm (aerosol)","P1Y","Annual mean / 1 calendar year","2016","11.751","ug/m3","98.50","1","Background","Rural","5.2024","49.8771","430.0","","","","E1a/validated data AQ e-Reporting","18/03/2023 21:08:58","http://fme.discomap.eea.europa.eu/fmedatastreaming/AirQualityDownload/AQData_Extract.fmw?CountryCode=BE&CityName=&Pollutant=5&Year_from=2016&Year_to=2016&Station=STA-BETN121&Samplingpoint=&Source=E1a&Output=HTML&UpdateDate="
"Belgium","NET-Wallonia","Wallonia","BETN121","43N121 - OFFAGNE","SPO-BETN121_00007_100","O3","Ozone (air)","SOMO10","Sum of Ozone Means Over 10 ppb","2016","17240.441","ug/m3","96.99","1","Background","Rural","5.2024","49.8771","430.0","","","","E1a/validated data AQ e-Reporting","18/03/2023 22:59:50","http://fme.discomap.eea.europa.eu/fmedatastreaming/AirQualityDownload/AQData_Extract.fmw?CountryCode=BE&CityName=&Pollutant=7&Year_from=2016&Year_to=2016&Station=STA-BETN121&Samplingpoint=&Source=E1a&Output=HTML&UpdateDate="
"Belgium","NET-Wallonia","Wallonia","BETN132","43N132 - HABAY-LA-N.","SPO-BETN132_00007_100","O3","Ozone (air)","SOMO35","Sum of Ozone Means Over 35 ppb","2016","2781.405","ug/m3","96.72","1","Background","Rural","5.6304","49.7193","375.0","","","","E1a/validated data AQ e-Reporting","18/03/2023 22:59:23","http://fme.discomap.eea.europa.eu/fmedatastreaming/AirQualityDownload/AQData_Extract.fmw?CountryCode=BE&CityName=&Pollutant=7&Year_from=2016&Year_to=2016&Station=STA-BETN132&Samplingpoint=&Source=E1a&Output=HTML&UpdateDate="
"Belgium","NET-Wallonia","Wallonia","BEVN066","50N066 - EUPEN","SPO-BEVN066_00082_100","trans-H3C-HC=CH-CH2-CH3","trans-2-Pentene (air)","P1Y","Annual mean / 1 calendar year","2016","0.000","ug/m3","50.00","1","Background","Rural","6.0023","50.6289","295.0","","","","E1a/validated data AQ e-Reporting","18/03/2023 21:08:58","http://fme.discomap.eea.europa.eu/fmedatastreaming/AirQualityDownload/AQData_Extract.fmw?CountryCode=BE&CityName=&Pollutant=82&Year_from=2016&Year_to=2016&Station=STA-BEVN066&Samplingpoint=&Source=E1a&Output=HTML&UpdateDate="
"Belgium","NET-Flanders","Flanders","BETR750","44R750 - ZELZATE","SPO-BETR750_00008_100","NO2","Nitrogen dioxide (air)","P1Y-P1D-per99","1 year 99 percentile of daily means (P1D) or .../aq/primaryObservation/day","2016","61.614","ug/m3","97.81","1","Industrial","Rural","3.8229","51.1961","6.0","","","","E1a/validated data AQ e-Reporting","18/03/2023 22:10:34","http://fme.discomap.eea.europa.eu/fmedatastreaming/AirQualityDownload/AQData_Extract.fmw?CountryCode=BE&CityName=&Pollutant=8&Year_from=2016&Year_to=2016&Station=STA-BETR750&Samplingpoint=&Source=E1a&Output=HTML&UpdateDate="
"Belgium","NET-Flanders","Flanders","BETR801","42R801 - BORGERHOUT","SPO-BETR801_00001_100","SO2","Sulphur dioxide (air)","P1Y-day-max-per99.18","1 year 99.18 percentile of daily maximum","2016","8.333","ug/m3","99.45","1","Background","Urban","4.4318","51.2097","6.0","Antwerpen                                                                       ","BE002C1                                           ","530014","E1a/validated data AQ e-Reporting","18/03/2023 22:12:16","http://fme.discomap.eea.europa.eu/fmedatastreaming/AirQualityDownload/AQData_Extract.fmw?CountryCode=BE&CityName=&Pollutant=1&Year_from=2016&Year_to=2016&Station=STA-BETR801&Samplingpoint=&Source=E1a&Output=HTML&UpdateDate="
"Belgium","NET-Wallonia","Wallonia","BETN132","43N132 - HABAY-LA-N.","SPO-BETN132_00010_100","CO","Carbon monoxide (air)","P1Y-dx-max","1 year day max max","2016","0.973","mg/m3","98.36","1","Background","Rural","5.6304","49.7193","375.0","","","","E1a/validated data AQ e-Reporting","18/03/2023 21:44:39","http://fme.discomap.eea.europa.eu/fmedatastreaming/AirQualityDownload/AQData_Extract.fmw?CountryCode=BE&CityName=&Pollutant=10&Year_from=2016&Year_to=2016&Station=STA-BETN132&Samplingpoint=&Source=E1a&Output=HTML&UpdateDate="
"Belgium","NET-Wallonia","Wallonia","BETR240","43R240 - ENGIS","SPO-BETR240_00008_100","NO2","Nitrogen dioxide (air)","P3Y","3 subsequent calendar years mean","2016","18.499","ug/m3","95.67","1","Industrial","Suburban","5.3975","50.5836","135.0","","","","E1a/validated data AQ e-Reporting","18/03/2023 21:36:00","http://fme.discomap.eea.europa.eu/fmedatastreaming/AirQualityDownload/AQData_Extract.fmw?CountryCode=BE&CityName=&Pollutant=8&Year_from=2016&Year_to=2016&Station=STA-BETR240&Samplingpoint=&Source=E1a&Output=HTML&UpdateDate="
"Belgium","NET-Wallonia","Wallonia","BETR222","43R222 - SERAING","SPO-BETR222_00005_100","PM10","Particulate matter < 10 µm (aerosol)","P1Y","Annual mean / 1 calendar year","2016","19.074","ug/m3","97.51","1","Background","Suburban","5.5702","50.6134","65.0","Liège                                                                           ","BE005C1                                           ","383700","E1a/validated data AQ e-Reporting","18/03/2023 21:08:58","http://fme.discomap.eea.europa.eu/fmedatastreaming/AirQualityDownload/AQData_Extract.fmw?CountryCode=BE&CityName=&Pollutant=5&Year_from=2016&Year_to=2016&Station=STA-BETR222&Samplingpoint=&Source=E1a&Output=HTML&UpdateDate="
"Belgium","NET-Wallonia","Wallonia","BETN070","43N070 - MONS","SPO-BETN070_00001_100","SO2","Sulphur dioxide (air)","P1Y-hr-max-per99.73","1 year 99.73 %ile of hourly values in a given year","2016","4.000","ug/m3","97.36","1","Background","Suburban","3.9397","50.4652","30.0","Mons                                                                            ","BE009C1                                           ","95922","E1a/validated data AQ e-Reporting","18/03/2023 22:06:23","http://fme.discomap.eea.europa.eu/fmedatastreaming/AirQualityDownload/AQData_Extract.fmw?CountryCode=BE&CityName=&Pollutant=1&Year_from=2016&Year_to=2016&Station=STA-BETN070&Samplingpoint=&Source=E1a&Output=HTML&UpdateDate="
"Belgium","NET-Brussels","Brussels","BETWOL1","41WOL1 - WOL.ST.L.","SPO-BETWOL1_00010_100","CO","Carbon monoxide (air)","P1Y-dx-avg","1 year daymax average","2016","0.305","mg/m3","98.36","1","Traffic","Suburban","4.4258","50.8567","78.0","Bruxelles / Brussel                                                             ","BE001C1                                           ","1223364","E1a/validated data AQ e-Reporting","18/03/2023 22:27:48","http://fme.discomap.eea.europa.eu/fmedatastreaming/AirQualityDownload/AQData_Extract.fmw?CountryCode=BE&CityName=&Pollutant=10&Year_from=2016&Year_to=2016&Station=STA-BETWOL1&Samplingpoint=&Source=E1a&Output=HTML&UpdateDate="
"Belgium","NET-Flanders","Flanders","BELMN01","40MN01 - MENEN","SPO-BELMN01_00005_100","PM10","Particulate matter < 10 µm (aerosol)","P1Y-day-max","1 year day max","2016","80.975","ug/m3","97.81","1","Industrial","Rural","3.1096","50.7935","10.0","","","","E1a/validated data AQ e-Reporting","18/03/2023 21:43:06","http://fme.discomap.eea.europa.eu/fmedatastreaming/AirQualityDownload/AQData_Extract.fmw?CountryCode=BE&CityName=&Pollutant=5&Year_from=2016&Year_to=2016&Station=STA-BELMN01&Samplingpoint=&Source=E1a&Output=HTML&UpdateDate="
"Belgium","NET-Flanders","Flanders","BELMN01","40MN01 - MENEN","SPO-BELMN01_06001_100","PM2.5","Particulate matter < 2.5 µm (aerosol)","P1Y-hr-min","1 year hour min","2016","1.000","ug/m3","98.36","1","Industrial","Rural","3.1096","50.7935","10.0","","","","E1a/validated data AQ e-Reporting","18/03/2023 22:31:20","http://fme.discomap.eea.europa.eu/fmedatastreaming/AirQualityDownload/AQData_Extract.fmw?CountryCode=BE&CityName=&Pollutant=6001&Year_from=2016&Year_to=2016&Station=STA-BELMN01&Samplingpoint=&Source=E1a&Output=HTML&UpdateDate="
"Belgium","NET-Flanders","Flanders","BELOB01","40OB01 - OOSTROZEBEK","SPO-BELOB01_00005_100","PM10","Particulate matter < 10 µm (aerosol)","P3Y","3 subsequent calendar years mean","2016","27.682","ug/m3","98.71","1","Industrial","Rural","3.3074","50.9172","44.0","","","","E1a/validated data AQ e-Reporting","18/03/2023 21:36:00","http://fme.discomap.eea.europa.eu/fmedatastreaming/AirQualityDownload/AQData_Extract.fmw?CountryCode=BE&CityName=&Pollutant=5&Year_from=2016&Year_to=2016&Station=STA-BELOB01&Samplingpoint=&Source=E1a&Output=HTML&UpdateDate="
"Belgium","NET-Flanders","Flanders","BETM802","42M802 - ANTWERPEN","SPO-BETM802_00005_100","PM10","Particulate matter < 10 µm (aerosol)","P1Y-P1D-per99","1 year 99 percentile of daily means (P1D) or .../aq/primaryObservation/day","2016","56.975","ug/m3","98.09","1","Industrial","Suburban","4.4244","51.2610","3.0","Antwerpen                                                                       ","BE002C1                                           ","530014","E1a/validated data AQ e-Reporting","18/03/2023 22:09:38","http://fme.discomap.eea.europa.eu/fmedatastreaming/AirQualityDownload/AQData_Extract.fmw?CountryCode=BE&CityName=&Pollutant=5&Year_from=2016&Year_to=2016&Station=STA-BETM802&Samplingpoint=&Source=E1a&Output=HTML&UpdateDate="
"Belgium","NET-Flanders","Flanders","BETN012","44N012 - MOERKERKE","SPO-BETN012_00005_100","PM10","Particulate matter < 10 µm (aerosol)","P1Y-day-max","1 year day max","2016","53.600","ug/m3","99.45","1","Background","Rural","3.3625","51.2546","3.0","","","","E1a/validated data AQ e-Reporting","18/03/2023 21:43:06","http://fme.discomap.eea.europa.eu/fmedatastreaming/AirQualityDownload/AQData_Extract.fmw?CountryCode=BE&CityName=&Pollutant=5&Year_from=2016&Year_to=2016&Station=STA-BETN012&Samplingpoint=&Source=E1a&Output=HTML&UpdateDate="
"Belgium","NET-Wallonia","Wallonia","BETR222","43R222 - SERAING","SPO-BETR222_00001_100","SO2","Sulphur dioxide (air)","P1Y-hr-max-per99.73","1 year 99.73 %ile of hourly values in a given year","2016","6.000","ug/m3","90.63","1","Background","Suburban","5.5702","50.6134","65.0","Liège                                                                           ","BE005C1                                           ","383700","E1a/validated data AQ e-Reporting","18/03/2023 22:06:23","http://fme.discomap.eea.europa.eu/fmedatastreaming/AirQualityDownload/AQData_Extract.fmw?CountryCode=BE&CityName=&Pollutant=1&Year_from=2016&Year_to=2016&Station=STA-BETR222&Samplingpoint=&Source=E1a&Output=HTML&UpdateDate="
"Belgium","NET-Wallonia","Wallonia","BETN070","43N070 - MONS","SPO-BETN070_00005_100","PM10","Particulate matter < 10 µm (aerosol)","P1Y-day-max","1 year day max","2016","65.188","ug/m3","100.00","1","Background","Suburban","3.9397","50.4652","30.0","Mons                                                                            ","BE009C1                                           ","95922","E1a/validated data AQ e-Reporting","18/03/2023 21:43:06","http://fme.discomap.eea.europa.eu/fmedatastreaming/AirQualityDownload/AQData_Extract.fmw?CountryCode=BE&CityName=&Pollutant=5&Year_from=2016&Year_to=2016&Station=STA-BETN070&Samplingpoint=&Source=E1a&Output=HTML&UpdateDate="
"Belgium","NET-Wallonia","Wallonia","BETR222","43R222 - SERAING","SPO-BETR222_00007_100","O3","Ozone (air)","P3Y-dmaxAbove120","Daymax exceed 120 averaged over 3 consecutive years","2016","7.000","count","100.00","1","Background","Suburban","5.5702","50.6134","65.0","Liège                                                                           ","BE005C1                                           ","383700","E1a/validated data AQ e-Reporting","18/03/2023 22:34:54","http://fme.discomap.eea.europa.eu/fmedatastreaming/AirQualityDownload/AQData_Extract.fmw?CountryCode=BE&CityName=&Pollutant=7&Year_from=2016&Year_to=2016&Station=STA-BETR222&Samplingpoint=&Source=E1a&Output=HTML&UpdateDate="
"Belgium","NET-Wallonia","Wallonia","BETN067","43N067 - MEMBACH","SPO-BETN067_06001_100","PM2.5","Particulate matter < 2.5 µm (aerosol)","P1Y","Annual mean / 1 calendar year","2016","8.511","ug/m3","99.80","1","Background","Suburban","5.9928","50.6123","0.0","","","","E1a/validated data AQ e-Reporting","18/03/2023 21:08:58","http://fme.discomap.eea.europa.eu/fmedatastreaming/AirQualityDownload/AQData_Extract.fmw?CountryCode=BE&CityName=&Pollutant=6001&Year_from=2016&Year_to=2016&Station=STA-BETN067&Samplingpoint=&Source=E1a&Output=HTML&UpdateDate="
"Belgium","NET-Wallonia","Wallonia","BETR240","43R240 - ENGIS","SPO-BETR240_06001_100","PM2.5","Particulate matter < 2.5 µm (aerosol)","P3Y","3 subsequent calendar years mean","2016","14.075","ug/m3","97.49","1","Industrial","Suburban","5.3975","50.5836","135.0","","","","E1a/validated data AQ e-Reporting","18/03/2023 21:36:00","http://fme.discomap.eea.europa.eu/fmedatastreaming/AirQualityDownload/AQData_Extract.fmw?CountryCode=BE&CityName=&Pollutant=6001&Year_from=2016&Year_to=2016&Station=STA-BETR240&Samplingpoint=&Source=E1a&Output=HTML&UpdateDate="
"Belgium","NET-Wallonia","Wallonia","BETN100","43N100 - DOURBES","SPO-BETN100_00007_100","O3","Ozone (air)","P3Y-dmaxAbove120","Daymax exceed 120 averaged over 3 consecutive years","2016","11.667","count","100.00","1","Background","Rural","4.5948","50.0957","225.0","","","","E1a/validated data AQ e-Reporting","18/03/2023 22:34:54","http://fme.discomap.eea.europa.eu/fmedatastreaming/AirQualityDownload/AQData_Extract.fmw?CountryCode=BE&CityName=&Pollutant=7&Year_from=2016&Year_to=2016&Station=STA-BETN100&Samplingpoint=&Source=E1a&Output=HTML&UpdateDate="
"Belgium","NET-Wallonia","Wallonia","BETH201","43H201 - LIEGE","SPO-BETH201_00001_100","SO2","Sulphur dioxide (air)","P1Y-daysAbove125","1 year day exceed 125","2016","0.000","count","99.45","1","Background","Suburban","5.5475","50.6250","160.0","Liège                                                                           ","BE005C1                                           ","383700","E1a/validated data AQ e-Reporting","18/03/2023 22:23:37","http://fme.discomap.eea.europa.eu/fmedatastreaming/AirQualityDownload/AQData_Extract.fmw?CountryCode=BE&CityName=&Pollutant=1&Year_from=2016&Year_to=2016&Station=STA-BETH201&Samplingpoint=&Source=E1a&Output=HTML&UpdateDate="
"Belgium","NET-Flanders","Flanders","BELSZ02","40SZ02 - STEENOKKERZ","SPO-BELSZ02_00001_100","SO2","Sulphur dioxide (air)","P1Y-day-max-per99.18","1 year 99.18 percentile of daily maximum","2016","4.696","ug/m3","98.36","1","Industrial","Rural","4.5122","50.9130","15.0","","","","E1a/validated data AQ e-Reporting","18/03/2023 22:12:16","http://fme.discomap.eea.europa.eu/fmedatastreaming/AirQualityDownload/AQData_Extract.fmw?CountryCode=BE&CityName=&Pollutant=1&Year_from=2016&Year_to=2016&Station=STA-BELSZ02&Samplingpoint=&Source=E1a&Output=HTML&UpdateDate="
"Belgium","NET-Flanders","Flanders","BELAL03","40AL03 - BEVEREN","SPO-BELAL03_06001_100","PM2.5","Particulate matter < 2.5 µm (aerosol)","P3Y","3 subsequent calendar years mean","2016","16.454","ug/m3","91.12","1","Industrial","Rural","4.2015","51.2540","4.0","","","","E1a/validated data AQ e-Reporting","18/03/2023 21:36:00","http://fme.discomap.eea.europa.eu/fmedatastreaming/AirQualityDownload/AQData_Extract.fmw?CountryCode=BE&CityName=&Pollutant=6001&Year_from=2016&Year_to=2016&Station=STA-BELAL03&Samplingpoint=&Source=E1a&Output=HTML&UpdateDate="
"Belgium","NET-Flanders","Flanders","BEDGI05","65GI05 - GRIMBERGEN
","SPO-BEDGI05_07029_100","BaP","Benzo(a)pyrene (precip+dry_dep)","P1Y","Annual mean / 1 calendar year","2016","38.567","ng/m2/day","22.95","1","Background","Suburban","4.4189","50.9482","0.0","","","","E1a/validated data AQ e-Reporting","18/03/2023 21:08:58","http://fme.discomap.eea.europa.eu/fmedatastreaming/AirQualityDownload/AQData_Extract.fmw?CountryCode=BE&CityName=&Pollutant=7029&Year_from=2016&Year_to=2016&Station=STA-BEDGI05&Samplingpoint=&Source=E1a&Output=HTML&UpdateDate="
"Belgium","NET-Flanders","Flanders","BELLD02","40LD02 - LAAKDAL","SPO-BELLD02_00020_100","C6H6","Benzene (air)","P1Y-hr-min","1 year hour min","2016","0.050","ug/m3","92.95","1","Industrial","Rural","5.0216","51.1204","22.0","","","","E1a/validated data AQ e-Reporting","18/03/2023 22:31:20","http://fme.discomap.eea.europa.eu/fmedatastreaming/AirQualityDownload/AQData_Extract.fmw?CountryCode=BE&CityName=&Pollutant=20&Year_from=2016&Year_to=2016&Station=STA-BELLD02&Samplingpoint=&Source=E1a&Output=HTML&UpdateDate="
"Belgium","NET-Flanders","Flanders","BEDGN78","65GN78 - GENT
","SPO-BEDGN78_07465_100","Naphthalene","Naphthalene (precip+dry_dep)","P1Y","Annual mean / 1 calendar year","2016","44.153","ng/m2/day","22.95","1","Background","Urban","3.7264","51.0857","0.0","Gent                                                                            ","BE003C1                                           ","263687","E1a/validated data AQ e-Reporting","18/03/2023 21:08:58","http://fme.discomap.eea.europa.eu/fmedatastreaming/AirQualityDownload/AQData_Extract.fmw?CountryCode=BE&CityName=&Pollutant=7465&Year_from=2016&Year_to=2016&Station=STA-BEDGN78&Samplingpoint=&Source=E1a&Output=HTML&UpdateDate="
"Belgium","NET-Flanders","Flanders","BEDGN78","65GN78 - GENT
","SPO-BEDGN78_00714_100","Phenanthrene","phenanthrene (precip+dry_dep)","P1Y","Annual mean / 1 calendar year","2016","450.480","ng/m2/day","22.95","1","Background","Urban","3.7264","51.0857","0.0","Gent                                                                            ","BE003C1                                           ","263687","E1a/validated data AQ e-Reporting","18/03/2023 21:08:58","http://fme.discomap.eea.europa.eu/fmedatastreaming/AirQualityDownload/AQData_Extract.fmw?CountryCode=BE&CityName=&Pollutant=714&Year_from=2016&Year_to=2016&Station=STA-BEDGN78&Samplingpoint=&Source=E1a&Output=HTML&UpdateDate="
"Belgium","NET-Wallonia","Wallonia","BETN070","43N070 - MONS","SPO-BETN070_06001_100","PM2.5","Particulate matter < 2.5 µm (aerosol)","P1Y-day-max","1 year day max","2016","53.803","ug/m3","100.00","1","Background","Suburban","3.9397","50.4652","30.0","Mons                                                                            ","BE009C1                                           ","95922","E1a/validated data AQ e-Reporting","18/03/2023 21:43:22","http://fme.discomap.eea.europa.eu/fmedatastreaming/AirQualityDownload/AQData_Extract.fmw?CountryCode=BE&CityName=&Pollutant=6001&Year_from=2016&Year_to=2016&Station=STA-BETN070&Samplingpoint=&Source=E1a&Output=HTML&UpdateDate="
"Belgium","NET-Wallonia","Wallonia","BETR512","45R512 - MARCHIENNE","SPO-BETR512_00008_100","NO2","Nitrogen dioxide (air)","P1Y-hr-max","1 year hour max","2016","125.000","ug/m3","97.43","1","Industrial","Suburban","4.3959","50.4078","107.0","Charleroi                                                                       ","BE004C1                                           ","203314","E1a/validated data AQ e-Reporting","18/03/2023 21:57:02","http://fme.discomap.eea.europa.eu/fmedatastreaming/AirQualityDownload/AQData_Extract.fmw?CountryCode=BE&CityName=&Pollutant=8&Year_from=2016&Year_to=2016&Station=STA-BETR512&Samplingpoint=&Source=E1a&Output=HTML&UpdateDate="
"Belgium","NET-Wallonia","Wallonia","BETN113","43N113 - SAINT-ODE","SPO-BETN113_00007_100","O3","Ozone (air)","P1Y-dmax-per93.15","1 year 93.15 percentile daily 8h maximum","2016","107.500","ug/m3","88.52","1","Background","Rural","5.5930","50.0270","510.0","","","","E1a/validated data AQ e-Reporting","18/03/2023 22:12:55","http://fme.discomap.eea.europa.eu/fmedatastreaming/AirQualityDownload/AQData_Extract.fmw?CountryCode=BE&CityName=&Pollutant=7&Year_from=2016&Year_to=2016&Station=STA-BETN113&Samplingpoint=&Source=E1a&Output=HTML&UpdateDate="
"Belgium","NET-Wallonia","Wallonia","BEVN085","50N085 - VIELSALM","SPO-BEVN085_00020_100","C6H6","Benzene (air)","P1Y","Annual mean / 1 calendar year","2016","0.344","ug/m3","47.27","1","Background","Rural","6.0017","50.3032","490.0","","","","E1a/validated data AQ e-Reporting","18/03/2023 21:08:58","http://fme.discomap.eea.europa.eu/fmedatastreaming/AirQualityDownload/AQData_Extract.fmw?CountryCode=BE&CityName=&Pollutant=20&Year_from=2016&Year_to=2016&Station=STA-BEVN085&Samplingpoint=&Source=E1a&Output=HTML&UpdateDate="
"Belgium","NET-Wallonia","Wallonia","BETN073","43N073 - VEZIN","SPO-BETN073_00005_100","PM10","Particulate matter < 10 µm (aerosol)","P1Y-daysAbove50","1 year day exceed 50","2016","0.000","count","100.00","1","Background","Rural","4.9884","50.5027","160.0","","","","E1a/validated data AQ e-Reporting","18/03/2023 22:27:00","http://fme.discomap.eea.europa.eu/fmedatastreaming/AirQualityDownload/AQData_Extract.fmw?CountryCode=BE&CityName=&Pollutant=5&Year_from=2016&Year_to=2016&Station=STA-BETN073&Samplingpoint=&Source=E1a&Output=HTML&UpdateDate="
"Belgium","NET-Wallonia","Wallonia","BETN060","43N060 - HAVINNES","SPO-BETN060_00005_100","PM10","Particulate matter < 10 µm (aerosol)","P1Y-hr-min","1 year hour min","2016","0.000","ug/m3","99.59","1","Background","Rural","3.4576","50.6167","0.0","","","","E1a/validated data AQ e-Reporting","18/03/2023 22:31:20","http://fme.discomap.eea.europa.eu/fmedatastreaming/AirQualityDownload/AQData_Extract.fmw?CountryCode=BE&CityName=&Pollutant=5&Year_from=2016&Year_to=2016&Station=STA-BETN060&Samplingpoint=&Source=E1a&Output=HTML&UpdateDate="
"Belgium","NET-Flanders","Flanders","BETN016","42N016 - DESSEL","SPO-BETN016_00005_100","PM10","Particulate matter < 10 µm (aerosol)","P1Y","Annual mean / 1 calendar year","2016","20.100","ug/m3","99.86","1","Background","Rural","5.1640","51.2337","30.0","","","","E1a/validated data AQ e-Reporting","18/03/2023 21:08:58","http://fme.discomap.eea.europa.eu/fmedatastreaming/AirQualityDownload/AQData_Extract.fmw?CountryCode=BE&CityName=&Pollutant=5&Year_from=2016&Year_to=2016&Station=STA-BETN016&Samplingpoint=&Source=E1a&Output=HTML&UpdateDate="
"Belgium","NET-Flanders","Flanders","BELLM05","40LM05 - LOMMEL","SPO-BELLM05_00001_100","SO2","Sulphur dioxide (air)","P1Y-hr-max-per99.73","1 year 99.73 %ile of hourly values in a given year","2016","94.000","ug/m3","84.77","1","Industrial","Rural","5.2581","51.2151","2.0","","","","E1a/validated data AQ e-Reporting","18/03/2023 22:06:23","http://fme.discomap.eea.europa.eu/fmedatastreaming/AirQualityDownload/AQData_Extract.fmw?CountryCode=BE&CityName=&Pollutant=1&Year_from=2016&Year_to=2016&Station=STA-BELLM05&Samplingpoint=&Source=E1a&Output=HTML&UpdateDate="
"Belgium","NET-Flanders","Flanders","BETM705","44M705 - ROESELARE","SPO-BETM705_00007_100","O3","Ozone (air)","AOT40c","AOT40 vegetation protection","2016","4628.468","ug/m3","96.01","1","Industrial","Suburban","3.1524","50.9454","19.0","","","","E1a/validated data AQ e-Reporting","18/03/2023 23:06:29","http://fme.discomap.eea.europa.eu/fmedatastreaming/AirQualityDownload/AQData_Extract.fmw?CountryCode=BE&CityName=&Pollutant=7&Year_from=2016&Year_to=2016&Station=STA-BETM705&Samplingpoint=&Source=E1a&Output=HTML&UpdateDate="
"Belgium","NET-Flanders","Flanders","BELAL05","40AL05 - BEVEREN","SPO-BELAL05_00005_100","PM10","Particulate matter < 10 µm (aerosol)","P1Y-P1D-per90.41","1 year 90.41 percentile","2016","38.354","ug/m3","94.54","1","Industrial","Rural","4.2789","51.2631","8.0","","","","E1a/validated data AQ e-Reporting","18/03/2023 22:09:05","http://fme.discomap.eea.europa.eu/fmedatastreaming/AirQualityDownload/AQData_Extract.fmw?CountryCode=BE&CityName=&Pollutant=5&Year_from=2016&Year_to=2016&Station=STA-BELAL05&Samplingpoint=&Source=E1a&Output=HTML&UpdateDate="
"Belgium","NET-Brussels","Brussels","BETR002","41R002 - IXELLES","SPO-BETR002_00008_100","NO2","Nitrogen dioxide (air)","P1Y-day-per50","1 year 50 %ile of daily values in a year","2016","46.109","ug/m3","98.36","1","Traffic","Urban","4.3846","50.8251","76.0","Bruxelles / Brussel                                                             ","BE001C1                                           ","1223364","E1a/validated data AQ e-Reporting","18/03/2023 22:14:21","http://fme.discomap.eea.europa.eu/fmedatastreaming/AirQualityDownload/AQData_Extract.fmw?CountryCode=BE&CityName=&Pollutant=8&Year_from=2016&Year_to=2016&Station=STA-BETR002&Samplingpoint=&Source=E1a&Output=HTML&UpdateDate="
"Belgium","NET-Brussels","Brussels","BETR002","41R002 - IXELLES","SPO-BETR002_00010_100","CO","Carbon monoxide (air)","P1Y-hr-max","1 year hour max","2016","1.545","mg/m3","88.52","1","Traffic","Urban","4.3846","50.8251","76.0","Bruxelles / Brussel                                                             ","BE001C1                                           ","1223364","E1a/validated data AQ e-Reporting","18/03/2023 21:57:02","http://fme.discomap.eea.europa.eu/fmedatastreaming/AirQualityDownload/AQData_Extract.fmw?CountryCode=BE&CityName=&Pollutant=10&Year_from=2016&Year_to=2016&Station=STA-BETR002&Samplingpoint=&Source=E1a&Output=HTML&UpdateDate="
"Belgium","NET-Flanders","Flanders","BETE704","47E704 - WACHTEBEKE","SPO-BETE704_00008_100","NO2","Nitrogen dioxide (air)","P1Y-hr-per50","1 year 50 percentile","2016","16.500","ug/m3","97.23","1","Industrial","Rural","3.8699","51.1761","0.0","","","","E1a/validated data AQ e-Reporting","18/03/2023 22:05:49","http://fme.discomap.eea.europa.eu/fmedatastreaming/AirQualityDownload/AQData_Extract.fmw?CountryCode=BE&CityName=&Pollutant=8&Year_from=2016&Year_to=2016&Station=STA-BETE704&Samplingpoint=&Source=E1a&Output=HTML&UpdateDate="
"Belgium","NET-Flanders","Flanders","BETE715","47E715 - ZUIENKERKE","SPO-BETE715_00008_100","NO2","Nitrogen dioxide (air)","P1Y-hrsAbove400","1 year hour exceed 400","2016","0.000","count","96.56","1","Industrial","Rural","3.1750","51.2459","4.0","","","","E1a/validated data AQ e-Reporting","18/03/2023 21:54:38","http://fme.discomap.eea.europa.eu/fmedatastreaming/AirQualityDownload/AQData_Extract.fmw?CountryCode=BE&CityName=&Pollutant=8&Year_from=2016&Year_to=2016&Station=STA-BETE715&Samplingpoint=&Source=E1a&Output=HTML&UpdateDate="
"Belgium","NET-Flanders","Flanders","BEDGI04","65GI04 - GRIMBERGEN
","SPO-BEDGI04_00624_100","Benzo(ghi)perylene","Benzo(ghi)perylene (precip+dry_dep)","P1Y","Annual mean / 1 calendar year","2016","4.473","ng/m2/day","22.95","1","Background","Suburban","4.4022","50.9352","0.0","","","","E1a/validated data AQ e-Reporting","18/03/2023 21:08:58","http://fme.discomap.eea.europa.eu/fmedatastreaming/AirQualityDownload/AQData_Extract.fmw?CountryCode=BE&CityName=&Pollutant=624&Year_from=2016&Year_to=2016&Station=STA-BEDGI04&Samplingpoint=&Source=E1a&Output=HTML&UpdateDate="
"Belgium","NET-Flanders","Flanders","BEDNE02","65NE02 - NIEL
","SPO-BEDNE02_07406_100","Chrysene","Chrysene (precip+dry_dep)","P1Y","Annual mean / 1 calendar year","2016","17.327","ng/m2/day","22.95","1","Background","Rural","4.3353","51.0990","0.0","","","","E1a/validated data AQ e-Reporting","18/03/2023 21:08:58","http://fme.discomap.eea.europa.eu/fmedatastreaming/AirQualityDownload/AQData_Extract.fmw?CountryCode=BE&CityName=&Pollutant=7406&Year_from=2016&Year_to=2016&Station=STA-BEDNE02&Samplingpoint=&Source=E1a&Output=HTML&UpdateDate="
"Belgium","NET-Flanders","Flanders","BELLM05","40LM05 - LOMMEL","SPO-BELLM05_00001_100","SO2","Sulphur dioxide (air)","P1Y-day-max-per99.18","1 year 99.18 percentile of daily maximum","2016","29.854","ug/m3","85.79","1","Industrial","Rural","5.2581","51.2151","2.0","","","","E1a/validated data AQ e-Reporting","18/03/2023 22:12:16","http://fme.discomap.eea.europa.eu/fmedatastreaming/AirQualityDownload/AQData_Extract.fmw?CountryCode=BE&CityName=&Pollutant=1&Year_from=2016&Year_to=2016&Station=STA-BELLM05&Samplingpoint=&Source=E1a&Output=HTML&UpdateDate="
"Belgium","NET-Flanders","Flanders","BESN035","59N035 - AARSCHOT","SPO-BESN035_00457_100","Chlorobenzene (air)","Chlorobenzene (air)","P1Y","Annual mean / 1 calendar year","2016","0.000","ug/m3","84.15","1","Background","Suburban","4.8376","50.9776","0.0","","","","E1a/validated data AQ e-Reporting","18/03/2023 21:08:58","http://fme.discomap.eea.europa.eu/fmedatastreaming/AirQualityDownload/AQData_Extract.fmw?CountryCode=BE&CityName=&Pollutant=457&Year_from=2016&Year_to=2016&Station=STA-BESN035&Samplingpoint=&Source=E1a&Output=HTML&UpdateDate="
"Belgium","NET-Wallonia","Wallonia","BETN060","43N060 - HAVINNES","SPO-BETN060_00008_100","NO2","Nitrogen dioxide (air)","P1Y-3hAbove400","3 consecutive hours in exceedance of 400","2016","0.000","count","97.29","1","Background","Rural","3.4576","50.6167","0.0","","","","E1a/validated data AQ e-Reporting","18/03/2023 22:22:30","http://fme.discomap.eea.europa.eu/fmedatastreaming/AirQualityDownload/AQData_Extract.fmw?CountryCode=BE&CityName=&Pollutant=8&Year_from=2016&Year_to=2016&Station=STA-BETN060&Samplingpoint=&Source=E1a&Output=HTML&UpdateDate="
"Belgium","NET-Wallonia","Wallonia","BEVN093","50N093 - SINSIN","SPO-BEVN093_06006_100","trans-H3C-CH=CH-CH3","trans-2-Butene (air)","P1Y","Annual mean / 1 calendar year","2016","0.000","ug/m3","42.35","1","Background","Rural","5.2352","50.2745","265.0","","","","E1a/validated data AQ e-Reporting","18/03/2023 21:08:58","http://fme.discomap.eea.europa.eu/fmedatastreaming/AirQualityDownload/AQData_Extract.fmw?CountryCode=BE&CityName=&Pollutant=6006&Year_from=2016&Year_to=2016&Station=STA-BEVN093&Samplingpoint=&Source=E1a&Output=HTML&UpdateDate="
"Belgium","NET-Wallonia","Wallonia","BETR240","43R240 - ENGIS","SPO-BETR240_00007_100","O3","Ozone (air)","P1Y-day-per50","1 year 50 %ile of daily values in a year","2016","39.429","ug/m3","93.72","1","Industrial","Suburban","5.3975","50.5836","135.0","","","","E1a/validated data AQ e-Reporting","18/03/2023 22:15:13","http://fme.discomap.eea.europa.eu/fmedatastreaming/AirQualityDownload/AQData_Extract.fmw?CountryCode=BE&CityName=&Pollutant=7&Year_from=2016&Year_to=2016&Station=STA-BETR240&Samplingpoint=&Source=E1a&Output=HTML&UpdateDate="
"Belgium","NET-Wallonia","Wallonia","BETR240","43R240 - ENGIS","SPO-BETR240_00007_100","O3","Ozone (air)","P1Y-dmaxAbove120","1 year daymax exceed 120","2016","11.000","count","92.90","1","Industrial","Suburban","5.3975","50.5836","135.0","","","","E1a/validated data AQ e-Reporting","18/03/2023 22:25:06","http://fme.discomap.eea.europa.eu/fmedatastreaming/AirQualityDownload/AQData_Extract.fmw?CountryCode=BE&CityName=&Pollutant=7&Year_from=2016&Year_to=2016&Station=STA-BETR240&Samplingpoint=&Source=E1a&Output=HTML&UpdateDate="
"Belgium","NET-Wallonia","Wallonia","BETR512","45R512 - MARCHIENNE","SPO-BETR512_00005_100","PM10","Particulate matter < 10 µm (aerosol)","P1Y-P1D-per90.41","1 year 90.41 percentile","2016","48.896","ug/m3","99.45","1","Industrial","Suburban","4.3959","50.4078","107.0","Charleroi                                                                       ","BE004C1                                           ","203314","E1a/validated data AQ e-Reporting","18/03/2023 22:09:05","http://fme.discomap.eea.europa.eu/fmedatastreaming/AirQualityDownload/AQData_Extract.fmw?CountryCode=BE&CityName=&Pollutant=5&Year_from=2016&Year_to=2016&Station=STA-BETR512&Samplingpoint=&Source=E1a&Output=HTML&UpdateDate="
"Belgium","NET-Wallonia","Wallonia","BETN073","43N073 - VEZIN","SPO-BETN073_00007_100","O3","Ozone (air)","P1Y-dmaxAbove120","1 year daymax exceed 120","2016","10.000","count","97.81","1","Background","Rural","4.9884","50.5027","160.0","","","","E1a/validated data AQ e-Reporting","18/03/2023 22:25:06","http://fme.discomap.eea.europa.eu/fmedatastreaming/AirQualityDownload/AQData_Extract.fmw?CountryCode=BE&CityName=&Pollutant=7&Year_from=2016&Year_to=2016&Station=STA-BETN073&Samplingpoint=&Source=E1a&Output=HTML&UpdateDate="
"Belgium","NET-Wallonia","Wallonia","BETR512","45R512 - MARCHIENNE","SPO-BETR512_00010_100","CO","Carbon monoxide (air)","P1Y-hr-max","1 year hour max","2016","1.435","mg/m3","97.50","1","Industrial","Suburban","4.3959","50.4078","107.0","Charleroi                                                                       ","BE004C1                                           ","203314","E1a/validated data AQ e-Reporting","18/03/2023 21:57:02","http://fme.discomap.eea.europa.eu/fmedatastreaming/AirQualityDownload/AQData_Extract.fmw?CountryCode=BE&CityName=&Pollutant=10&Year_from=2016&Year_to=2016&Station=STA-BETR512&Samplingpoint=&Source=E1a&Output=HTML&UpdateDate="
"Belgium","NET-Wallonia","Wallonia","BEVMOU1","5MOU01 - MOUSCRON","SPO-BEVMOU1_00316_100","(CH3)2-CH-CH2-CH2-CH3","i-Hexane (2-methylpentane) (air)","P1Y","Annual mean / 1 calendar year","2016","0.000","ug/m3","49.73","1","Industrial","Suburban","3.2414","50.7532","42.0","Mouscron                                                                        ","BE013C1                                           ","58862","E1a/validated data AQ e-Reporting","18/03/2023 21:08:58","http://fme.discomap.eea.europa.eu/fmedatastreaming/AirQualityDownload/AQData_Extract.fmw?CountryCode=BE&CityName=&Pollutant=316&Year_from=2016&Year_to=2016&Station=STA-BEVMOU1&Samplingpoint=&Source=E1a&Output=HTML&UpdateDate="
"Belgium","NET-Wallonia","Wallonia","BETR222","43R222 - SERAING","SPO-BETR222_00005_100","PM10","Particulate matter < 10 µm (aerosol)","P1Y-daysAbove50","1 year day exceed 50","2016","8.000","count","96.99","1","Background","Suburban","5.5702","50.6134","65.0","Liège                                                                           ","BE005C1                                           ","383700","E1a/validated data AQ e-Reporting","18/03/2023 22:27:00","http://fme.discomap.eea.europa.eu/fmedatastreaming/AirQualityDownload/AQData_Extract.fmw?CountryCode=BE&CityName=&Pollutant=5&Year_from=2016&Year_to=2016&Station=STA-BETR222&Samplingpoint=&Source=E1a&Output=HTML&UpdateDate="
"Belgium","NET-Wallonia","Wallonia","BETN073","43N073 - VEZIN","SPO-BETN073_06001_100","PM2.5","Particulate matter < 2.5 µm (aerosol)","P1Y-hr-per50","1 year 50 percentile","2016","6.521","ug/m3","99.67","1","Background","Rural","4.9884","50.5027","160.0","","","","E1a/validated data AQ e-Reporting","18/03/2023 22:05:49","http://fme.discomap.eea.europa.eu/fmedatastreaming/AirQualityDownload/AQData_Extract.fmw?CountryCode=BE&CityName=&Pollutant=6001&Year_from=2016&Year_to=2016&Station=STA-BETN073&Samplingpoint=&Source=E1a&Output=HTML&UpdateDate="
"Belgium","NET-Wallonia","Wallonia","BETN085","43N085 - VIELSALM","SPO-BETN085_00001_100","SO2","Sulphur dioxide (air)","P1Y-day-max4","1 year day max 4","2016","1.000","ug/m3","98.09","1","Background","Rural","6.0017","50.3032","490.0","","","","E1a/validated data AQ e-Reporting","18/03/2023 22:31:46","http://fme.discomap.eea.europa.eu/fmedatastreaming/AirQualityDownload/AQData_Extract.fmw?CountryCode=BE&CityName=&Pollutant=1&Year_from=2016&Year_to=2016&Station=STA-BETN085&Samplingpoint=&Source=E1a&Output=HTML&UpdateDate="
"Belgium","NET-Flanders","Flanders","BELSZ02","40SZ02 - STEENOKKERZ","SPO-BELSZ02_00001_100","SO2","Sulphur dioxide (air)","P1Y-day-min","1 year day min","2016","1.000","ug/m3","98.36","1","Industrial","Rural","4.5122","50.9130","15.0","","","","E1a/validated data AQ e-Reporting","18/03/2023 21:54:56","http://fme.discomap.eea.europa.eu/fmedatastreaming/AirQualityDownload/AQData_Extract.fmw?CountryCode=BE&CityName=&Pollutant=1&Year_from=2016&Year_to=2016&Station=STA-BELSZ02&Samplingpoint=&Source=E1a&Output=HTML&UpdateDate="
"Belgium","NET-Flanders","Flanders","BELSZ02","40SZ02 - STEENOKKERZ","SPO-BELSZ02_00008_100","NO2","Nitrogen dioxide (air)","P1Y-P1D-per99","1 year 99 percentile of daily means (P1D) or .../aq/primaryObservation/day","2016","59.792","ug/m3","97.81","1","Industrial","Rural","4.5122","50.9130","15.0","","","","E1a/validated data AQ e-Reporting","18/03/2023 22:10:34","http://fme.discomap.eea.europa.eu/fmedatastreaming/AirQualityDownload/AQData_Extract.fmw?CountryCode=BE&CityName=&Pollutant=8&Year_from=2016&Year_to=2016&Station=STA-BELSZ02&Samplingpoint=&Source=E1a&Output=HTML&UpdateDate="
"Belgium","NET-Flanders","Flanders","BELRB01","40RB01 - RUISBROEK","SPO-BELRB01_00005_100","PM10","Particulate matter < 10 µm (aerosol)","P1Y-day-max36","1 year day max 36","2016","","ug/m3","8.47","1","Industrial","Suburban","4.3312","51.0894","0.0","","","","E1a/validated data AQ e-Reporting","18/03/2023 22:32:47","http://fme.discomap.eea.europa.eu/fmedatastreaming/AirQualityDownload/AQData_Extract.fmw?CountryCode=BE&CityName=&Pollutant=5&Year_from=2016&Year_to=2016&Station=STA-BELRB01&Samplingpoint=&Source=E1a&Output=HTML&UpdateDate="
"Belgium","NET-Flanders","Flanders","BETN046","42N046 - GELLIK","SPO-BETN046_00007_100","O3","Ozone (air)","P3Y","3 subsequent calendar years mean","2016","45.792","ug/m3","91.15","1","Background","Rural","5.6189","50.8823","70.0","","","","E1a/validated data AQ e-Reporting","18/03/2023 21:36:00","http://fme.discomap.eea.europa.eu/fmedatastreaming/AirQualityDownload/AQData_Extract.fmw?CountryCode=BE&CityName=&Pollutant=7&Year_from=2016&Year_to=2016&Station=STA-BETN046&Samplingpoint=&Source=E1a&Output=HTML&UpdateDate="
"Belgium","NET-Flanders","Flanders","BETR701","44R701 - GENT","SPO-BETR701_00010_100","CO","Carbon monoxide (air)","P1Y-hr-per50","1 year 50 percentile","2016","0.220","mg/m3","97.43","1","Background","Urban","3.7293","51.0583","5.0","Gent                                                                            ","BE003C1                                           ","263687","E1a/validated data AQ e-Reporting","18/03/2023 22:05:49","http://fme.discomap.eea.europa.eu/fmedatastreaming/AirQualityDownload/AQData_Extract.fmw?CountryCode=BE&CityName=&Pollutant=10&Year_from=2016&Year_to=2016&Station=STA-BETR701&Samplingpoint=&Source=E1a&Output=HTML&UpdateDate="
"Belgium","NET-Flanders","Flanders","BESMA01","59MA01 - MAASMECHELEN","SPO-BESMA01_00443_100","C6H14","n-Hexane (air)","P1Y","Annual mean / 1 calendar year","2016","0.000","ug/m3","86.62","1","Background","Suburban","5.7256","50.9816","0.0","","","","E1a/validated data AQ e-Reporting","18/03/2023 21:08:58","http://fme.discomap.eea.europa.eu/fmedatastreaming/AirQualityDownload/AQData_Extract.fmw?CountryCode=BE&CityName=&Pollutant=443&Year_from=2016&Year_to=2016&Station=STA-BESMA01&Samplingpoint=&Source=E1a&Output=HTML&UpdateDate="
"Belgium","NET-Brussels","Brussels","BETR012","41R012 - UCCLE","SPO-BETR012_00001_100","SO2","Sulphur dioxide (air)","P1Y","Annual mean / 1 calendar year","2016","1.245","ug/m3","88.72","1","Background","Suburban","4.3586","50.7966","101.0","Bruxelles / Brussel                                                             ","BE001C1                                           ","1223364","E1a/validated data AQ e-Reporting","18/03/2023 21:08:58","http://fme.discomap.eea.europa.eu/fmedatastreaming/AirQualityDownload/AQData_Extract.fmw?CountryCode=BE&CityName=&Pollutant=1&Year_from=2016&Year_to=2016&Station=STA-BETR012&Samplingpoint=&Source=E1a&Output=HTML&UpdateDate="
"Belgium","NET-Flanders","Flanders","BETN029","44N029 - HOUTEM","SPO-BETN029_00020_100","C6H6","Benzene (air)","P1Y-day-min","1 year day min","2016","0.411","ug/m3","6.56","1","Background","Rural","2.5823","51.0163","2.0","","","","E1a/validated data AQ e-Reporting","18/03/2023 21:55:46","http://fme.discomap.eea.europa.eu/fmedatastreaming/AirQualityDownload/AQData_Extract.fmw?CountryCode=BE&CityName=&Pollutant=20&Year_from=2016&Year_to=2016&Station=STA-BETN029&Samplingpoint=&Source=E1a&Output=HTML&UpdateDate="
"Belgium","NET-Flanders","Flanders","BEDGI04","65GI04 - GRIMBERGEN
","SPO-BEDGI04_00656_100","Indeno-(1,2,3-cd)pyrene","indeno_123cd_pyrene (precip+dry_dep)","P1Y","Annual mean / 1 calendar year","2016","12.293","ng/m2/day","22.95","1","Background","Suburban","4.4022","50.9352","0.0","","","","E1a/validated data AQ e-Reporting","18/03/2023 21:08:58","http://fme.discomap.eea.europa.eu/fmedatastreaming/AirQualityDownload/AQData_Extract.fmw?CountryCode=BE&CityName=&Pollutant=656&Year_from=2016&Year_to=2016&Station=STA-BEDGI04&Samplingpoint=&Source=E1a&Output=HTML&UpdateDate="
"Belgium","NET-Flanders","Flanders","BETN029","44N029 - HOUTEM","SPO-BETN029_06001_100","PM2.5","Particulate matter < 2.5 µm (aerosol)","P3Y","3 subsequent calendar years mean","2016","11.681","ug/m3","97.19","1","Background","Rural","2.5823","51.0163","2.0","","","","E1a/validated data AQ e-Reporting","18/03/2023 21:36:00","http://fme.discomap.eea.europa.eu/fmedatastreaming/AirQualityDownload/AQData_Extract.fmw?CountryCode=BE&CityName=&Pollutant=6001&Year_from=2016&Year_to=2016&Station=STA-BETN029&Samplingpoint=&Source=E1a&Output=HTML&UpdateDate="
"Belgium","NET-Flanders","Flanders","BEDGI05","65GI05 - GRIMBERGEN
","SPO-BEDGI05_00608_100","Anthracene","anthracene (precip+dry_dep)","P1Y","Annual mean / 1 calendar year","2016","15.090","ng/m2/day","22.95","1","Background","Suburban","4.4189","50.9482","0.0","","","","E1a/validated data AQ e-Reporting","18/03/2023 21:08:58","http://fme.discomap.eea.europa.eu/fmedatastreaming/AirQualityDownload/AQData_Extract.fmw?CountryCode=BE&CityName=&Pollutant=608&Year_from=2016&Year_to=2016&Station=STA-BEDGI05&Samplingpoint=&Source=E1a&Output=HTML&UpdateDate="
"Belgium","NET-Flanders","Flanders","BELRB01","40RB01 - RUISBROEK","SPO-BELRB01_06001_100","PM2.5","Particulate matter < 2.5 µm (aerosol)","P3Y","3 subsequent calendar years mean","2016","22.212","ug/m3","2.89","1","Industrial","Suburban","4.3312","51.0894","0.0","","","","E1a/validated data AQ e-Reporting","18/03/2023 21:36:00","http://fme.discomap.eea.europa.eu/fmedatastreaming/AirQualityDownload/AQData_Extract.fmw?CountryCode=BE&CityName=&Pollutant=6001&Year_from=2016&Year_to=2016&Station=STA-BELRB01&Samplingpoint=&Source=E1a&Output=HTML&UpdateDate="
"Belgium","NET-Wallonia","Wallonia","BETR512","45R512 - MARCHIENNE","SPO-BETR512_06001_100","PM2.5","Particulate matter < 2.5 µm (aerosol)","P1Y-day-max","1 year day max","2016","63.393","ug/m3","99.45","1","Industrial","Suburban","4.3959","50.4078","107.0","Charleroi                                                                       ","BE004C1                                           ","203314","E1a/validated data AQ e-Reporting","18/03/2023 21:43:22","http://fme.discomap.eea.europa.eu/fmedatastreaming/AirQualityDownload/AQData_Extract.fmw?CountryCode=BE&CityName=&Pollutant=6001&Year_from=2016&Year_to=2016&Station=STA-BETR512&Samplingpoint=&Source=E1a&Output=HTML&UpdateDate="
"Belgium","NET-Flanders","Flanders","BETR830","42R830 - DOEL","SPO-BETR830_00008_100","NO2","Nitrogen dioxide (air)","P1Y-hr-max19","1 year hour max19","2016","105.000","ug/m3","96.77","1","Industrial","Rural","4.2626","51.3182","5.0","","","","E1a/validated data AQ e-Reporting","18/03/2023 22:34:35","http://fme.discomap.eea.europa.eu/fmedatastreaming/AirQualityDownload/AQData_Extract.fmw?CountryCode=BE&CityName=&Pollutant=8&Year_from=2016&Year_to=2016&Station=STA-BETR830&Samplingpoint=&Source=E1a&Output=HTML&UpdateDate="
"Belgium","NET-Wallonia","Wallonia","BETN100","43N100 - DOURBES","SPO-BETN100_00007_100","O3","Ozone (air)","P1Y-dmax-per99","1 year 99 percentile daily 8h maximum","2016","135.125","ug/m3","98.09","1","Background","Rural","4.5948","50.0957","225.0","","","","E1a/validated data AQ e-Reporting","18/03/2023 22:13:26","http://fme.discomap.eea.europa.eu/fmedatastreaming/AirQualityDownload/AQData_Extract.fmw?CountryCode=BE&CityName=&Pollutant=7&Year_from=2016&Year_to=2016&Station=STA-BETN100&Samplingpoint=&Source=E1a&Output=HTML&UpdateDate="
"Belgium","NET-Wallonia","Wallonia","BETN100","43N100 - DOURBES","SPO-BETN100_00007_100","O3","Ozone (air)","P1Y-dx-max","1 year day max max","2016","179.313","ug/m3","98.09","1","Background","Rural","4.5948","50.0957","225.0","","","","E1a/validated data AQ e-Reporting","18/03/2023 21:44:39","http://fme.discomap.eea.europa.eu/fmedatastreaming/AirQualityDownload/AQData_Extract.fmw?CountryCode=BE&CityName=&Pollutant=7&Year_from=2016&Year_to=2016&Station=STA-BETN100&Samplingpoint=&Source=E1a&Output=HTML&UpdateDate="
"Belgium","NET-Wallonia","Wallonia","BETN113","43N113 - SAINT-ODE","SPO-BETN113_06001_100","PM2.5","Particulate matter < 2.5 µm (aerosol)","P1Y-day-min","1 year day min","2016","0.000","ug/m3","92.08","1","Background","Rural","5.5930","50.0270","510.0","","","","E1a/validated data AQ e-Reporting","18/03/2023 21:55:29","http://fme.discomap.eea.europa.eu/fmedatastreaming/AirQualityDownload/AQData_Extract.fmw?CountryCode=BE&CityName=&Pollutant=6001&Year_from=2016&Year_to=2016&Station=STA-BETN113&Samplingpoint=&Source=E1a&Output=HTML&UpdateDate="
"Belgium","NET-Wallonia","Wallonia","BETN113","43N113 - SAINT-ODE","SPO-BETN113_00007_100","O3","Ozone (air)","P1Y-day-max","1 year day max","2016","125.417","ug/m3","89.07","1","Background","Rural","5.5930","50.0270","510.0","","","","E1a/validated data AQ e-Reporting","18/03/2023 21:44:13","http://fme.discomap.eea.europa.eu/fmedatastreaming/AirQualityDownload/AQData_Extract.fmw?CountryCode=BE&CityName=&Pollutant=7&Year_from=2016&Year_to=2016&Station=STA-BETN113&Samplingpoint=&Source=E1a&Output=HTML&UpdateDate="
"Belgium","NET-Flanders","Flanders","BETN012","44N012 - MOERKERKE","SPO-BETN012_06001_100","PM2.5","Particulate matter < 2.5 µm (aerosol)","P1Y-hr-max","1 year hour max","2016","113.000","ug/m3","99.57","1","Background","Rural","3.3625","51.2546","3.0","","","","E1a/validated data AQ e-Reporting","18/03/2023 21:57:02","http://fme.discomap.eea.europa.eu/fmedatastreaming/AirQualityDownload/AQData_Extract.fmw?CountryCode=BE&CityName=&Pollutant=6001&Year_from=2016&Year_to=2016&Station=STA-BETN012&Samplingpoint=&Source=E1a&Output=HTML&UpdateDate="
"Belgium","NET-Flanders","Flanders","BELGK06","40GK06 - GENK","SPO-BELGK06_06001_100","PM2.5","Particulate matter < 2.5 µm (aerosol)","P3Y","3 subsequent calendar years mean","2016","13.541","ug/m3","73.17","1","Industrial","Suburban","5.4706","50.9279","44.0","","","","E1a/validated data AQ e-Reporting","18/03/2023 21:36:00","http://fme.discomap.eea.europa.eu/fmedatastreaming/AirQualityDownload/AQData_Extract.fmw?CountryCode=BE&CityName=&Pollutant=6001&Year_from=2016&Year_to=2016&Station=STA-BELGK06&Samplingpoint=&Source=E1a&Output=HTML&UpdateDate="
"Belgium","NET-Flanders","Flanders","BETN016","42N016 - DESSEL","SPO-BETN016_00005_100","PM10","Particulate matter < 10 µm (aerosol)","P1Y-day-max36","1 year day max 36","2016","32.767","ug/m3","100.00","1","Background","Rural","5.1640","51.2337","30.0","","","","E1a/validated data AQ e-Reporting","18/03/2023 22:32:47","http://fme.discomap.eea.europa.eu/fmedatastreaming/AirQualityDownload/AQData_Extract.fmw?CountryCode=BE&CityName=&Pollutant=5&Year_from=2016&Year_to=2016&Station=STA-BETN016&Samplingpoint=&Source=E1a&Output=HTML&UpdateDate="
"Belgium","NET-Flanders","Flanders","BETN016","42N016 - DESSEL","SPO-BETN016_00007_100","O3","Ozone (air)","P1Y-day-min","1 year day min","2016","1.000","ug/m3","95.63","1","Background","Rural","5.1640","51.2337","30.0","","","","E1a/validated data AQ e-Reporting","18/03/2023 21:56:21","http://fme.discomap.eea.europa.eu/fmedatastreaming/AirQualityDownload/AQData_Extract.fmw?CountryCode=BE&CityName=&Pollutant=7&Year_from=2016&Year_to=2016&Station=STA-BETN016&Samplingpoint=&Source=E1a&Output=HTML&UpdateDate="
"Belgium","NET-Brussels","Brussels","BEVWOL1","51WOL1 - WOL.ST.L.","SPO-BEVWOL1_00482_100","o-C6H4-(CH3)2","o-Xylene (air)","P1Y","Annual mean / 1 calendar year","2016","0.000","ug/m3","94.54","1","Background","Suburban","4.4257","50.8566","77.0","Bruxelles / Brussel                                                             ","BE001C1                                           ","1223364","E1a/validated data AQ e-Reporting","18/03/2023 21:08:58","http://fme.discomap.eea.europa.eu/fmedatastreaming/AirQualityDownload/AQData_Extract.fmw?CountryCode=BE&CityName=&Pollutant=482&Year_from=2016&Year_to=2016&Station=STA-BEVWOL1&Samplingpoint=&Source=E1a&Output=HTML&UpdateDate="
"Belgium","NET-Flanders","Flanders","BESMA01","59MA01 - MAASMECHELEN","SPO-BESMA01_00475_100","C8H18","n-Octane (air)","P1Y","Annual mean / 1 calendar year","2016","0.000","ug/m3","86.62","1","Background","Suburban","5.7256","50.9816","0.0","","","","E1a/validated data AQ e-Reporting","18/03/2023 21:08:58","http://fme.discomap.eea.europa.eu/fmedatastreaming/AirQualityDownload/AQData_Extract.fmw?CountryCode=BE&CityName=&Pollutant=475&Year_from=2016&Year_to=2016&Station=STA-BESMA01&Samplingpoint=&Source=E1a&Output=HTML&UpdateDate="
"Belgium","NET-Wallonia","Wallonia","BETR223","43R223 - JEMEPPE","SPO-BETR223_00001_100","SO2","Sulphur dioxide (air)","P1Y-P1D-per99","1 year 99 percentile of daily means (P1D) or .../aq/primaryObservation/day","2016","4.375","ug/m3","95.08","1","Industrial","Suburban","5.5164","50.6207","50.0","Liège                                                                           ","BE005C1                                           ","383700","E1a/validated data AQ e-Reporting","18/03/2023 22:11:00","http://fme.discomap.eea.europa.eu/fmedatastreaming/AirQualityDownload/AQData_Extract.fmw?CountryCode=BE&CityName=&Pollutant=1&Year_from=2016&Year_to=2016&Station=STA-BETR223&Samplingpoint=&Source=E1a&Output=HTML&UpdateDate="
"Belgium","NET-Wallonia","Wallonia","BEVN113","50N113 - SAINT-ODE","SPO-BEVN113_00021_100","C6H5-CH3","Toluene (air)","P1Y","Annual mean / 1 calendar year","2016","0.000","ug/m3","42.90","1","Background","Rural","5.5930","50.0270","510.0","","","","E1a/validated data AQ e-Reporting","18/03/2023 21:08:58","http://fme.discomap.eea.europa.eu/fmedatastreaming/AirQualityDownload/AQData_Extract.fmw?CountryCode=BE&CityName=&Pollutant=21&Year_from=2016&Year_to=2016&Station=STA-BEVN113&Samplingpoint=&Source=E1a&Output=HTML&UpdateDate="
"Belgium","NET-Wallonia","Wallonia","BETR240","43R240 - ENGIS","SPO-BETR240_00008_100","NO2","Nitrogen dioxide (air)","P1Y-hr-per50","1 year 50 percentile","2016","16.000","ug/m3","95.54","1","Industrial","Suburban","5.3975","50.5836","135.0","","","","E1a/validated data AQ e-Reporting","18/03/2023 22:05:49","http://fme.discomap.eea.europa.eu/fmedatastreaming/AirQualityDownload/AQData_Extract.fmw?CountryCode=BE&CityName=&Pollutant=8&Year_from=2016&Year_to=2016&Station=STA-BETR240&Samplingpoint=&Source=E1a&Output=HTML&UpdateDate="
"Belgium","NET-Wallonia","Wallonia","BETR240","43R240 - ENGIS","SPO-BETR240_06001_100","PM2.5","Particulate matter < 2.5 µm (aerosol)","P1Y-hr-max","1 year hour max","2016","248.271","ug/m3","97.70","1","Industrial","Suburban","5.3975","50.5836","135.0","","","","E1a/validated data AQ e-Reporting","18/03/2023 21:57:02","http://fme.discomap.eea.europa.eu/fmedatastreaming/AirQualityDownload/AQData_Extract.fmw?CountryCode=BE&CityName=&Pollutant=6001&Year_from=2016&Year_to=2016&Station=STA-BETR240&Samplingpoint=&Source=E1a&Output=HTML&UpdateDate="
"Belgium","NET-Wallonia","Wallonia","BETR222","43R222 - SERAING","SPO-BETR222_00001_100","SO2","Sulphur dioxide (air)","P1Y-day-per50","1 year 50 %ile of daily values in a year","2016","0.542","ug/m3","91.26","1","Background","Suburban","5.5702","50.6134","65.0","Liège                                                                           ","BE005C1                                           ","383700","E1a/validated data AQ e-Reporting","18/03/2023 22:14:46","http://fme.discomap.eea.europa.eu/fmedatastreaming/AirQualityDownload/AQData_Extract.fmw?CountryCode=BE&CityName=&Pollutant=1&Year_from=2016&Year_to=2016&Station=STA-BETR222&Samplingpoint=&Source=E1a&Output=HTML&UpdateDate="
"Belgium","NET-Wallonia","Wallonia","BETN063","43N063 - CORROY L.G.","SPO-BETN063_00007_100","O3","Ozone (air)","P1Y-hr-min","1 year hour min","2016","2.000","ug/m3","94.52","1","Background","Rural","4.6683","50.6554","145.0","","","","E1a/validated data AQ e-Reporting","18/03/2023 22:31:20","http://fme.discomap.eea.europa.eu/fmedatastreaming/AirQualityDownload/AQData_Extract.fmw?CountryCode=BE&CityName=&Pollutant=7&Year_from=2016&Year_to=2016&Station=STA-BETN063&Samplingpoint=&Source=E1a&Output=HTML&UpdateDate="
"Belgium","NET-Flanders","Flanders","BESN029","59N029 - VEURNE","SPO-BESN029_00434_100","C9H12","Propylbenzene (air)","P1Y","Annual mean / 1 calendar year","2016","0.000","ug/m3","87.98","1","Background","Suburban","2.5823","51.0163","0.0","","","","E1a/validated data AQ e-Reporting","18/03/2023 21:08:58","http://fme.discomap.eea.europa.eu/fmedatastreaming/AirQualityDownload/AQData_Extract.fmw?CountryCode=BE&CityName=&Pollutant=434&Year_from=2016&Year_to=2016&Station=STA-BESN029&Samplingpoint=&Source=E1a&Output=HTML&UpdateDate="
"Belgium","NET-Flanders","Flanders","BEDGI05","65GI05 - GRIMBERGEN
","SPO-BEDGI05_00717_100","Pyrene","pyrene (precip+dry_dep)","P1Y","Annual mean / 1 calendar year","2016","97.810","ng/m2/day","22.95","1","Background","Suburban","4.4189","50.9482","0.0","","","","E1a/validated data AQ e-Reporting","18/03/2023 21:08:58","http://fme.discomap.eea.europa.eu/fmedatastreaming/AirQualityDownload/AQData_Extract.fmw?CountryCode=BE&CityName=&Pollutant=717&Year_from=2016&Year_to=2016&Station=STA-BEDGI05&Samplingpoint=&Source=E1a&Output=HTML&UpdateDate="
"Belgium","NET-Flanders","Flanders","BESN029","59N029 - VEURNE","SPO-BESN029_00486_100","H3C-(CH2)3-CH3","n-Pentane (air)","P1Y","Annual mean / 1 calendar year","2016","0.000","ug/m3","87.99","1","Background","Suburban","2.5823","51.0163","0.0","","","","E1a/validated data AQ e-Reporting","18/03/2023 21:08:58","http://fme.discomap.eea.europa.eu/fmedatastreaming/AirQualityDownload/AQData_Extract.fmw?CountryCode=BE&CityName=&Pollutant=486&Year_from=2016&Year_to=2016&Station=STA-BESN029&Samplingpoint=&Source=E1a&Output=HTML&UpdateDate="
"Belgium","NET-Flanders","Flanders","BESN035","59N035 - AARSCHOT","SPO-BESN035_00475_100","C8H18","n-Octane (air)","P1Y","Annual mean / 1 calendar year","2016","0.000","ug/m3","80.34","1","Background","Suburban","4.8376","50.9776","0.0","","","","E1a/validated data AQ e-Reporting","18/03/2023 21:08:58","http://fme.discomap.eea.europa.eu/fmedatastreaming/AirQualityDownload/AQData_Extract.fmw?CountryCode=BE&CityName=&Pollutant=475&Year_from=2016&Year_to=2016&Station=STA-BESN035&Samplingpoint=&Source=E1a&Output=HTML&UpdateDate="
"Belgium","NET-Flanders","Flanders","BETN029","44N029 - HOUTEM","SPO-BETN029_00001_100","SO2","Sulphur dioxide (air)","P1Y-day-max","1 year day max","2016","2.521","ug/m3","98.63","1","Background","Rural","2.5823","51.0163","2.0","","","","E1a/validated data AQ e-Reporting","18/03/2023 21:42:48","http://fme.discomap.eea.europa.eu/fmedatastreaming/AirQualityDownload/AQData_Extract.fmw?CountryCode=BE&CityName=&Pollutant=1&Year_from=2016&Year_to=2016&Station=STA-BETN029&Samplingpoint=&Source=E1a&Output=HTML&UpdateDate="
"Belgium","NET-Flanders","Flanders","BETN029","44N029 - HOUTEM","SPO-BETN029_00001_100","SO2","Sulphur dioxide (air)","P1Y-day-max-per99.18","1 year 99.18 percentile of daily maximum","2016","2.313","ug/m3","98.63","1","Background","Rural","2.5823","51.0163","2.0","","","","E1a/validated data AQ e-Reporting","18/03/2023 22:12:16","http://fme.discomap.eea.europa.eu/fmedatastreaming/AirQualityDownload/AQData_Extract.fmw?CountryCode=BE&CityName=&Pollutant=1&Year_from=2016&Year_to=2016&Station=STA-BETN029&Samplingpoint=&Source=E1a&Output=HTML&UpdateDate="
"Belgium","NET-Wallonia","Wallonia","BETN063","43N063 - CORROY L.G.","SPO-BETN063_00007_100","O3","Ozone (air)","P1Y-hrsAbove240","1 year hour exceed 240","2016","0.000","count","94.52","1","Background","Rural","4.6683","50.6554","145.0","","","","E1a/validated data AQ e-Reporting","18/03/2023 21:50:25","http://fme.discomap.eea.europa.eu/fmedatastreaming/AirQualityDownload/AQData_Extract.fmw?CountryCode=BE&CityName=&Pollutant=7&Year_from=2016&Year_to=2016&Station=STA-BETN063&Samplingpoint=&Source=E1a&Output=HTML&UpdateDate="
"Belgium","NET-Wallonia","Wallonia","BEVN100","50N100 - DOURBES","SPO-BEVN100_06013_100","1,3,5-C6H3(CH3)3","1,3,5-Trimethylbenzene (air)","P1Y","Annual mean / 1 calendar year","2016","0.000","ug/m3","48.36","1","Background","Rural","4.5948","50.0957","225.0","","","","E1a/validated data AQ e-Reporting","18/03/2023 21:08:58","http://fme.discomap.eea.europa.eu/fmedatastreaming/AirQualityDownload/AQData_Extract.fmw?CountryCode=BE&CityName=&Pollutant=6013&Year_from=2016&Year_to=2016&Station=STA-BEVN100&Samplingpoint=&Source=E1a&Output=HTML&UpdateDate="
"Belgium","NET-Wallonia","Wallonia","BETR501","45R501 - CHARLEROI","SPO-BETR501_00008_100","NO2","Nitrogen dioxide (air)","P1Y-3hAbove400","3 consecutive hours in exceedance of 400","2016","0.000","count","97.37","1","Background","Urban","4.4522","50.4093","115.0","Charleroi                                                                       ","BE004C1                                           ","203314","E1a/validated data AQ e-Reporting","18/03/2023 22:22:30","http://fme.discomap.eea.europa.eu/fmedatastreaming/AirQualityDownload/AQData_Extract.fmw?CountryCode=BE&CityName=&Pollutant=8&Year_from=2016&Year_to=2016&Station=STA-BETR501&Samplingpoint=&Source=E1a&Output=HTML&UpdateDate="
"Belgium","NET-Wallonia","Wallonia","BEVN063","50N063 - CORROY L.G.","SPO-BEVN063_06006_100","trans-H3C-CH=CH-CH3","trans-2-Butene (air)","P1Y","Annual mean / 1 calendar year","2016","0.000","ug/m3","46.99","1","Background","Rural","4.6683","50.6554","145.0","","","","E1a/validated data AQ e-Reporting","18/03/2023 21:08:58","http://fme.discomap.eea.europa.eu/fmedatastreaming/AirQualityDownload/AQData_Extract.fmw?CountryCode=BE&CityName=&Pollutant=6006&Year_from=2016&Year_to=2016&Station=STA-BEVN063&Samplingpoint=&Source=E1a&Output=HTML&UpdateDate="
"Belgium","NET-Wallonia","Wallonia","BETR512","45R512 - MARCHIENNE","SPO-BETR512_06001_100","PM2.5","Particulate matter < 2.5 µm (aerosol)","P1Y-hr-per50","1 year 50 percentile","2016","9.906","ug/m3","99.27","1","Industrial","Suburban","4.3959","50.4078","107.0","Charleroi                                                                       ","BE004C1                                           ","203314","E1a/validated data AQ e-Reporting","18/03/2023 22:05:49","http://fme.discomap.eea.europa.eu/fmedatastreaming/AirQualityDownload/AQData_Extract.fmw?CountryCode=BE&CityName=&Pollutant=6001&Year_from=2016&Year_to=2016&Station=STA-BETR512&Samplingpoint=&Source=E1a&Output=HTML&UpdateDate="
"Belgium","NET-Wallonia","Wallonia","BEVN060","50N060 - HAVINNES","SPO-BEVN060_00020_100","C6H6","Benzene (air)","P1Y-day-per50","1 year 50 %ile of daily values in a year","2016","0.450","ug/m3","49.73","1","Background","Suburban","3.4576","50.6167","0.0","","","","E1a/validated data AQ e-Reporting","18/03/2023 22:13:51","http://fme.discomap.eea.europa.eu/fmedatastreaming/AirQualityDownload/AQData_Extract.fmw?CountryCode=BE&CityName=&Pollutant=20&Year_from=2016&Year_to=2016&Station=STA-BEVN060&Samplingpoint=&Source=E1a&Output=HTML&UpdateDate="
"Belgium","NET-Flanders","Flanders","BELRB01","40RB01 - RUISBROEK","SPO-BELRB01_06001_100","PM2.5","Particulate matter < 2.5 µm (aerosol)","P1Y-hr-max","1 year hour max","2016","72.000","ug/m3","8.66","1","Industrial","Suburban","4.3312","51.0894","0.0","","","","E1a/validated data AQ e-Reporting","18/03/2023 21:57:02","http://fme.discomap.eea.europa.eu/fmedatastreaming/AirQualityDownload/AQData_Extract.fmw?CountryCode=BE&CityName=&Pollutant=6001&Year_from=2016&Year_to=2016&Station=STA-BELRB01&Samplingpoint=&Source=E1a&Output=HTML&UpdateDate="
"Belgium","NET-Flanders","Flanders","BESN035","59N035 - AARSCHOT","SPO-BESN035_00486_100","H3C-(CH2)3-CH3","n-Pentane (air)","P1Y","Annual mean / 1 calendar year","2016","0.000","ug/m3","84.16","1","Background","Suburban","4.8376","50.9776","0.0","","","","E1a/validated data AQ e-Reporting","18/03/2023 21:08:58","http://fme.discomap.eea.europa.eu/fmedatastreaming/AirQualityDownload/AQData_Extract.fmw?CountryCode=BE&CityName=&Pollutant=486&Year_from=2016&Year_to=2016&Station=STA-BESN035&Samplingpoint=&Source=E1a&Output=HTML&UpdateDate="
"Belgium","NET-Flanders","Flanders","BETM802","42M802 - ANTWERPEN","SPO-BETM802_00005_100","PM10","Particulate matter < 10 µm (aerosol)","P3Y","3 subsequent calendar years mean","2016","24.269","ug/m3","99.15","1","Industrial","Suburban","4.4244","51.2610","3.0","Antwerpen                                                                       ","BE002C1                                           ","530014","E1a/validated data AQ e-Reporting","18/03/2023 21:36:00","http://fme.discomap.eea.europa.eu/fmedatastreaming/AirQualityDownload/AQData_Extract.fmw?CountryCode=BE&CityName=&Pollutant=5&Year_from=2016&Year_to=2016&Station=STA-BETM802&Samplingpoint=&Source=E1a&Output=HTML&UpdateDate="
"Belgium","NET-Flanders","Flanders","BETM802","42M802 - ANTWERPEN","SPO-BETM802_00008_100","NO2","Nitrogen dioxide (air)","P1Y-day-per50","1 year 50 %ile of daily values in a year","2016","32.826","ug/m3","96.45","1","Industrial","Suburban","4.4244","51.2610","3.0","Antwerpen                                                                       ","BE002C1                                           ","530014","E1a/validated data AQ e-Reporting","18/03/2023 22:14:21","http://fme.discomap.eea.europa.eu/fmedatastreaming/AirQualityDownload/AQData_Extract.fmw?CountryCode=BE&CityName=&Pollutant=8&Year_from=2016&Year_to=2016&Station=STA-BETM802&Samplingpoint=&Source=E1a&Output=HTML&UpdateDate="
"Belgium","NET-Flanders","Flanders","BETE811","47E811 - DIEPENBEEK","SPO-BETE811_00001_100","SO2","Sulphur dioxide (air)","P1Y-day-min","1 year day min","2016","1.000","ug/m3","46.99","1","Industrial","Rural","5.4182","50.8969","59.0","","","","E1a/validated data AQ e-Reporting","18/03/2023 21:54:56","http://fme.discomap.eea.europa.eu/fmedatastreaming/AirQualityDownload/AQData_Extract.fmw?CountryCode=BE&CityName=&Pollutant=1&Year_from=2016&Year_to=2016&Station=STA-BETE811&Samplingpoint=&Source=E1a&Output=HTML&UpdateDate="
"Belgium","NET-Flanders","Flanders","BETE811","47E811 - DIEPENBEEK","SPO-BETE811_00008_100","NO2","Nitrogen dioxide (air)","P1Y-hr-per50","1 year 50 percentile","2016","14.500","ug/m3","54.51","1","Industrial","Rural","5.4182","50.8969","59.0","","","","E1a/validated data AQ e-Reporting","18/03/2023 22:05:49","http://fme.discomap.eea.europa.eu/fmedatastreaming/AirQualityDownload/AQData_Extract.fmw?CountryCode=BE&CityName=&Pollutant=8&Year_from=2016&Year_to=2016&Station=STA-BETE811&Samplingpoint=&Source=E1a&Output=HTML&UpdateDate="
"Belgium","NET-Wallonia","Wallonia","BEVN060","50N060 - HAVINNES","SPO-BEVN060_00441_100","C7H16","n-Heptane (air)","P1Y","Annual mean / 1 calendar year","2016","0.000","ug/m3","49.73","1","Background","Suburban","3.4576","50.6167","0.0","","","","E1a/validated data AQ e-Reporting","18/03/2023 21:08:58","http://fme.discomap.eea.europa.eu/fmedatastreaming/AirQualityDownload/AQData_Extract.fmw?CountryCode=BE&CityName=&Pollutant=441&Year_from=2016&Year_to=2016&Station=STA-BEVN060&Samplingpoint=&Source=E1a&Output=HTML&UpdateDate="
"Belgium","NET-Wallonia","Wallonia","BEVN060","50N060 - HAVINNES","SPO-BEVN060_00443_100","C6H14","n-Hexane (air)","P1Y","Annual mean / 1 calendar year","2016","0.000","ug/m3","49.73","1","Background","Suburban","3.4576","50.6167","0.0","","","","E1a/validated data AQ e-Reporting","18/03/2023 21:08:58","http://fme.discomap.eea.europa.eu/fmedatastreaming/AirQualityDownload/AQData_Extract.fmw?CountryCode=BE&CityName=&Pollutant=443&Year_from=2016&Year_to=2016&Station=STA-BEVN060&Samplingpoint=&Source=E1a&Output=HTML&UpdateDate="
"Belgium","NET-Wallonia","Wallonia","BETN085","43N085 - VIELSALM","SPO-BETN085_00008_100","NO2","Nitrogen dioxide (air)","P1Y-3hAbove400","3 consecutive hours in exceedance of 400","2016","0.000","count","95.73","1","Background","Rural","6.0017","50.3032","490.0","","","","E1a/validated data AQ e-Reporting","18/03/2023 22:22:30","http://fme.discomap.eea.europa.eu/fmedatastreaming/AirQualityDownload/AQData_Extract.fmw?CountryCode=BE&CityName=&Pollutant=8&Year_from=2016&Year_to=2016&Station=STA-BETN085&Samplingpoint=&Source=E1a&Output=HTML&UpdateDate="
"Belgium","NET-Wallonia","Wallonia","BEVN060","50N060 - HAVINNES","SPO-BEVN060_06011_100","1,2,4-C6H3(CH3)3","1,2,4-Trimethylbenzene (air)","P1Y","Annual mean / 1 calendar year","2016","0.000","ug/m3","49.73","1","Background","Suburban","3.4576","50.6167","0.0","","","","E1a/validated data AQ e-Reporting","18/03/2023 21:08:58","http://fme.discomap.eea.europa.eu/fmedatastreaming/AirQualityDownload/AQData_Extract.fmw?CountryCode=BE&CityName=&Pollutant=6011&Year_from=2016&Year_to=2016&Station=STA-BEVN060&Samplingpoint=&Source=E1a&Output=HTML&UpdateDate="
"Belgium","NET-Wallonia","Wallonia","BETN085","43N085 - VIELSALM","SPO-BETN085_00009_100","NOX as NO2","Nitrogen oxides (air)","P1Y-hr-max","1 year hour max","2016","119.122","ug/m3","95.72","1","Background","Rural","6.0017","50.3032","490.0","","","","E1a/validated data AQ e-Reporting","18/03/2023 21:57:02","http://fme.discomap.eea.europa.eu/fmedatastreaming/AirQualityDownload/AQData_Extract.fmw?CountryCode=BE&CityName=&Pollutant=9&Year_from=2016&Year_to=2016&Station=STA-BETN085&Samplingpoint=&Source=E1a&Output=HTML&UpdateDate="
"Belgium","NET-Wallonia","Wallonia","BETR501","45R501 - CHARLEROI","SPO-BETR501_00010_100","CO","Carbon monoxide (air)","P1Y-hr-max","1 year hour max","2016","2.325","mg/m3","96.53","1","Background","Urban","4.4522","50.4093","115.0","Charleroi                                                                       ","BE004C1                                           ","203314","E1a/validated data AQ e-Reporting","18/03/2023 21:57:02","http://fme.discomap.eea.europa.eu/fmedatastreaming/AirQualityDownload/AQData_Extract.fmw?CountryCode=BE&CityName=&Pollutant=10&Year_from=2016&Year_to=2016&Station=STA-BETR501&Samplingpoint=&Source=E1a&Output=HTML&UpdateDate="
"Belgium","NET-Flanders","Flanders","BETN012","44N012 - MOERKERKE","SPO-BETN012_00007_100","O3","Ozone (air)","P1Y-dx-max26","1 year daymax max 26","2016","96.063","ug/m3","90.71","1","Background","Rural","3.3625","51.2546","3.0","","","","E1a/validated data AQ e-Reporting","18/03/2023 22:32:17","http://fme.discomap.eea.europa.eu/fmedatastreaming/AirQualityDownload/AQData_Extract.fmw?CountryCode=BE&CityName=&Pollutant=7&Year_from=2016&Year_to=2016&Station=STA-BETN012&Samplingpoint=&Source=E1a&Output=HTML&UpdateDate="
"Belgium","NET-Flanders","Flanders","BETE814","47E814 - Ham","SPO-BETE814_00008_100","NO2","Nitrogen dioxide (air)","P1Y-day-min","1 year day min","2016","2.717","ug/m3","98.63","1","Industrial","Rural","5.1297","51.0822","0.0","","","","E1a/validated data AQ e-Reporting","18/03/2023 21:56:03","http://fme.discomap.eea.europa.eu/fmedatastreaming/AirQualityDownload/AQData_Extract.fmw?CountryCode=BE&CityName=&Pollutant=8&Year_from=2016&Year_to=2016&Station=STA-BETE814&Samplingpoint=&Source=E1a&Output=HTML&UpdateDate="
"Belgium","NET-Flanders","Flanders","BEPR750","60R750 - ZELZATE","SPO-BEPR750_05029_100","BaP in PM10","Benzo(a)pyrene in PM10 (aerosol)","P1Y","Annual mean / 1 calendar year","2016","0.202","ng/m3","32.79","1","Industrial","Suburban","3.8229","51.1961","6.0","","","","E1a/validated data AQ e-Reporting","18/03/2023 21:08:58","http://fme.discomap.eea.europa.eu/fmedatastreaming/AirQualityDownload/AQData_Extract.fmw?CountryCode=BE&CityName=&Pollutant=5029&Year_from=2016&Year_to=2016&Station=STA-BEPR750&Samplingpoint=&Source=E1a&Output=HTML&UpdateDate="
"Belgium","NET-Flanders","Flanders","BETN029","44N029 - HOUTEM","SPO-BETN029_00007_100","O3","Ozone (air)","P1Y-day-per50","1 year 50 %ile of daily values in a year","2016","50.391","ug/m3","94.26","1","Background","Rural","2.5823","51.0163","2.0","","","","E1a/validated data AQ e-Reporting","18/03/2023 22:15:13","http://fme.discomap.eea.europa.eu/fmedatastreaming/AirQualityDownload/AQData_Extract.fmw?CountryCode=BE&CityName=&Pollutant=7&Year_from=2016&Year_to=2016&Station=STA-BETN029&Samplingpoint=&Source=E1a&Output=HTML&UpdateDate="
"Belgium","NET-Flanders","Flanders","BEPR802","60R802 - BORGERHOUT","SPO-BEPR802_05029_100","BaP in PM10","Benzo(a)pyrene in PM10 (aerosol)","P1Y","Annual mean / 1 calendar year","2016","0.174","ng/m3","31.69","1","Traffic","Urban","4.4318","51.2097","6.0","Antwerpen                                                                       ","BE002C1                                           ","530014","E1a/validated data AQ e-Reporting","18/03/2023 21:08:58","http://fme.discomap.eea.europa.eu/fmedatastreaming/AirQualityDownload/AQData_Extract.fmw?CountryCode=BE&CityName=&Pollutant=5029&Year_from=2016&Year_to=2016&Station=STA-BEPR802&Samplingpoint=&Source=E1a&Output=HTML&UpdateDate="
"Belgium","NET-Flanders","Flanders","BETE811","47E811 - DIEPENBEEK","SPO-BETE811_00008_100","NO2","Nitrogen dioxide (air)","P1Y-day-per50","1 year 50 %ile of daily values in a year","2016","16.065","ug/m3","55.46","1","Industrial","Rural","5.4182","50.8969","59.0","","","","E1a/validated data AQ e-Reporting","18/03/2023 22:14:21","http://fme.discomap.eea.europa.eu/fmedatastreaming/AirQualityDownload/AQData_Extract.fmw?CountryCode=BE&CityName=&Pollutant=8&Year_from=2016&Year_to=2016&Station=STA-BETE811&Samplingpoint=&Source=E1a&Output=HTML&UpdateDate="
"Belgium","NET-Wallonia","Wallonia","BETN093","43N093 - SINSIN","SPO-BETN093_00005_100","PM10","Particulate matter < 10 µm (aerosol)","P1Y-P1D-per90.41","1 year 90.41 percentile","2016","26.584","ug/m3","97.27","1","Background","Rural","5.2352","50.2745","265.0","","","","E1a/validated data AQ e-Reporting","18/03/2023 22:09:05","http://fme.discomap.eea.europa.eu/fmedatastreaming/AirQualityDownload/AQData_Extract.fmw?CountryCode=BE&CityName=&Pollutant=5&Year_from=2016&Year_to=2016&Station=STA-BETN093&Samplingpoint=&Source=E1a&Output=HTML&UpdateDate="
"Belgium","NET-Wallonia","Wallonia","BETR221","43R221 - LIEGE","SPO-BETR221_00001_100","SO2","Sulphur dioxide (air)","P1Y-hr-max","1 year hour max","2016","11.500","ug/m3","85.80","1","Background","Urban","5.6278","50.6584","65.0","Liège                                                                           ","BE005C1                                           ","383700","E1a/validated data AQ e-Reporting","18/03/2023 21:57:02","http://fme.discomap.eea.europa.eu/fmedatastreaming/AirQualityDownload/AQData_Extract.fmw?CountryCode=BE&CityName=&Pollutant=1&Year_from=2016&Year_to=2016&Station=STA-BETR221&Samplingpoint=&Source=E1a&Output=HTML&UpdateDate="
"Belgium","NET-Wallonia","Wallonia","BETR221","43R221 - LIEGE","SPO-BETR221_00007_100","O3","Ozone (air)","P1Y-day-min","1 year day min","2016","0.717","ug/m3","98.36","1","Background","Urban","5.6278","50.6584","65.0","Liège                                                                           ","BE005C1                                           ","383700","E1a/validated data AQ e-Reporting","18/03/2023 21:56:21","http://fme.discomap.eea.europa.eu/fmedatastreaming/AirQualityDownload/AQData_Extract.fmw?CountryCode=BE&CityName=&Pollutant=7&Year_from=2016&Year_to=2016&Station=STA-BETR221&Samplingpoint=&Source=E1a&Output=HTML&UpdateDate="
"Belgium","NET-Wallonia","Wallonia","BETN100","43N100 - DOURBES","SPO-BETN100_00005_100","PM10","Particulate matter < 10 µm (aerosol)","P1Y","Annual mean / 1 calendar year","2016","12.915","ug/m3","99.57","1","Background","Rural","4.5948","50.0957","225.0","","","","E1a/validated data AQ e-Reporting","18/03/2023 21:08:58","http://fme.discomap.eea.europa.eu/fmedatastreaming/AirQualityDownload/AQData_Extract.fmw?CountryCode=BE&CityName=&Pollutant=5&Year_from=2016&Year_to=2016&Station=STA-BETN100&Samplingpoint=&Source=E1a&Output=HTML&UpdateDate="
"Belgium","NET-Wallonia","Wallonia","BETN100","43N100 - DOURBES","SPO-BETN100_00007_100","O3","Ozone (air)","AOT40c","AOT40 vegetation protection","2016","8624.097","ug/m3","96.92","1","Background","Rural","4.5948","50.0957","225.0","","","","E1a/validated data AQ e-Reporting","18/03/2023 23:06:29","http://fme.discomap.eea.europa.eu/fmedatastreaming/AirQualityDownload/AQData_Extract.fmw?CountryCode=BE&CityName=&Pollutant=7&Year_from=2016&Year_to=2016&Station=STA-BETN100&Samplingpoint=&Source=E1a&Output=HTML&UpdateDate="
"Belgium","NET-Wallonia","Wallonia","BETR221","43R221 - LIEGE","SPO-BETR221_06001_100","PM2.5","Particulate matter < 2.5 µm (aerosol)","P3Y","3 subsequent calendar years mean","2016","10.802","ug/m3","99.53","1","Background","Urban","5.6278","50.6584","65.0","Liège                                                                           ","BE005C1                                           ","383700","E1a/validated data AQ e-Reporting","18/03/2023 21:36:00","http://fme.discomap.eea.europa.eu/fmedatastreaming/AirQualityDownload/AQData_Extract.fmw?CountryCode=BE&CityName=&Pollutant=6001&Year_from=2016&Year_to=2016&Station=STA-BETR221&Samplingpoint=&Source=E1a&Output=HTML&UpdateDate="
"Belgium","NET-Flanders","Flanders","BETE812","47E812 - GENK","SPO-BETE812_00001_100","SO2","Sulphur dioxide (air)","P1Y-3hAbove500","3 consecutive hours in exceedance of 500","2016","0.000","count","46.22","1","Industrial","Suburban","5.5377","50.9680","82.0","","","","E1a/validated data AQ e-Reporting","18/03/2023 22:18:09","http://fme.discomap.eea.europa.eu/fmedatastreaming/AirQualityDownload/AQData_Extract.fmw?CountryCode=BE&CityName=&Pollutant=1&Year_from=2016&Year_to=2016&Station=STA-BETE812&Samplingpoint=&Source=E1a&Output=HTML&UpdateDate="
"Belgium","NET-Flanders","Flanders","BETE814","47E814 - Ham","SPO-BETE814_00008_100","NO2","Nitrogen dioxide (air)","P1Y-day-per50","1 year 50 %ile of daily values in a year","2016","20.438","ug/m3","98.63","1","Industrial","Rural","5.1297","51.0822","0.0","","","","E1a/validated data AQ e-Reporting","18/03/2023 22:14:21","http://fme.discomap.eea.europa.eu/fmedatastreaming/AirQualityDownload/AQData_Extract.fmw?CountryCode=BE&CityName=&Pollutant=8&Year_from=2016&Year_to=2016&Station=STA-BETE814&Samplingpoint=&Source=E1a&Output=HTML&UpdateDate="
"Belgium","NET-Flanders","Flanders","BETN035","42N035 - AARSCHOT","SPO-BETN035_00001_100","SO2","Sulphur dioxide (air)","P1Y","Annual mean / 1 calendar year","2016","1.334","ug/m3","96.78","1","Background","Rural","4.8376","50.9775","55.0","","","","E1a/validated data AQ e-Reporting","18/03/2023 21:08:58","http://fme.discomap.eea.europa.eu/fmedatastreaming/AirQualityDownload/AQData_Extract.fmw?CountryCode=BE&CityName=&Pollutant=1&Year_from=2016&Year_to=2016&Station=STA-BETN035&Samplingpoint=&Source=E1a&Output=HTML&UpdateDate="
"Belgium","NET-Flanders","Flanders","BETN054","42N054 - WALSHOUTEM","SPO-BETN054_00007_100","O3","Ozone (air)","P1Y-hr-min","1 year hour min","2016","1.000","ug/m3","91.99","1","Background","Rural","5.1032","50.7117","135.0","","","","E1a/validated data AQ e-Reporting","18/03/2023 22:31:20","http://fme.discomap.eea.europa.eu/fmedatastreaming/AirQualityDownload/AQData_Extract.fmw?CountryCode=BE&CityName=&Pollutant=7&Year_from=2016&Year_to=2016&Station=STA-BETN054&Samplingpoint=&Source=E1a&Output=HTML&UpdateDate="
"Belgium","NET-Flanders","Flanders","BETN054","42N054 - WALSHOUTEM","SPO-BETN054_00007_100","O3","Ozone (air)","P3Y-dmaxAbove120","Daymax exceed 120 averaged over 3 consecutive years","2016","10.333","count","100.00","1","Background","Rural","5.1032","50.7117","135.0","","","","E1a/validated data AQ e-Reporting","18/03/2023 22:34:54","http://fme.discomap.eea.europa.eu/fmedatastreaming/AirQualityDownload/AQData_Extract.fmw?CountryCode=BE&CityName=&Pollutant=7&Year_from=2016&Year_to=2016&Station=STA-BETN054&Samplingpoint=&Source=E1a&Output=HTML&UpdateDate="
"Belgium","NET-Flanders","Flanders","BETN029","44N029 - HOUTEM","SPO-BETN029_00005_100","PM10","Particulate matter < 10 µm (aerosol)","P1Y-day-max36","1 year day max 36","2016","32.475","ug/m3","99.18","1","Background","Rural","2.5823","51.0163","2.0","","","","E1a/validated data AQ e-Reporting","18/03/2023 22:32:47","http://fme.discomap.eea.europa.eu/fmedatastreaming/AirQualityDownload/AQData_Extract.fmw?CountryCode=BE&CityName=&Pollutant=5&Year_from=2016&Year_to=2016&Station=STA-BETN029&Samplingpoint=&Source=E1a&Output=HTML&UpdateDate="
"Belgium","NET-Wallonia","Wallonia","BETR222","43R222 - SERAING","SPO-BETR222_00007_100","O3","Ozone (air)","P1Y-hr-per50","1 year 50 percentile","2016","38.000","ug/m3","94.17","1","Background","Suburban","5.5702","50.6134","65.0","Liège                                                                           ","BE005C1                                           ","383700","E1a/validated data AQ e-Reporting","18/03/2023 22:05:49","http://fme.discomap.eea.europa.eu/fmedatastreaming/AirQualityDownload/AQData_Extract.fmw?CountryCode=BE&CityName=&Pollutant=7&Year_from=2016&Year_to=2016&Station=STA-BETR222&Samplingpoint=&Source=E1a&Output=HTML&UpdateDate="
"Belgium","NET-Wallonia","Wallonia","BEVN132","50N132 - HABAY-LA-N.","SPO-BEVN132_06011_100","1,2,4-C6H3(CH3)3","1,2,4-Trimethylbenzene (air)","P1Y","Annual mean / 1 calendar year","2016","0.000","ug/m3","47.27","1","Background","Rural","5.6304","49.7193","375.0","","","","E1a/validated data AQ e-Reporting","18/03/2023 21:08:58","http://fme.discomap.eea.europa.eu/fmedatastreaming/AirQualityDownload/AQData_Extract.fmw?CountryCode=BE&CityName=&Pollutant=6011&Year_from=2016&Year_to=2016&Station=STA-BEVN132&Samplingpoint=&Source=E1a&Output=HTML&UpdateDate="
"Belgium","NET-Wallonia","Wallonia","BEVN520","50N520 - PERUWELZ","SPO-BEVN520_00020_100","C6H6","Benzene (air)","P1Y-day-max","1 year day max","2016","2.330","ug/m3","48.09","1","Background","Suburban","3.5943","50.5055","30.0","","","","E1a/validated data AQ e-Reporting","18/03/2023 21:43:39","http://fme.discomap.eea.europa.eu/fmedatastreaming/AirQualityDownload/AQData_Extract.fmw?CountryCode=BE&CityName=&Pollutant=20&Year_from=2016&Year_to=2016&Station=STA-BEVN520&Samplingpoint=&Source=E1a&Output=HTML&UpdateDate="
"Belgium","NET-Wallonia","Wallonia","BEVR221","50R221 - LIEGE","SPO-BEVR221_00475_100","C8H18","n-Octane (air)","P1Y","Annual mean / 1 calendar year","2016","0.000","ug/m3","45.90","1","Background","Urban","5.6278","50.6584","65.0","Liège                                                                           ","BE005C1                                           ","383700","E1a/validated data AQ e-Reporting","18/03/2023 21:08:58","http://fme.discomap.eea.europa.eu/fmedatastreaming/AirQualityDownload/AQData_Extract.fmw?CountryCode=BE&CityName=&Pollutant=475&Year_from=2016&Year_to=2016&Station=STA-BEVR221&Samplingpoint=&Source=E1a&Output=HTML&UpdateDate="
"Belgium","NET-Wallonia","Wallonia","BETN132","43N132 - HABAY-LA-N.","SPO-BETN132_00010_100","CO","Carbon monoxide (air)","P1Y-hr-max","1 year hour max","2016","1.065","mg/m3","97.02","1","Background","Rural","5.6304","49.7193","375.0","","","","E1a/validated data AQ e-Reporting","18/03/2023 21:57:02","http://fme.discomap.eea.europa.eu/fmedatastreaming/AirQualityDownload/AQData_Extract.fmw?CountryCode=BE&CityName=&Pollutant=10&Year_from=2016&Year_to=2016&Station=STA-BETN132&Samplingpoint=&Source=E1a&Output=HTML&UpdateDate="
"Belgium","NET-Wallonia","Wallonia","BETN132","43N132 - HABAY-LA-N.","SPO-BETN132_00010_100","CO","Carbon monoxide (air)","P1Y-hr-per50","1 year 50 percentile","2016","0.170","mg/m3","97.02","1","Background","Rural","5.6304","49.7193","375.0","","","","E1a/validated data AQ e-Reporting","18/03/2023 22:05:49","http://fme.discomap.eea.europa.eu/fmedatastreaming/AirQualityDownload/AQData_Extract.fmw?CountryCode=BE&CityName=&Pollutant=10&Year_from=2016&Year_to=2016&Station=STA-BETN132&Samplingpoint=&Source=E1a&Output=HTML&UpdateDate="
"Belgium","NET-Flanders","Flanders","BETN029","44N029 - HOUTEM","SPO-BETN029_00008_100","NO2","Nitrogen dioxide (air)","P1Y-3hAbove400","3 consecutive hours in exceedance of 400","2016","0.000","count","96.62","1","Background","Rural","2.5823","51.0163","2.0","","","","E1a/validated data AQ e-Reporting","18/03/2023 22:22:30","http://fme.discomap.eea.europa.eu/fmedatastreaming/AirQualityDownload/AQData_Extract.fmw?CountryCode=BE&CityName=&Pollutant=8&Year_from=2016&Year_to=2016&Station=STA-BETN029&Samplingpoint=&Source=E1a&Output=HTML&UpdateDate="
"Belgium","NET-Flanders","Flanders","BETR020","42R020 - VILVOORDE","SPO-BETR020_00001_100","SO2","Sulphur dioxide (air)","P1Y-hr-max","1 year hour max","2016","15.000","ug/m3","97.30","1","Background","Suburban","4.4367","50.9414","12.0","","","","E1a/validated data AQ e-Reporting","18/03/2023 21:57:02","http://fme.discomap.eea.europa.eu/fmedatastreaming/AirQualityDownload/AQData_Extract.fmw?CountryCode=BE&CityName=&Pollutant=1&Year_from=2016&Year_to=2016&Station=STA-BETR020&Samplingpoint=&Source=E1a&Output=HTML&UpdateDate="
"Belgium","NET-Flanders","Flanders","BETM802","42M802 - ANTWERPEN","SPO-BETM802_00008_100","NO2","Nitrogen dioxide (air)","P1Y-day-min","1 year day min","2016","7.196","ug/m3","96.45","1","Industrial","Suburban","4.4244","51.2610","3.0","Antwerpen                                                                       ","BE002C1                                           ","530014","E1a/validated data AQ e-Reporting","18/03/2023 21:56:03","http://fme.discomap.eea.europa.eu/fmedatastreaming/AirQualityDownload/AQData_Extract.fmw?CountryCode=BE&CityName=&Pollutant=8&Year_from=2016&Year_to=2016&Station=STA-BETM802&Samplingpoint=&Source=E1a&Output=HTML&UpdateDate="
"Belgium","NET-Flanders","Flanders","BETM705","44M705 - ROESELARE","SPO-BETM705_00007_100","O3","Ozone (air)","P1Y-dmax-per99","1 year 99 percentile daily 8h maximum","2016","126.625","ug/m3","92.35","1","Industrial","Suburban","3.1524","50.9454","19.0","","","","E1a/validated data AQ e-Reporting","18/03/2023 22:13:26","http://fme.discomap.eea.europa.eu/fmedatastreaming/AirQualityDownload/AQData_Extract.fmw?CountryCode=BE&CityName=&Pollutant=7&Year_from=2016&Year_to=2016&Station=STA-BETM705&Samplingpoint=&Source=E1a&Output=HTML&UpdateDate="
"Belgium","NET-Flanders","Flanders","BETN035","42N035 - AARSCHOT","SPO-BETN035_00001_100","SO2","Sulphur dioxide (air)","P1Y-day-max-per99.18","1 year 99.18 percentile of daily maximum","2016","4.429","ug/m3","98.91","1","Background","Rural","4.8376","50.9775","55.0","","","","E1a/validated data AQ e-Reporting","18/03/2023 22:12:16","http://fme.discomap.eea.europa.eu/fmedatastreaming/AirQualityDownload/AQData_Extract.fmw?CountryCode=BE&CityName=&Pollutant=1&Year_from=2016&Year_to=2016&Station=STA-BETN035&Samplingpoint=&Source=E1a&Output=HTML&UpdateDate="
"Belgium","NET-Flanders","Flanders","BELHB23","40HB23 - HOBOKEN","SPO-BELHB23_06001_100","PM2.5","Particulate matter < 2.5 µm (aerosol)","P1Y-hr-min","1 year hour min","2016","1.000","ug/m3","97.93","1","Industrial","Suburban","4.3410","51.1703","13.0","Antwerpen                                                                       ","BE002C1                                           ","530014","E1a/validated data AQ e-Reporting","18/03/2023 22:31:20","http://fme.discomap.eea.europa.eu/fmedatastreaming/AirQualityDownload/AQData_Extract.fmw?CountryCode=BE&CityName=&Pollutant=6001&Year_from=2016&Year_to=2016&Station=STA-BELHB23&Samplingpoint=&Source=E1a&Output=HTML&UpdateDate="
"Belgium","NET-Wallonia","Wallonia","BEVR501","50R501 - CHARLEROI","SPO-BEVR501_00024_100","CH2=CH-CH=CH2","1.3 Butadiene (air)","P1Y","Annual mean / 1 calendar year","2016","0.000","ug/m3","48.36","1","Background","Urban","4.4522","50.4093","115.0","Charleroi                                                                       ","BE004C1                                           ","203314","E1a/validated data AQ e-Reporting","18/03/2023 21:08:58","http://fme.discomap.eea.europa.eu/fmedatastreaming/AirQualityDownload/AQData_Extract.fmw?CountryCode=BE&CityName=&Pollutant=24&Year_from=2016&Year_to=2016&Station=STA-BEVR501&Samplingpoint=&Source=E1a&Output=HTML&UpdateDate="
"Belgium","NET-Wallonia","Wallonia","BEVN100","50N100 - DOURBES","SPO-BEVN100_00482_100","o-C6H4-(CH3)2","o-Xylene (air)","P1Y","Annual mean / 1 calendar year","2016","0.000","ug/m3","48.36","1","Background","Rural","4.5948","50.0957","225.0","","","","E1a/validated data AQ e-Reporting","18/03/2023 21:08:58","http://fme.discomap.eea.europa.eu/fmedatastreaming/AirQualityDownload/AQData_Extract.fmw?CountryCode=BE&CityName=&Pollutant=482&Year_from=2016&Year_to=2016&Station=STA-BEVN100&Samplingpoint=&Source=E1a&Output=HTML&UpdateDate="
"Belgium","NET-Wallonia","Wallonia","BETR502","45R502 - LODELINSART","SPO-BETR502_00005_100","PM10","Particulate matter < 10 µm (aerosol)","P1Y-P1D-per90.41","1 year 90.41 percentile","2016","36.396","ug/m3","100.00","1","Background","Suburban","4.4587","50.4290","135.0","Charleroi                                                                       ","BE004C1                                           ","203314","E1a/validated data AQ e-Reporting","18/03/2023 22:09:05","http://fme.discomap.eea.europa.eu/fmedatastreaming/AirQualityDownload/AQData_Extract.fmw?CountryCode=BE&CityName=&Pollutant=5&Year_from=2016&Year_to=2016&Station=STA-BETR502&Samplingpoint=&Source=E1a&Output=HTML&UpdateDate="
"Belgium","NET-Wallonia","Wallonia","BEVN070","50N070 - MONS","SPO-BEVN070_06013_100","1,3,5-C6H3(CH3)3","1,3,5-Trimethylbenzene (air)","P1Y","Annual mean / 1 calendar year","2016","0.000","ug/m3","47.80","1","Background","Suburban","3.9397","50.4652","30.0","Mons                                                                            ","BE009C1                                           ","95922","E1a/validated data AQ e-Reporting","18/03/2023 21:08:58","http://fme.discomap.eea.europa.eu/fmedatastreaming/AirQualityDownload/AQData_Extract.fmw?CountryCode=BE&CityName=&Pollutant=6013&Year_from=2016&Year_to=2016&Station=STA-BEVN070&Samplingpoint=&Source=E1a&Output=HTML&UpdateDate="
"Belgium","NET-Wallonia","Wallonia","BETN066","43N066 - EUPEN","SPO-BETN066_00007_100","O3","Ozone (air)","P1Y-maxP6M-P8H-dmax","Yearly highest six monthly average of daily maximum 8-hour mean concentration","2016","77.706","ug/m3","100.00","1","Background","Rural","6.0023","50.6289","295.0","","","","E1a/validated data AQ e-Reporting","18/03/2023 22:58:54","http://fme.discomap.eea.europa.eu/fmedatastreaming/AirQualityDownload/AQData_Extract.fmw?CountryCode=BE&CityName=&Pollutant=7&Year_from=2016&Year_to=2016&Station=STA-BETN066&Samplingpoint=&Source=E1a&Output=HTML&UpdateDate="
"Belgium","NET-Flanders","Flanders","BETN035","42N035 - AARSCHOT","SPO-BETN035_00008_100","NO2","Nitrogen dioxide (air)","P1Y-3hAbove400","3 consecutive hours in exceedance of 400","2016","0.000","count","96.98","1","Background","Rural","4.8376","50.9775","55.0","","","","E1a/validated data AQ e-Reporting","18/03/2023 22:22:30","http://fme.discomap.eea.europa.eu/fmedatastreaming/AirQualityDownload/AQData_Extract.fmw?CountryCode=BE&CityName=&Pollutant=8&Year_from=2016&Year_to=2016&Station=STA-BETN035&Samplingpoint=&Source=E1a&Output=HTML&UpdateDate="
"Belgium","NET-Flanders","Flanders","BETR702","44R702 - Gent (G.Carlierlaan)","SPO-BETR702_00008_100","NO2","Nitrogen dioxide (air)","P1Y-hrsAbove200","1 year hour exceed 200","2016","1.000","count","97.13","1","Traffic","Urban","3.7350","51.0407","8.0","Gent                                                                            ","BE003C1                                           ","263687","E1a/validated data AQ e-Reporting","18/03/2023 21:48:42","http://fme.discomap.eea.europa.eu/fmedatastreaming/AirQualityDownload/AQData_Extract.fmw?CountryCode=BE&CityName=&Pollutant=8&Year_from=2016&Year_to=2016&Station=STA-BETR702&Samplingpoint=&Source=E1a&Output=HTML&UpdateDate="
"Belgium","NET-Flanders","Flanders","BELSA04","40SA04 - Hoevenen","SPO-BELSA04_06001_100","PM2.5","Particulate matter < 2.5 µm (aerosol)","P1Y-hr-min","1 year hour min","2016","3.000","ug/m3","94.96","1","Industrial","Rural","4.4039","51.3139","6.0","","","","E1a/validated data AQ e-Reporting","18/03/2023 22:31:20","http://fme.discomap.eea.europa.eu/fmedatastreaming/AirQualityDownload/AQData_Extract.fmw?CountryCode=BE&CityName=&Pollutant=6001&Year_from=2016&Year_to=2016&Station=STA-BELSA04&Samplingpoint=&Source=E1a&Output=HTML&UpdateDate="
"Belgium","NET-Brussels","Brussels","BETR012","41R012 - UCCLE","SPO-BETR012_06001_100","PM2.5","Particulate matter < 2.5 µm (aerosol)","P1Y","Annual mean / 1 calendar year","2016","12.787","ug/m3","93.12","1","Background","Suburban","4.3586","50.7966","101.0","Bruxelles / Brussel                                                             ","BE001C1                                           ","1223364","E1a/validated data AQ e-Reporting","18/03/2023 21:08:58","http://fme.discomap.eea.europa.eu/fmedatastreaming/AirQualityDownload/AQData_Extract.fmw?CountryCode=BE&CityName=&Pollutant=6001&Year_from=2016&Year_to=2016&Station=STA-BETR012&Samplingpoint=&Source=E1a&Output=HTML&UpdateDate="
"Belgium","NET-Flanders","Flanders","BETN016","42N016 - DESSEL","SPO-BETN016_00007_100","O3","Ozone (air)","P1Y-hr-per50","1 year 50 percentile","2016","40.500","ug/m3","93.83","1","Background","Rural","5.1640","51.2337","30.0","","","","E1a/validated data AQ e-Reporting","18/03/2023 22:05:49","http://fme.discomap.eea.europa.eu/fmedatastreaming/AirQualityDownload/AQData_Extract.fmw?CountryCode=BE&CityName=&Pollutant=7&Year_from=2016&Year_to=2016&Station=STA-BETN016&Samplingpoint=&Source=E1a&Output=HTML&UpdateDate="
"Belgium","NET-Flanders","Flanders","BELSZ02","40SZ02 - STEENOKKERZ","SPO-BELSZ02_06001_100","PM2.5","Particulate matter < 2.5 µm (aerosol)","P1Y-hr-max","1 year hour max","2016","366.500","ug/m3","98.84","1","Industrial","Rural","4.5122","50.9130","15.0","","","","E1a/validated data AQ e-Reporting","18/03/2023 21:57:02","http://fme.discomap.eea.europa.eu/fmedatastreaming/AirQualityDownload/AQData_Extract.fmw?CountryCode=BE&CityName=&Pollutant=6001&Year_from=2016&Year_to=2016&Station=STA-BELSZ02&Samplingpoint=&Source=E1a&Output=HTML&UpdateDate="
"Belgium","NET-Wallonia","Wallonia","BEVN085","50N085 - VIELSALM","SPO-BEVN085_00482_100","o-C6H4-(CH3)2","o-Xylene (air)","P1Y","Annual mean / 1 calendar year","2016","0.000","ug/m3","46.99","1","Background","Rural","6.0017","50.3032","490.0","","","","E1a/validated data AQ e-Reporting","18/03/2023 21:08:58","http://fme.discomap.eea.europa.eu/fmedatastreaming/AirQualityDownload/AQData_Extract.fmw?CountryCode=BE&CityName=&Pollutant=482&Year_from=2016&Year_to=2016&Station=STA-BEVN085&Samplingpoint=&Source=E1a&Output=HTML&UpdateDate="
"Belgium","NET-Wallonia","Wallonia","BETR502","45R502 - LODELINSART","SPO-BETR502_00005_100","PM10","Particulate matter < 10 µm (aerosol)","P1Y-hr-min","1 year hour min","2016","0.000","ug/m3","99.77","1","Background","Suburban","4.4587","50.4290","135.0","Charleroi                                                                       ","BE004C1                                           ","203314","E1a/validated data AQ e-Reporting","18/03/2023 22:31:20","http://fme.discomap.eea.europa.eu/fmedatastreaming/AirQualityDownload/AQData_Extract.fmw?CountryCode=BE&CityName=&Pollutant=5&Year_from=2016&Year_to=2016&Station=STA-BETR502&Samplingpoint=&Source=E1a&Output=HTML&UpdateDate="
"Belgium","NET-Wallonia","Wallonia","BETR221","43R221 - LIEGE","SPO-BETR221_00007_100","O3","Ozone (air)","SOMO10","Sum of Ozone Means Over 10 ppb","2016","12083.520","ug/m3","96.45","1","Background","Urban","5.6278","50.6584","65.0","Liège                                                                           ","BE005C1                                           ","383700","E1a/validated data AQ e-Reporting","18/03/2023 22:59:50","http://fme.discomap.eea.europa.eu/fmedatastreaming/AirQualityDownload/AQData_Extract.fmw?CountryCode=BE&CityName=&Pollutant=7&Year_from=2016&Year_to=2016&Station=STA-BETR221&Samplingpoint=&Source=E1a&Output=HTML&UpdateDate="
"Belgium","NET-Wallonia","Wallonia","BETR221","43R221 - LIEGE","SPO-BETR221_00008_100","NO2","Nitrogen dioxide (air)","P1Y-day-min","1 year day min","2016","5.087","ug/m3","99.45","1","Background","Urban","5.6278","50.6584","65.0","Liège                                                                           ","BE005C1                                           ","383700","E1a/validated data AQ e-Reporting","18/03/2023 21:56:03","http://fme.discomap.eea.europa.eu/fmedatastreaming/AirQualityDownload/AQData_Extract.fmw?CountryCode=BE&CityName=&Pollutant=8&Year_from=2016&Year_to=2016&Station=STA-BETR221&Samplingpoint=&Source=E1a&Output=HTML&UpdateDate="
"Belgium","NET-Wallonia","Wallonia","BETR502","45R502 - LODELINSART","SPO-BETR502_00008_100","NO2","Nitrogen dioxide (air)","P3Y","3 subsequent calendar years mean","2016","25.681","ug/m3","97.09","1","Background","Suburban","4.4587","50.4290","135.0","Charleroi                                                                       ","BE004C1                                           ","203314","E1a/validated data AQ e-Reporting","18/03/2023 21:36:00","http://fme.discomap.eea.europa.eu/fmedatastreaming/AirQualityDownload/AQData_Extract.fmw?CountryCode=BE&CityName=&Pollutant=8&Year_from=2016&Year_to=2016&Station=STA-BETR502&Samplingpoint=&Source=E1a&Output=HTML&UpdateDate="
"Belgium","NET-Flanders","Flanders","BETN051","44N051 - IDEGEM","SPO-BETN051_00008_100","NO2","Nitrogen dioxide (air)","P1Y","Annual mean / 1 calendar year","2016","13.035","ug/m3","94.59","1","Background","Rural","3.9303","50.7989","15.0","","","","E1a/validated data AQ e-Reporting","18/03/2023 21:08:58","http://fme.discomap.eea.europa.eu/fmedatastreaming/AirQualityDownload/AQData_Extract.fmw?CountryCode=BE&CityName=&Pollutant=8&Year_from=2016&Year_to=2016&Station=STA-BETN051&Samplingpoint=&Source=E1a&Output=HTML&UpdateDate="
"Belgium","NET-Flanders","Flanders","BETN027","42N027 - BREE","SPO-BETN027_00007_100","O3","Ozone (air)","summer-avg","Summer mean","2016","56.574","ug/m3","97.22","1","Background","Rural","5.6067","51.1337","48.0","","","","E1a/validated data AQ e-Reporting","18/03/2023 22:50:22","http://fme.discomap.eea.europa.eu/fmedatastreaming/AirQualityDownload/AQData_Extract.fmw?CountryCode=BE&CityName=&Pollutant=7&Year_from=2016&Year_to=2016&Station=STA-BETN027&Samplingpoint=&Source=E1a&Output=HTML&UpdateDate="
"Belgium","NET-Flanders","Flanders","BETN040","42N040 - ST.P.LEEUWG","SPO-BETN040_00008_100","NO2","Nitrogen dioxide (air)","P1Y-hr-max-per99.79","1 year 99.79 %ile of hourly values in a given year","2016","68.500","ug/m3","96.65","1","Background","Rural","4.2252","50.7681","20.0","","","","E1a/validated data AQ e-Reporting","18/03/2023 22:07:35","http://fme.discomap.eea.europa.eu/fmedatastreaming/AirQualityDownload/AQData_Extract.fmw?CountryCode=BE&CityName=&Pollutant=8&Year_from=2016&Year_to=2016&Station=STA-BETN040&Samplingpoint=&Source=E1a&Output=HTML&UpdateDate="
"Belgium","NET-Flanders","Flanders","BETN035","42N035 - AARSCHOT","SPO-BETN035_00001_100","SO2","Sulphur dioxide (air)","P1Y-day-per50","1 year 50 %ile of daily values in a year","2016","1.000","ug/m3","98.91","1","Background","Rural","4.8376","50.9775","55.0","","","","E1a/validated data AQ e-Reporting","18/03/2023 22:14:46","http://fme.discomap.eea.europa.eu/fmedatastreaming/AirQualityDownload/AQData_Extract.fmw?CountryCode=BE&CityName=&Pollutant=1&Year_from=2016&Year_to=2016&Station=STA-BETN035&Samplingpoint=&Source=E1a&Output=HTML&UpdateDate="
"Belgium","NET-Flanders","Flanders","BETN035","42N035 - AARSCHOT","SPO-BETN035_00008_100","NO2","Nitrogen dioxide (air)","P1Y-day-min","1 year day min","2016","3.696","ug/m3","99.18","1","Background","Rural","4.8376","50.9775","55.0","","","","E1a/validated data AQ e-Reporting","18/03/2023 21:56:03","http://fme.discomap.eea.europa.eu/fmedatastreaming/AirQualityDownload/AQData_Extract.fmw?CountryCode=BE&CityName=&Pollutant=8&Year_from=2016&Year_to=2016&Station=STA-BETN035&Samplingpoint=&Source=E1a&Output=HTML&UpdateDate="
"Belgium","NET-Flanders","Flanders","BELLD01","40LD01 - LAAKDAL","SPO-BELLD01_00020_100","C6H6","Benzene (air)","P1Y-day-per50","1 year 50 %ile of daily values in a year","2016","0.511","ug/m3","99.45","1","Industrial","Rural","5.0049","51.1100","20.0","","","","E1a/validated data AQ e-Reporting","18/03/2023 22:13:51","http://fme.discomap.eea.europa.eu/fmedatastreaming/AirQualityDownload/AQData_Extract.fmw?CountryCode=BE&CityName=&Pollutant=20&Year_from=2016&Year_to=2016&Station=STA-BELLD01&Samplingpoint=&Source=E1a&Output=HTML&UpdateDate="
"Belgium","NET-Wallonia","Wallonia","BEVR522","50R222 - SERAING","SPO-BEVR522_06013_100","1,3,5-C6H3(CH3)3","1,3,5-Trimethylbenzene (air)","P1Y","Annual mean / 1 calendar year","2016","0.000","ug/m3","49.18","1","Background","Suburban","5.5713","50.6105","62.0","Liège                                                                           ","BE005C1                                           ","383700","E1a/validated data AQ e-Reporting","18/03/2023 21:08:58","http://fme.discomap.eea.europa.eu/fmedatastreaming/AirQualityDownload/AQData_Extract.fmw?CountryCode=BE&CityName=&Pollutant=6013&Year_from=2016&Year_to=2016&Station=STA-BEVR522&Samplingpoint=&Source=E1a&Output=HTML&UpdateDate="
"Belgium","NET-Wallonia","Wallonia","BEVN060","50N060 - HAVINNES","SPO-BEVN060_00486_100","H3C-(CH2)3-CH3","n-Pentane (air)","P1Y","Annual mean / 1 calendar year","2016","0.001","ug/m3","49.73","1","Background","Suburban","3.4576","50.6167","0.0","","","","E1a/validated data AQ e-Reporting","18/03/2023 21:08:58","http://fme.discomap.eea.europa.eu/fmedatastreaming/AirQualityDownload/AQData_Extract.fmw?CountryCode=BE&CityName=&Pollutant=486&Year_from=2016&Year_to=2016&Station=STA-BEVN060&Samplingpoint=&Source=E1a&Output=HTML&UpdateDate="
"Belgium","NET-Wallonia","Wallonia","BETR502","45R502 - LODELINSART","SPO-BETR502_00007_100","O3","Ozone (air)","SOMO35","Sum of Ozone Means Over 35 ppb","2016","1679.505","ug/m3","96.17","1","Background","Suburban","4.4587","50.4290","135.0","Charleroi                                                                       ","BE004C1                                           ","203314","E1a/validated data AQ e-Reporting","18/03/2023 22:59:23","http://fme.discomap.eea.europa.eu/fmedatastreaming/AirQualityDownload/AQData_Extract.fmw?CountryCode=BE&CityName=&Pollutant=7&Year_from=2016&Year_to=2016&Station=STA-BETR502&Samplingpoint=&Source=E1a&Output=HTML&UpdateDate="
"Belgium","NET-Wallonia","Wallonia","BETR502","45R502 - LODELINSART","SPO-BETR502_00008_100","NO2","Nitrogen dioxide (air)","P1Y-hr-max","1 year hour max","2016","127.500","ug/m3","97.52","1","Background","Suburban","4.4587","50.4290","135.0","Charleroi                                                                       ","BE004C1                                           ","203314","E1a/validated data AQ e-Reporting","18/03/2023 21:57:02","http://fme.discomap.eea.europa.eu/fmedatastreaming/AirQualityDownload/AQData_Extract.fmw?CountryCode=BE&CityName=&Pollutant=8&Year_from=2016&Year_to=2016&Station=STA-BETR502&Samplingpoint=&Source=E1a&Output=HTML&UpdateDate="
"Belgium","NET-Wallonia","Wallonia","BETR502","45R502 - LODELINSART","SPO-BETR502_00008_100","NO2","Nitrogen dioxide (air)","P1Y-hr-min","1 year hour min","2016","2.500","ug/m3","97.52","1","Background","Suburban","4.4587","50.4290","135.0","Charleroi                                                                       ","BE004C1                                           ","203314","E1a/validated data AQ e-Reporting","18/03/2023 22:31:20","http://fme.discomap.eea.europa.eu/fmedatastreaming/AirQualityDownload/AQData_Extract.fmw?CountryCode=BE&CityName=&Pollutant=8&Year_from=2016&Year_to=2016&Station=STA-BETR502&Samplingpoint=&Source=E1a&Output=HTML&UpdateDate="
"Belgium","NET-Wallonia","Wallonia","BETR502","45R502 - LODELINSART","SPO-BETR502_00008_100","NO2","Nitrogen dioxide (air)","P1Y-P1D-per99","1 year 99 percentile of daily means (P1D) or .../aq/primaryObservation/day","2016","60.674","ug/m3","100.00","1","Background","Suburban","4.4587","50.4290","135.0","Charleroi                                                                       ","BE004C1                                           ","203314","E1a/validated data AQ e-Reporting","18/03/2023 22:10:34","http://fme.discomap.eea.europa.eu/fmedatastreaming/AirQualityDownload/AQData_Extract.fmw?CountryCode=BE&CityName=&Pollutant=8&Year_from=2016&Year_to=2016&Station=STA-BETR502&Samplingpoint=&Source=E1a&Output=HTML&UpdateDate="
"Belgium","NET-Wallonia","Wallonia","BETR502","45R502 - LODELINSART","SPO-BETR502_06001_100","PM2.5","Particulate matter < 2.5 µm (aerosol)","P1Y","Annual mean / 1 calendar year","2016","12.554","ug/m3","99.77","1","Background","Suburban","4.4587","50.4290","135.0","Charleroi                                                                       ","BE004C1                                           ","203314","E1a/validated data AQ e-Reporting","18/03/2023 21:08:58","http://fme.discomap.eea.europa.eu/fmedatastreaming/AirQualityDownload/AQData_Extract.fmw?CountryCode=BE&CityName=&Pollutant=6001&Year_from=2016&Year_to=2016&Station=STA-BETR502&Samplingpoint=&Source=E1a&Output=HTML&UpdateDate="
"Belgium","NET-Wallonia","Wallonia","BEVR501","50R501 - CHARLEROI","SPO-BEVR501_00021_100","C6H5-CH3","Toluene (air)","P1Y","Annual mean / 1 calendar year","2016","0.015","ug/m3","48.36","1","Background","Urban","4.4522","50.4093","115.0","Charleroi                                                                       ","BE004C1                                           ","203314","E1a/validated data AQ e-Reporting","18/03/2023 21:08:58","http://fme.discomap.eea.europa.eu/fmedatastreaming/AirQualityDownload/AQData_Extract.fmw?CountryCode=BE&CityName=&Pollutant=21&Year_from=2016&Year_to=2016&Station=STA-BEVR501&Samplingpoint=&Source=E1a&Output=HTML&UpdateDate="
"Belgium","NET-Wallonia","Wallonia","BETN073","43N073 - VEZIN","SPO-BETN073_00008_100","NO2","Nitrogen dioxide (air)","P1Y-day-per50","1 year 50 %ile of daily values in a year","2016","9.587","ug/m3","100.00","1","Background","Rural","4.9884","50.5027","160.0","","","","E1a/validated data AQ e-Reporting","18/03/2023 22:14:21","http://fme.discomap.eea.europa.eu/fmedatastreaming/AirQualityDownload/AQData_Extract.fmw?CountryCode=BE&CityName=&Pollutant=8&Year_from=2016&Year_to=2016&Station=STA-BETN073&Samplingpoint=&Source=E1a&Output=HTML&UpdateDate="
"Belgium","NET-Wallonia","Wallonia","BETR240","43R240 - ENGIS","SPO-BETR240_00007_100","O3","Ozone (air)","P1Y-dx-max26","1 year daymax max 26","2016","108.000","ug/m3","92.90","1","Industrial","Suburban","5.3975","50.5836","135.0","","","","E1a/validated data AQ e-Reporting","18/03/2023 22:32:17","http://fme.discomap.eea.europa.eu/fmedatastreaming/AirQualityDownload/AQData_Extract.fmw?CountryCode=BE&CityName=&Pollutant=7&Year_from=2016&Year_to=2016&Station=STA-BETR240&Samplingpoint=&Source=E1a&Output=HTML&UpdateDate="
"Belgium","NET-Flanders","Flanders","BETN012","44N012 - MOERKERKE","SPO-BETN012_00007_100","O3","Ozone (air)","P1Y-hr-per50","1 year 50 percentile","2016","49.000","ug/m3","89.63","1","Background","Rural","3.3625","51.2546","3.0","","","","E1a/validated data AQ e-Reporting","18/03/2023 22:05:49","http://fme.discomap.eea.europa.eu/fmedatastreaming/AirQualityDownload/AQData_Extract.fmw?CountryCode=BE&CityName=&Pollutant=7&Year_from=2016&Year_to=2016&Station=STA-BETN012&Samplingpoint=&Source=E1a&Output=HTML&UpdateDate="
"Belgium","NET-Flanders","Flanders","BETN035","42N035 - AARSCHOT","SPO-BETN035_06001_100","PM2.5","Particulate matter < 2.5 µm (aerosol)","P1Y-day-per50","1 year 50 %ile of daily values in a year","2016","9.646","ug/m3","99.73","1","Background","Rural","4.8376","50.9775","55.0","","","","E1a/validated data AQ e-Reporting","18/03/2023 22:11:51","http://fme.discomap.eea.europa.eu/fmedatastreaming/AirQualityDownload/AQData_Extract.fmw?CountryCode=BE&CityName=&Pollutant=6001&Year_from=2016&Year_to=2016&Station=STA-BETN035&Samplingpoint=&Source=E1a&Output=HTML&UpdateDate="
"Belgium","NET-Flanders","Flanders","BELSZ02","40SZ02 - STEENOKKERZ","SPO-BELSZ02_00001_100","SO2","Sulphur dioxide (air)","P1Y-hr-max25","1 year hour max 25","2016","8.500","ug/m3","96.88","1","Industrial","Rural","4.5122","50.9130","15.0","","","","E1a/validated data AQ e-Reporting","18/03/2023 22:33:20","http://fme.discomap.eea.europa.eu/fmedatastreaming/AirQualityDownload/AQData_Extract.fmw?CountryCode=BE&CityName=&Pollutant=1&Year_from=2016&Year_to=2016&Station=STA-BELSZ02&Samplingpoint=&Source=E1a&Output=HTML&UpdateDate="
"Belgium","NET-Flanders","Flanders","BETN040","42N040 - ST.P.LEEUWG","SPO-BETN040_00008_100","NO2","Nitrogen dioxide (air)","P1Y-hr-per50","1 year 50 percentile","2016","11.000","ug/m3","96.65","1","Background","Rural","4.2252","50.7681","20.0","","","","E1a/validated data AQ e-Reporting","18/03/2023 22:05:49","http://fme.discomap.eea.europa.eu/fmedatastreaming/AirQualityDownload/AQData_Extract.fmw?CountryCode=BE&CityName=&Pollutant=8&Year_from=2016&Year_to=2016&Station=STA-BETN040&Samplingpoint=&Source=E1a&Output=HTML&UpdateDate="
"Belgium","NET-Flanders","Flanders","BETN051","44N051 - IDEGEM","SPO-BETN051_00008_100","NO2","Nitrogen dioxide (air)","P1Y-hr-max","1 year hour max","2016","64.000","ug/m3","94.59","1","Background","Rural","3.9303","50.7989","15.0","","","","E1a/validated data AQ e-Reporting","18/03/2023 21:57:02","http://fme.discomap.eea.europa.eu/fmedatastreaming/AirQualityDownload/AQData_Extract.fmw?CountryCode=BE&CityName=&Pollutant=8&Year_from=2016&Year_to=2016&Station=STA-BETN051&Samplingpoint=&Source=E1a&Output=HTML&UpdateDate="
"Belgium","NET-Flanders","Flanders","BETM702","44M702 - ERTVELDE","SPO-BETM702_00008_100","NO2","Nitrogen dioxide (air)","P1Y-hr-max19","1 year hour max19","2016","74.000","ug/m3","93.52","1","Industrial","Rural","3.7621","51.1660","5.0","","","","E1a/validated data AQ e-Reporting","18/03/2023 22:34:35","http://fme.discomap.eea.europa.eu/fmedatastreaming/AirQualityDownload/AQData_Extract.fmw?CountryCode=BE&CityName=&Pollutant=8&Year_from=2016&Year_to=2016&Station=STA-BETM702&Samplingpoint=&Source=E1a&Output=HTML&UpdateDate="
"Belgium","NET-Flanders","Flanders","BEDGI04","65GI04 - GRIMBERGEN
","SPO-BEDGI04_00608_100","Anthracene","anthracene (precip+dry_dep)","P1Y","Annual mean / 1 calendar year","2016","5.590","ng/m2/day","22.95","1","Background","Suburban","4.4022","50.9352","0.0","","","","E1a/validated data AQ e-Reporting","18/03/2023 21:08:58","http://fme.discomap.eea.europa.eu/fmedatastreaming/AirQualityDownload/AQData_Extract.fmw?CountryCode=BE&CityName=&Pollutant=608&Year_from=2016&Year_to=2016&Station=STA-BEDGI04&Samplingpoint=&Source=E1a&Output=HTML&UpdateDate="
"Belgium","NET-Flanders","Flanders","BELR833","40R833 - STABROEK","SPO-BELR833_00008_100","NO2","Nitrogen dioxide (air)","P1Y-hr-min","1 year hour min","2016","2.000","ug/m3","94.67","1","Industrial","Rural","4.3623","51.3277","5.0","","","","E1a/validated data AQ e-Reporting","18/03/2023 22:31:20","http://fme.discomap.eea.europa.eu/fmedatastreaming/AirQualityDownload/AQData_Extract.fmw?CountryCode=BE&CityName=&Pollutant=8&Year_from=2016&Year_to=2016&Station=STA-BELR833&Samplingpoint=&Source=E1a&Output=HTML&UpdateDate="
"Belgium","NET-Brussels","Brussels","BETR002","41R002 - IXELLES","SPO-BETR002_00001_100","SO2","Sulphur dioxide (air)","P1Y-hr-max-per99.73","1 year 99.73 %ile of hourly values in a given year","2016","7.500","ug/m3","96.69","1","Traffic","Urban","4.3846","50.8251","76.0","Bruxelles / Brussel                                                             ","BE001C1                                           ","1223364","E1a/validated data AQ e-Reporting","18/03/2023 22:06:23","http://fme.discomap.eea.europa.eu/fmedatastreaming/AirQualityDownload/AQData_Extract.fmw?CountryCode=BE&CityName=&Pollutant=1&Year_from=2016&Year_to=2016&Station=STA-BETR002&Samplingpoint=&Source=E1a&Output=HTML&UpdateDate="
"Belgium","NET-Brussels","Brussels","BETR001","41R001 - MOLENBEEK","SPO-BETR001_00007_100","O3","Ozone (air)","summer-avg","Summer mean","2016","45.401","ug/m3","98.36","1","Background","Urban","4.3341","50.8497","20.0","Bruxelles / Brussel                                                             ","BE001C1                                           ","1223364","E1a/validated data AQ e-Reporting","18/03/2023 22:50:22","http://fme.discomap.eea.europa.eu/fmedatastreaming/AirQualityDownload/AQData_Extract.fmw?CountryCode=BE&CityName=&Pollutant=7&Year_from=2016&Year_to=2016&Station=STA-BETR001&Samplingpoint=&Source=E1a&Output=HTML&UpdateDate="
"Belgium","NET-Flanders","Flanders","BEGR801","26R801 - BORGERHOUT","SPO-BEGR801_06001_100","PM2.5","Particulate matter < 2.5 µm (aerosol)","P1Y","Annual mean / 1 calendar year","2016","13.967","ug/m3","94.54","1","Background","Urban","4.4318","51.2097","6.0","Antwerpen                                                                       ","BE002C1                                           ","530014","E1a/validated data AQ e-Reporting","18/03/2023 21:08:58","http://fme.discomap.eea.europa.eu/fmedatastreaming/AirQualityDownload/AQData_Extract.fmw?CountryCode=BE&CityName=&Pollutant=6001&Year_from=2016&Year_to=2016&Station=STA-BEGR801&Samplingpoint=&Source=E1a&Output=HTML&UpdateDate="
"Belgium","NET-Brussels","Brussels","BETR002","41R002 - IXELLES","SPO-BETR002_00001_100","SO2","Sulphur dioxide (air)","P1Y-P1D-per99","1 year 99 percentile of daily means (P1D) or .../aq/primaryObservation/day","2016","5.231","ug/m3","97.81","1","Traffic","Urban","4.3846","50.8251","76.0","Bruxelles / Brussel                                                             ","BE001C1                                           ","1223364","E1a/validated data AQ e-Reporting","18/03/2023 22:11:00","http://fme.discomap.eea.europa.eu/fmedatastreaming/AirQualityDownload/AQData_Extract.fmw?CountryCode=BE&CityName=&Pollutant=1&Year_from=2016&Year_to=2016&Station=STA-BETR002&Samplingpoint=&Source=E1a&Output=HTML&UpdateDate="
"Belgium","NET-Brussels","Brussels","BEVR002","51R002 - IXELLES","SPO-BEVR002_00431_100","C6H5-C2H5","Ethyl benzene (air)","P1Y","Annual mean / 1 calendar year","2016","0.000","ug/m3","89.07","1","Traffic","Suburban","4.3847","50.8251","70.0","Bruxelles / Brussel                                                             ","BE001C1                                           ","1223364","E1a/validated data AQ e-Reporting","18/03/2023 21:08:58","http://fme.discomap.eea.europa.eu/fmedatastreaming/AirQualityDownload/AQData_Extract.fmw?CountryCode=BE&CityName=&Pollutant=431&Year_from=2016&Year_to=2016&Station=STA-BEVR002&Samplingpoint=&Source=E1a&Output=HTML&UpdateDate="
"Belgium","NET-Brussels","Brussels","BEVWOL1","51WOL1 - WOL.ST.L.","SPO-BEVWOL1_00020_100","C6H6","Benzene (air)","P1Y-day-max","1 year day max","2016","1.854","ug/m3","94.54","1","Background","Suburban","4.4257","50.8566","77.0","Bruxelles / Brussel                                                             ","BE001C1                                           ","1223364","E1a/validated data AQ e-Reporting","18/03/2023 21:43:39","http://fme.discomap.eea.europa.eu/fmedatastreaming/AirQualityDownload/AQData_Extract.fmw?CountryCode=BE&CityName=&Pollutant=20&Year_from=2016&Year_to=2016&Station=STA-BEVWOL1&Samplingpoint=&Source=E1a&Output=HTML&UpdateDate="
"Belgium","NET-Brussels","Brussels","BETN043","41N043 - HAREN","SPO-BETN043_00001_100","SO2","Sulphur dioxide (air)","P1Y","Annual mean / 1 calendar year","2016","2.340","ug/m3","97.60","1","Industrial","Suburban","4.3830","50.8837","17.0","Bruxelles / Brussel                                                             ","BE001C1                                           ","1223364","E1a/validated data AQ e-Reporting","18/03/2023 21:08:58","http://fme.discomap.eea.europa.eu/fmedatastreaming/AirQualityDownload/AQData_Extract.fmw?CountryCode=BE&CityName=&Pollutant=1&Year_from=2016&Year_to=2016&Station=STA-BETN043&Samplingpoint=&Source=E1a&Output=HTML&UpdateDate="
"Belgium","NET-Brussels","Brussels","BETN043","41N043 - HAREN","SPO-BETN043_00007_100","O3","Ozone (air)","P1Y-maxP6M-P8H-dmax","Yearly highest six monthly average of daily maximum 8-hour mean concentration","2016","60.070","ug/m3","100.00","1","Industrial","Suburban","4.3830","50.8837","17.0","Bruxelles / Brussel                                                             ","BE001C1                                           ","1223364","E1a/validated data AQ e-Reporting","18/03/2023 22:58:54","http://fme.discomap.eea.europa.eu/fmedatastreaming/AirQualityDownload/AQData_Extract.fmw?CountryCode=BE&CityName=&Pollutant=7&Year_from=2016&Year_to=2016&Station=STA-BETN043&Samplingpoint=&Source=E1a&Output=HTML&UpdateDate="
"Belgium","NET-Flanders","Flanders","BETM705","44M705 - ROESELARE","SPO-BETM705_00007_100","O3","Ozone (air)","P1Y","Annual mean / 1 calendar year","2016","42.765","ug/m3","92.11","1","Industrial","Suburban","3.1524","50.9454","19.0","","","","E1a/validated data AQ e-Reporting","18/03/2023 21:08:58","http://fme.discomap.eea.europa.eu/fmedatastreaming/AirQualityDownload/AQData_Extract.fmw?CountryCode=BE&CityName=&Pollutant=7&Year_from=2016&Year_to=2016&Station=STA-BETM705&Samplingpoint=&Source=E1a&Output=HTML&UpdateDate="
"Belgium","NET-Flanders","Flanders","BETE008","47E008 - Grimbergen","SPO-BETE008_00008_100","NO2","Nitrogen dioxide (air)","P1Y-hr-min","1 year hour min","2016","1.000","ug/m3","95.26","1","Industrial","Rural","4.3959","50.9261","14.0","","","","E1a/validated data AQ e-Reporting","18/03/2023 22:31:20","http://fme.discomap.eea.europa.eu/fmedatastreaming/AirQualityDownload/AQData_Extract.fmw?CountryCode=BE&CityName=&Pollutant=8&Year_from=2016&Year_to=2016&Station=STA-BETE008&Samplingpoint=&Source=E1a&Output=HTML&UpdateDate="
"Belgium","NET-Flanders","Flanders","BETN027","42N027 - BREE","SPO-BETN027_00007_100","O3","Ozone (air)","P1Y-dmax-per99","1 year 99 percentile daily 8h maximum","2016","146.938","ug/m3","94.81","1","Background","Rural","5.6067","51.1337","48.0","","","","E1a/validated data AQ e-Reporting","18/03/2023 22:13:26","http://fme.discomap.eea.europa.eu/fmedatastreaming/AirQualityDownload/AQData_Extract.fmw?CountryCode=BE&CityName=&Pollutant=7&Year_from=2016&Year_to=2016&Station=STA-BETN027&Samplingpoint=&Source=E1a&Output=HTML&UpdateDate="
"Belgium","NET-Flanders","Flanders","BETR750","44R750 - ZELZATE","SPO-BETR750_00008_100","NO2","Nitrogen dioxide (air)","P1Y","Annual mean / 1 calendar year","2016","26.205","ug/m3","94.17","1","Industrial","Rural","3.8229","51.1961","6.0","","","","E1a/validated data AQ e-Reporting","18/03/2023 21:08:58","http://fme.discomap.eea.europa.eu/fmedatastreaming/AirQualityDownload/AQData_Extract.fmw?CountryCode=BE&CityName=&Pollutant=8&Year_from=2016&Year_to=2016&Station=STA-BETR750&Samplingpoint=&Source=E1a&Output=HTML&UpdateDate="
"Belgium","NET-Flanders","Flanders","BETR750","44R750 - ZELZATE","SPO-BETR750_00010_100","CO","Carbon monoxide (air)","P1Y-hr-min","1 year hour min","2016","0.030","mg/m3","96.40","1","Industrial","Rural","3.8229","51.1961","6.0","","","","E1a/validated data AQ e-Reporting","18/03/2023 22:31:20","http://fme.discomap.eea.europa.eu/fmedatastreaming/AirQualityDownload/AQData_Extract.fmw?CountryCode=BE&CityName=&Pollutant=10&Year_from=2016&Year_to=2016&Station=STA-BETR750&Samplingpoint=&Source=E1a&Output=HTML&UpdateDate="
"Belgium","NET-Flanders","Flanders","BETN012","44N012 - MOERKERKE","SPO-BETN012_06001_100","PM2.5","Particulate matter < 2.5 µm (aerosol)","P1Y-P1D-per99","1 year 99 percentile of daily means (P1D) or .../aq/primaryObservation/day","2016","39.104","ug/m3","99.45","1","Background","Rural","3.3625","51.2546","3.0","","","","E1a/validated data AQ e-Reporting","18/03/2023 22:10:03","http://fme.discomap.eea.europa.eu/fmedatastreaming/AirQualityDownload/AQData_Extract.fmw?CountryCode=BE&CityName=&Pollutant=6001&Year_from=2016&Year_to=2016&Station=STA-BETN012&Samplingpoint=&Source=E1a&Output=HTML&UpdateDate="
"Belgium","NET-Wallonia","Wallonia","BEVR221","50R221 - LIEGE","SPO-BEVR221_00020_100","C6H6","Benzene (air)","P1Y-day-max","1 year day max","2016","2.580","ug/m3","45.63","1","Background","Urban","5.6278","50.6584","65.0","Liège                                                                           ","BE005C1                                           ","383700","E1a/validated data AQ e-Reporting","18/03/2023 21:43:39","http://fme.discomap.eea.europa.eu/fmedatastreaming/AirQualityDownload/AQData_Extract.fmw?CountryCode=BE&CityName=&Pollutant=20&Year_from=2016&Year_to=2016&Station=STA-BEVR221&Samplingpoint=&Source=E1a&Output=HTML&UpdateDate="
"Belgium","NET-Wallonia","Wallonia","BEVR231","50R231 - ANS","SPO-BEVR231_00431_100","C6H5-C2H5","Ethyl benzene (air)","P1Y","Annual mean / 1 calendar year","2016","0.000","ug/m3","44.81","1","Background","Urban","5.5294","50.6601","160.0","Liège                                                                           ","BE005C1                                           ","383700","E1a/validated data AQ e-Reporting","18/03/2023 21:08:58","http://fme.discomap.eea.europa.eu/fmedatastreaming/AirQualityDownload/AQData_Extract.fmw?CountryCode=BE&CityName=&Pollutant=431&Year_from=2016&Year_to=2016&Station=STA-BEVR231&Samplingpoint=&Source=E1a&Output=HTML&UpdateDate="
"Belgium","NET-Wallonia","Wallonia","BEVR231","50R231 - ANS","SPO-BEVR231_00449_100","(CH3)3-C-CH2-CH-(CH3)2","i-Octane (2,2,4-trimethylpentane) (air)","P1Y","Annual mean / 1 calendar year","2016","0.000","ug/m3","44.81","1","Background","Urban","5.5294","50.6601","160.0","Liège                                                                           ","BE005C1                                           ","383700","E1a/validated data AQ e-Reporting","18/03/2023 21:08:58","http://fme.discomap.eea.europa.eu/fmedatastreaming/AirQualityDownload/AQData_Extract.fmw?CountryCode=BE&CityName=&Pollutant=449&Year_from=2016&Year_to=2016&Station=STA-BEVR231&Samplingpoint=&Source=E1a&Output=HTML&UpdateDate="
"Belgium","NET-Wallonia","Wallonia","BEVR240","50R240 - ENGIS","SPO-BEVR240_00482_100","o-C6H4-(CH3)2","o-Xylene (air)","P1Y","Annual mean / 1 calendar year","2016","0.001","ug/m3","47.54","1","Industrial","Suburban","5.3975","50.5836","135.0","","","","E1a/validated data AQ e-Reporting","18/03/2023 21:08:58","http://fme.discomap.eea.europa.eu/fmedatastreaming/AirQualityDownload/AQData_Extract.fmw?CountryCode=BE&CityName=&Pollutant=482&Year_from=2016&Year_to=2016&Station=STA-BEVR240&Samplingpoint=&Source=E1a&Output=HTML&UpdateDate="
"Belgium","NET-Wallonia","Wallonia","BEVN132","50N132 - HABAY-LA-N.","SPO-BEVN132_06007_100","cis-H3C-CH=CH-CH3","cis-2-Butene (air)","P1Y","Annual mean / 1 calendar year","2016","0.000","ug/m3","47.27","1","Background","Rural","5.6304","49.7193","375.0","","","","E1a/validated data AQ e-Reporting","18/03/2023 21:08:58","http://fme.discomap.eea.europa.eu/fmedatastreaming/AirQualityDownload/AQData_Extract.fmw?CountryCode=BE&CityName=&Pollutant=6007&Year_from=2016&Year_to=2016&Station=STA-BEVN132&Samplingpoint=&Source=E1a&Output=HTML&UpdateDate="
"Belgium","NET-Wallonia","Wallonia","BEVN070","50N070 - MONS","SPO-BEVN070_00024_100","CH2=CH-CH=CH2","1.3 Butadiene (air)","P1Y","Annual mean / 1 calendar year","2016","0.000","ug/m3","47.80","1","Background","Suburban","3.9397","50.4652","30.0","Mons                                                                            ","BE009C1                                           ","95922","E1a/validated data AQ e-Reporting","18/03/2023 21:08:58","http://fme.discomap.eea.europa.eu/fmedatastreaming/AirQualityDownload/AQData_Extract.fmw?CountryCode=BE&CityName=&Pollutant=24&Year_from=2016&Year_to=2016&Station=STA-BEVN070&Samplingpoint=&Source=E1a&Output=HTML&UpdateDate="
"Belgium","NET-Flanders","Flanders","BEGRT01","26RT01 - RETIE","SPO-BEGRT01_06001_100","PM2.5","Particulate matter < 2.5 µm (aerosol)","P1Y-day-per50","1 year 50 %ile of daily values in a year","2016","9.167","ug/m3","96.99","1","Background","Rural","5.0533","51.2309","23.0","","","","E1a/validated data AQ e-Reporting","18/03/2023 22:11:51","http://fme.discomap.eea.europa.eu/fmedatastreaming/AirQualityDownload/AQData_Extract.fmw?CountryCode=BE&CityName=&Pollutant=6001&Year_from=2016&Year_to=2016&Station=STA-BEGRT01&Samplingpoint=&Source=E1a&Output=HTML&UpdateDate="
"Belgium","NET-Flanders","Flanders","BELAB02","40AB02 - BERENDRECHT","SPO-BELAB02_00005_100","PM10","Particulate matter < 10 µm (aerosol)","P1Y-P1D-per90.4","1 year 90.4 percentile - COMPLIANCE","2016","35.975","ug/m3","100.00","1","Background","Suburban","4.3218","51.3407","10.0","Antwerpen                                                                       ","BE002C1                                           ","530014","E1a/validated data AQ e-Reporting","18/03/2023 22:08:35","http://fme.discomap.eea.europa.eu/fmedatastreaming/AirQualityDownload/AQData_Extract.fmw?CountryCode=BE&CityName=&Pollutant=5&Year_from=2016&Year_to=2016&Station=STA-BELAB02&Samplingpoint=&Source=E1a&Output=HTML&UpdateDate="
"Belgium","NET-Brussels","Brussels","BETR012","41R012 - UCCLE","SPO-BETR012_00005_100","PM10","Particulate matter < 10 µm (aerosol)","P1Y-hr-min","1 year hour min","2016","1.500","ug/m3","92.35","1","Background","Suburban","4.3586","50.7966","101.0","Bruxelles / Brussel                                                             ","BE001C1                                           ","1223364","E1a/validated data AQ e-Reporting","18/03/2023 22:31:20","http://fme.discomap.eea.europa.eu/fmedatastreaming/AirQualityDownload/AQData_Extract.fmw?CountryCode=BE&CityName=&Pollutant=5&Year_from=2016&Year_to=2016&Station=STA-BETR012&Samplingpoint=&Source=E1a&Output=HTML&UpdateDate="
"Belgium","NET-Brussels","Brussels","BETWOL1","41WOL1 - WOL.ST.L.","SPO-BETWOL1_00001_100","SO2","Sulphur dioxide (air)","P1Y-hr-min","1 year hour min","2016","0.200","ug/m3","92.32","1","Traffic","Suburban","4.4258","50.8567","78.0","Bruxelles / Brussel                                                             ","BE001C1                                           ","1223364","E1a/validated data AQ e-Reporting","18/03/2023 22:31:20","http://fme.discomap.eea.europa.eu/fmedatastreaming/AirQualityDownload/AQData_Extract.fmw?CountryCode=BE&CityName=&Pollutant=1&Year_from=2016&Year_to=2016&Station=STA-BETWOL1&Samplingpoint=&Source=E1a&Output=HTML&UpdateDate="
"Belgium","NET-Flanders","Flanders","BEGR701","26R701 - GENT","SPO-BEGR701_01045_100","NH4+ in PM2.5","Ammonium in PM2.5 (aerosol)","P1Y","Annual mean / 1 calendar year","2016","3.330","ug/m3","0.01","1","Background","Urban","3.7293","51.0583","5.0","Gent                                                                            ","BE003C1                                           ","263687","E1a/validated data AQ e-Reporting","18/03/2023 21:08:58","http://fme.discomap.eea.europa.eu/fmedatastreaming/AirQualityDownload/AQData_Extract.fmw?CountryCode=BE&CityName=&Pollutant=1045&Year_from=2016&Year_to=2016&Station=STA-BEGR701&Samplingpoint=&Source=E1a&Output=HTML&UpdateDate="
"Belgium","NET-Flanders","Flanders","BEGRT01","26RT01 - RETIE","SPO-BEGRT01_01771_100","EC in PM2.5","Elemental carbon in PM2.5 (aerosol)","P1Y","Annual mean / 1 calendar year","2016","0.380","ug/m3","0.01","1","Background","Rural","5.0533","51.2309","23.0","","","","E1a/validated data AQ e-Reporting","18/03/2023 21:08:58","http://fme.discomap.eea.europa.eu/fmedatastreaming/AirQualityDownload/AQData_Extract.fmw?CountryCode=BE&CityName=&Pollutant=1771&Year_from=2016&Year_to=2016&Station=STA-BEGRT01&Samplingpoint=&Source=E1a&Output=HTML&UpdateDate="
"Belgium","NET-Brussels","Brussels","BETN043","41N043 - HAREN","SPO-BETN043_00007_100","O3","Ozone (air)","P1Y-dmax-per99","1 year 99 percentile daily 8h maximum","2016","105.000","ug/m3","98.63","1","Industrial","Suburban","4.3830","50.8837","17.0","Bruxelles / Brussel                                                             ","BE001C1                                           ","1223364","E1a/validated data AQ e-Reporting","18/03/2023 22:13:26","http://fme.discomap.eea.europa.eu/fmedatastreaming/AirQualityDownload/AQData_Extract.fmw?CountryCode=BE&CityName=&Pollutant=7&Year_from=2016&Year_to=2016&Station=STA-BETN043&Samplingpoint=&Source=E1a&Output=HTML&UpdateDate="
"Belgium","NET-Brussels","Brussels","BETN043","41N043 - HAREN","SPO-BETN043_00008_100","NO2","Nitrogen dioxide (air)","P1Y-hrsAbove400","1 year hour exceed 400","2016","0.000","count","95.83","1","Industrial","Suburban","4.3830","50.8837","17.0","Bruxelles / Brussel                                                             ","BE001C1                                           ","1223364","E1a/validated data AQ e-Reporting","18/03/2023 21:54:38","http://fme.discomap.eea.europa.eu/fmedatastreaming/AirQualityDownload/AQData_Extract.fmw?CountryCode=BE&CityName=&Pollutant=8&Year_from=2016&Year_to=2016&Station=STA-BETN043&Samplingpoint=&Source=E1a&Output=HTML&UpdateDate="
"Belgium","NET-Brussels","Brussels","BETN043","41N043 - HAREN","SPO-BETN043_00010_100","CO","Carbon monoxide (air)","P1Y-8hdmxAbove10","1 year daymax exceed 10","2016","0.000","count","98.36","1","Industrial","Suburban","4.3830","50.8837","17.0","Bruxelles / Brussel                                                             ","BE001C1                                           ","1223364","E1a/validated data AQ e-Reporting","18/03/2023 22:27:43","http://fme.discomap.eea.europa.eu/fmedatastreaming/AirQualityDownload/AQData_Extract.fmw?CountryCode=BE&CityName=&Pollutant=10&Year_from=2016&Year_to=2016&Station=STA-BETN043&Samplingpoint=&Source=E1a&Output=HTML&UpdateDate="
"Belgium","NET-Flanders","Flanders","BEMGK05","00GK05 - GENK","SPO-BEMGK05_05012_100","Pb in PM10","Lead in PM10 (aerosol)","P1Y","Annual mean / 1 calendar year","2016","0.010","ug/m3","96.72","1","Industrial","Suburban","5.5268","50.9405","83.0","","","","E1a/validated data AQ e-Reporting","18/03/2023 21:08:58","http://fme.discomap.eea.europa.eu/fmedatastreaming/AirQualityDownload/AQData_Extract.fmw?CountryCode=BE&CityName=&Pollutant=5012&Year_from=2016&Year_to=2016&Station=STA-BEMGK05&Samplingpoint=&Source=E1a&Output=HTML&UpdateDate="
"Belgium","NET-Brussels","Brussels","BETR012","41R012 - UCCLE","SPO-BETR012_00005_100","PM10","Particulate matter < 10 µm (aerosol)","P3Y","3 subsequent calendar years mean","2016","20.416","ug/m3","92.04","1","Background","Suburban","4.3586","50.7966","101.0","Bruxelles / Brussel                                                             ","BE001C1                                           ","1223364","E1a/validated data AQ e-Reporting","18/03/2023 21:36:00","http://fme.discomap.eea.europa.eu/fmedatastreaming/AirQualityDownload/AQData_Extract.fmw?CountryCode=BE&CityName=&Pollutant=5&Year_from=2016&Year_to=2016&Station=STA-BETR012&Samplingpoint=&Source=E1a&Output=HTML&UpdateDate="
"Belgium","NET-Wallonia","Wallonia","BEVN070","50N070 - MONS","SPO-BEVN070_00451_100","CH2=CH-C(CH3)=CH2","Isoprene (2-methyl-1,3-butadiene) (air)","P1Y","Annual mean / 1 calendar year","2016","0.000","ug/m3","47.80","1","Background","Suburban","3.9397","50.4652","30.0","Mons                                                                            ","BE009C1                                           ","95922","E1a/validated data AQ e-Reporting","18/03/2023 21:08:58","http://fme.discomap.eea.europa.eu/fmedatastreaming/AirQualityDownload/AQData_Extract.fmw?CountryCode=BE&CityName=&Pollutant=451&Year_from=2016&Year_to=2016&Station=STA-BEVN070&Samplingpoint=&Source=E1a&Output=HTML&UpdateDate="
"Belgium","NET-Wallonia","Wallonia","BEVR240","50R240 - ENGIS","SPO-BEVR240_06011_100","1,2,4-C6H3(CH3)3","1,2,4-Trimethylbenzene (air)","P1Y","Annual mean / 1 calendar year","2016","0.000","ug/m3","47.81","1","Industrial","Suburban","5.3975","50.5836","135.0","","","","E1a/validated data AQ e-Reporting","18/03/2023 21:08:58","http://fme.discomap.eea.europa.eu/fmedatastreaming/AirQualityDownload/AQData_Extract.fmw?CountryCode=BE&CityName=&Pollutant=6011&Year_from=2016&Year_to=2016&Station=STA-BEVR240&Samplingpoint=&Source=E1a&Output=HTML&UpdateDate="
"Belgium","NET-Wallonia","Wallonia","BETN100","43N100 - DOURBES","SPO-BETN100_00009_100","NOX as NO2","Nitrogen oxides (air)","P1Y","Annual mean / 1 calendar year","2016","7.460","ug/m3","97.32","1","Background","Rural","4.5948","50.0957","225.0","","","","E1a/validated data AQ e-Reporting","18/03/2023 21:08:58","http://fme.discomap.eea.europa.eu/fmedatastreaming/AirQualityDownload/AQData_Extract.fmw?CountryCode=BE&CityName=&Pollutant=9&Year_from=2016&Year_to=2016&Station=STA-BETN100&Samplingpoint=&Source=E1a&Output=HTML&UpdateDate="
"Belgium","NET-Wallonia","Wallonia","BETR510","45R510 - CHATELINEAU","SPO-BETR510_00005_100","PM10","Particulate matter < 10 µm (aerosol)","P3Y","3 subsequent calendar years mean","2016","18.335","ug/m3","99.28","1","Background","Suburban","4.5211","50.4164","118.0","Charleroi                                                                       ","BE004C1                                           ","203314","E1a/validated data AQ e-Reporting","18/03/2023 21:36:00","http://fme.discomap.eea.europa.eu/fmedatastreaming/AirQualityDownload/AQData_Extract.fmw?CountryCode=BE&CityName=&Pollutant=5&Year_from=2016&Year_to=2016&Station=STA-BETR510&Samplingpoint=&Source=E1a&Output=HTML&UpdateDate="
"Belgium","NET-Wallonia","Wallonia","BETR511","45R511 - MARCINELLE","SPO-BETR511_00005_100","PM10","Particulate matter < 10 µm (aerosol)","P1Y-P1D-per90.41","1 year 90.41 percentile","2016","34.667","ug/m3","96.99","1","Background","Suburban","4.4247","50.3776","157.0","Charleroi                                                                       ","BE004C1                                           ","203314","E1a/validated data AQ e-Reporting","18/03/2023 22:09:05","http://fme.discomap.eea.europa.eu/fmedatastreaming/AirQualityDownload/AQData_Extract.fmw?CountryCode=BE&CityName=&Pollutant=5&Year_from=2016&Year_to=2016&Station=STA-BETR511&Samplingpoint=&Source=E1a&Output=HTML&UpdateDate="
"Belgium","NET-Flanders","Flanders","BELTS12","40TS12 - TESSENDERLO","SPO-BELTS12_04013_100","Hg0","Elemental Gaseous Mercury (air+aerosol)","P1Y-hr-min","1 year hour min","2016","0.500","ng/m3","97.55","1","Industrial","Suburban","5.0939","51.0634","32.0","","","","E1a/validated data AQ e-Reporting","18/03/2023 22:31:20","http://fme.discomap.eea.europa.eu/fmedatastreaming/AirQualityDownload/AQData_Extract.fmw?CountryCode=BE&CityName=&Pollutant=4013&Year_from=2016&Year_to=2016&Station=STA-BELTS12&Samplingpoint=&Source=E1a&Output=HTML&UpdateDate="
"Belgium","NET-Flanders","Flanders","BETN016","42N016 - DESSEL","SPO-BETN016_00007_100","O3","Ozone (air)","P1Y-day-per50","1 year 50 %ile of daily values in a year","2016","41.167","ug/m3","95.63","1","Background","Rural","5.1640","51.2337","30.0","","","","E1a/validated data AQ e-Reporting","18/03/2023 22:15:13","http://fme.discomap.eea.europa.eu/fmedatastreaming/AirQualityDownload/AQData_Extract.fmw?CountryCode=BE&CityName=&Pollutant=7&Year_from=2016&Year_to=2016&Station=STA-BETN016&Samplingpoint=&Source=E1a&Output=HTML&UpdateDate="
"Belgium","NET-Flanders","Flanders","BETE716","47E716 - MARIAKERKE","SPO-BETE716_00008_100","NO2","Nitrogen dioxide (air)","P1Y-day-per50","1 year 50 %ile of daily values in a year","2016","19.250","ug/m3","98.36","1","Industrial","Suburban","3.6828","51.0670","8.0","Gent                                                                            ","BE003C1                                           ","263687","E1a/validated data AQ e-Reporting","18/03/2023 22:14:21","http://fme.discomap.eea.europa.eu/fmedatastreaming/AirQualityDownload/AQData_Extract.fmw?CountryCode=BE&CityName=&Pollutant=8&Year_from=2016&Year_to=2016&Station=STA-BETE716&Samplingpoint=&Source=E1a&Output=HTML&UpdateDate="
"Belgium","NET-Flanders","Flanders","BETE811","47E811 - DIEPENBEEK","SPO-BETE811_00008_100","NO2","Nitrogen dioxide (air)","P1Y-3hAbove400","3 consecutive hours in exceedance of 400","2016","0.000","count","54.51","1","Industrial","Rural","5.4182","50.8969","59.0","","","","E1a/validated data AQ e-Reporting","18/03/2023 22:22:30","http://fme.discomap.eea.europa.eu/fmedatastreaming/AirQualityDownload/AQData_Extract.fmw?CountryCode=BE&CityName=&Pollutant=8&Year_from=2016&Year_to=2016&Station=STA-BETE811&Samplingpoint=&Source=E1a&Output=HTML&UpdateDate="
"Belgium","NET-Flanders","Flanders","BETM705","44M705 - ROESELARE","SPO-BETM705_06001_100","PM2.5","Particulate matter < 2.5 µm (aerosol)","P1Y-hr-min","1 year hour min","2016","1.000","ug/m3","97.21","1","Industrial","Suburban","3.1524","50.9454","19.0","","","","E1a/validated data AQ e-Reporting","18/03/2023 22:31:20","http://fme.discomap.eea.europa.eu/fmedatastreaming/AirQualityDownload/AQData_Extract.fmw?CountryCode=BE&CityName=&Pollutant=6001&Year_from=2016&Year_to=2016&Station=STA-BETM705&Samplingpoint=&Source=E1a&Output=HTML&UpdateDate="
"Belgium","NET-Flanders","Flanders","BETR010","42R010 - ST.STEVENSW","SPO-BETR010_00008_100","NO2","Nitrogen dioxide (air)","P1Y-day-max","1 year day max","2016","75.913","ug/m3","99.45","1","Background","Suburban","4.4284","50.8651","68.0","","","","E1a/validated data AQ e-Reporting","18/03/2023 21:43:56","http://fme.discomap.eea.europa.eu/fmedatastreaming/AirQualityDownload/AQData_Extract.fmw?CountryCode=BE&CityName=&Pollutant=8&Year_from=2016&Year_to=2016&Station=STA-BETR010&Samplingpoint=&Source=E1a&Output=HTML&UpdateDate="
"Belgium","NET-Brussels","Brussels","BETR012","41R012 - UCCLE","SPO-BETR012_00391_100","Black Carbon","black_carbon (aerosol)","P1Y-hr-min","1 year hour min","2016","0.020","ug/m3","97.35","1","Background","Suburban","4.3586","50.7966","101.0","Bruxelles / Brussel                                                             ","BE001C1                                           ","1223364","E1a/validated data AQ e-Reporting","18/03/2023 22:31:20","http://fme.discomap.eea.europa.eu/fmedatastreaming/AirQualityDownload/AQData_Extract.fmw?CountryCode=BE&CityName=&Pollutant=391&Year_from=2016&Year_to=2016&Station=STA-BETR012&Samplingpoint=&Source=E1a&Output=HTML&UpdateDate="
"Belgium","NET-Brussels","Brussels","BETB004","41B004 - STE.CATHERI","SPO-BETB004_00008_100","NO2","Nitrogen dioxide (air)","P1Y-day-max","1 year day max","2016","114.864","ug/m3","99.18","1","Background","Urban","4.3478","50.8521","17.0","Bruxelles / Brussel                                                             ","BE001C1                                           ","1223364","E1a/validated data AQ e-Reporting","18/03/2023 21:43:56","http://fme.discomap.eea.europa.eu/fmedatastreaming/AirQualityDownload/AQData_Extract.fmw?CountryCode=BE&CityName=&Pollutant=8&Year_from=2016&Year_to=2016&Station=STA-BETB004&Samplingpoint=&Source=E1a&Output=HTML&UpdateDate="
"Belgium","NET-Brussels","Brussels","BETB006","41B006 - PARL.EUROPE","SPO-BETB006_00008_100","NO2","Nitrogen dioxide (air)","P1Y-hr-max19","1 year hour max19","2016","97.500","ug/m3","36.44","1","Background","Urban","4.3744","50.8386","67.0","Bruxelles / Brussel                                                             ","BE001C1                                           ","1223364","E1a/validated data AQ e-Reporting","18/03/2023 22:34:35","http://fme.discomap.eea.europa.eu/fmedatastreaming/AirQualityDownload/AQData_Extract.fmw?CountryCode=BE&CityName=&Pollutant=8&Year_from=2016&Year_to=2016&Station=STA-BETB006&Samplingpoint=&Source=E1a&Output=HTML&UpdateDate="
"Belgium","NET-Brussels","Brussels","BETR001","41R001 - MOLENBEEK","SPO-BETR001_00005_100","PM10","Particulate matter < 10 µm (aerosol)","P1Y-hr-min","1 year hour min","2016","1.000","ug/m3","85.56","1","Background","Urban","4.3341","50.8497","20.0","Bruxelles / Brussel                                                             ","BE001C1                                           ","1223364","E1a/validated data AQ e-Reporting","18/03/2023 22:31:20","http://fme.discomap.eea.europa.eu/fmedatastreaming/AirQualityDownload/AQData_Extract.fmw?CountryCode=BE&CityName=&Pollutant=5&Year_from=2016&Year_to=2016&Station=STA-BETR001&Samplingpoint=&Source=E1a&Output=HTML&UpdateDate="
"Belgium","NET-Brussels","Brussels","BETR001","41R001 - MOLENBEEK","SPO-BETR001_00007_100","O3","Ozone (air)","P1Y","Annual mean / 1 calendar year","2016","35.443","ug/m3","91.46","1","Background","Urban","4.3341","50.8497","20.0","Bruxelles / Brussel                                                             ","BE001C1                                           ","1223364","E1a/validated data AQ e-Reporting","18/03/2023 21:08:58","http://fme.discomap.eea.europa.eu/fmedatastreaming/AirQualityDownload/AQData_Extract.fmw?CountryCode=BE&CityName=&Pollutant=7&Year_from=2016&Year_to=2016&Station=STA-BETR001&Samplingpoint=&Source=E1a&Output=HTML&UpdateDate="
"Belgium","NET-Brussels","Brussels","BETWOL1","41WOL1 - WOL.ST.L.","SPO-BETWOL1_00010_100","CO","Carbon monoxide (air)","P1Y-hr-min","1 year hour min","2016","0.100","mg/m3","90.86","1","Traffic","Suburban","4.4258","50.8567","78.0","Bruxelles / Brussel                                                             ","BE001C1                                           ","1223364","E1a/validated data AQ e-Reporting","18/03/2023 22:31:20","http://fme.discomap.eea.europa.eu/fmedatastreaming/AirQualityDownload/AQData_Extract.fmw?CountryCode=BE&CityName=&Pollutant=10&Year_from=2016&Year_to=2016&Station=STA-BETWOL1&Samplingpoint=&Source=E1a&Output=HTML&UpdateDate="
"Belgium","NET-Brussels","Brussels","BETB006","41B006 - PARL.EUROPE","SPO-BETB006_00007_100","O3","Ozone (air)","P1Y","Annual mean / 1 calendar year","2016","45.798","ug/m3","37.43","1","Background","Urban","4.3744","50.8386","67.0","Bruxelles / Brussel                                                             ","BE001C1                                           ","1223364","E1a/validated data AQ e-Reporting","18/03/2023 21:08:58","http://fme.discomap.eea.europa.eu/fmedatastreaming/AirQualityDownload/AQData_Extract.fmw?CountryCode=BE&CityName=&Pollutant=7&Year_from=2016&Year_to=2016&Station=STA-BETB006&Samplingpoint=&Source=E1a&Output=HTML&UpdateDate="
"Belgium","NET-Brussels","Brussels","BETR012","41R012 - UCCLE","SPO-BETR012_00005_100","PM10","Particulate matter < 10 µm (aerosol)","P1Y-P1D-per90.4","1 year 90.4 percentile - COMPLIANCE","2016","30.875","ug/m3","91.53","1","Background","Suburban","4.3586","50.7966","101.0","Bruxelles / Brussel                                                             ","BE001C1                                           ","1223364","E1a/validated data AQ e-Reporting","18/03/2023 22:08:35","http://fme.discomap.eea.europa.eu/fmedatastreaming/AirQualityDownload/AQData_Extract.fmw?CountryCode=BE&CityName=&Pollutant=5&Year_from=2016&Year_to=2016&Station=STA-BETR012&Samplingpoint=&Source=E1a&Output=HTML&UpdateDate="
"Belgium","NET-Brussels","Brussels","BETR012","41R012 - UCCLE","SPO-BETR012_06001_100","PM2.5","Particulate matter < 2.5 µm (aerosol)","P1Y-hr-min","1 year hour min","2016","0.350","ug/m3","93.12","1","Background","Suburban","4.3586","50.7966","101.0","Bruxelles / Brussel                                                             ","BE001C1                                           ","1223364","E1a/validated data AQ e-Reporting","18/03/2023 22:31:20","http://fme.discomap.eea.europa.eu/fmedatastreaming/AirQualityDownload/AQData_Extract.fmw?CountryCode=BE&CityName=&Pollutant=6001&Year_from=2016&Year_to=2016&Station=STA-BETR012&Samplingpoint=&Source=E1a&Output=HTML&UpdateDate="
"Belgium","NET-Brussels","Brussels","BETB004","41B004 - STE.CATHERI","SPO-BETB004_00008_100","NO2","Nitrogen dioxide (air)","P1Y-3hAbove400","3 consecutive hours in exceedance of 400","2016","0.000","count","96.82","1","Background","Urban","4.3478","50.8521","17.0","Bruxelles / Brussel                                                             ","BE001C1                                           ","1223364","E1a/validated data AQ e-Reporting","18/03/2023 22:22:30","http://fme.discomap.eea.europa.eu/fmedatastreaming/AirQualityDownload/AQData_Extract.fmw?CountryCode=BE&CityName=&Pollutant=8&Year_from=2016&Year_to=2016&Station=STA-BETB004&Samplingpoint=&Source=E1a&Output=HTML&UpdateDate="
"Belgium","NET-Wallonia","Wallonia","BEVN093","50N093 - SINSIN","SPO-BEVN093_06013_100","1,3,5-C6H3(CH3)3","1,3,5-Trimethylbenzene (air)","P1Y","Annual mean / 1 calendar year","2016","0.000","ug/m3","42.35","1","Background","Rural","5.2352","50.2745","265.0","","","","E1a/validated data AQ e-Reporting","18/03/2023 21:08:58","http://fme.discomap.eea.europa.eu/fmedatastreaming/AirQualityDownload/AQData_Extract.fmw?CountryCode=BE&CityName=&Pollutant=6013&Year_from=2016&Year_to=2016&Station=STA-BEVN093&Samplingpoint=&Source=E1a&Output=HTML&UpdateDate="
"Belgium","NET-Wallonia","Wallonia","BEVN100","50N100 - DOURBES","SPO-BEVN100_00020_100","C6H6","Benzene (air)","P1Y-day-min","1 year day min","2016","0.110","ug/m3","48.36","1","Background","Rural","4.5948","50.0957","225.0","","","","E1a/validated data AQ e-Reporting","18/03/2023 21:55:46","http://fme.discomap.eea.europa.eu/fmedatastreaming/AirQualityDownload/AQData_Extract.fmw?CountryCode=BE&CityName=&Pollutant=20&Year_from=2016&Year_to=2016&Station=STA-BEVN100&Samplingpoint=&Source=E1a&Output=HTML&UpdateDate="
"Belgium","NET-Wallonia","Wallonia","BEVN100","50N100 - DOURBES","SPO-BEVN100_00020_100","C6H6","Benzene (air)","P1Y-day-per50","1 year 50 %ile of daily values in a year","2016","0.320","ug/m3","48.36","1","Background","Rural","4.5948","50.0957","225.0","","","","E1a/validated data AQ e-Reporting","18/03/2023 22:13:51","http://fme.discomap.eea.europa.eu/fmedatastreaming/AirQualityDownload/AQData_Extract.fmw?CountryCode=BE&CityName=&Pollutant=20&Year_from=2016&Year_to=2016&Station=STA-BEVN100&Samplingpoint=&Source=E1a&Output=HTML&UpdateDate="
"Belgium","NET-Wallonia","Wallonia","BETR512","45R512 - MARCHIENNE","SPO-BETR512_00005_100","PM10","Particulate matter < 10 µm (aerosol)","P1Y-hr-per50","1 year 50 percentile","2016","20.271","ug/m3","99.27","1","Industrial","Suburban","4.3959","50.4078","107.0","Charleroi                                                                       ","BE004C1                                           ","203314","E1a/validated data AQ e-Reporting","18/03/2023 22:05:49","http://fme.discomap.eea.europa.eu/fmedatastreaming/AirQualityDownload/AQData_Extract.fmw?CountryCode=BE&CityName=&Pollutant=5&Year_from=2016&Year_to=2016&Station=STA-BETR512&Samplingpoint=&Source=E1a&Output=HTML&UpdateDate="
"Belgium","NET-Wallonia","Wallonia","BEVR231","50R231 - ANS","SPO-BEVR231_00020_100","C6H6","Benzene (air)","P1Y-day-min","1 year day min","2016","0.140","ug/m3","44.81","1","Background","Urban","5.5294","50.6601","160.0","Liège                                                                           ","BE005C1                                           ","383700","E1a/validated data AQ e-Reporting","18/03/2023 21:55:46","http://fme.discomap.eea.europa.eu/fmedatastreaming/AirQualityDownload/AQData_Extract.fmw?CountryCode=BE&CityName=&Pollutant=20&Year_from=2016&Year_to=2016&Station=STA-BEVR231&Samplingpoint=&Source=E1a&Output=HTML&UpdateDate="
"Belgium","NET-Wallonia","Wallonia","BEVR231","50R231 - ANS","SPO-BEVR231_06007_100","cis-H3C-CH=CH-CH3","cis-2-Butene (air)","P1Y","Annual mean / 1 calendar year","2016","0.000","ug/m3","44.81","1","Background","Urban","5.5294","50.6601","160.0","Liège                                                                           ","BE005C1                                           ","383700","E1a/validated data AQ e-Reporting","18/03/2023 21:08:58","http://fme.discomap.eea.europa.eu/fmedatastreaming/AirQualityDownload/AQData_Extract.fmw?CountryCode=BE&CityName=&Pollutant=6007&Year_from=2016&Year_to=2016&Station=STA-BEVR231&Samplingpoint=&Source=E1a&Output=HTML&UpdateDate="
"Belgium","NET-Flanders","Flanders","BETN046","42N046 - GELLIK","SPO-BETN046_00007_100","O3","Ozone (air)","P1Y-hr-max","1 year hour max","2016","212.500","ug/m3","91.78","1","Background","Rural","5.6189","50.8823","70.0","","","","E1a/validated data AQ e-Reporting","18/03/2023 21:57:02","http://fme.discomap.eea.europa.eu/fmedatastreaming/AirQualityDownload/AQData_Extract.fmw?CountryCode=BE&CityName=&Pollutant=7&Year_from=2016&Year_to=2016&Station=STA-BETN046&Samplingpoint=&Source=E1a&Output=HTML&UpdateDate="
"Belgium","NET-Flanders","Flanders","BETR750","44R750 - ZELZATE","SPO-BETR750_00005_100","PM10","Particulate matter < 10 µm (aerosol)","P1Y-hr-max","1 year hour max","2016","154.100","ug/m3","98.74","1","Industrial","Rural","3.8229","51.1961","6.0","","","","E1a/validated data AQ e-Reporting","18/03/2023 21:57:02","http://fme.discomap.eea.europa.eu/fmedatastreaming/AirQualityDownload/AQData_Extract.fmw?CountryCode=BE&CityName=&Pollutant=5&Year_from=2016&Year_to=2016&Station=STA-BETR750&Samplingpoint=&Source=E1a&Output=HTML&UpdateDate="
"Belgium","NET-Flanders","Flanders","BETN029","44N029 - HOUTEM","SPO-BETN029_00008_100","NO2","Nitrogen dioxide (air)","P1Y-hrsAbove400","1 year hour exceed 400","2016","0.000","count","96.62","1","Background","Rural","2.5823","51.0163","2.0","","","","E1a/validated data AQ e-Reporting","18/03/2023 21:54:38","http://fme.discomap.eea.europa.eu/fmedatastreaming/AirQualityDownload/AQData_Extract.fmw?CountryCode=BE&CityName=&Pollutant=8&Year_from=2016&Year_to=2016&Station=STA-BETN029&Samplingpoint=&Source=E1a&Output=HTML&UpdateDate="
"Belgium","NET-Flanders","Flanders","BESN045","59N045 - HASSELT","SPO-BESN045_00457_100","Chlorobenzene (air)","Chlorobenzene (air)","P1Y","Annual mean / 1 calendar year","2016","0.000","ug/m3","87.98","1","Background","Suburban","5.3684","50.9397","0.0","","","","E1a/validated data AQ e-Reporting","18/03/2023 21:08:58","http://fme.discomap.eea.europa.eu/fmedatastreaming/AirQualityDownload/AQData_Extract.fmw?CountryCode=BE&CityName=&Pollutant=457&Year_from=2016&Year_to=2016&Station=STA-BESN045&Samplingpoint=&Source=E1a&Output=HTML&UpdateDate="
"Belgium","NET-Flanders","Flanders","BETN052","44N052 - ZWEVEGEM","SPO-BETN052_00008_100","NO2","Nitrogen dioxide (air)","P1Y-hrsAbove400","1 year hour exceed 400","2016","0.000","count","94.73","1","Background","Suburban","3.3225","50.8149","27.0","","","","E1a/validated data AQ e-Reporting","18/03/2023 21:54:38","http://fme.discomap.eea.europa.eu/fmedatastreaming/AirQualityDownload/AQData_Extract.fmw?CountryCode=BE&CityName=&Pollutant=8&Year_from=2016&Year_to=2016&Station=STA-BETN052&Samplingpoint=&Source=E1a&Output=HTML&UpdateDate="
"Belgium","NET-Flanders","Flanders","BETN040","42N040 - ST.P.LEEUWG","SPO-BETN040_00007_100","O3","Ozone (air)","P1Y-dx-max","1 year day max max","2016","152.063","ug/m3","92.62","1","Background","Rural","4.2252","50.7681","20.0","","","","E1a/validated data AQ e-Reporting","18/03/2023 21:44:39","http://fme.discomap.eea.europa.eu/fmedatastreaming/AirQualityDownload/AQData_Extract.fmw?CountryCode=BE&CityName=&Pollutant=7&Year_from=2016&Year_to=2016&Station=STA-BETN040&Samplingpoint=&Source=E1a&Output=HTML&UpdateDate="
"Belgium","NET-Brussels","Brussels","BETB006","41B006 - PARL.EUROPE","SPO-BETB006_00007_100","O3","Ozone (air)","P1Y-day-min","1 year day min","2016","3.500","ug/m3","37.43","1","Background","Urban","4.3744","50.8386","67.0","Bruxelles / Brussel                                                             ","BE001C1                                           ","1223364","E1a/validated data AQ e-Reporting","18/03/2023 21:56:21","http://fme.discomap.eea.europa.eu/fmedatastreaming/AirQualityDownload/AQData_Extract.fmw?CountryCode=BE&CityName=&Pollutant=7&Year_from=2016&Year_to=2016&Station=STA-BETB006&Samplingpoint=&Source=E1a&Output=HTML&UpdateDate="
"Belgium","NET-Flanders","Flanders","BELAL01","40AL01 - LINKEROEVER","SPO-BELAL01_00008_100","NO2","Nitrogen dioxide (air)","P1Y-hr-per50","1 year 50 percentile","2016","23.500","ug/m3","94.18","1","Industrial","Suburban","4.3852","51.2362","10.0","Antwerpen                                                                       ","BE002C1                                           ","530014","E1a/validated data AQ e-Reporting","18/03/2023 22:05:49","http://fme.discomap.eea.europa.eu/fmedatastreaming/AirQualityDownload/AQData_Extract.fmw?CountryCode=BE&CityName=&Pollutant=8&Year_from=2016&Year_to=2016&Station=STA-BELAL01&Samplingpoint=&Source=E1a&Output=HTML&UpdateDate="
"Belgium","NET-Brussels","Brussels","BETWOL1","41WOL1 - WOL.ST.L.","SPO-BETWOL1_00005_100","PM10","Particulate matter < 10 µm (aerosol)","P1Y-day-max","1 year day max","2016","55.458","ug/m3","96.72","1","Traffic","Suburban","4.4258","50.8567","78.0","Bruxelles / Brussel                                                             ","BE001C1                                           ","1223364","E1a/validated data AQ e-Reporting","18/03/2023 21:43:06","http://fme.discomap.eea.europa.eu/fmedatastreaming/AirQualityDownload/AQData_Extract.fmw?CountryCode=BE&CityName=&Pollutant=5&Year_from=2016&Year_to=2016&Station=STA-BETWOL1&Samplingpoint=&Source=E1a&Output=HTML&UpdateDate="
"Belgium","NET-Brussels","Brussels","BETWOL1","41WOL1 - WOL.ST.L.","SPO-BETWOL1_00001_100","SO2","Sulphur dioxide (air)","P1Y-daysAbove125","1 year day exceed 125","2016","0.000","count","93.17","1","Traffic","Suburban","4.4258","50.8567","78.0","Bruxelles / Brussel                                                             ","BE001C1                                           ","1223364","E1a/validated data AQ e-Reporting","18/03/2023 22:23:37","http://fme.discomap.eea.europa.eu/fmedatastreaming/AirQualityDownload/AQData_Extract.fmw?CountryCode=BE&CityName=&Pollutant=1&Year_from=2016&Year_to=2016&Station=STA-BETWOL1&Samplingpoint=&Source=E1a&Output=HTML&UpdateDate="
"Belgium","NET-Brussels","Brussels","BETR001","41R001 - MOLENBEEK","SPO-BETR001_00008_100","NO2","Nitrogen dioxide (air)","P3Y","3 subsequent calendar years mean","2016","37.088","ug/m3","96.93","1","Background","Urban","4.3341","50.8497","20.0","Bruxelles / Brussel                                                             ","BE001C1                                           ","1223364","E1a/validated data AQ e-Reporting","18/03/2023 21:36:00","http://fme.discomap.eea.europa.eu/fmedatastreaming/AirQualityDownload/AQData_Extract.fmw?CountryCode=BE&CityName=&Pollutant=8&Year_from=2016&Year_to=2016&Station=STA-BETR001&Samplingpoint=&Source=E1a&Output=HTML&UpdateDate="
"Belgium","NET-Brussels","Brussels","BETR012","41R012 - UCCLE","SPO-BETR012_00008_100","NO2","Nitrogen dioxide (air)","P1Y-hrsAbove200","1 year hour exceed 200","2016","0.000","count","96.13","1","Background","Suburban","4.3586","50.7966","101.0","Bruxelles / Brussel                                                             ","BE001C1                                           ","1223364","E1a/validated data AQ e-Reporting","18/03/2023 21:48:42","http://fme.discomap.eea.europa.eu/fmedatastreaming/AirQualityDownload/AQData_Extract.fmw?CountryCode=BE&CityName=&Pollutant=8&Year_from=2016&Year_to=2016&Station=STA-BETR012&Samplingpoint=&Source=E1a&Output=HTML&UpdateDate="
"Belgium","NET-Brussels","Brussels","BETWOL1","41WOL1 - WOL.ST.L.","SPO-BETWOL1_00005_100","PM10","Particulate matter < 10 µm (aerosol)","P1Y-P1D-per90.4","1 year 90.4 percentile - COMPLIANCE","2016","32.021","ug/m3","96.72","1","Traffic","Suburban","4.4258","50.8567","78.0","Bruxelles / Brussel                                                             ","BE001C1                                           ","1223364","E1a/validated data AQ e-Reporting","18/03/2023 22:08:35","http://fme.discomap.eea.europa.eu/fmedatastreaming/AirQualityDownload/AQData_Extract.fmw?CountryCode=BE&CityName=&Pollutant=5&Year_from=2016&Year_to=2016&Station=STA-BETWOL1&Samplingpoint=&Source=E1a&Output=HTML&UpdateDate="
"Belgium","NET-Brussels","Brussels","BEVR001","51R001 - MOLENBEEK","SPO-BEVR001_00431_100","C6H5-C2H5","Ethyl benzene (air)","P1Y","Annual mean / 1 calendar year","2016","0.000","ug/m3","95.63","1","Background","Urban","4.3338","50.8497","15.0","Bruxelles / Brussel                                                             ","BE001C1                                           ","1223364","E1a/validated data AQ e-Reporting","18/03/2023 21:08:58","http://fme.discomap.eea.europa.eu/fmedatastreaming/AirQualityDownload/AQData_Extract.fmw?CountryCode=BE&CityName=&Pollutant=431&Year_from=2016&Year_to=2016&Station=STA-BEVR001&Samplingpoint=&Source=E1a&Output=HTML&UpdateDate="
"Belgium","NET-Flanders","Flanders","BELAB02","40AB02 - BERENDRECHT","SPO-BELAB02_00005_100","PM10","Particulate matter < 10 µm (aerosol)","P1Y-P1D-per99","1 year 99 percentile of daily means (P1D) or .../aq/primaryObservation/day","2016","52.746","ug/m3","100.00","1","Background","Suburban","4.3218","51.3407","10.0","Antwerpen                                                                       ","BE002C1                                           ","530014","E1a/validated data AQ e-Reporting","18/03/2023 22:09:38","http://fme.discomap.eea.europa.eu/fmedatastreaming/AirQualityDownload/AQData_Extract.fmw?CountryCode=BE&CityName=&Pollutant=5&Year_from=2016&Year_to=2016&Station=STA-BELAB02&Samplingpoint=&Source=E1a&Output=HTML&UpdateDate="
"Belgium","NET-Flanders","Flanders","BELAL01","40AL01 - LINKEROEVER","SPO-BELAL01_00008_100","NO2","Nitrogen dioxide (air)","P1Y-day-max","1 year day max","2016","82.208","ug/m3","95.63","1","Industrial","Suburban","4.3852","51.2362","10.0","Antwerpen                                                                       ","BE002C1                                           ","530014","E1a/validated data AQ e-Reporting","18/03/2023 21:43:56","http://fme.discomap.eea.europa.eu/fmedatastreaming/AirQualityDownload/AQData_Extract.fmw?CountryCode=BE&CityName=&Pollutant=8&Year_from=2016&Year_to=2016&Station=STA-BELAL01&Samplingpoint=&Source=E1a&Output=HTML&UpdateDate="
"Belgium","NET-Wallonia","Wallonia","BEVN063","50N063 - CORROY L.G.","SPO-BEVN063_00464_100","m,p-C6H4(CH3)2","m,p-Xylene (air)","P1Y","Annual mean / 1 calendar year","2016","0.000","ug/m3","45.36","1","Background","Rural","4.6683","50.6554","145.0","","","","E1a/validated data AQ e-Reporting","18/03/2023 21:08:58","http://fme.discomap.eea.europa.eu/fmedatastreaming/AirQualityDownload/AQData_Extract.fmw?CountryCode=BE&CityName=&Pollutant=464&Year_from=2016&Year_to=2016&Station=STA-BEVN063&Samplingpoint=&Source=E1a&Output=HTML&UpdateDate="
"Belgium","NET-Wallonia","Wallonia","BEVR240","50R240 - ENGIS","SPO-BEVR240_06006_100","trans-H3C-CH=CH-CH3","trans-2-Butene (air)","P1Y","Annual mean / 1 calendar year","2016","0.000","ug/m3","48.09","1","Industrial","Suburban","5.3975","50.5836","135.0","","","","E1a/validated data AQ e-Reporting","18/03/2023 21:08:58","http://fme.discomap.eea.europa.eu/fmedatastreaming/AirQualityDownload/AQData_Extract.fmw?CountryCode=BE&CityName=&Pollutant=6006&Year_from=2016&Year_to=2016&Station=STA-BEVR240&Samplingpoint=&Source=E1a&Output=HTML&UpdateDate="
"Belgium","NET-Wallonia","Wallonia","BEVR501","50R501 - CHARLEROI","SPO-BEVR501_00441_100","C7H16","n-Heptane (air)","P1Y","Annual mean / 1 calendar year","2016","0.002","ug/m3","48.36","1","Background","Urban","4.4522","50.4093","115.0","Charleroi                                                                       ","BE004C1                                           ","203314","E1a/validated data AQ e-Reporting","18/03/2023 21:08:58","http://fme.discomap.eea.europa.eu/fmedatastreaming/AirQualityDownload/AQData_Extract.fmw?CountryCode=BE&CityName=&Pollutant=441&Year_from=2016&Year_to=2016&Station=STA-BEVR501&Samplingpoint=&Source=E1a&Output=HTML&UpdateDate="
"Belgium","NET-Wallonia","Wallonia","BEVN100","50N100 - DOURBES","SPO-BEVN100_00475_100","C8H18","n-Octane (air)","P1Y","Annual mean / 1 calendar year","2016","0.000","ug/m3","48.36","1","Background","Rural","4.5948","50.0957","225.0","","","","E1a/validated data AQ e-Reporting","18/03/2023 21:08:58","http://fme.discomap.eea.europa.eu/fmedatastreaming/AirQualityDownload/AQData_Extract.fmw?CountryCode=BE&CityName=&Pollutant=475&Year_from=2016&Year_to=2016&Station=STA-BEVN100&Samplingpoint=&Source=E1a&Output=HTML&UpdateDate="
"Belgium","NET-Wallonia","Wallonia","BETN100","43N100 - DOURBES","SPO-BETN100_00008_100","NO2","Nitrogen dioxide (air)","P1Y-hr-per50","1 year 50 percentile","2016","4.500","ug/m3","97.32","1","Background","Rural","4.5948","50.0957","225.0","","","","E1a/validated data AQ e-Reporting","18/03/2023 22:05:49","http://fme.discomap.eea.europa.eu/fmedatastreaming/AirQualityDownload/AQData_Extract.fmw?CountryCode=BE&CityName=&Pollutant=8&Year_from=2016&Year_to=2016&Station=STA-BETN100&Samplingpoint=&Source=E1a&Output=HTML&UpdateDate="
"Belgium","NET-Wallonia","Wallonia","BETR223","43R223 - JEMEPPE","SPO-BETR223_00008_100","NO2","Nitrogen dioxide (air)","P1Y-day-max","1 year day max","2016","59.813","ug/m3","98.91","1","Industrial","Suburban","5.5164","50.6207","50.0","Liège                                                                           ","BE005C1                                           ","383700","E1a/validated data AQ e-Reporting","18/03/2023 21:43:56","http://fme.discomap.eea.europa.eu/fmedatastreaming/AirQualityDownload/AQData_Extract.fmw?CountryCode=BE&CityName=&Pollutant=8&Year_from=2016&Year_to=2016&Station=STA-BETR223&Samplingpoint=&Source=E1a&Output=HTML&UpdateDate="
"Belgium","NET-Wallonia","Wallonia","BETR510","45R510 - CHATELINEAU","SPO-BETR510_06001_100","PM2.5","Particulate matter < 2.5 µm (aerosol)","P3Y","3 subsequent calendar years mean","2016","11.034","ug/m3","99.28","1","Background","Suburban","4.5211","50.4164","118.0","Charleroi                                                                       ","BE004C1                                           ","203314","E1a/validated data AQ e-Reporting","18/03/2023 21:36:00","http://fme.discomap.eea.europa.eu/fmedatastreaming/AirQualityDownload/AQData_Extract.fmw?CountryCode=BE&CityName=&Pollutant=6001&Year_from=2016&Year_to=2016&Station=STA-BETR510&Samplingpoint=&Source=E1a&Output=HTML&UpdateDate="
"Belgium","NET-Wallonia","Wallonia","BEVN073","50N073 - VEZIN","SPO-BEVN073_00486_100","H3C-(CH2)3-CH3","n-Pentane (air)","P1Y","Annual mean / 1 calendar year","2016","0.000","ug/m3","48.09","1","Background","Rural","4.9884","50.5027","160.0","","","","E1a/validated data AQ e-Reporting","18/03/2023 21:08:58","http://fme.discomap.eea.europa.eu/fmedatastreaming/AirQualityDownload/AQData_Extract.fmw?CountryCode=BE&CityName=&Pollutant=486&Year_from=2016&Year_to=2016&Station=STA-BEVN073&Samplingpoint=&Source=E1a&Output=HTML&UpdateDate="
"Belgium","NET-Wallonia","Wallonia","BEVR221","50R221 - LIEGE","SPO-BEVR221_00464_100","m,p-C6H4(CH3)2","m,p-Xylene (air)","P1Y","Annual mean / 1 calendar year","2016","0.001","ug/m3","45.63","1","Background","Urban","5.6278","50.6584","65.0","Liège                                                                           ","BE005C1                                           ","383700","E1a/validated data AQ e-Reporting","18/03/2023 21:08:58","http://fme.discomap.eea.europa.eu/fmedatastreaming/AirQualityDownload/AQData_Extract.fmw?CountryCode=BE&CityName=&Pollutant=464&Year_from=2016&Year_to=2016&Station=STA-BEVR221&Samplingpoint=&Source=E1a&Output=HTML&UpdateDate="
"Belgium","NET-Wallonia","Wallonia","BEVR240","50R240 - ENGIS","SPO-BEVR240_00475_100","C8H18","n-Octane (air)","P1Y","Annual mean / 1 calendar year","2016","0.000","ug/m3","48.09","1","Industrial","Suburban","5.3975","50.5836","135.0","","","","E1a/validated data AQ e-Reporting","18/03/2023 21:08:58","http://fme.discomap.eea.europa.eu/fmedatastreaming/AirQualityDownload/AQData_Extract.fmw?CountryCode=BE&CityName=&Pollutant=475&Year_from=2016&Year_to=2016&Station=STA-BEVR240&Samplingpoint=&Source=E1a&Output=HTML&UpdateDate="
"Belgium","NET-Wallonia","Wallonia","BEVN113","50N113 - SAINT-ODE","SPO-BEVN113_00449_100","(CH3)3-C-CH2-CH-(CH3)2","i-Octane (2,2,4-trimethylpentane) (air)","P1Y","Annual mean / 1 calendar year","2016","0.000","ug/m3","42.90","1","Background","Rural","5.5930","50.0270","510.0","","","","E1a/validated data AQ e-Reporting","18/03/2023 21:08:58","http://fme.discomap.eea.europa.eu/fmedatastreaming/AirQualityDownload/AQData_Extract.fmw?CountryCode=BE&CityName=&Pollutant=449&Year_from=2016&Year_to=2016&Station=STA-BEVN113&Samplingpoint=&Source=E1a&Output=HTML&UpdateDate="
"Belgium","NET-Wallonia","Wallonia","BEVN113","50N113 - SAINT-ODE","SPO-BEVN113_00024_100","CH2=CH-CH=CH2","1.3 Butadiene (air)","P1Y","Annual mean / 1 calendar year","2016","0.000","ug/m3","42.90","1","Background","Rural","5.5930","50.0270","510.0","","","","E1a/validated data AQ e-Reporting","18/03/2023 21:08:58","http://fme.discomap.eea.europa.eu/fmedatastreaming/AirQualityDownload/AQData_Extract.fmw?CountryCode=BE&CityName=&Pollutant=24&Year_from=2016&Year_to=2016&Station=STA-BEVN113&Samplingpoint=&Source=E1a&Output=HTML&UpdateDate="
"Belgium","NET-Flanders","Flanders","BETM802","42M802 - ANTWERPEN","SPO-BETM802_00001_100","SO2","Sulphur dioxide (air)","P1Y-day-max","1 year day max","2016","11.729","ug/m3","97.54","1","Industrial","Suburban","4.4244","51.2610","3.0","Antwerpen                                                                       ","BE002C1                                           ","530014","E1a/validated data AQ e-Reporting","18/03/2023 21:42:48","http://fme.discomap.eea.europa.eu/fmedatastreaming/AirQualityDownload/AQData_Extract.fmw?CountryCode=BE&CityName=&Pollutant=1&Year_from=2016&Year_to=2016&Station=STA-BETM802&Samplingpoint=&Source=E1a&Output=HTML&UpdateDate="
"Belgium","NET-Flanders","Flanders","BETN040","42N040 - ST.P.LEEUWG","SPO-BETN040_00007_100","O3","Ozone (air)","P1Y-dmax-per99","1 year 99 percentile daily 8h maximum","2016","134.625","ug/m3","92.62","1","Background","Rural","4.2252","50.7681","20.0","","","","E1a/validated data AQ e-Reporting","18/03/2023 22:13:26","http://fme.discomap.eea.europa.eu/fmedatastreaming/AirQualityDownload/AQData_Extract.fmw?CountryCode=BE&CityName=&Pollutant=7&Year_from=2016&Year_to=2016&Station=STA-BETN040&Samplingpoint=&Source=E1a&Output=HTML&UpdateDate="
"Belgium","NET-Flanders","Flanders","BETR831","42R831 - BERENDRECHT","SPO-BETR831_00005_100","PM10","Particulate matter < 10 µm (aerosol)","P3Y","3 subsequent calendar years mean","2016","22.625","ug/m3","97.13","1","Industrial","Rural","4.3397","51.3488","3.0","Antwerpen                                                                       ","BE002C1                                           ","530014","E1a/validated data AQ e-Reporting","18/03/2023 21:36:00","http://fme.discomap.eea.europa.eu/fmedatastreaming/AirQualityDownload/AQData_Extract.fmw?CountryCode=BE&CityName=&Pollutant=5&Year_from=2016&Year_to=2016&Station=STA-BETR831&Samplingpoint=&Source=E1a&Output=HTML&UpdateDate="
"Belgium","NET-Flanders","Flanders","BETN040","42N040 - ST.P.LEEUWG","SPO-BETN040_00007_100","O3","Ozone (air)","P1Y-hrsAbove180","1 year hour exceed 180","2016","0.000","count","91.03","1","Background","Rural","4.2252","50.7681","20.0","","","","E1a/validated data AQ e-Reporting","18/03/2023 21:46:37","http://fme.discomap.eea.europa.eu/fmedatastreaming/AirQualityDownload/AQData_Extract.fmw?CountryCode=BE&CityName=&Pollutant=7&Year_from=2016&Year_to=2016&Station=STA-BETN040&Samplingpoint=&Source=E1a&Output=HTML&UpdateDate="
"Belgium","NET-Flanders","Flanders","BETN045","42N045 - HASSELT","SPO-BETN045_00007_100","O3","Ozone (air)","P3Y","3 subsequent calendar years mean","2016","45.809","ug/m3","92.43","1","Background","Suburban","5.3684","50.9397","41.0","","","","E1a/validated data AQ e-Reporting","18/03/2023 21:36:00","http://fme.discomap.eea.europa.eu/fmedatastreaming/AirQualityDownload/AQData_Extract.fmw?CountryCode=BE&CityName=&Pollutant=7&Year_from=2016&Year_to=2016&Station=STA-BETN045&Samplingpoint=&Source=E1a&Output=HTML&UpdateDate="
"Belgium","NET-Flanders","Flanders","BETN045","42N045 - HASSELT","SPO-BETN045_00008_100","NO2","Nitrogen dioxide (air)","P1Y-hr-max","1 year hour max","2016","118.000","ug/m3","96.78","1","Background","Suburban","5.3684","50.9397","41.0","","","","E1a/validated data AQ e-Reporting","18/03/2023 21:57:02","http://fme.discomap.eea.europa.eu/fmedatastreaming/AirQualityDownload/AQData_Extract.fmw?CountryCode=BE&CityName=&Pollutant=8&Year_from=2016&Year_to=2016&Station=STA-BETN045&Samplingpoint=&Source=E1a&Output=HTML&UpdateDate="
"Belgium","NET-Wallonia","Wallonia","BETR502","45R502 - LODELINSART","SPO-BETR502_00007_100","O3","Ozone (air)","P1Y-hr-per50","1 year 50 percentile","2016","34.000","ug/m3","95.41","1","Background","Suburban","4.4587","50.4290","135.0","Charleroi                                                                       ","BE004C1                                           ","203314","E1a/validated data AQ e-Reporting","18/03/2023 22:05:49","http://fme.discomap.eea.europa.eu/fmedatastreaming/AirQualityDownload/AQData_Extract.fmw?CountryCode=BE&CityName=&Pollutant=7&Year_from=2016&Year_to=2016&Station=STA-BETR502&Samplingpoint=&Source=E1a&Output=HTML&UpdateDate="
"Belgium","NET-Wallonia","Wallonia","BEVN085","50N085 - VIELSALM","SPO-BEVN085_06013_100","1,3,5-C6H3(CH3)3","1,3,5-Trimethylbenzene (air)","P1Y","Annual mean / 1 calendar year","2016","0.000","ug/m3","47.27","1","Background","Rural","6.0017","50.3032","490.0","","","","E1a/validated data AQ e-Reporting","18/03/2023 21:08:58","http://fme.discomap.eea.europa.eu/fmedatastreaming/AirQualityDownload/AQData_Extract.fmw?CountryCode=BE&CityName=&Pollutant=6013&Year_from=2016&Year_to=2016&Station=STA-BEVN085&Samplingpoint=&Source=E1a&Output=HTML&UpdateDate="
"Belgium","NET-Wallonia","Wallonia","BEVN066","50N066 - EUPEN","SPO-BEVN066_00449_100","(CH3)3-C-CH2-CH-(CH3)2","i-Octane (2,2,4-trimethylpentane) (air)","P1Y","Annual mean / 1 calendar year","2016","0.000","ug/m3","49.73","1","Background","Rural","6.0023","50.6289","295.0","","","","E1a/validated data AQ e-Reporting","18/03/2023 21:08:58","http://fme.discomap.eea.europa.eu/fmedatastreaming/AirQualityDownload/AQData_Extract.fmw?CountryCode=BE&CityName=&Pollutant=449&Year_from=2016&Year_to=2016&Station=STA-BEVN066&Samplingpoint=&Source=E1a&Output=HTML&UpdateDate="
"Belgium","NET-Wallonia","Wallonia","BETR502","45R502 - LODELINSART","SPO-BETR502_00008_100","NO2","Nitrogen dioxide (air)","P1Y-3hAbove400","3 consecutive hours in exceedance of 400","2016","0.000","count","97.52","1","Background","Suburban","4.4587","50.4290","135.0","Charleroi                                                                       ","BE004C1                                           ","203314","E1a/validated data AQ e-Reporting","18/03/2023 22:22:30","http://fme.discomap.eea.europa.eu/fmedatastreaming/AirQualityDownload/AQData_Extract.fmw?CountryCode=BE&CityName=&Pollutant=8&Year_from=2016&Year_to=2016&Station=STA-BETR502&Samplingpoint=&Source=E1a&Output=HTML&UpdateDate="
"Belgium","NET-Flanders","Flanders","BETR841","42R841 - MECHELEN","SPO-BETR841_00008_100","NO2","Nitrogen dioxide (air)","P1Y-3hAbove400","3 consecutive hours in exceedance of 400","2016","0.000","count","95.06","1","Background","Suburban","4.4693","51.0025","8.0","Mechelen                                                                        ","BE012C1                                           ","86911","E1a/validated data AQ e-Reporting","18/03/2023 22:22:30","http://fme.discomap.eea.europa.eu/fmedatastreaming/AirQualityDownload/AQData_Extract.fmw?CountryCode=BE&CityName=&Pollutant=8&Year_from=2016&Year_to=2016&Station=STA-BETR841&Samplingpoint=&Source=E1a&Output=HTML&UpdateDate="
"Belgium","NET-Flanders","Flanders","BESR801","59R801 - ANTWERPEN","SPO-BESR801_00482_100","o-C6H4-(CH3)2","o-Xylene (air)","P1Y","Annual mean / 1 calendar year","2016","0.000","ug/m3","84.16","1","Background","Suburban","4.4318","51.2097","0.0","Antwerpen                                                                       ","BE002C1                                           ","530014","E1a/validated data AQ e-Reporting","18/03/2023 21:08:58","http://fme.discomap.eea.europa.eu/fmedatastreaming/AirQualityDownload/AQData_Extract.fmw?CountryCode=BE&CityName=&Pollutant=482&Year_from=2016&Year_to=2016&Station=STA-BESR801&Samplingpoint=&Source=E1a&Output=HTML&UpdateDate="
"Belgium","NET-Flanders","Flanders","BETR702","44R702 - Gent (G.Carlierlaan)","SPO-BETR702_00005_100","PM10","Particulate matter < 10 µm (aerosol)","P1Y-day-max36","1 year day max 36","2016","40.808","ug/m3","100.00","1","Traffic","Urban","3.7350","51.0407","8.0","Gent                                                                            ","BE003C1                                           ","263687","E1a/validated data AQ e-Reporting","18/03/2023 22:32:47","http://fme.discomap.eea.europa.eu/fmedatastreaming/AirQualityDownload/AQData_Extract.fmw?CountryCode=BE&CityName=&Pollutant=5&Year_from=2016&Year_to=2016&Station=STA-BETR702&Samplingpoint=&Source=E1a&Output=HTML&UpdateDate="
"Belgium","NET-Flanders","Flanders","BESR893","59N893 - ANTWERPEN","SPO-BESR893_00475_100","C8H18","n-Octane (air)","P1Y","Annual mean / 1 calendar year","2016","0.000","ug/m3","84.15","1","Background","Suburban","3.8084","51.2032","0.0","","","","E1a/validated data AQ e-Reporting","18/03/2023 21:08:58","http://fme.discomap.eea.europa.eu/fmedatastreaming/AirQualityDownload/AQData_Extract.fmw?CountryCode=BE&CityName=&Pollutant=475&Year_from=2016&Year_to=2016&Station=STA-BESR893&Samplingpoint=&Source=E1a&Output=HTML&UpdateDate="
"Belgium","NET-Flanders","Flanders","BELAL01","40AL01 - LINKEROEVER","SPO-BELAL01_00005_100","PM10","Particulate matter < 10 µm (aerosol)","P3Y","3 subsequent calendar years mean","2016","21.755","ug/m3","97.89","1","Industrial","Suburban","4.3852","51.2362","10.0","Antwerpen                                                                       ","BE002C1                                           ","530014","E1a/validated data AQ e-Reporting","18/03/2023 21:36:00","http://fme.discomap.eea.europa.eu/fmedatastreaming/AirQualityDownload/AQData_Extract.fmw?CountryCode=BE&CityName=&Pollutant=5&Year_from=2016&Year_to=2016&Station=STA-BELAL01&Samplingpoint=&Source=E1a&Output=HTML&UpdateDate="
"Belgium","NET-Flanders","Flanders","BETR702","44R702 - Gent (G.Carlierlaan)","SPO-BETR702_00005_100","PM10","Particulate matter < 10 µm (aerosol)","P1Y-hr-min","1 year hour min","2016","4.100","ug/m3","99.77","1","Traffic","Urban","3.7350","51.0407","8.0","Gent                                                                            ","BE003C1                                           ","263687","E1a/validated data AQ e-Reporting","18/03/2023 22:31:20","http://fme.discomap.eea.europa.eu/fmedatastreaming/AirQualityDownload/AQData_Extract.fmw?CountryCode=BE&CityName=&Pollutant=5&Year_from=2016&Year_to=2016&Station=STA-BETR702&Samplingpoint=&Source=E1a&Output=HTML&UpdateDate="
"Belgium","NET-Wallonia","Wallonia","BEVN066","50N066 - EUPEN","SPO-BEVN066_00020_100","C6H6","Benzene (air)","P1Y-day-per50","1 year 50 %ile of daily values in a year","2016","0.390","ug/m3","48.09","1","Background","Rural","6.0023","50.6289","295.0","","","","E1a/validated data AQ e-Reporting","18/03/2023 22:13:51","http://fme.discomap.eea.europa.eu/fmedatastreaming/AirQualityDownload/AQData_Extract.fmw?CountryCode=BE&CityName=&Pollutant=20&Year_from=2016&Year_to=2016&Station=STA-BEVN066&Samplingpoint=&Source=E1a&Output=HTML&UpdateDate="
"Belgium","NET-Wallonia","Wallonia","BETR502","45R502 - LODELINSART","SPO-BETR502_00005_100","PM10","Particulate matter < 10 µm (aerosol)","P1Y-day-max","1 year day max","2016","87.563","ug/m3","100.00","1","Background","Suburban","4.4587","50.4290","135.0","Charleroi                                                                       ","BE004C1                                           ","203314","E1a/validated data AQ e-Reporting","18/03/2023 21:43:06","http://fme.discomap.eea.europa.eu/fmedatastreaming/AirQualityDownload/AQData_Extract.fmw?CountryCode=BE&CityName=&Pollutant=5&Year_from=2016&Year_to=2016&Station=STA-BETR502&Samplingpoint=&Source=E1a&Output=HTML&UpdateDate="
"Belgium","NET-Wallonia","Wallonia","BEVN066","50N066 - EUPEN","SPO-BEVN066_00443_100","C6H14","n-Hexane (air)","P1Y","Annual mean / 1 calendar year","2016","0.000","ug/m3","48.91","1","Background","Rural","6.0023","50.6289","295.0","","","","E1a/validated data AQ e-Reporting","18/03/2023 21:08:58","http://fme.discomap.eea.europa.eu/fmedatastreaming/AirQualityDownload/AQData_Extract.fmw?CountryCode=BE&CityName=&Pollutant=443&Year_from=2016&Year_to=2016&Station=STA-BEVN066&Samplingpoint=&Source=E1a&Output=HTML&UpdateDate="
"Belgium","NET-Wallonia","Wallonia","BEVN063","50N063 - CORROY L.G.","SPO-BEVN063_00024_100","CH2=CH-CH=CH2","1.3 Butadiene (air)","P1Y","Annual mean / 1 calendar year","2016","0.000","ug/m3","46.99","1","Background","Rural","4.6683","50.6554","145.0","","","","E1a/validated data AQ e-Reporting","18/03/2023 21:08:58","http://fme.discomap.eea.europa.eu/fmedatastreaming/AirQualityDownload/AQData_Extract.fmw?CountryCode=BE&CityName=&Pollutant=24&Year_from=2016&Year_to=2016&Station=STA-BEVN063&Samplingpoint=&Source=E1a&Output=HTML&UpdateDate="
"Belgium","NET-Wallonia","Wallonia","BEVN073","50N073 - VEZIN","SPO-BEVN073_00020_100","C6H6","Benzene (air)","P1Y-day-max","1 year day max","2016","2.340","ug/m3","48.09","1","Background","Rural","4.9884","50.5027","160.0","","","","E1a/validated data AQ e-Reporting","18/03/2023 21:43:39","http://fme.discomap.eea.europa.eu/fmedatastreaming/AirQualityDownload/AQData_Extract.fmw?CountryCode=BE&CityName=&Pollutant=20&Year_from=2016&Year_to=2016&Station=STA-BEVN073&Samplingpoint=&Source=E1a&Output=HTML&UpdateDate="
"Belgium","NET-Wallonia","Wallonia","BEVR240","50R240 - ENGIS","SPO-BEVR240_00464_100","m,p-C6H4(CH3)2","m,p-Xylene (air)","P1Y","Annual mean / 1 calendar year","2016","0.001","ug/m3","46.99","1","Industrial","Suburban","5.3975","50.5836","135.0","","","","E1a/validated data AQ e-Reporting","18/03/2023 21:08:58","http://fme.discomap.eea.europa.eu/fmedatastreaming/AirQualityDownload/AQData_Extract.fmw?CountryCode=BE&CityName=&Pollutant=464&Year_from=2016&Year_to=2016&Station=STA-BEVR240&Samplingpoint=&Source=E1a&Output=HTML&UpdateDate="
"Belgium","NET-Flanders","Flanders","BETE715","47E715 - ZUIENKERKE","SPO-BETE715_00008_100","NO2","Nitrogen dioxide (air)","P1Y-P1D-per99","1 year 99 percentile of daily means (P1D) or .../aq/primaryObservation/day","2016","50.370","ug/m3","98.63","1","Industrial","Rural","3.1750","51.2459","4.0","","","","E1a/validated data AQ e-Reporting","18/03/2023 22:10:34","http://fme.discomap.eea.europa.eu/fmedatastreaming/AirQualityDownload/AQData_Extract.fmw?CountryCode=BE&CityName=&Pollutant=8&Year_from=2016&Year_to=2016&Station=STA-BETE715&Samplingpoint=&Source=E1a&Output=HTML&UpdateDate="
"Belgium","NET-Flanders","Flanders","BETE716","47E716 - MARIAKERKE","SPO-BETE716_00008_100","NO2","Nitrogen dioxide (air)","P1Y-hr-min","1 year hour min","2016","1.000","ug/m3","96.22","1","Industrial","Suburban","3.6828","51.0670","8.0","Gent                                                                            ","BE003C1                                           ","263687","E1a/validated data AQ e-Reporting","18/03/2023 22:31:20","http://fme.discomap.eea.europa.eu/fmedatastreaming/AirQualityDownload/AQData_Extract.fmw?CountryCode=BE&CityName=&Pollutant=8&Year_from=2016&Year_to=2016&Station=STA-BETE716&Samplingpoint=&Source=E1a&Output=HTML&UpdateDate="
"Belgium","NET-Flanders","Flanders","BELTS12","40TS12 - TESSENDERLO","SPO-BELTS12_00020_100","C6H6","Benzene (air)","P1Y-day-min","1 year day min","2016","0.050","ug/m3","97.81","1","Industrial","Suburban","5.0939","51.0634","32.0","","","","E1a/validated data AQ e-Reporting","18/03/2023 21:55:46","http://fme.discomap.eea.europa.eu/fmedatastreaming/AirQualityDownload/AQData_Extract.fmw?CountryCode=BE&CityName=&Pollutant=20&Year_from=2016&Year_to=2016&Station=STA-BELTS12&Samplingpoint=&Source=E1a&Output=HTML&UpdateDate="
"Belgium","NET-Flanders","Flanders","BETN035","42N035 - AARSCHOT","SPO-BETN035_00008_100","NO2","Nitrogen dioxide (air)","P1Y-P1D-per99","1 year 99 percentile of daily means (P1D) or .../aq/primaryObservation/day","2016","53.935","ug/m3","99.18","1","Background","Rural","4.8376","50.9775","55.0","","","","E1a/validated data AQ e-Reporting","18/03/2023 22:10:34","http://fme.discomap.eea.europa.eu/fmedatastreaming/AirQualityDownload/AQData_Extract.fmw?CountryCode=BE&CityName=&Pollutant=8&Year_from=2016&Year_to=2016&Station=STA-BETN035&Samplingpoint=&Source=E1a&Output=HTML&UpdateDate="
"Belgium","NET-Flanders","Flanders","BETM802","42M802 - ANTWERPEN","SPO-BETM802_06001_100","PM2.5","Particulate matter < 2.5 µm (aerosol)","P1Y","Annual mean / 1 calendar year","2016","14.123","ug/m3","98.57","1","Industrial","Suburban","4.4244","51.2610","3.0","Antwerpen                                                                       ","BE002C1                                           ","530014","E1a/validated data AQ e-Reporting","18/03/2023 21:08:58","http://fme.discomap.eea.europa.eu/fmedatastreaming/AirQualityDownload/AQData_Extract.fmw?CountryCode=BE&CityName=&Pollutant=6001&Year_from=2016&Year_to=2016&Station=STA-BETM802&Samplingpoint=&Source=E1a&Output=HTML&UpdateDate="
"Belgium","NET-Flanders","Flanders","BETN016","42N016 - DESSEL","SPO-BETN016_00008_100","NO2","Nitrogen dioxide (air)","P1Y-hr-per50","1 year 50 percentile","2016","15.500","ug/m3","97.20","1","Background","Rural","5.1640","51.2337","30.0","","","","E1a/validated data AQ e-Reporting","18/03/2023 22:05:49","http://fme.discomap.eea.europa.eu/fmedatastreaming/AirQualityDownload/AQData_Extract.fmw?CountryCode=BE&CityName=&Pollutant=8&Year_from=2016&Year_to=2016&Station=STA-BETN016&Samplingpoint=&Source=E1a&Output=HTML&UpdateDate="
"Belgium","NET-Flanders","Flanders","BETN054","42N054 - WALSHOUTEM","SPO-BETN054_00005_100","PM10","Particulate matter < 10 µm (aerosol)","P1Y-P1D-per99","1 year 99 percentile of daily means (P1D) or .../aq/primaryObservation/day","2016","48.288","ug/m3","97.81","1","Background","Rural","5.1032","50.7117","135.0","","","","E1a/validated data AQ e-Reporting","18/03/2023 22:09:38","http://fme.discomap.eea.europa.eu/fmedatastreaming/AirQualityDownload/AQData_Extract.fmw?CountryCode=BE&CityName=&Pollutant=5&Year_from=2016&Year_to=2016&Station=STA-BETN054&Samplingpoint=&Source=E1a&Output=HTML&UpdateDate="
"Belgium","NET-Flanders","Flanders","BETM802","42M802 - ANTWERPEN","SPO-BETM802_00391_100","Black Carbon","black_carbon (aerosol)","P1Y","Annual mean / 1 calendar year","2016","1.738","ug/m3","98.13","1","Industrial","Suburban","4.4244","51.2610","3.0","Antwerpen                                                                       ","BE002C1                                           ","530014","E1a/validated data AQ e-Reporting","18/03/2023 21:08:58","http://fme.discomap.eea.europa.eu/fmedatastreaming/AirQualityDownload/AQData_Extract.fmw?CountryCode=BE&CityName=&Pollutant=391&Year_from=2016&Year_to=2016&Station=STA-BETM802&Samplingpoint=&Source=E1a&Output=HTML&UpdateDate="
"Belgium","NET-Flanders","Flanders","BETR701","44R701 - GENT","SPO-BETR701_00008_100","NO2","Nitrogen dioxide (air)","P1Y-hrsAbove400","1 year hour exceed 400","2016","0.000","count","94.79","1","Background","Urban","3.7293","51.0583","5.0","Gent                                                                            ","BE003C1                                           ","263687","E1a/validated data AQ e-Reporting","18/03/2023 21:54:38","http://fme.discomap.eea.europa.eu/fmedatastreaming/AirQualityDownload/AQData_Extract.fmw?CountryCode=BE&CityName=&Pollutant=8&Year_from=2016&Year_to=2016&Station=STA-BETR701&Samplingpoint=&Source=E1a&Output=HTML&UpdateDate="
"Belgium","NET-Flanders","Flanders","BETR740","44R740 - ST.KRUIS-WI","SPO-BETR740_00005_100","PM10","Particulate matter < 10 µm (aerosol)","P1Y-hr-max","1 year hour max","2016","173.600","ug/m3","99.80","1","Industrial","Rural","3.8087","51.1501","5.0","Gent                                                                            ","BE003C1                                           ","263687","E1a/validated data AQ e-Reporting","18/03/2023 21:57:02","http://fme.discomap.eea.europa.eu/fmedatastreaming/AirQualityDownload/AQData_Extract.fmw?CountryCode=BE&CityName=&Pollutant=5&Year_from=2016&Year_to=2016&Station=STA-BETR740&Samplingpoint=&Source=E1a&Output=HTML&UpdateDate="
"Belgium","NET-Wallonia","Wallonia","BETN070","43N070 - MONS","SPO-BETN070_00010_100","CO","Carbon monoxide (air)","P1Y-hr-per50","1 year 50 percentile","2016","0.195","mg/m3","97.36","1","Background","Suburban","3.9397","50.4652","30.0","Mons                                                                            ","BE009C1                                           ","95922","E1a/validated data AQ e-Reporting","18/03/2023 22:05:49","http://fme.discomap.eea.europa.eu/fmedatastreaming/AirQualityDownload/AQData_Extract.fmw?CountryCode=BE&CityName=&Pollutant=10&Year_from=2016&Year_to=2016&Station=STA-BETN070&Samplingpoint=&Source=E1a&Output=HTML&UpdateDate="
"Belgium","NET-Wallonia","Wallonia","BETN073","43N073 - VEZIN","SPO-BETN073_00008_100","NO2","Nitrogen dioxide (air)","P1Y-hr-max","1 year hour max","2016","68.500","ug/m3","97.44","1","Background","Rural","4.9884","50.5027","160.0","","","","E1a/validated data AQ e-Reporting","18/03/2023 21:57:02","http://fme.discomap.eea.europa.eu/fmedatastreaming/AirQualityDownload/AQData_Extract.fmw?CountryCode=BE&CityName=&Pollutant=8&Year_from=2016&Year_to=2016&Station=STA-BETN073&Samplingpoint=&Source=E1a&Output=HTML&UpdateDate="
"Belgium","NET-Wallonia","Wallonia","BETR240","43R240 - ENGIS","SPO-BETR240_00005_100","PM10","Particulate matter < 10 µm (aerosol)","P1Y-P1D-per90.41","1 year 90.41 percentile","2016","44.021","ug/m3","96.72","1","Industrial","Suburban","5.3975","50.5836","135.0","","","","E1a/validated data AQ e-Reporting","18/03/2023 22:09:05","http://fme.discomap.eea.europa.eu/fmedatastreaming/AirQualityDownload/AQData_Extract.fmw?CountryCode=BE&CityName=&Pollutant=5&Year_from=2016&Year_to=2016&Station=STA-BETR240&Samplingpoint=&Source=E1a&Output=HTML&UpdateDate="
"Belgium","NET-Wallonia","Wallonia","BETR512","45R512 - MARCHIENNE","SPO-BETR512_00010_100","CO","Carbon monoxide (air)","P1Y-dx-max","1 year day max max","2016","1.194","mg/m3","99.45","1","Industrial","Suburban","4.3959","50.4078","107.0","Charleroi                                                                       ","BE004C1                                           ","203314","E1a/validated data AQ e-Reporting","18/03/2023 21:44:39","http://fme.discomap.eea.europa.eu/fmedatastreaming/AirQualityDownload/AQData_Extract.fmw?CountryCode=BE&CityName=&Pollutant=10&Year_from=2016&Year_to=2016&Station=STA-BETR512&Samplingpoint=&Source=E1a&Output=HTML&UpdateDate="
"Belgium","NET-Wallonia","Wallonia","BETR240","43R240 - ENGIS","SPO-BETR240_00007_100","O3","Ozone (air)","P3Y-dmaxAbove120","Daymax exceed 120 averaged over 3 consecutive years","2016","11.000","count","100.00","1","Industrial","Suburban","5.3975","50.5836","135.0","","","","E1a/validated data AQ e-Reporting","18/03/2023 22:34:54","http://fme.discomap.eea.europa.eu/fmedatastreaming/AirQualityDownload/AQData_Extract.fmw?CountryCode=BE&CityName=&Pollutant=7&Year_from=2016&Year_to=2016&Station=STA-BETR240&Samplingpoint=&Source=E1a&Output=HTML&UpdateDate="
"Belgium","NET-Wallonia","Wallonia","BETR512","45R512 - MARCHIENNE","SPO-BETR512_00008_100","NO2","Nitrogen dioxide (air)","P1Y-P1D-per99","1 year 99 percentile of daily means (P1D) or .../aq/primaryObservation/day","2016","53.729","ug/m3","100.00","1","Industrial","Suburban","4.3959","50.4078","107.0","Charleroi                                                                       ","BE004C1                                           ","203314","E1a/validated data AQ e-Reporting","18/03/2023 22:10:34","http://fme.discomap.eea.europa.eu/fmedatastreaming/AirQualityDownload/AQData_Extract.fmw?CountryCode=BE&CityName=&Pollutant=8&Year_from=2016&Year_to=2016&Station=STA-BETR512&Samplingpoint=&Source=E1a&Output=HTML&UpdateDate="
"Belgium","NET-Wallonia","Wallonia","BETN085","43N085 - VIELSALM","SPO-BETN085_00001_100","SO2","Sulphur dioxide (air)","P1Y-hr-max25","1 year hour max 25","2016","1.000","ug/m3","96.30","1","Background","Rural","6.0017","50.3032","490.0","","","","E1a/validated data AQ e-Reporting","18/03/2023 22:33:20","http://fme.discomap.eea.europa.eu/fmedatastreaming/AirQualityDownload/AQData_Extract.fmw?CountryCode=BE&CityName=&Pollutant=1&Year_from=2016&Year_to=2016&Station=STA-BETN085&Samplingpoint=&Source=E1a&Output=HTML&UpdateDate="
"Belgium","NET-Wallonia","Wallonia","BEVMOU1","5MOU01 - MOUSCRON","SPO-BEVMOU1_00394_100","H3C-CH2-CH2-CH3","n-Butane (air)","P1Y","Annual mean / 1 calendar year","2016","0.001","ug/m3","49.73","1","Industrial","Suburban","3.2414","50.7532","42.0","Mouscron                                                                        ","BE013C1                                           ","58862","E1a/validated data AQ e-Reporting","18/03/2023 21:08:58","http://fme.discomap.eea.europa.eu/fmedatastreaming/AirQualityDownload/AQData_Extract.fmw?CountryCode=BE&CityName=&Pollutant=394&Year_from=2016&Year_to=2016&Station=STA-BEVMOU1&Samplingpoint=&Source=E1a&Output=HTML&UpdateDate="
"Belgium","NET-Wallonia","Wallonia","BEVR522","50R222 - SERAING","SPO-BEVR522_00020_100","C6H6","Benzene (air)","P1Y","Annual mean / 1 calendar year","2016","0.683","ug/m3","47.81","1","Background","Suburban","5.5713","50.6105","62.0","Liège                                                                           ","BE005C1                                           ","383700","E1a/validated data AQ e-Reporting","18/03/2023 21:08:58","http://fme.discomap.eea.europa.eu/fmedatastreaming/AirQualityDownload/AQData_Extract.fmw?CountryCode=BE&CityName=&Pollutant=20&Year_from=2016&Year_to=2016&Station=STA-BEVR522&Samplingpoint=&Source=E1a&Output=HTML&UpdateDate="
"Belgium","NET-Wallonia","Wallonia","BEVR501","50R501 - CHARLEROI","SPO-BEVR501_00482_100","o-C6H4-(CH3)2","o-Xylene (air)","P1Y","Annual mean / 1 calendar year","2016","0.002","ug/m3","48.36","1","Background","Urban","4.4522","50.4093","115.0","Charleroi                                                                       ","BE004C1                                           ","203314","E1a/validated data AQ e-Reporting","18/03/2023 21:08:58","http://fme.discomap.eea.europa.eu/fmedatastreaming/AirQualityDownload/AQData_Extract.fmw?CountryCode=BE&CityName=&Pollutant=482&Year_from=2016&Year_to=2016&Station=STA-BEVR501&Samplingpoint=&Source=E1a&Output=HTML&UpdateDate="
"Belgium","NET-Wallonia","Wallonia","BEVR522","50R222 - SERAING","SPO-BEVR522_00020_100","C6H6","Benzene (air)","P1Y-day-max","1 year day max","2016","2.170","ug/m3","47.81","1","Background","Suburban","5.5713","50.6105","62.0","Liège                                                                           ","BE005C1                                           ","383700","E1a/validated data AQ e-Reporting","18/03/2023 21:43:39","http://fme.discomap.eea.europa.eu/fmedatastreaming/AirQualityDownload/AQData_Extract.fmw?CountryCode=BE&CityName=&Pollutant=20&Year_from=2016&Year_to=2016&Station=STA-BEVR522&Samplingpoint=&Source=E1a&Output=HTML&UpdateDate="
"Belgium","NET-Flanders","Flanders","BETN046","42N046 - GELLIK","SPO-BETN046_00007_100","O3","Ozone (air)","P1Y-day-min","1 year day min","2016","1.022","ug/m3","92.08","1","Background","Rural","5.6189","50.8823","70.0","","","","E1a/validated data AQ e-Reporting","18/03/2023 21:56:21","http://fme.discomap.eea.europa.eu/fmedatastreaming/AirQualityDownload/AQData_Extract.fmw?CountryCode=BE&CityName=&Pollutant=7&Year_from=2016&Year_to=2016&Station=STA-BETN046&Samplingpoint=&Source=E1a&Output=HTML&UpdateDate="
"Belgium","NET-Flanders","Flanders","BETM702","44M702 - ERTVELDE","SPO-BETM702_00008_100","NO2","Nitrogen dioxide (air)","P1Y-hr-per50","1 year 50 percentile","2016","17.000","ug/m3","93.52","1","Industrial","Rural","3.7621","51.1660","5.0","","","","E1a/validated data AQ e-Reporting","18/03/2023 22:05:49","http://fme.discomap.eea.europa.eu/fmedatastreaming/AirQualityDownload/AQData_Extract.fmw?CountryCode=BE&CityName=&Pollutant=8&Year_from=2016&Year_to=2016&Station=STA-BETM702&Samplingpoint=&Source=E1a&Output=HTML&UpdateDate="
"Belgium","NET-Flanders","Flanders","BETN012","44N012 - MOERKERKE","SPO-BETN012_00008_100","NO2","Nitrogen dioxide (air)","P1Y-day-max","1 year day max","2016","50.792","ug/m3","96.45","1","Background","Rural","3.3625","51.2546","3.0","","","","E1a/validated data AQ e-Reporting","18/03/2023 21:43:56","http://fme.discomap.eea.europa.eu/fmedatastreaming/AirQualityDownload/AQData_Extract.fmw?CountryCode=BE&CityName=&Pollutant=8&Year_from=2016&Year_to=2016&Station=STA-BETN012&Samplingpoint=&Source=E1a&Output=HTML&UpdateDate="
"Belgium","NET-Flanders","Flanders","BETR020","42R020 - VILVOORDE","SPO-BETR020_00001_100","SO2","Sulphur dioxide (air)","P1Y-day-min","1 year day min","2016","1.000","ug/m3","99.45","1","Background","Suburban","4.4367","50.9414","12.0","","","","E1a/validated data AQ e-Reporting","18/03/2023 21:54:56","http://fme.discomap.eea.europa.eu/fmedatastreaming/AirQualityDownload/AQData_Extract.fmw?CountryCode=BE&CityName=&Pollutant=1&Year_from=2016&Year_to=2016&Station=STA-BETR020&Samplingpoint=&Source=E1a&Output=HTML&UpdateDate="
"Belgium","NET-Flanders","Flanders","BETR802","42R802 - BORGERHOUT","SPO-BETR802_00008_100","NO2","Nitrogen dioxide (air)","P1Y-hr-min","1 year hour min","2016","4.500","ug/m3","96.17","1","Traffic","Urban","4.4318","51.2095","6.0","Antwerpen                                                                       ","BE002C1                                           ","530014","E1a/validated data AQ e-Reporting","18/03/2023 22:31:20","http://fme.discomap.eea.europa.eu/fmedatastreaming/AirQualityDownload/AQData_Extract.fmw?CountryCode=BE&CityName=&Pollutant=8&Year_from=2016&Year_to=2016&Station=STA-BETR802&Samplingpoint=&Source=E1a&Output=HTML&UpdateDate="
"Belgium","NET-Flanders","Flanders","BETR020","42R020 - VILVOORDE","SPO-BETR020_00008_100","NO2","Nitrogen dioxide (air)","P1Y-hr-per50","1 year 50 percentile","2016","24.000","ug/m3","94.13","1","Background","Suburban","4.4367","50.9414","12.0","","","","E1a/validated data AQ e-Reporting","18/03/2023 22:05:49","http://fme.discomap.eea.europa.eu/fmedatastreaming/AirQualityDownload/AQData_Extract.fmw?CountryCode=BE&CityName=&Pollutant=8&Year_from=2016&Year_to=2016&Station=STA-BETR020&Samplingpoint=&Source=E1a&Output=HTML&UpdateDate="
"Belgium","NET-Wallonia","Wallonia","BEVN113","50N113 - SAINT-ODE","SPO-BEVN113_00020_100","C6H6","Benzene (air)","P1Y","Annual mean / 1 calendar year","2016","0.350","ug/m3","42.90","1","Background","Rural","5.5930","50.0270","510.0","","","","E1a/validated data AQ e-Reporting","18/03/2023 21:08:58","http://fme.discomap.eea.europa.eu/fmedatastreaming/AirQualityDownload/AQData_Extract.fmw?CountryCode=BE&CityName=&Pollutant=20&Year_from=2016&Year_to=2016&Station=STA-BEVN113&Samplingpoint=&Source=E1a&Output=HTML&UpdateDate="
"Belgium","NET-Wallonia","Wallonia","BEVN063","50N063 - CORROY L.G.","SPO-BEVN063_06013_100","1,3,5-C6H3(CH3)3","1,3,5-Trimethylbenzene (air)","P1Y","Annual mean / 1 calendar year","2016","0.000","ug/m3","46.72","1","Background","Rural","4.6683","50.6554","145.0","","","","E1a/validated data AQ e-Reporting","18/03/2023 21:08:58","http://fme.discomap.eea.europa.eu/fmedatastreaming/AirQualityDownload/AQData_Extract.fmw?CountryCode=BE&CityName=&Pollutant=6013&Year_from=2016&Year_to=2016&Station=STA-BEVN063&Samplingpoint=&Source=E1a&Output=HTML&UpdateDate="
"Belgium","NET-Wallonia","Wallonia","BEVN070","50N070 - MONS","SPO-BEVN070_06008_100","H2C=CH-CH2-CH2-CH3","1-Pentene (air)","P1Y","Annual mean / 1 calendar year","2016","0.000","ug/m3","47.80","1","Background","Suburban","3.9397","50.4652","30.0","Mons                                                                            ","BE009C1                                           ","95922","E1a/validated data AQ e-Reporting","18/03/2023 21:08:58","http://fme.discomap.eea.europa.eu/fmedatastreaming/AirQualityDownload/AQData_Extract.fmw?CountryCode=BE&CityName=&Pollutant=6008&Year_from=2016&Year_to=2016&Station=STA-BEVN070&Samplingpoint=&Source=E1a&Output=HTML&UpdateDate="
"Belgium","NET-Wallonia","Wallonia","BEVN085","50N085 - VIELSALM","SPO-BEVN085_06008_100","H2C=CH-CH2-CH2-CH3","1-Pentene (air)","P1Y","Annual mean / 1 calendar year","2016","0.000","ug/m3","47.27","1","Background","Rural","6.0017","50.3032","490.0","","","","E1a/validated data AQ e-Reporting","18/03/2023 21:08:58","http://fme.discomap.eea.europa.eu/fmedatastreaming/AirQualityDownload/AQData_Extract.fmw?CountryCode=BE&CityName=&Pollutant=6008&Year_from=2016&Year_to=2016&Station=STA-BEVN085&Samplingpoint=&Source=E1a&Output=HTML&UpdateDate="
"Belgium","NET-Wallonia","Wallonia","BEVR240","50R240 - ENGIS","SPO-BEVR240_06008_100","H2C=CH-CH2-CH2-CH3","1-Pentene (air)","P1Y","Annual mean / 1 calendar year","2016","0.000","ug/m3","48.36","1","Industrial","Suburban","5.3975","50.5836","135.0","","","","E1a/validated data AQ e-Reporting","18/03/2023 21:08:58","http://fme.discomap.eea.europa.eu/fmedatastreaming/AirQualityDownload/AQData_Extract.fmw?CountryCode=BE&CityName=&Pollutant=6008&Year_from=2016&Year_to=2016&Station=STA-BEVR240&Samplingpoint=&Source=E1a&Output=HTML&UpdateDate="
"Belgium","NET-Wallonia","Wallonia","BETR222","43R222 - SERAING","SPO-BETR222_06001_100","PM2.5","Particulate matter < 2.5 µm (aerosol)","P1Y-hr-per50","1 year 50 percentile","2016","7.488","ug/m3","97.51","1","Background","Suburban","5.5702","50.6134","65.0","Liège                                                                           ","BE005C1                                           ","383700","E1a/validated data AQ e-Reporting","18/03/2023 22:05:49","http://fme.discomap.eea.europa.eu/fmedatastreaming/AirQualityDownload/AQData_Extract.fmw?CountryCode=BE&CityName=&Pollutant=6001&Year_from=2016&Year_to=2016&Station=STA-BETR222&Samplingpoint=&Source=E1a&Output=HTML&UpdateDate="
"Belgium","NET-Flanders","Flanders","BETN052","44N052 - ZWEVEGEM","SPO-BETN052_06001_100","PM2.5","Particulate matter < 2.5 µm (aerosol)","P1Y-P1D-per99","1 year 99 percentile of daily means (P1D) or .../aq/primaryObservation/day","2016","51.542","ug/m3","99.18","1","Background","Suburban","3.3225","50.8149","27.0","","","","E1a/validated data AQ e-Reporting","18/03/2023 22:10:03","http://fme.discomap.eea.europa.eu/fmedatastreaming/AirQualityDownload/AQData_Extract.fmw?CountryCode=BE&CityName=&Pollutant=6001&Year_from=2016&Year_to=2016&Station=STA-BETN052&Samplingpoint=&Source=E1a&Output=HTML&UpdateDate="
"Belgium","NET-Flanders","Flanders","BELSZ02","40SZ02 - STEENOKKERZ","SPO-BELSZ02_00008_100","NO2","Nitrogen dioxide (air)","P1Y-hr-min","1 year hour min","2016","2.000","ug/m3","96.47","1","Industrial","Rural","4.5122","50.9130","15.0","","","","E1a/validated data AQ e-Reporting","18/03/2023 22:31:20","http://fme.discomap.eea.europa.eu/fmedatastreaming/AirQualityDownload/AQData_Extract.fmw?CountryCode=BE&CityName=&Pollutant=8&Year_from=2016&Year_to=2016&Station=STA-BELSZ02&Samplingpoint=&Source=E1a&Output=HTML&UpdateDate="
"Belgium","NET-Flanders","Flanders","BETR802","42R802 - BORGERHOUT","SPO-BETR802_00010_100","CO","Carbon monoxide (air)","P1Y-hr-per50","1 year 50 percentile","2016","0.275","mg/m3","96.48","1","Traffic","Urban","4.4318","51.2095","6.0","Antwerpen                                                                       ","BE002C1                                           ","530014","E1a/validated data AQ e-Reporting","18/03/2023 22:05:49","http://fme.discomap.eea.europa.eu/fmedatastreaming/AirQualityDownload/AQData_Extract.fmw?CountryCode=BE&CityName=&Pollutant=10&Year_from=2016&Year_to=2016&Station=STA-BETR802&Samplingpoint=&Source=E1a&Output=HTML&UpdateDate="
"Belgium","NET-Flanders","Flanders","BETN016","42N016 - DESSEL","SPO-BETN016_00007_100","O3","Ozone (air)","SOMO35","Sum of Ozone Means Over 35 ppb","2016","3081.723","ug/m3","95.63","1","Background","Rural","5.1640","51.2337","30.0","","","","E1a/validated data AQ e-Reporting","18/03/2023 22:59:23","http://fme.discomap.eea.europa.eu/fmedatastreaming/AirQualityDownload/AQData_Extract.fmw?CountryCode=BE&CityName=&Pollutant=7&Year_from=2016&Year_to=2016&Station=STA-BETN016&Samplingpoint=&Source=E1a&Output=HTML&UpdateDate="
"Belgium","NET-Flanders","Flanders","BETR803","42R803 - ANTWERPEN","SPO-BETR803_00005_100","PM10","Particulate matter < 10 µm (aerosol)","P1Y-hr-max","1 year hour max","2016","140.600","ug/m3","97.30","1","Background","Urban","4.4285","51.2286","0.0","Antwerpen                                                                       ","BE002C1                                           ","530014","E1a/validated data AQ e-Reporting","18/03/2023 21:57:02","http://fme.discomap.eea.europa.eu/fmedatastreaming/AirQualityDownload/AQData_Extract.fmw?CountryCode=BE&CityName=&Pollutant=5&Year_from=2016&Year_to=2016&Station=STA-BETR803&Samplingpoint=&Source=E1a&Output=HTML&UpdateDate="
"Belgium","NET-Flanders","Flanders","BETR750","44R750 - ZELZATE","SPO-BETR750_00001_100","SO2","Sulphur dioxide (air)","P1Y-day-max4","1 year day max 4","2016","29.739","ug/m3","98.36","1","Industrial","Rural","3.8229","51.1961","6.0","","","","E1a/validated data AQ e-Reporting","18/03/2023 22:31:46","http://fme.discomap.eea.europa.eu/fmedatastreaming/AirQualityDownload/AQData_Extract.fmw?CountryCode=BE&CityName=&Pollutant=1&Year_from=2016&Year_to=2016&Station=STA-BETR750&Samplingpoint=&Source=E1a&Output=HTML&UpdateDate="
"Belgium","NET-Wallonia","Wallonia","BETR223","43R223 - JEMEPPE","SPO-BETR223_00008_100","NO2","Nitrogen dioxide (air)","P1Y-hr-max-per99.79","1 year 99.79 %ile of hourly values in a given year","2016","85.000","ug/m3","97.01","1","Industrial","Suburban","5.5164","50.6207","50.0","Liège                                                                           ","BE005C1                                           ","383700","E1a/validated data AQ e-Reporting","18/03/2023 22:07:35","http://fme.discomap.eea.europa.eu/fmedatastreaming/AirQualityDownload/AQData_Extract.fmw?CountryCode=BE&CityName=&Pollutant=8&Year_from=2016&Year_to=2016&Station=STA-BETR223&Samplingpoint=&Source=E1a&Output=HTML&UpdateDate="
"Belgium","NET-Wallonia","Wallonia","BEVN100","50N100 - DOURBES","SPO-BEVN100_06011_100","1,2,4-C6H3(CH3)3","1,2,4-Trimethylbenzene (air)","P1Y","Annual mean / 1 calendar year","2016","0.000","ug/m3","48.36","1","Background","Rural","4.5948","50.0957","225.0","","","","E1a/validated data AQ e-Reporting","18/03/2023 21:08:58","http://fme.discomap.eea.europa.eu/fmedatastreaming/AirQualityDownload/AQData_Extract.fmw?CountryCode=BE&CityName=&Pollutant=6011&Year_from=2016&Year_to=2016&Station=STA-BEVN100&Samplingpoint=&Source=E1a&Output=HTML&UpdateDate="
"Belgium","NET-Wallonia","Wallonia","BETR512","45R512 - MARCHIENNE","SPO-BETR512_00001_100","SO2","Sulphur dioxide (air)","P1Y-daysAbove125","1 year day exceed 125","2016","0.000","count","91.26","1","Industrial","Suburban","4.3959","50.4078","107.0","Charleroi                                                                       ","BE004C1                                           ","203314","E1a/validated data AQ e-Reporting","18/03/2023 22:23:37","http://fme.discomap.eea.europa.eu/fmedatastreaming/AirQualityDownload/AQData_Extract.fmw?CountryCode=BE&CityName=&Pollutant=1&Year_from=2016&Year_to=2016&Station=STA-BETR512&Samplingpoint=&Source=E1a&Output=HTML&UpdateDate="
"Belgium","NET-Wallonia","Wallonia","BEVR231","50R231 - ANS","SPO-BEVR231_00441_100","C7H16","n-Heptane (air)","P1Y","Annual mean / 1 calendar year","2016","0.000","ug/m3","44.81","1","Background","Urban","5.5294","50.6601","160.0","Liège                                                                           ","BE005C1                                           ","383700","E1a/validated data AQ e-Reporting","18/03/2023 21:08:58","http://fme.discomap.eea.europa.eu/fmedatastreaming/AirQualityDownload/AQData_Extract.fmw?CountryCode=BE&CityName=&Pollutant=441&Year_from=2016&Year_to=2016&Station=STA-BEVR231&Samplingpoint=&Source=E1a&Output=HTML&UpdateDate="
"Belgium","NET-Wallonia","Wallonia","BETR240","43R240 - ENGIS","SPO-BETR240_00008_100","NO2","Nitrogen dioxide (air)","P1Y-hrsAbove400","1 year hour exceed 400","2016","0.000","count","95.54","1","Industrial","Suburban","5.3975","50.5836","135.0","","","","E1a/validated data AQ e-Reporting","18/03/2023 21:54:38","http://fme.discomap.eea.europa.eu/fmedatastreaming/AirQualityDownload/AQData_Extract.fmw?CountryCode=BE&CityName=&Pollutant=8&Year_from=2016&Year_to=2016&Station=STA-BETR240&Samplingpoint=&Source=E1a&Output=HTML&UpdateDate="
"Belgium","NET-Flanders","Flanders","BETR750","44R750 - ZELZATE","SPO-BETR750_00005_100","PM10","Particulate matter < 10 µm (aerosol)","P1Y","Annual mean / 1 calendar year","2016","24.401","ug/m3","98.74","1","Industrial","Rural","3.8229","51.1961","6.0","","","","E1a/validated data AQ e-Reporting","18/03/2023 21:08:58","http://fme.discomap.eea.europa.eu/fmedatastreaming/AirQualityDownload/AQData_Extract.fmw?CountryCode=BE&CityName=&Pollutant=5&Year_from=2016&Year_to=2016&Station=STA-BETR750&Samplingpoint=&Source=E1a&Output=HTML&UpdateDate="
"Belgium","NET-Flanders","Flanders","BETE703","47E703 - OOSTEEKLO","SPO-BETE703_00008_100","NO2","Nitrogen dioxide (air)","P1Y-hrsAbove200","1 year hour exceed 200","2016","0.000","count","93.21","1","Industrial","Rural","3.6873","51.1903","0.0","","","","E1a/validated data AQ e-Reporting","18/03/2023 21:48:42","http://fme.discomap.eea.europa.eu/fmedatastreaming/AirQualityDownload/AQData_Extract.fmw?CountryCode=BE&CityName=&Pollutant=8&Year_from=2016&Year_to=2016&Station=STA-BETE703&Samplingpoint=&Source=E1a&Output=HTML&UpdateDate="
"Belgium","NET-Flanders","Flanders","BETR701","44R701 - GENT","SPO-BETR701_00001_100","SO2","Sulphur dioxide (air)","P1Y-day-min","1 year day min","2016","1.000","ug/m3","98.91","1","Background","Urban","3.7293","51.0583","5.0","Gent                                                                            ","BE003C1                                           ","263687","E1a/validated data AQ e-Reporting","18/03/2023 21:54:56","http://fme.discomap.eea.europa.eu/fmedatastreaming/AirQualityDownload/AQData_Extract.fmw?CountryCode=BE&CityName=&Pollutant=1&Year_from=2016&Year_to=2016&Station=STA-BETR701&Samplingpoint=&Source=E1a&Output=HTML&UpdateDate="
"Belgium","NET-Flanders","Flanders","BETN051","44N051 - IDEGEM","SPO-BETN051_00008_100","NO2","Nitrogen dioxide (air)","P1Y-hr-max-per99.79","1 year 99.79 %ile of hourly values in a given year","2016","50.500","ug/m3","94.59","1","Background","Rural","3.9303","50.7989","15.0","","","","E1a/validated data AQ e-Reporting","18/03/2023 22:07:35","http://fme.discomap.eea.europa.eu/fmedatastreaming/AirQualityDownload/AQData_Extract.fmw?CountryCode=BE&CityName=&Pollutant=8&Year_from=2016&Year_to=2016&Station=STA-BETN051&Samplingpoint=&Source=E1a&Output=HTML&UpdateDate="
"Belgium","NET-Flanders","Flanders","BETR701","44R701 - GENT","SPO-BETR701_00007_100","O3","Ozone (air)","P1Y-hrsAbove180","1 year hour exceed 180","2016","0.000","count","87.15","1","Background","Urban","3.7293","51.0583","5.0","Gent                                                                            ","BE003C1                                           ","263687","E1a/validated data AQ e-Reporting","18/03/2023 21:46:37","http://fme.discomap.eea.europa.eu/fmedatastreaming/AirQualityDownload/AQData_Extract.fmw?CountryCode=BE&CityName=&Pollutant=7&Year_from=2016&Year_to=2016&Station=STA-BETR701&Samplingpoint=&Source=E1a&Output=HTML&UpdateDate="
"Belgium","NET-Flanders","Flanders","BELLD02","40LD02 - LAAKDAL","SPO-BELLD02_00020_100","C6H6","Benzene (air)","P1Y-day-per50","1 year 50 %ile of daily values in a year","2016","0.466","ug/m3","95.08","1","Industrial","Rural","5.0216","51.1204","22.0","","","","E1a/validated data AQ e-Reporting","18/03/2023 22:13:51","http://fme.discomap.eea.europa.eu/fmedatastreaming/AirQualityDownload/AQData_Extract.fmw?CountryCode=BE&CityName=&Pollutant=20&Year_from=2016&Year_to=2016&Station=STA-BELLD02&Samplingpoint=&Source=E1a&Output=HTML&UpdateDate="
"Belgium","NET-Wallonia","Wallonia","BETN132","43N132 - HABAY-LA-N.","SPO-BETN132_00001_100","SO2","Sulphur dioxide (air)","P1Y-hrsAbove350","1 year hour exceed 350","2016","0.000","count","97.04","1","Background","Rural","5.6304","49.7193","375.0","","","","E1a/validated data AQ e-Reporting","18/03/2023 21:52:12","http://fme.discomap.eea.europa.eu/fmedatastreaming/AirQualityDownload/AQData_Extract.fmw?CountryCode=BE&CityName=&Pollutant=1&Year_from=2016&Year_to=2016&Station=STA-BETN132&Samplingpoint=&Source=E1a&Output=HTML&UpdateDate="
"Belgium","NET-Wallonia","Wallonia","BEVN085","50N085 - VIELSALM","SPO-BEVN085_00020_100","C6H6","Benzene (air)","P1Y-day-min","1 year day min","2016","0.090","ug/m3","47.27","1","Background","Rural","6.0017","50.3032","490.0","","","","E1a/validated data AQ e-Reporting","18/03/2023 21:55:46","http://fme.discomap.eea.europa.eu/fmedatastreaming/AirQualityDownload/AQData_Extract.fmw?CountryCode=BE&CityName=&Pollutant=20&Year_from=2016&Year_to=2016&Station=STA-BEVN085&Samplingpoint=&Source=E1a&Output=HTML&UpdateDate="
"Belgium","NET-Wallonia","Wallonia","BEVN085","50N085 - VIELSALM","SPO-BEVN085_00464_100","m,p-C6H4(CH3)2","m,p-Xylene (air)","P1Y","Annual mean / 1 calendar year","2016","0.000","ug/m3","46.99","1","Background","Rural","6.0017","50.3032","490.0","","","","E1a/validated data AQ e-Reporting","18/03/2023 21:08:58","http://fme.discomap.eea.europa.eu/fmedatastreaming/AirQualityDownload/AQData_Extract.fmw?CountryCode=BE&CityName=&Pollutant=464&Year_from=2016&Year_to=2016&Station=STA-BEVN085&Samplingpoint=&Source=E1a&Output=HTML&UpdateDate="
"Belgium","NET-Wallonia","Wallonia","BETR222","43R222 - SERAING","SPO-BETR222_00001_100","SO2","Sulphur dioxide (air)","P1Y-hr-per50","1 year 50 percentile","2016","0.500","ug/m3","90.63","1","Background","Suburban","5.5702","50.6134","65.0","Liège                                                                           ","BE005C1                                           ","383700","E1a/validated data AQ e-Reporting","18/03/2023 22:05:49","http://fme.discomap.eea.europa.eu/fmedatastreaming/AirQualityDownload/AQData_Extract.fmw?CountryCode=BE&CityName=&Pollutant=1&Year_from=2016&Year_to=2016&Station=STA-BETR222&Samplingpoint=&Source=E1a&Output=HTML&UpdateDate="
"Belgium","NET-Flanders","Flanders","BETN052","44N052 - ZWEVEGEM","SPO-BETN052_00007_100","O3","Ozone (air)","P1Y-hr-max","1 year hour max","2016","146.000","ug/m3","89.66","1","Background","Suburban","3.3225","50.8149","27.0","","","","E1a/validated data AQ e-Reporting","18/03/2023 21:57:02","http://fme.discomap.eea.europa.eu/fmedatastreaming/AirQualityDownload/AQData_Extract.fmw?CountryCode=BE&CityName=&Pollutant=7&Year_from=2016&Year_to=2016&Station=STA-BETN052&Samplingpoint=&Source=E1a&Output=HTML&UpdateDate="
"Belgium","NET-Brussels","Brussels","BEVR001","51R001 - MOLENBEEK","SPO-BEVR001_00020_100","C6H6","Benzene (air)","P1Y","Annual mean / 1 calendar year","2016","0.681","ug/m3","95.63","1","Background","Urban","4.3338","50.8497","15.0","Bruxelles / Brussel                                                             ","BE001C1                                           ","1223364","E1a/validated data AQ e-Reporting","18/03/2023 21:08:58","http://fme.discomap.eea.europa.eu/fmedatastreaming/AirQualityDownload/AQData_Extract.fmw?CountryCode=BE&CityName=&Pollutant=20&Year_from=2016&Year_to=2016&Station=STA-BEVR001&Samplingpoint=&Source=E1a&Output=HTML&UpdateDate="
"Belgium","NET-Flanders","Flanders","BETR830","42R830 - DOEL","SPO-BETR830_00008_100","NO2","Nitrogen dioxide (air)","P1Y","Annual mean / 1 calendar year","2016","25.802","ug/m3","96.77","1","Industrial","Rural","4.2626","51.3182","5.0","","","","E1a/validated data AQ e-Reporting","18/03/2023 21:08:58","http://fme.discomap.eea.europa.eu/fmedatastreaming/AirQualityDownload/AQData_Extract.fmw?CountryCode=BE&CityName=&Pollutant=8&Year_from=2016&Year_to=2016&Station=STA-BETR830&Samplingpoint=&Source=E1a&Output=HTML&UpdateDate="
"Belgium","NET-Flanders","Flanders","BETR831","42R831 - BERENDRECHT","SPO-BETR831_00001_100","SO2","Sulphur dioxide (air)","P1Y-hrsAbove350","1 year hour exceed 350","2016","0.000","count","97.13","1","Industrial","Rural","4.3397","51.3488","3.0","Antwerpen                                                                       ","BE002C1                                           ","530014","E1a/validated data AQ e-Reporting","18/03/2023 21:52:12","http://fme.discomap.eea.europa.eu/fmedatastreaming/AirQualityDownload/AQData_Extract.fmw?CountryCode=BE&CityName=&Pollutant=1&Year_from=2016&Year_to=2016&Station=STA-BETR831&Samplingpoint=&Source=E1a&Output=HTML&UpdateDate="
"Belgium","NET-Flanders","Flanders","BETN051","44N051 - IDEGEM","SPO-BETN051_00007_100","O3","Ozone (air)","P1Y-dx-max26","1 year daymax max 26","2016","102.429","ug/m3","92.35","1","Background","Rural","3.9303","50.7989","15.0","","","","E1a/validated data AQ e-Reporting","18/03/2023 22:32:17","http://fme.discomap.eea.europa.eu/fmedatastreaming/AirQualityDownload/AQData_Extract.fmw?CountryCode=BE&CityName=&Pollutant=7&Year_from=2016&Year_to=2016&Station=STA-BETN051&Samplingpoint=&Source=E1a&Output=HTML&UpdateDate="
"Belgium","NET-Flanders","Flanders","BETN051","44N051 - IDEGEM","SPO-BETN051_00007_100","O3","Ozone (air)","P1Y-hrsAbove240","1 year hour exceed 240","2016","0.000","count","91.29","1","Background","Rural","3.9303","50.7989","15.0","","","","E1a/validated data AQ e-Reporting","18/03/2023 21:50:25","http://fme.discomap.eea.europa.eu/fmedatastreaming/AirQualityDownload/AQData_Extract.fmw?CountryCode=BE&CityName=&Pollutant=7&Year_from=2016&Year_to=2016&Station=STA-BETN051&Samplingpoint=&Source=E1a&Output=HTML&UpdateDate="
"Belgium","NET-Wallonia","Wallonia","BETN113","43N113 - SAINT-ODE","SPO-BETN113_00007_100","O3","Ozone (air)","P1Y-dx-max26","1 year daymax max 26","2016","104.571","ug/m3","88.52","1","Background","Rural","5.5930","50.0270","510.0","","","","E1a/validated data AQ e-Reporting","18/03/2023 22:32:17","http://fme.discomap.eea.europa.eu/fmedatastreaming/AirQualityDownload/AQData_Extract.fmw?CountryCode=BE&CityName=&Pollutant=7&Year_from=2016&Year_to=2016&Station=STA-BETN113&Samplingpoint=&Source=E1a&Output=HTML&UpdateDate="
"Belgium","NET-Wallonia","Wallonia","BEVR522","50R222 - SERAING","SPO-BEVR522_00316_100","(CH3)2-CH-CH2-CH2-CH3","i-Hexane (2-methylpentane) (air)","P1Y","Annual mean / 1 calendar year","2016","0.000","ug/m3","47.81","1","Background","Suburban","5.5713","50.6105","62.0","Liège                                                                           ","BE005C1                                           ","383700","E1a/validated data AQ e-Reporting","18/03/2023 21:08:58","http://fme.discomap.eea.europa.eu/fmedatastreaming/AirQualityDownload/AQData_Extract.fmw?CountryCode=BE&CityName=&Pollutant=316&Year_from=2016&Year_to=2016&Station=STA-BEVR522&Samplingpoint=&Source=E1a&Output=HTML&UpdateDate="
"Belgium","NET-Wallonia","Wallonia","BETN132","43N132 - HABAY-LA-N.","SPO-BETN132_00008_100","NO2","Nitrogen dioxide (air)","P1Y","Annual mean / 1 calendar year","2016","9.336","ug/m3","96.56","1","Background","Rural","5.6304","49.7193","375.0","","","","E1a/validated data AQ e-Reporting","18/03/2023 21:08:58","http://fme.discomap.eea.europa.eu/fmedatastreaming/AirQualityDownload/AQData_Extract.fmw?CountryCode=BE&CityName=&Pollutant=8&Year_from=2016&Year_to=2016&Station=STA-BETN132&Samplingpoint=&Source=E1a&Output=HTML&UpdateDate="
"Belgium","NET-Wallonia","Wallonia","BETR221","43R221 - LIEGE","SPO-BETR221_00001_100","SO2","Sulphur dioxide (air)","winter-avg","Winter mean","2016","1.816","ug/m3","96.61","1","Background","Urban","5.6278","50.6584","65.0","Liège                                                                           ","BE005C1                                           ","383700","E1a/validated data AQ e-Reporting","18/03/2023 22:50:43","http://fme.discomap.eea.europa.eu/fmedatastreaming/AirQualityDownload/AQData_Extract.fmw?CountryCode=BE&CityName=&Pollutant=1&Year_from=2016&Year_to=2016&Station=STA-BETR221&Samplingpoint=&Source=E1a&Output=HTML&UpdateDate="
"Belgium","NET-Wallonia","Wallonia","BETR501","45R501 - CHARLEROI","SPO-BETR501_00008_100","NO2","Nitrogen dioxide (air)","P1Y-day-min","1 year day min","2016","7.854","ug/m3","99.73","1","Background","Urban","4.4522","50.4093","115.0","Charleroi                                                                       ","BE004C1                                           ","203314","E1a/validated data AQ e-Reporting","18/03/2023 21:56:03","http://fme.discomap.eea.europa.eu/fmedatastreaming/AirQualityDownload/AQData_Extract.fmw?CountryCode=BE&CityName=&Pollutant=8&Year_from=2016&Year_to=2016&Station=STA-BETR501&Samplingpoint=&Source=E1a&Output=HTML&UpdateDate="
"Belgium","NET-Wallonia","Wallonia","BETR502","45R502 - LODELINSART","SPO-BETR502_00008_100","NO2","Nitrogen dioxide (air)","P1Y-hr-max19","1 year hour max19","2016","97.500","ug/m3","97.52","1","Background","Suburban","4.4587","50.4290","135.0","Charleroi                                                                       ","BE004C1                                           ","203314","E1a/validated data AQ e-Reporting","18/03/2023 22:34:35","http://fme.discomap.eea.europa.eu/fmedatastreaming/AirQualityDownload/AQData_Extract.fmw?CountryCode=BE&CityName=&Pollutant=8&Year_from=2016&Year_to=2016&Station=STA-BETR502&Samplingpoint=&Source=E1a&Output=HTML&UpdateDate="
"Belgium","NET-Flanders","Flanders","BETR802","42R802 - BORGERHOUT","SPO-BETR802_00005_100","PM10","Particulate matter < 10 µm (aerosol)","P1Y-P1D-per90.4","1 year 90.4 percentile - COMPLIANCE","2016","38.871","ug/m3","98.91","1","Traffic","Urban","4.4318","51.2095","6.0","Antwerpen                                                                       ","BE002C1                                           ","530014","E1a/validated data AQ e-Reporting","18/03/2023 22:08:35","http://fme.discomap.eea.europa.eu/fmedatastreaming/AirQualityDownload/AQData_Extract.fmw?CountryCode=BE&CityName=&Pollutant=5&Year_from=2016&Year_to=2016&Station=STA-BETR802&Samplingpoint=&Source=E1a&Output=HTML&UpdateDate="
"Belgium","NET-Flanders","Flanders","BETR811","42R811 - SCHOTEN","SPO-BETR811_00005_100","PM10","Particulate matter < 10 µm (aerosol)","P1Y-hr-max","1 year hour max","2016","147.600","ug/m3","99.64","1","Background","Suburban","4.4914","51.2521","8.0","","","","E1a/validated data AQ e-Reporting","18/03/2023 21:57:02","http://fme.discomap.eea.europa.eu/fmedatastreaming/AirQualityDownload/AQData_Extract.fmw?CountryCode=BE&CityName=&Pollutant=5&Year_from=2016&Year_to=2016&Station=STA-BETR811&Samplingpoint=&Source=E1a&Output=HTML&UpdateDate="
"Belgium","NET-Flanders","Flanders","BETN035","42N035 - AARSCHOT","SPO-BETN035_00005_100","PM10","Particulate matter < 10 µm (aerosol)","P1Y-P1D-per90.4","1 year 90.4 percentile - COMPLIANCE","2016","33.017","ug/m3","99.73","1","Background","Rural","4.8376","50.9775","55.0","","","","E1a/validated data AQ e-Reporting","18/03/2023 22:08:35","http://fme.discomap.eea.europa.eu/fmedatastreaming/AirQualityDownload/AQData_Extract.fmw?CountryCode=BE&CityName=&Pollutant=5&Year_from=2016&Year_to=2016&Station=STA-BETN035&Samplingpoint=&Source=E1a&Output=HTML&UpdateDate="
"Belgium","NET-Flanders","Flanders","BETN035","42N035 - AARSCHOT","SPO-BETN035_00001_100","SO2","Sulphur dioxide (air)","P1Y-day-min","1 year day min","2016","1.000","ug/m3","98.91","1","Background","Rural","4.8376","50.9775","55.0","","","","E1a/validated data AQ e-Reporting","18/03/2023 21:54:56","http://fme.discomap.eea.europa.eu/fmedatastreaming/AirQualityDownload/AQData_Extract.fmw?CountryCode=BE&CityName=&Pollutant=1&Year_from=2016&Year_to=2016&Station=STA-BETN035&Samplingpoint=&Source=E1a&Output=HTML&UpdateDate="
"Belgium","NET-Flanders","Flanders","BETR710","44R710 - DESTELBERGE","SPO-BETR710_06001_100","PM2.5","Particulate matter < 2.5 µm (aerosol)","P1Y","Annual mean / 1 calendar year","2016","14.009","ug/m3","99.42","1","Background","Suburban","3.7753","51.0613","6.0","","","","E1a/validated data AQ e-Reporting","18/03/2023 21:08:58","http://fme.discomap.eea.europa.eu/fmedatastreaming/AirQualityDownload/AQData_Extract.fmw?CountryCode=BE&CityName=&Pollutant=6001&Year_from=2016&Year_to=2016&Station=STA-BETR710&Samplingpoint=&Source=E1a&Output=HTML&UpdateDate="
"Belgium","NET-Flanders","Flanders","BETN054","42N054 - WALSHOUTEM","SPO-BETN054_00007_100","O3","Ozone (air)","P1Y-dx-max26","1 year daymax max 26","2016","105.500","ug/m3","92.62","1","Background","Rural","5.1032","50.7117","135.0","","","","E1a/validated data AQ e-Reporting","18/03/2023 22:32:17","http://fme.discomap.eea.europa.eu/fmedatastreaming/AirQualityDownload/AQData_Extract.fmw?CountryCode=BE&CityName=&Pollutant=7&Year_from=2016&Year_to=2016&Station=STA-BETN054&Samplingpoint=&Source=E1a&Output=HTML&UpdateDate="
"Belgium","NET-Flanders","Flanders","BETR811","42R811 - SCHOTEN","SPO-BETR811_06001_100","PM2.5","Particulate matter < 2.5 µm (aerosol)","P1Y-hr-min","1 year hour min","2016","1.000","ug/m3","99.64","1","Background","Suburban","4.4914","51.2521","8.0","","","","E1a/validated data AQ e-Reporting","18/03/2023 22:31:20","http://fme.discomap.eea.europa.eu/fmedatastreaming/AirQualityDownload/AQData_Extract.fmw?CountryCode=BE&CityName=&Pollutant=6001&Year_from=2016&Year_to=2016&Station=STA-BETR811&Samplingpoint=&Source=E1a&Output=HTML&UpdateDate="
"Belgium","NET-Flanders","Flanders","BETR740","44R740 - ST.KRUIS-WI","SPO-BETR740_00008_100","NO2","Nitrogen dioxide (air)","P1Y-hr-max","1 year hour max","2016","109.000","ug/m3","96.32","1","Industrial","Rural","3.8087","51.1501","5.0","Gent                                                                            ","BE003C1                                           ","263687","E1a/validated data AQ e-Reporting","18/03/2023 21:57:02","http://fme.discomap.eea.europa.eu/fmedatastreaming/AirQualityDownload/AQData_Extract.fmw?CountryCode=BE&CityName=&Pollutant=8&Year_from=2016&Year_to=2016&Station=STA-BETR740&Samplingpoint=&Source=E1a&Output=HTML&UpdateDate="
"Belgium","NET-Flanders","Flanders","BETR815","42R815 - ZWIJNDRECHT","SPO-BETR815_00008_100","NO2","Nitrogen dioxide (air)","P1Y-day-max","1 year day max","2016","91.208","ug/m3","98.09","1","Industrial","Suburban","4.3322","51.2147","7.0","","","","E1a/validated data AQ e-Reporting","18/03/2023 21:43:56","http://fme.discomap.eea.europa.eu/fmedatastreaming/AirQualityDownload/AQData_Extract.fmw?CountryCode=BE&CityName=&Pollutant=8&Year_from=2016&Year_to=2016&Station=STA-BETR815&Samplingpoint=&Source=E1a&Output=HTML&UpdateDate="
"Belgium","NET-Flanders","Flanders","BETR841","42R841 - MECHELEN","SPO-BETR841_00007_100","O3","Ozone (air)","P1Y-hr-max","1 year hour max","2016","166.500","ug/m3","93.94","1","Background","Suburban","4.4693","51.0025","8.0","Mechelen                                                                        ","BE012C1                                           ","86911","E1a/validated data AQ e-Reporting","18/03/2023 21:57:02","http://fme.discomap.eea.europa.eu/fmedatastreaming/AirQualityDownload/AQData_Extract.fmw?CountryCode=BE&CityName=&Pollutant=7&Year_from=2016&Year_to=2016&Station=STA-BETR841&Samplingpoint=&Source=E1a&Output=HTML&UpdateDate="
"Belgium","NET-Flanders","Flanders","BETR841","42R841 - MECHELEN","SPO-BETR841_00008_100","NO2","Nitrogen dioxide (air)","P1Y-hrsAbove400","1 year hour exceed 400","2016","0.000","count","95.06","1","Background","Suburban","4.4693","51.0025","8.0","Mechelen                                                                        ","BE012C1                                           ","86911","E1a/validated data AQ e-Reporting","18/03/2023 21:54:38","http://fme.discomap.eea.europa.eu/fmedatastreaming/AirQualityDownload/AQData_Extract.fmw?CountryCode=BE&CityName=&Pollutant=8&Year_from=2016&Year_to=2016&Station=STA-BETR841&Samplingpoint=&Source=E1a&Output=HTML&UpdateDate="
"Belgium","NET-Flanders","Flanders","BETN046","42N046 - GELLIK","SPO-BETN046_00008_100","NO2","Nitrogen dioxide (air)","P1Y-hr-min","1 year hour min","2016","1.000","ug/m3","94.64","1","Background","Rural","5.6189","50.8823","70.0","","","","E1a/validated data AQ e-Reporting","18/03/2023 22:31:20","http://fme.discomap.eea.europa.eu/fmedatastreaming/AirQualityDownload/AQData_Extract.fmw?CountryCode=BE&CityName=&Pollutant=8&Year_from=2016&Year_to=2016&Station=STA-BETN046&Samplingpoint=&Source=E1a&Output=HTML&UpdateDate="
"Belgium","NET-Flanders","Flanders","BETN046","42N046 - GELLIK","SPO-BETN046_00008_100","NO2","Nitrogen dioxide (air)","P1Y-hr-per50","1 year 50 percentile","2016","15.000","ug/m3","94.64","1","Background","Rural","5.6189","50.8823","70.0","","","","E1a/validated data AQ e-Reporting","18/03/2023 22:05:49","http://fme.discomap.eea.europa.eu/fmedatastreaming/AirQualityDownload/AQData_Extract.fmw?CountryCode=BE&CityName=&Pollutant=8&Year_from=2016&Year_to=2016&Station=STA-BETN046&Samplingpoint=&Source=E1a&Output=HTML&UpdateDate="
"Belgium","NET-Flanders","Flanders","BETN045","42N045 - HASSELT","SPO-BETN045_00005_100","PM10","Particulate matter < 10 µm (aerosol)","P1Y","Annual mean / 1 calendar year","2016","20.090","ug/m3","99.54","1","Background","Suburban","5.3684","50.9397","41.0","","","","E1a/validated data AQ e-Reporting","18/03/2023 21:08:58","http://fme.discomap.eea.europa.eu/fmedatastreaming/AirQualityDownload/AQData_Extract.fmw?CountryCode=BE&CityName=&Pollutant=5&Year_from=2016&Year_to=2016&Station=STA-BETN045&Samplingpoint=&Source=E1a&Output=HTML&UpdateDate="
"Belgium","NET-Flanders","Flanders","BETN045","42N045 - HASSELT","SPO-BETN045_00007_100","O3","Ozone (air)","P1Y-day-max","1 year day max","2016","111.500","ug/m3","95.90","1","Background","Suburban","5.3684","50.9397","41.0","","","","E1a/validated data AQ e-Reporting","18/03/2023 21:44:13","http://fme.discomap.eea.europa.eu/fmedatastreaming/AirQualityDownload/AQData_Extract.fmw?CountryCode=BE&CityName=&Pollutant=7&Year_from=2016&Year_to=2016&Station=STA-BETN045&Samplingpoint=&Source=E1a&Output=HTML&UpdateDate="
"Belgium","NET-Flanders","Flanders","BETN012","44N012 - MOERKERKE","SPO-BETN012_00008_100","NO2","Nitrogen dioxide (air)","P1Y-hr-max","1 year hour max","2016","83.500","ug/m3","94.24","1","Background","Rural","3.3625","51.2546","3.0","","","","E1a/validated data AQ e-Reporting","18/03/2023 21:57:02","http://fme.discomap.eea.europa.eu/fmedatastreaming/AirQualityDownload/AQData_Extract.fmw?CountryCode=BE&CityName=&Pollutant=8&Year_from=2016&Year_to=2016&Station=STA-BETN012&Samplingpoint=&Source=E1a&Output=HTML&UpdateDate="
"Belgium","NET-Flanders","Flanders","BETR740","44R740 - ST.KRUIS-WI","SPO-BETR740_00007_100","O3","Ozone (air)","P1Y-dx-max","1 year day max max","2016","138.000","ug/m3","90.44","1","Industrial","Rural","3.8087","51.1501","5.0","Gent                                                                            ","BE003C1                                           ","263687","E1a/validated data AQ e-Reporting","18/03/2023 21:44:39","http://fme.discomap.eea.europa.eu/fmedatastreaming/AirQualityDownload/AQData_Extract.fmw?CountryCode=BE&CityName=&Pollutant=7&Year_from=2016&Year_to=2016&Station=STA-BETR740&Samplingpoint=&Source=E1a&Output=HTML&UpdateDate="
"Belgium","NET-Flanders","Flanders","BETR831","42R831 - BERENDRECHT","SPO-BETR831_00007_100","O3","Ozone (air)","P1Y-dmax-per99","1 year 99 percentile daily 8h maximum","2016","133.563","ug/m3","95.36","1","Industrial","Rural","4.3397","51.3488","3.0","Antwerpen                                                                       ","BE002C1                                           ","530014","E1a/validated data AQ e-Reporting","18/03/2023 22:13:26","http://fme.discomap.eea.europa.eu/fmedatastreaming/AirQualityDownload/AQData_Extract.fmw?CountryCode=BE&CityName=&Pollutant=7&Year_from=2016&Year_to=2016&Station=STA-BETR831&Samplingpoint=&Source=E1a&Output=HTML&UpdateDate="
"Belgium","NET-Flanders","Flanders","BETR831","42R831 - BERENDRECHT","SPO-BETR831_00007_100","O3","Ozone (air)","P1Y-hr-min","1 year hour min","2016","1.000","ug/m3","94.62","1","Industrial","Rural","4.3397","51.3488","3.0","Antwerpen                                                                       ","BE002C1                                           ","530014","E1a/validated data AQ e-Reporting","18/03/2023 22:31:20","http://fme.discomap.eea.europa.eu/fmedatastreaming/AirQualityDownload/AQData_Extract.fmw?CountryCode=BE&CityName=&Pollutant=7&Year_from=2016&Year_to=2016&Station=STA-BETR831&Samplingpoint=&Source=E1a&Output=HTML&UpdateDate="
"Belgium","NET-Flanders","Flanders","BETN027","42N027 - BREE","SPO-BETN027_00007_100","O3","Ozone (air)","P1Y-dmax-per93.15","1 year 93.15 percentile daily 8h maximum","2016","115.143","ug/m3","94.81","1","Background","Rural","5.6067","51.1337","48.0","","","","E1a/validated data AQ e-Reporting","18/03/2023 22:12:55","http://fme.discomap.eea.europa.eu/fmedatastreaming/AirQualityDownload/AQData_Extract.fmw?CountryCode=BE&CityName=&Pollutant=7&Year_from=2016&Year_to=2016&Station=STA-BETN027&Samplingpoint=&Source=E1a&Output=HTML&UpdateDate="
"Belgium","NET-Flanders","Flanders","BETR731","44R731 - EVERGEM","SPO-BETR731_00001_100","SO2","Sulphur dioxide (air)","P1Y-day-max4","1 year day max 4","2016","11.833","ug/m3","98.36","1","Industrial","Rural","3.7395","51.1247","6.0","","","","E1a/validated data AQ e-Reporting","18/03/2023 22:31:46","http://fme.discomap.eea.europa.eu/fmedatastreaming/AirQualityDownload/AQData_Extract.fmw?CountryCode=BE&CityName=&Pollutant=1&Year_from=2016&Year_to=2016&Station=STA-BETR731&Samplingpoint=&Source=E1a&Output=HTML&UpdateDate="
"Belgium","NET-Flanders","Flanders","BETM705","44M705 - ROESELARE","SPO-BETM705_00008_100","NO2","Nitrogen dioxide (air)","P1Y-hr-per50","1 year 50 percentile","2016","19.500","ug/m3","96.85","1","Industrial","Suburban","3.1524","50.9454","19.0","","","","E1a/validated data AQ e-Reporting","18/03/2023 22:05:49","http://fme.discomap.eea.europa.eu/fmedatastreaming/AirQualityDownload/AQData_Extract.fmw?CountryCode=BE&CityName=&Pollutant=8&Year_from=2016&Year_to=2016&Station=STA-BETM705&Samplingpoint=&Source=E1a&Output=HTML&UpdateDate="
"Belgium","NET-Flanders","Flanders","BETR740","44R740 - ST.KRUIS-WI","SPO-BETR740_00001_100","SO2","Sulphur dioxide (air)","P1Y-day-max4","1 year day max 4","2016","7.771","ug/m3","99.45","1","Industrial","Rural","3.8087","51.1501","5.0","Gent                                                                            ","BE003C1                                           ","263687","E1a/validated data AQ e-Reporting","18/03/2023 22:31:46","http://fme.discomap.eea.europa.eu/fmedatastreaming/AirQualityDownload/AQData_Extract.fmw?CountryCode=BE&CityName=&Pollutant=1&Year_from=2016&Year_to=2016&Station=STA-BETR740&Samplingpoint=&Source=E1a&Output=HTML&UpdateDate="
"Belgium","NET-Flanders","Flanders","BETR702","44R702 - Gent (G.Carlierlaan)","SPO-BETR702_00008_100","NO2","Nitrogen dioxide (air)","P3Y","3 subsequent calendar years mean","2016","38.687","ug/m3","96.76","1","Traffic","Urban","3.7350","51.0407","8.0","Gent                                                                            ","BE003C1                                           ","263687","E1a/validated data AQ e-Reporting","18/03/2023 21:36:00","http://fme.discomap.eea.europa.eu/fmedatastreaming/AirQualityDownload/AQData_Extract.fmw?CountryCode=BE&CityName=&Pollutant=8&Year_from=2016&Year_to=2016&Station=STA-BETR702&Samplingpoint=&Source=E1a&Output=HTML&UpdateDate="
"Belgium","NET-Flanders","Flanders","BETR841","42R841 - MECHELEN","SPO-BETR841_00008_100","NO2","Nitrogen dioxide (air)","P1Y-hr-max19","1 year hour max19","2016","89.500","ug/m3","95.06","1","Background","Suburban","4.4693","51.0025","8.0","Mechelen                                                                        ","BE012C1                                           ","86911","E1a/validated data AQ e-Reporting","18/03/2023 22:34:35","http://fme.discomap.eea.europa.eu/fmedatastreaming/AirQualityDownload/AQData_Extract.fmw?CountryCode=BE&CityName=&Pollutant=8&Year_from=2016&Year_to=2016&Station=STA-BETR841&Samplingpoint=&Source=E1a&Output=HTML&UpdateDate="
"Belgium","NET-Flanders","Flanders","BETN035","42N035 - AARSCHOT","SPO-BETN035_06001_100","PM2.5","Particulate matter < 2.5 µm (aerosol)","P1Y-hr-per50","1 year 50 percentile","2016","9.500","ug/m3","99.69","1","Background","Rural","4.8376","50.9775","55.0","","","","E1a/validated data AQ e-Reporting","18/03/2023 22:05:49","http://fme.discomap.eea.europa.eu/fmedatastreaming/AirQualityDownload/AQData_Extract.fmw?CountryCode=BE&CityName=&Pollutant=6001&Year_from=2016&Year_to=2016&Station=STA-BETN035&Samplingpoint=&Source=E1a&Output=HTML&UpdateDate="
"Belgium","NET-Flanders","Flanders","BETR892","42R892 - KALLO","SPO-BETR892_00001_100","SO2","Sulphur dioxide (air)","P1Y-3hAbove500","3 consecutive hours in exceedance of 500","2016","0.000","count","95.78","1","Industrial","Rural","4.2789","51.2630","9.0","","","","E1a/validated data AQ e-Reporting","18/03/2023 22:18:09","http://fme.discomap.eea.europa.eu/fmedatastreaming/AirQualityDownload/AQData_Extract.fmw?CountryCode=BE&CityName=&Pollutant=1&Year_from=2016&Year_to=2016&Station=STA-BETR892&Samplingpoint=&Source=E1a&Output=HTML&UpdateDate="
"Belgium","NET-Flanders","Flanders","BETR801","42R801 - BORGERHOUT","SPO-BETR801_00008_100","NO2","Nitrogen dioxide (air)","P3Y","3 subsequent calendar years mean","2016","39.273","ug/m3","94.36","1","Background","Urban","4.4318","51.2097","6.0","Antwerpen                                                                       ","BE002C1                                           ","530014","E1a/validated data AQ e-Reporting","18/03/2023 21:36:00","http://fme.discomap.eea.europa.eu/fmedatastreaming/AirQualityDownload/AQData_Extract.fmw?CountryCode=BE&CityName=&Pollutant=8&Year_from=2016&Year_to=2016&Station=STA-BETR801&Samplingpoint=&Source=E1a&Output=HTML&UpdateDate="
"Belgium","NET-Flanders","Flanders","BETN045","42N045 - HASSELT","SPO-BETN045_00008_100","NO2","Nitrogen dioxide (air)","P1Y-hr-min","1 year hour min","2016","1.000","ug/m3","96.78","1","Background","Suburban","5.3684","50.9397","41.0","","","","E1a/validated data AQ e-Reporting","18/03/2023 22:31:20","http://fme.discomap.eea.europa.eu/fmedatastreaming/AirQualityDownload/AQData_Extract.fmw?CountryCode=BE&CityName=&Pollutant=8&Year_from=2016&Year_to=2016&Station=STA-BETN045&Samplingpoint=&Source=E1a&Output=HTML&UpdateDate="
"Belgium","NET-Flanders","Flanders","BETN045","42N045 - HASSELT","SPO-BETN045_06001_100","PM2.5","Particulate matter < 2.5 µm (aerosol)","P1Y-day-max","1 year day max","2016","47.313","ug/m3","99.45","1","Background","Suburban","5.3684","50.9397","41.0","","","","E1a/validated data AQ e-Reporting","18/03/2023 21:43:22","http://fme.discomap.eea.europa.eu/fmedatastreaming/AirQualityDownload/AQData_Extract.fmw?CountryCode=BE&CityName=&Pollutant=6001&Year_from=2016&Year_to=2016&Station=STA-BETN045&Samplingpoint=&Source=E1a&Output=HTML&UpdateDate="
"Belgium","NET-Brussels","Brussels","BETB011","41B011 - BERCHEM S.A","SPO-BETB011_00005_100","PM10","Particulate matter < 10 µm (aerosol)","P1Y","Annual mean / 1 calendar year","2016","16.681","ug/m3","87.20","1","Background","Suburban","4.2887","50.8578","66.0","Bruxelles / Brussel                                                             ","BE001C1                                           ","1223364","E1a/validated data AQ e-Reporting","18/03/2023 21:08:58","http://fme.discomap.eea.europa.eu/fmedatastreaming/AirQualityDownload/AQData_Extract.fmw?CountryCode=BE&CityName=&Pollutant=5&Year_from=2016&Year_to=2016&Station=STA-BETB011&Samplingpoint=&Source=E1a&Output=HTML&UpdateDate="
"Belgium","NET-Flanders","Flanders","BEDN029","65N029 - HOUTEM
","SPO-BEDN029_00656_100","Indeno-(1,2,3-cd)pyrene","indeno_123cd_pyrene (precip+dry_dep)","P1Y","Annual mean / 1 calendar year","2016","6.999","ng/m2/day","92.62","1","Background","Rural","2.5823","51.0163","0.0","","","","E1a/validated data AQ e-Reporting","18/03/2023 21:08:58","http://fme.discomap.eea.europa.eu/fmedatastreaming/AirQualityDownload/AQData_Extract.fmw?CountryCode=BE&CityName=&Pollutant=656&Year_from=2016&Year_to=2016&Station=STA-BEDN029&Samplingpoint=&Source=E1a&Output=HTML&UpdateDate="
"Belgium","NET-Flanders","Flanders","BETE703","47E703 - OOSTEEKLO","SPO-BETE703_00008_100","NO2","Nitrogen dioxide (air)","P1Y-hrsAbove400","1 year hour exceed 400","2016","0.000","count","93.21","1","Industrial","Rural","3.6873","51.1903","0.0","","","","E1a/validated data AQ e-Reporting","18/03/2023 21:54:38","http://fme.discomap.eea.europa.eu/fmedatastreaming/AirQualityDownload/AQData_Extract.fmw?CountryCode=BE&CityName=&Pollutant=8&Year_from=2016&Year_to=2016&Station=STA-BETE703&Samplingpoint=&Source=E1a&Output=HTML&UpdateDate="
"Belgium","NET-Flanders","Flanders","BETE714","47E714 - DUDZELE","SPO-BETE714_00008_100","NO2","Nitrogen dioxide (air)","P1Y-hr-max19","1 year hour max19","2016","63.500","ug/m3","97.27","1","Industrial","Rural","3.2486","51.2790","11.0","Brugge                                                                          ","BE006C1                                           ","118916","E1a/validated data AQ e-Reporting","18/03/2023 22:34:35","http://fme.discomap.eea.europa.eu/fmedatastreaming/AirQualityDownload/AQData_Extract.fmw?CountryCode=BE&CityName=&Pollutant=8&Year_from=2016&Year_to=2016&Station=STA-BETE714&Samplingpoint=&Source=E1a&Output=HTML&UpdateDate="
"Belgium","NET-Brussels","Brussels","BETR012","41R012 - UCCLE","SPO-BETR012_00007_100","O3","Ozone (air)","P1Y-dx-max26","1 year daymax max 26","2016","101.750","ug/m3","97.27","1","Background","Suburban","4.3586","50.7966","101.0","Bruxelles / Brussel                                                             ","BE001C1                                           ","1223364","E1a/validated data AQ e-Reporting","18/03/2023 22:32:17","http://fme.discomap.eea.europa.eu/fmedatastreaming/AirQualityDownload/AQData_Extract.fmw?CountryCode=BE&CityName=&Pollutant=7&Year_from=2016&Year_to=2016&Station=STA-BETR012&Samplingpoint=&Source=E1a&Output=HTML&UpdateDate="
"Belgium","NET-Brussels","Brussels","BETN043","41N043 - HAREN","SPO-BETN043_00007_100","O3","Ozone (air)","P1Y-hr-min","1 year hour min","2016","2.000","ug/m3","97.38","1","Industrial","Suburban","4.3830","50.8837","17.0","Bruxelles / Brussel                                                             ","BE001C1                                           ","1223364","E1a/validated data AQ e-Reporting","18/03/2023 22:31:20","http://fme.discomap.eea.europa.eu/fmedatastreaming/AirQualityDownload/AQData_Extract.fmw?CountryCode=BE&CityName=&Pollutant=7&Year_from=2016&Year_to=2016&Station=STA-BETN043&Samplingpoint=&Source=E1a&Output=HTML&UpdateDate="
"Belgium","NET-Flanders","Flanders","BEGR811","26R811 - SCHOTEN","SPO-BEGR811_06001_100","PM2.5","Particulate matter < 2.5 µm (aerosol)","P1Y-day-per50","1 year 50 %ile of daily values in a year","2016","10.083","ug/m3","99.18","1","Background","Suburban","4.4914","51.2521","8.0","","","","E1a/validated data AQ e-Reporting","18/03/2023 22:11:51","http://fme.discomap.eea.europa.eu/fmedatastreaming/AirQualityDownload/AQData_Extract.fmw?CountryCode=BE&CityName=&Pollutant=6001&Year_from=2016&Year_to=2016&Station=STA-BEGR811&Samplingpoint=&Source=E1a&Output=HTML&UpdateDate="
"Belgium","NET-Flanders","Flanders","BEGRT01","26RT01 - RETIE","SPO-BEGRT01_06001_100","PM2.5","Particulate matter < 2.5 µm (aerosol)","P1Y-day-min","1 year day min","2016","3.042","ug/m3","96.99","1","Background","Rural","5.0533","51.2309","23.0","","","","E1a/validated data AQ e-Reporting","18/03/2023 21:55:29","http://fme.discomap.eea.europa.eu/fmedatastreaming/AirQualityDownload/AQData_Extract.fmw?CountryCode=BE&CityName=&Pollutant=6001&Year_from=2016&Year_to=2016&Station=STA-BEGRT01&Samplingpoint=&Source=E1a&Output=HTML&UpdateDate="
"Belgium","NET-Flanders","Flanders","BELAL01","40AL01 - LINKEROEVER","SPO-BELAL01_00005_100","PM10","Particulate matter < 10 µm (aerosol)","P1Y-hr-max","1 year hour max","2016","185.600","ug/m3","97.61","1","Industrial","Suburban","4.3852","51.2362","10.0","Antwerpen                                                                       ","BE002C1                                           ","530014","E1a/validated data AQ e-Reporting","18/03/2023 21:57:02","http://fme.discomap.eea.europa.eu/fmedatastreaming/AirQualityDownload/AQData_Extract.fmw?CountryCode=BE&CityName=&Pollutant=5&Year_from=2016&Year_to=2016&Station=STA-BELAL01&Samplingpoint=&Source=E1a&Output=HTML&UpdateDate="
"Belgium","NET-Flanders","Flanders","BEDR750","65R750 - ZELZATE
","SPO-BEDR750_00608_100","Anthracene","anthracene (precip+dry_dep)","P1Y","Annual mean / 1 calendar year","2016","15.890","ng/m2/day","92.62","1","Industrial","Suburban","3.8229","51.1961","0.0","","","","E1a/validated data AQ e-Reporting","18/03/2023 21:08:58","http://fme.discomap.eea.europa.eu/fmedatastreaming/AirQualityDownload/AQData_Extract.fmw?CountryCode=BE&CityName=&Pollutant=608&Year_from=2016&Year_to=2016&Station=STA-BEDR750&Samplingpoint=&Source=E1a&Output=HTML&UpdateDate="
"Belgium","NET-Flanders","Flanders","BEDGN78","65GN78 - GENT
","SPO-BEDGN78_07419_100","Dibenzo(ah)anthracene","Dibenzo(ah)anthracene (precip+dry_dep)","P1Y","Annual mean / 1 calendar year","2016","81.597","ng/m2/day","22.95","1","Background","Urban","3.7264","51.0857","0.0","Gent                                                                            ","BE003C1                                           ","263687","E1a/validated data AQ e-Reporting","18/03/2023 21:08:58","http://fme.discomap.eea.europa.eu/fmedatastreaming/AirQualityDownload/AQData_Extract.fmw?CountryCode=BE&CityName=&Pollutant=7419&Year_from=2016&Year_to=2016&Station=STA-BEDGN78&Samplingpoint=&Source=E1a&Output=HTML&UpdateDate="
"Belgium","NET-Flanders","Flanders","BEDR750","65R750 - ZELZATE
","SPO-BEDR750_00624_100","Benzo(ghi)perylene","Benzo(ghi)perylene (precip+dry_dep)","P1Y","Annual mean / 1 calendar year","2016","11.099","ng/m2/day","92.62","1","Industrial","Suburban","3.8229","51.1961","0.0","","","","E1a/validated data AQ e-Reporting","18/03/2023 21:08:58","http://fme.discomap.eea.europa.eu/fmedatastreaming/AirQualityDownload/AQData_Extract.fmw?CountryCode=BE&CityName=&Pollutant=624&Year_from=2016&Year_to=2016&Station=STA-BEDR750&Samplingpoint=&Source=E1a&Output=HTML&UpdateDate="
"Belgium","NET-Flanders","Flanders","BEDR750","65R750 - ZELZATE
","SPO-BEDR750_07029_100","BaP","Benzo(a)pyrene (precip+dry_dep)","P1Y","Annual mean / 1 calendar year","2016","26.501","ng/m2/day","92.62","1","Industrial","Suburban","3.8229","51.1961","0.0","","","","E1a/validated data AQ e-Reporting","18/03/2023 21:08:58","http://fme.discomap.eea.europa.eu/fmedatastreaming/AirQualityDownload/AQData_Extract.fmw?CountryCode=BE&CityName=&Pollutant=7029&Year_from=2016&Year_to=2016&Station=STA-BEDR750&Samplingpoint=&Source=E1a&Output=HTML&UpdateDate="
"Belgium","NET-Brussels","Brussels","BEVR001","51R001 - MOLENBEEK","SPO-BEVR001_00482_100","o-C6H4-(CH3)2","o-Xylene (air)","P1Y","Annual mean / 1 calendar year","2016","0.000","ug/m3","95.63","1","Background","Urban","4.3338","50.8497","15.0","Bruxelles / Brussel                                                             ","BE001C1                                           ","1223364","E1a/validated data AQ e-Reporting","18/03/2023 21:08:58","http://fme.discomap.eea.europa.eu/fmedatastreaming/AirQualityDownload/AQData_Extract.fmw?CountryCode=BE&CityName=&Pollutant=482&Year_from=2016&Year_to=2016&Station=STA-BEVR001&Samplingpoint=&Source=E1a&Output=HTML&UpdateDate="
"Belgium","NET-Flanders","Flanders","BEDNE02","65NE02 - NIEL
","SPO-BEDNE02_00645_100","Fluoranthene","fluoranthene (precip+dry_dep)","P1Y","Annual mean / 1 calendar year","2016","34.653","ng/m2/day","22.95","1","Background","Rural","4.3353","51.0990","0.0","","","","E1a/validated data AQ e-Reporting","18/03/2023 21:08:58","http://fme.discomap.eea.europa.eu/fmedatastreaming/AirQualityDownload/AQData_Extract.fmw?CountryCode=BE&CityName=&Pollutant=645&Year_from=2016&Year_to=2016&Station=STA-BEDNE02&Samplingpoint=&Source=E1a&Output=HTML&UpdateDate="
"Belgium","NET-Flanders","Flanders","BETM705","44M705 - ROESELARE","SPO-BETM705_00005_100","PM10","Particulate matter < 10 µm (aerosol)","P1Y-hr-max","1 year hour max","2016","191.600","ug/m3","97.21","1","Industrial","Suburban","3.1524","50.9454","19.0","","","","E1a/validated data AQ e-Reporting","18/03/2023 21:57:02","http://fme.discomap.eea.europa.eu/fmedatastreaming/AirQualityDownload/AQData_Extract.fmw?CountryCode=BE&CityName=&Pollutant=5&Year_from=2016&Year_to=2016&Station=STA-BETM705&Samplingpoint=&Source=E1a&Output=HTML&UpdateDate="
"Belgium","NET-Flanders","Flanders","BELLD02","40LD02 - LAAKDAL","SPO-BELLD02_00008_100","NO2","Nitrogen dioxide (air)","P1Y-hrsAbove200","1 year hour exceed 200","2016","0.000","count","96.46","1","Industrial","Rural","5.0216","51.1204","22.0","","","","E1a/validated data AQ e-Reporting","18/03/2023 21:48:42","http://fme.discomap.eea.europa.eu/fmedatastreaming/AirQualityDownload/AQData_Extract.fmw?CountryCode=BE&CityName=&Pollutant=8&Year_from=2016&Year_to=2016&Station=STA-BELLD02&Samplingpoint=&Source=E1a&Output=HTML&UpdateDate="
"Belgium","NET-Brussels","Brussels","BETR012","41R012 - UCCLE","SPO-BETR012_00007_100","O3","Ozone (air)","P3Y","3 subsequent calendar years mean","2016","46.032","ug/m3","95.77","1","Background","Suburban","4.3586","50.7966","101.0","Bruxelles / Brussel                                                             ","BE001C1                                           ","1223364","E1a/validated data AQ e-Reporting","18/03/2023 21:36:00","http://fme.discomap.eea.europa.eu/fmedatastreaming/AirQualityDownload/AQData_Extract.fmw?CountryCode=BE&CityName=&Pollutant=7&Year_from=2016&Year_to=2016&Station=STA-BETR012&Samplingpoint=&Source=E1a&Output=HTML&UpdateDate="
"Belgium","NET-Flanders","Flanders","BEDNE02","65NE02 - NIEL
","SPO-BEDNE02_00611_100","Benzo(a)anthracene","Benzo(a)anthracene (precip+dry_dep)","P1Y","Annual mean / 1 calendar year","2016","5.590","ng/m2/day","22.95","1","Background","Rural","4.3353","51.0990","0.0","","","","E1a/validated data AQ e-Reporting","18/03/2023 21:08:58","http://fme.discomap.eea.europa.eu/fmedatastreaming/AirQualityDownload/AQData_Extract.fmw?CountryCode=BE&CityName=&Pollutant=611&Year_from=2016&Year_to=2016&Station=STA-BEDNE02&Samplingpoint=&Source=E1a&Output=HTML&UpdateDate="
"Belgium","NET-Flanders","Flanders","BEGR801","26R801 - BORGERHOUT","SPO-BEGR801_01771_100","EC in PM2.5","Elemental carbon in PM2.5 (aerosol)","P1Y","Annual mean / 1 calendar year","2016","0.560","ug/m3","0.01","1","Background","Urban","4.4318","51.2097","6.0","Antwerpen                                                                       ","BE002C1                                           ","530014","E1a/validated data AQ e-Reporting","18/03/2023 21:08:58","http://fme.discomap.eea.europa.eu/fmedatastreaming/AirQualityDownload/AQData_Extract.fmw?CountryCode=BE&CityName=&Pollutant=1771&Year_from=2016&Year_to=2016&Station=STA-BEGR801&Samplingpoint=&Source=E1a&Output=HTML&UpdateDate="
"Belgium","NET-Flanders","Flanders","BETM702","44M702 - ERTVELDE","SPO-BETM702_00008_100","NO2","Nitrogen dioxide (air)","P1Y-hr-min","1 year hour min","2016","1.000","ug/m3","93.52","1","Industrial","Rural","3.7621","51.1660","5.0","","","","E1a/validated data AQ e-Reporting","18/03/2023 22:31:20","http://fme.discomap.eea.europa.eu/fmedatastreaming/AirQualityDownload/AQData_Extract.fmw?CountryCode=BE&CityName=&Pollutant=8&Year_from=2016&Year_to=2016&Station=STA-BETM702&Samplingpoint=&Source=E1a&Output=HTML&UpdateDate="
"Belgium","NET-Flanders","Flanders","BELMN01","40MN01 - MENEN","SPO-BELMN01_00005_100","PM10","Particulate matter < 10 µm (aerosol)","P1Y-daysAbove50","1 year day exceed 50","2016","16.000","count","97.81","1","Industrial","Rural","3.1096","50.7935","10.0","","","","E1a/validated data AQ e-Reporting","18/03/2023 22:27:00","http://fme.discomap.eea.europa.eu/fmedatastreaming/AirQualityDownload/AQData_Extract.fmw?CountryCode=BE&CityName=&Pollutant=5&Year_from=2016&Year_to=2016&Station=STA-BELMN01&Samplingpoint=&Source=E1a&Output=HTML&UpdateDate="
"Belgium","NET-Flanders","Flanders","BEGRT01","26RT01 - RETIE","SPO-BEGRT01_01046_100","NO3- in PM2.5","Nitrate in PM2.5 (aerosol)","P1Y","Annual mean / 1 calendar year","2016","5.040","ug/m3","0.01","1","Background","Rural","5.0533","51.2309","23.0","","","","E1a/validated data AQ e-Reporting","18/03/2023 21:08:58","http://fme.discomap.eea.europa.eu/fmedatastreaming/AirQualityDownload/AQData_Extract.fmw?CountryCode=BE&CityName=&Pollutant=1046&Year_from=2016&Year_to=2016&Station=STA-BEGRT01&Samplingpoint=&Source=E1a&Output=HTML&UpdateDate="
"Belgium","NET-Flanders","Flanders","BETR701","44R701 - GENT","SPO-BETR701_00391_100","Black Carbon","black_carbon (aerosol)","P1Y","Annual mean / 1 calendar year","2016","1.449","ug/m3","99.66","1","Background","Urban","3.7293","51.0583","5.0","Gent                                                                            ","BE003C1                                           ","263687","E1a/validated data AQ e-Reporting","18/03/2023 21:08:58","http://fme.discomap.eea.europa.eu/fmedatastreaming/AirQualityDownload/AQData_Extract.fmw?CountryCode=BE&CityName=&Pollutant=391&Year_from=2016&Year_to=2016&Station=STA-BETR701&Samplingpoint=&Source=E1a&Output=HTML&UpdateDate="
"Belgium","NET-Flanders","Flanders","BETR702","44R702 - Gent (G.Carlierlaan)","SPO-BETR702_00008_100","NO2","Nitrogen dioxide (air)","P1Y-hrsAbove400","1 year hour exceed 400","2016","0.000","count","97.13","1","Traffic","Urban","3.7350","51.0407","8.0","Gent                                                                            ","BE003C1                                           ","263687","E1a/validated data AQ e-Reporting","18/03/2023 21:54:38","http://fme.discomap.eea.europa.eu/fmedatastreaming/AirQualityDownload/AQData_Extract.fmw?CountryCode=BE&CityName=&Pollutant=8&Year_from=2016&Year_to=2016&Station=STA-BETR702&Samplingpoint=&Source=E1a&Output=HTML&UpdateDate="
"Belgium","NET-Flanders","Flanders","BETR805","42R805 - ANTWERPEN","SPO-BETR805_00008_100","NO2","Nitrogen dioxide (air)","P1Y-day-max","1 year day max","2016","96.292","ug/m3","97.81","1","Traffic","Urban","4.4216","51.2082","6.0","Antwerpen                                                                       ","BE002C1                                           ","530014","E1a/validated data AQ e-Reporting","18/03/2023 21:43:56","http://fme.discomap.eea.europa.eu/fmedatastreaming/AirQualityDownload/AQData_Extract.fmw?CountryCode=BE&CityName=&Pollutant=8&Year_from=2016&Year_to=2016&Station=STA-BETR805&Samplingpoint=&Source=E1a&Output=HTML&UpdateDate="
"Belgium","NET-Flanders","Flanders","BETN051","44N051 - IDEGEM","SPO-BETN051_00007_100","O3","Ozone (air)","P1Y-hr-per50","1 year 50 percentile","2016","45.000","ug/m3","91.29","1","Background","Rural","3.9303","50.7989","15.0","","","","E1a/validated data AQ e-Reporting","18/03/2023 22:05:49","http://fme.discomap.eea.europa.eu/fmedatastreaming/AirQualityDownload/AQData_Extract.fmw?CountryCode=BE&CityName=&Pollutant=7&Year_from=2016&Year_to=2016&Station=STA-BETN051&Samplingpoint=&Source=E1a&Output=HTML&UpdateDate="
"Belgium","NET-Flanders","Flanders","BETR811","42R811 - SCHOTEN","SPO-BETR811_00008_100","NO2","Nitrogen dioxide (air)","P1Y-hr-max-per99.79","1 year 99.79 %ile of hourly values in a given year","2016","86.000","ug/m3","96.93","1","Background","Suburban","4.4914","51.2521","8.0","","","","E1a/validated data AQ e-Reporting","18/03/2023 22:07:35","http://fme.discomap.eea.europa.eu/fmedatastreaming/AirQualityDownload/AQData_Extract.fmw?CountryCode=BE&CityName=&Pollutant=8&Year_from=2016&Year_to=2016&Station=STA-BETR811&Samplingpoint=&Source=E1a&Output=HTML&UpdateDate="
"Belgium","NET-Flanders","Flanders","BETR811","42R811 - SCHOTEN","SPO-BETR811_00008_100","NO2","Nitrogen dioxide (air)","P1Y-hr-per50","1 year 50 percentile","2016","22.000","ug/m3","96.93","1","Background","Suburban","4.4914","51.2521","8.0","","","","E1a/validated data AQ e-Reporting","18/03/2023 22:05:49","http://fme.discomap.eea.europa.eu/fmedatastreaming/AirQualityDownload/AQData_Extract.fmw?CountryCode=BE&CityName=&Pollutant=8&Year_from=2016&Year_to=2016&Station=STA-BETR811&Samplingpoint=&Source=E1a&Output=HTML&UpdateDate="
"Belgium","NET-Flanders","Flanders","BELLM05","40LM05 - LOMMEL","SPO-BELLM05_00001_100","SO2","Sulphur dioxide (air)","P1Y","Annual mean / 1 calendar year","2016","5.357","ug/m3","84.77","1","Industrial","Rural","5.2581","51.2151","2.0","","","","E1a/validated data AQ e-Reporting","18/03/2023 21:08:58","http://fme.discomap.eea.europa.eu/fmedatastreaming/AirQualityDownload/AQData_Extract.fmw?CountryCode=BE&CityName=&Pollutant=1&Year_from=2016&Year_to=2016&Station=STA-BELLM05&Samplingpoint=&Source=E1a&Output=HTML&UpdateDate="
"Belgium","NET-Brussels","Brussels","BETB011","41B011 - BERCHEM S.A","SPO-BETB011_06001_100","PM2.5","Particulate matter < 2.5 µm (aerosol)","P1Y-day-min","1 year day min","2016","2.903","ug/m3","83.06","1","Background","Suburban","4.2887","50.8578","66.0","Bruxelles / Brussel                                                             ","BE001C1                                           ","1223364","E1a/validated data AQ e-Reporting","18/03/2023 21:55:29","http://fme.discomap.eea.europa.eu/fmedatastreaming/AirQualityDownload/AQData_Extract.fmw?CountryCode=BE&CityName=&Pollutant=6001&Year_from=2016&Year_to=2016&Station=STA-BETB011&Samplingpoint=&Source=E1a&Output=HTML&UpdateDate="
"Belgium","NET-Brussels","Brussels","BETB011","41B011 - BERCHEM S.A","SPO-BETB011_00007_100","O3","Ozone (air)","P1Y-hrsAbove180","1 year hour exceed 180","2016","0.000","count","98.01","1","Background","Suburban","4.2887","50.8578","66.0","Bruxelles / Brussel                                                             ","BE001C1                                           ","1223364","E1a/validated data AQ e-Reporting","18/03/2023 21:46:37","http://fme.discomap.eea.europa.eu/fmedatastreaming/AirQualityDownload/AQData_Extract.fmw?CountryCode=BE&CityName=&Pollutant=7&Year_from=2016&Year_to=2016&Station=STA-BETB011&Samplingpoint=&Source=E1a&Output=HTML&UpdateDate="
"Belgium","NET-Flanders","Flanders","BEGR701","26R701 - GENT","SPO-BEGR701_01046_100","NO3- in PM2.5","Nitrate in PM2.5 (aerosol)","P1Y","Annual mean / 1 calendar year","2016","7.200","ug/m3","0.01","1","Background","Urban","3.7293","51.0583","5.0","Gent                                                                            ","BE003C1                                           ","263687","E1a/validated data AQ e-Reporting","18/03/2023 21:08:58","http://fme.discomap.eea.europa.eu/fmedatastreaming/AirQualityDownload/AQData_Extract.fmw?CountryCode=BE&CityName=&Pollutant=1046&Year_from=2016&Year_to=2016&Station=STA-BEGR701&Samplingpoint=&Source=E1a&Output=HTML&UpdateDate="
"Belgium","NET-Flanders","Flanders","BEGR801","26R801 - BORGERHOUT","SPO-BEGR801_01631_100","Cl- in PM2.5","chloride in PM2.5 (aerosol)","P1Y","Annual mean / 1 calendar year","2016","0.290","ug/m3","0.01","1","Background","Urban","4.4318","51.2097","6.0","Antwerpen                                                                       ","BE002C1                                           ","530014","E1a/validated data AQ e-Reporting","18/03/2023 21:08:58","http://fme.discomap.eea.europa.eu/fmedatastreaming/AirQualityDownload/AQData_Extract.fmw?CountryCode=BE&CityName=&Pollutant=1631&Year_from=2016&Year_to=2016&Station=STA-BEGR801&Samplingpoint=&Source=E1a&Output=HTML&UpdateDate="
"Belgium","NET-Flanders","Flanders","BELAL05","40AL05 - BEVEREN","SPO-BELAL05_00005_100","PM10","Particulate matter < 10 µm (aerosol)","P3Y","3 subsequent calendar years mean","2016","23.161","ug/m3","95.14","1","Industrial","Rural","4.2789","51.2631","8.0","","","","E1a/validated data AQ e-Reporting","18/03/2023 21:36:00","http://fme.discomap.eea.europa.eu/fmedatastreaming/AirQualityDownload/AQData_Extract.fmw?CountryCode=BE&CityName=&Pollutant=5&Year_from=2016&Year_to=2016&Station=STA-BELAL05&Samplingpoint=&Source=E1a&Output=HTML&UpdateDate="
"Belgium","NET-Flanders","Flanders","BELLM05","40LM05 - LOMMEL","SPO-BELLM05_00001_100","SO2","Sulphur dioxide (air)","P1Y-hr-per50","1 year 50 percentile","2016","1.000","ug/m3","84.77","1","Industrial","Rural","5.2581","51.2151","2.0","","","","E1a/validated data AQ e-Reporting","18/03/2023 22:05:49","http://fme.discomap.eea.europa.eu/fmedatastreaming/AirQualityDownload/AQData_Extract.fmw?CountryCode=BE&CityName=&Pollutant=1&Year_from=2016&Year_to=2016&Station=STA-BELLM05&Samplingpoint=&Source=E1a&Output=HTML&UpdateDate="
"Belgium","NET-Brussels","Brussels","BETB008","41B008 - Brussel (Beliardstraat)","SPO-BETB008_00008_100","NO2","Nitrogen dioxide (air)","P1Y-day-per50","1 year 50 %ile of daily values in a year","2016","53.978","ug/m3","93.44","1","Traffic","Urban","4.3759","50.8409","57.0","Bruxelles / Brussel                                                             ","BE001C1                                           ","1223364","E1a/validated data AQ e-Reporting","18/03/2023 22:14:21","http://fme.discomap.eea.europa.eu/fmedatastreaming/AirQualityDownload/AQData_Extract.fmw?CountryCode=BE&CityName=&Pollutant=8&Year_from=2016&Year_to=2016&Station=STA-BETB008&Samplingpoint=&Source=E1a&Output=HTML&UpdateDate="
"Belgium","NET-Brussels","Brussels","BETB011","41B011 - BERCHEM S.A","SPO-BETB011_00005_100","PM10","Particulate matter < 10 µm (aerosol)","P1Y-P1D-per99","1 year 99 percentile of daily means (P1D) or .../aq/primaryObservation/day","2016","45.300","ug/m3","82.79","1","Background","Suburban","4.2887","50.8578","66.0","Bruxelles / Brussel                                                             ","BE001C1                                           ","1223364","E1a/validated data AQ e-Reporting","18/03/2023 22:09:38","http://fme.discomap.eea.europa.eu/fmedatastreaming/AirQualityDownload/AQData_Extract.fmw?CountryCode=BE&CityName=&Pollutant=5&Year_from=2016&Year_to=2016&Station=STA-BETB011&Samplingpoint=&Source=E1a&Output=HTML&UpdateDate="
"Belgium","NET-Brussels","Brussels","BETR012","41R012 - UCCLE","SPO-BETR012_00007_100","O3","Ozone (air)","P3Y-dmaxAbove120","Daymax exceed 120 averaged over 3 consecutive years","2016","8.667","count","100.00","1","Background","Suburban","4.3586","50.7966","101.0","Bruxelles / Brussel                                                             ","BE001C1                                           ","1223364","E1a/validated data AQ e-Reporting","18/03/2023 22:34:54","http://fme.discomap.eea.europa.eu/fmedatastreaming/AirQualityDownload/AQData_Extract.fmw?CountryCode=BE&CityName=&Pollutant=7&Year_from=2016&Year_to=2016&Station=STA-BETR012&Samplingpoint=&Source=E1a&Output=HTML&UpdateDate="
"Belgium","NET-Flanders","Flanders","BELOB02","40OB02 - WIELSBEKE","SPO-BELOB02_00005_100","PM10","Particulate matter < 10 µm (aerosol)","P1Y-day-per50","1 year 50 %ile of daily values in a year","2016","19.621","ug/m3","100.00","1","Industrial","Rural","3.3762","50.9150","14.0","","","","E1a/validated data AQ e-Reporting","18/03/2023 22:08:05","http://fme.discomap.eea.europa.eu/fmedatastreaming/AirQualityDownload/AQData_Extract.fmw?CountryCode=BE&CityName=&Pollutant=5&Year_from=2016&Year_to=2016&Station=STA-BELOB02&Samplingpoint=&Source=E1a&Output=HTML&UpdateDate="
"Belgium","NET-Flanders","Flanders","BETR815","42R815 - ZWIJNDRECHT","SPO-BETR815_00001_100","SO2","Sulphur dioxide (air)","winter-avg","Winter mean","2016","2.634","ug/m3","96.95","1","Industrial","Suburban","4.3322","51.2147","7.0","","","","E1a/validated data AQ e-Reporting","18/03/2023 22:50:43","http://fme.discomap.eea.europa.eu/fmedatastreaming/AirQualityDownload/AQData_Extract.fmw?CountryCode=BE&CityName=&Pollutant=1&Year_from=2016&Year_to=2016&Station=STA-BETR815&Samplingpoint=&Source=E1a&Output=HTML&UpdateDate="
"Belgium","NET-Flanders","Flanders","BETR811","42R811 - SCHOTEN","SPO-BETR811_00008_100","NO2","Nitrogen dioxide (air)","P1Y-3hAbove400","3 consecutive hours in exceedance of 400","2016","0.000","count","96.93","1","Background","Suburban","4.4914","51.2521","8.0","","","","E1a/validated data AQ e-Reporting","18/03/2023 22:22:30","http://fme.discomap.eea.europa.eu/fmedatastreaming/AirQualityDownload/AQData_Extract.fmw?CountryCode=BE&CityName=&Pollutant=8&Year_from=2016&Year_to=2016&Station=STA-BETR811&Samplingpoint=&Source=E1a&Output=HTML&UpdateDate="
"Belgium","NET-Flanders","Flanders","BETR721","44R721 - WONDELGEM","SPO-BETR721_00001_100","SO2","Sulphur dioxide (air)","P1Y-day-max-per99.18","1 year 99.18 percentile of daily maximum","2016","36.333","ug/m3","98.09","1","Industrial","Suburban","3.7161","51.0890","6.0","Gent                                                                            ","BE003C1                                           ","263687","E1a/validated data AQ e-Reporting","18/03/2023 22:12:16","http://fme.discomap.eea.europa.eu/fmedatastreaming/AirQualityDownload/AQData_Extract.fmw?CountryCode=BE&CityName=&Pollutant=1&Year_from=2016&Year_to=2016&Station=STA-BETR721&Samplingpoint=&Source=E1a&Output=HTML&UpdateDate="
"Belgium","NET-Flanders","Flanders","BETR815","42R815 - ZWIJNDRECHT","SPO-BETR815_06001_100","PM2.5","Particulate matter < 2.5 µm (aerosol)","P1Y-day-min","1 year day min","2016","2.354","ug/m3","100.00","1","Industrial","Suburban","4.3322","51.2147","7.0","","","","E1a/validated data AQ e-Reporting","18/03/2023 21:55:29","http://fme.discomap.eea.europa.eu/fmedatastreaming/AirQualityDownload/AQData_Extract.fmw?CountryCode=BE&CityName=&Pollutant=6001&Year_from=2016&Year_to=2016&Station=STA-BETR815&Samplingpoint=&Source=E1a&Output=HTML&UpdateDate="
"Belgium","NET-Flanders","Flanders","BETR803","42R803 - ANTWERPEN","SPO-BETR803_00005_100","PM10","Particulate matter < 10 µm (aerosol)","P1Y-P1D-per90.4","1 year 90.4 percentile - COMPLIANCE","2016","37.767","ug/m3","95.90","1","Background","Urban","4.4285","51.2286","0.0","Antwerpen                                                                       ","BE002C1                                           ","530014","E1a/validated data AQ e-Reporting","18/03/2023 22:08:35","http://fme.discomap.eea.europa.eu/fmedatastreaming/AirQualityDownload/AQData_Extract.fmw?CountryCode=BE&CityName=&Pollutant=5&Year_from=2016&Year_to=2016&Station=STA-BETR803&Samplingpoint=&Source=E1a&Output=HTML&UpdateDate="
"Belgium","NET-Flanders","Flanders","BETE811","47E811 - DIEPENBEEK","SPO-BETE811_00008_100","NO2","Nitrogen dioxide (air)","P1Y-hrsAbove200","1 year hour exceed 200","2016","0.000","count","54.51","1","Industrial","Rural","5.4182","50.8969","59.0","","","","E1a/validated data AQ e-Reporting","18/03/2023 21:48:42","http://fme.discomap.eea.europa.eu/fmedatastreaming/AirQualityDownload/AQData_Extract.fmw?CountryCode=BE&CityName=&Pollutant=8&Year_from=2016&Year_to=2016&Station=STA-BETE811&Samplingpoint=&Source=E1a&Output=HTML&UpdateDate="
"Belgium","NET-Flanders","Flanders","BELAL01","40AL01 - LINKEROEVER","SPO-BELAL01_00005_100","PM10","Particulate matter < 10 µm (aerosol)","P1Y-P1D-per90.41","1 year 90.41 percentile","2016","36.371","ug/m3","97.27","1","Industrial","Suburban","4.3852","51.2362","10.0","Antwerpen                                                                       ","BE002C1                                           ","530014","E1a/validated data AQ e-Reporting","18/03/2023 22:09:05","http://fme.discomap.eea.europa.eu/fmedatastreaming/AirQualityDownload/AQData_Extract.fmw?CountryCode=BE&CityName=&Pollutant=5&Year_from=2016&Year_to=2016&Station=STA-BELAL01&Samplingpoint=&Source=E1a&Output=HTML&UpdateDate="
"Belgium","NET-Brussels","Brussels","BETN043","41N043 - HAREN","SPO-BETN043_06001_100","PM2.5","Particulate matter < 2.5 µm (aerosol)","P1Y-P1D-per99","1 year 99 percentile of daily means (P1D) or .../aq/primaryObservation/day","2016","48.046","ug/m3","96.45","1","Industrial","Suburban","4.3830","50.8837","17.0","Bruxelles / Brussel                                                             ","BE001C1                                           ","1223364","E1a/validated data AQ e-Reporting","18/03/2023 22:10:03","http://fme.discomap.eea.europa.eu/fmedatastreaming/AirQualityDownload/AQData_Extract.fmw?CountryCode=BE&CityName=&Pollutant=6001&Year_from=2016&Year_to=2016&Station=STA-BETN043&Samplingpoint=&Source=E1a&Output=HTML&UpdateDate="
"Belgium","NET-Flanders","Flanders","BELAB02","40AB02 - BERENDRECHT","SPO-BELAB02_00005_100","PM10","Particulate matter < 10 µm (aerosol)","P3Y","3 subsequent calendar years mean","2016","21.834","ug/m3","97.55","1","Background","Suburban","4.3218","51.3407","10.0","Antwerpen                                                                       ","BE002C1                                           ","530014","E1a/validated data AQ e-Reporting","18/03/2023 21:36:00","http://fme.discomap.eea.europa.eu/fmedatastreaming/AirQualityDownload/AQData_Extract.fmw?CountryCode=BE&CityName=&Pollutant=5&Year_from=2016&Year_to=2016&Station=STA-BELAB02&Samplingpoint=&Source=E1a&Output=HTML&UpdateDate="
"Belgium","NET-Flanders","Flanders","BELAB02","40AB02 - BERENDRECHT","SPO-BELAB02_06001_100","PM2.5","Particulate matter < 2.5 µm (aerosol)","P1Y-day-per50","1 year 50 %ile of daily values in a year","2016","10.104","ug/m3","100.00","1","Background","Suburban","4.3218","51.3407","10.0","Antwerpen                                                                       ","BE002C1                                           ","530014","E1a/validated data AQ e-Reporting","18/03/2023 22:11:51","http://fme.discomap.eea.europa.eu/fmedatastreaming/AirQualityDownload/AQData_Extract.fmw?CountryCode=BE&CityName=&Pollutant=6001&Year_from=2016&Year_to=2016&Station=STA-BELAB02&Samplingpoint=&Source=E1a&Output=HTML&UpdateDate="
"Belgium","NET-Brussels","Brussels","BETMEU1","41MEU1 - MEUDON","SPO-BETMEU1_00001_100","SO2","Sulphur dioxide (air)","P1Y-P1D-per99","1 year 99 percentile of daily means (P1D) or .../aq/primaryObservation/day","2016","3.625","ug/m3","13.93","1","Background","Suburban","4.3957","50.8950","34.0","Bruxelles / Brussel                                                             ","BE001C1                                           ","1223364","E1a/validated data AQ e-Reporting","18/03/2023 22:11:00","http://fme.discomap.eea.europa.eu/fmedatastreaming/AirQualityDownload/AQData_Extract.fmw?CountryCode=BE&CityName=&Pollutant=1&Year_from=2016&Year_to=2016&Station=STA-BETMEU1&Samplingpoint=&Source=E1a&Output=HTML&UpdateDate="
"Belgium","NET-Flanders","Flanders","BETE716","47E716 - MARIAKERKE","SPO-BETE716_00008_100","NO2","Nitrogen dioxide (air)","P1Y-hrsAbove200","1 year hour exceed 200","2016","0.000","count","96.22","1","Industrial","Suburban","3.6828","51.0670","8.0","Gent                                                                            ","BE003C1                                           ","263687","E1a/validated data AQ e-Reporting","18/03/2023 21:48:42","http://fme.discomap.eea.europa.eu/fmedatastreaming/AirQualityDownload/AQData_Extract.fmw?CountryCode=BE&CityName=&Pollutant=8&Year_from=2016&Year_to=2016&Station=STA-BETE716&Samplingpoint=&Source=E1a&Output=HTML&UpdateDate="
"Belgium","NET-Flanders","Flanders","BETE811","47E811 - DIEPENBEEK","SPO-BETE811_00008_100","NO2","Nitrogen dioxide (air)","P1Y-day-max","1 year day max","2016","61.526","ug/m3","55.46","1","Industrial","Rural","5.4182","50.8969","59.0","","","","E1a/validated data AQ e-Reporting","18/03/2023 21:43:56","http://fme.discomap.eea.europa.eu/fmedatastreaming/AirQualityDownload/AQData_Extract.fmw?CountryCode=BE&CityName=&Pollutant=8&Year_from=2016&Year_to=2016&Station=STA-BETE811&Samplingpoint=&Source=E1a&Output=HTML&UpdateDate="
"Belgium","NET-Flanders","Flanders","BELAL01","40AL01 - LINKEROEVER","SPO-BELAL01_00005_100","PM10","Particulate matter < 10 µm (aerosol)","P1Y-P1D-per99","1 year 99 percentile of daily means (P1D) or .../aq/primaryObservation/day","2016","55.329","ug/m3","97.27","1","Industrial","Suburban","4.3852","51.2362","10.0","Antwerpen                                                                       ","BE002C1                                           ","530014","E1a/validated data AQ e-Reporting","18/03/2023 22:09:38","http://fme.discomap.eea.europa.eu/fmedatastreaming/AirQualityDownload/AQData_Extract.fmw?CountryCode=BE&CityName=&Pollutant=5&Year_from=2016&Year_to=2016&Station=STA-BELAL01&Samplingpoint=&Source=E1a&Output=HTML&UpdateDate="
"Belgium","NET-Flanders","Flanders","BEGR801","26R801 - BORGERHOUT","SPO-BEGR801_01629_100","Ca2+ in PM2.5","calcium in PM2.5 (aerosol)","P1Y","Annual mean / 1 calendar year","2016","0.010","ug/m3","0.01","1","Background","Urban","4.4318","51.2097","6.0","Antwerpen                                                                       ","BE002C1                                           ","530014","E1a/validated data AQ e-Reporting","18/03/2023 21:08:58","http://fme.discomap.eea.europa.eu/fmedatastreaming/AirQualityDownload/AQData_Extract.fmw?CountryCode=BE&CityName=&Pollutant=1629&Year_from=2016&Year_to=2016&Station=STA-BEGR801&Samplingpoint=&Source=E1a&Output=HTML&UpdateDate="
"Belgium","NET-Wallonia","Wallonia","BEVN100","50N100 - DOURBES","SPO-BEVN100_00021_100","C6H5-CH3","Toluene (air)","P1Y","Annual mean / 1 calendar year","2016","0.000","ug/m3","48.36","1","Background","Rural","4.5948","50.0957","225.0","","","","E1a/validated data AQ e-Reporting","18/03/2023 21:08:58","http://fme.discomap.eea.europa.eu/fmedatastreaming/AirQualityDownload/AQData_Extract.fmw?CountryCode=BE&CityName=&Pollutant=21&Year_from=2016&Year_to=2016&Station=STA-BEVN100&Samplingpoint=&Source=E1a&Output=HTML&UpdateDate="
"Belgium","NET-Wallonia","Wallonia","BETN113","43N113 - SAINT-ODE","SPO-BETN113_00007_100","O3","Ozone (air)","P1Y-dmax-per99","1 year 99 percentile daily 8h maximum","2016","139.313","ug/m3","88.52","1","Background","Rural","5.5930","50.0270","510.0","","","","E1a/validated data AQ e-Reporting","18/03/2023 22:13:26","http://fme.discomap.eea.europa.eu/fmedatastreaming/AirQualityDownload/AQData_Extract.fmw?CountryCode=BE&CityName=&Pollutant=7&Year_from=2016&Year_to=2016&Station=STA-BETN113&Samplingpoint=&Source=E1a&Output=HTML&UpdateDate="
"Belgium","NET-Wallonia","Wallonia","BETN121","43N121 - OFFAGNE","SPO-BETN121_00008_100","NO2","Nitrogen dioxide (air)","P1Y-day-max","1 year day max","2016","36.717","ug/m3","98.91","1","Background","Rural","5.2024","49.8771","430.0","","","","E1a/validated data AQ e-Reporting","18/03/2023 21:43:56","http://fme.discomap.eea.europa.eu/fmedatastreaming/AirQualityDownload/AQData_Extract.fmw?CountryCode=BE&CityName=&Pollutant=8&Year_from=2016&Year_to=2016&Station=STA-BETN121&Samplingpoint=&Source=E1a&Output=HTML&UpdateDate="
"Belgium","NET-Wallonia","Wallonia","BEVR501","50R501 - CHARLEROI","SPO-BEVR501_00449_100","(CH3)3-C-CH2-CH-(CH3)2","i-Octane (2,2,4-trimethylpentane) (air)","P1Y","Annual mean / 1 calendar year","2016","0.000","ug/m3","48.36","1","Background","Urban","4.4522","50.4093","115.0","Charleroi                                                                       ","BE004C1                                           ","203314","E1a/validated data AQ e-Reporting","18/03/2023 21:08:58","http://fme.discomap.eea.europa.eu/fmedatastreaming/AirQualityDownload/AQData_Extract.fmw?CountryCode=BE&CityName=&Pollutant=449&Year_from=2016&Year_to=2016&Station=STA-BEVR501&Samplingpoint=&Source=E1a&Output=HTML&UpdateDate="
"Belgium","NET-Wallonia","Wallonia","BEVR501","50R501 - CHARLEROI","SPO-BEVR501_00475_100","C8H18","n-Octane (air)","P1Y","Annual mean / 1 calendar year","2016","0.001","ug/m3","48.36","1","Background","Urban","4.4522","50.4093","115.0","Charleroi                                                                       ","BE004C1                                           ","203314","E1a/validated data AQ e-Reporting","18/03/2023 21:08:58","http://fme.discomap.eea.europa.eu/fmedatastreaming/AirQualityDownload/AQData_Extract.fmw?CountryCode=BE&CityName=&Pollutant=475&Year_from=2016&Year_to=2016&Station=STA-BEVR501&Samplingpoint=&Source=E1a&Output=HTML&UpdateDate="
"Belgium","NET-Wallonia","Wallonia","BETR221","43R221 - LIEGE","SPO-BETR221_00001_100","SO2","Sulphur dioxide (air)","P1Y-day-max-per99.18","1 year 99.18 percentile of daily maximum","2016","5.630","ug/m3","87.98","1","Background","Urban","5.6278","50.6584","65.0","Liège                                                                           ","BE005C1                                           ","383700","E1a/validated data AQ e-Reporting","18/03/2023 22:12:16","http://fme.discomap.eea.europa.eu/fmedatastreaming/AirQualityDownload/AQData_Extract.fmw?CountryCode=BE&CityName=&Pollutant=1&Year_from=2016&Year_to=2016&Station=STA-BETR221&Samplingpoint=&Source=E1a&Output=HTML&UpdateDate="
"Belgium","NET-Flanders","Flanders","BETN029","44N029 - HOUTEM","SPO-BETN029_00008_100","NO2","Nitrogen dioxide (air)","P1Y-P1D-per99","1 year 99 percentile of daily means (P1D) or .../aq/primaryObservation/day","2016","36.652","ug/m3","98.63","1","Background","Rural","2.5823","51.0163","2.0","","","","E1a/validated data AQ e-Reporting","18/03/2023 22:10:34","http://fme.discomap.eea.europa.eu/fmedatastreaming/AirQualityDownload/AQData_Extract.fmw?CountryCode=BE&CityName=&Pollutant=8&Year_from=2016&Year_to=2016&Station=STA-BETN029&Samplingpoint=&Source=E1a&Output=HTML&UpdateDate="
"Belgium","NET-Wallonia","Wallonia","BETN060","43N060 - HAVINNES","SPO-BETN060_00001_100","SO2","Sulphur dioxide (air)","P1Y-day-max-per99.18","1 year 99.18 percentile of daily maximum","2016","5.208","ug/m3","97.81","1","Background","Rural","3.4576","50.6167","0.0","","","","E1a/validated data AQ e-Reporting","18/03/2023 22:12:16","http://fme.discomap.eea.europa.eu/fmedatastreaming/AirQualityDownload/AQData_Extract.fmw?CountryCode=BE&CityName=&Pollutant=1&Year_from=2016&Year_to=2016&Station=STA-BETN060&Samplingpoint=&Source=E1a&Output=HTML&UpdateDate="
"Belgium","NET-Flanders","Flanders","BETR710","44R710 - DESTELBERGE","SPO-BETR710_00008_100","NO2","Nitrogen dioxide (air)","P1Y-hrsAbove200","1 year hour exceed 200","2016","0.000","count","95.39","1","Background","Suburban","3.7753","51.0613","6.0","","","","E1a/validated data AQ e-Reporting","18/03/2023 21:48:42","http://fme.discomap.eea.europa.eu/fmedatastreaming/AirQualityDownload/AQData_Extract.fmw?CountryCode=BE&CityName=&Pollutant=8&Year_from=2016&Year_to=2016&Station=STA-BETR710&Samplingpoint=&Source=E1a&Output=HTML&UpdateDate="
"Belgium","NET-Flanders","Flanders","BETR841","42R841 - MECHELEN","SPO-BETR841_00007_100","O3","Ozone (air)","P1Y-dmax-per99","1 year 99 percentile daily 8h maximum","2016","133.875","ug/m3","93.99","1","Background","Suburban","4.4693","51.0025","8.0","Mechelen                                                                        ","BE012C1                                           ","86911","E1a/validated data AQ e-Reporting","18/03/2023 22:13:26","http://fme.discomap.eea.europa.eu/fmedatastreaming/AirQualityDownload/AQData_Extract.fmw?CountryCode=BE&CityName=&Pollutant=7&Year_from=2016&Year_to=2016&Station=STA-BETR841&Samplingpoint=&Source=E1a&Output=HTML&UpdateDate="
"Belgium","NET-Wallonia","Wallonia","BETR501","45R501 - CHARLEROI","SPO-BETR501_00010_100","CO","Carbon monoxide (air)","P1Y-P1D-per99","1 year 99 percentile of daily means (P1D) or .../aq/primaryObservation/day","2016","0.708","mg/m3","98.36","1","Background","Urban","4.4522","50.4093","115.0","Charleroi                                                                       ","BE004C1                                           ","203314","E1a/validated data AQ e-Reporting","18/03/2023 22:11:26","http://fme.discomap.eea.europa.eu/fmedatastreaming/AirQualityDownload/AQData_Extract.fmw?CountryCode=BE&CityName=&Pollutant=10&Year_from=2016&Year_to=2016&Station=STA-BETR501&Samplingpoint=&Source=E1a&Output=HTML&UpdateDate="
"Belgium","NET-Flanders","Flanders","BELLM05","40LM05 - LOMMEL","SPO-BELLM05_00001_100","SO2","Sulphur dioxide (air)","P1Y-hr-min","1 year hour min","2016","1.000","ug/m3","84.77","1","Industrial","Rural","5.2581","51.2151","2.0","","","","E1a/validated data AQ e-Reporting","18/03/2023 22:31:20","http://fme.discomap.eea.europa.eu/fmedatastreaming/AirQualityDownload/AQData_Extract.fmw?CountryCode=BE&CityName=&Pollutant=1&Year_from=2016&Year_to=2016&Station=STA-BELLM05&Samplingpoint=&Source=E1a&Output=HTML&UpdateDate="
"Belgium","NET-Flanders","Flanders","BESR801","59R801 - ANTWERPEN","SPO-BESR801_06013_100","1,3,5-C6H3(CH3)3","1,3,5-Trimethylbenzene (air)","P1Y","Annual mean / 1 calendar year","2016","0.000","ug/m3","84.16","1","Background","Suburban","4.4318","51.2097","0.0","Antwerpen                                                                       ","BE002C1                                           ","530014","E1a/validated data AQ e-Reporting","18/03/2023 21:08:58","http://fme.discomap.eea.europa.eu/fmedatastreaming/AirQualityDownload/AQData_Extract.fmw?CountryCode=BE&CityName=&Pollutant=6013&Year_from=2016&Year_to=2016&Station=STA-BESR801&Samplingpoint=&Source=E1a&Output=HTML&UpdateDate="
"Belgium","NET-Brussels","Brussels","BETR001","41R001 - MOLENBEEK","SPO-BETR001_00001_100","SO2","Sulphur dioxide (air)","P1Y-hr-min","1 year hour min","2016","0.500","ug/m3","96.85","1","Background","Urban","4.3341","50.8497","20.0","Bruxelles / Brussel                                                             ","BE001C1                                           ","1223364","E1a/validated data AQ e-Reporting","18/03/2023 22:31:20","http://fme.discomap.eea.europa.eu/fmedatastreaming/AirQualityDownload/AQData_Extract.fmw?CountryCode=BE&CityName=&Pollutant=1&Year_from=2016&Year_to=2016&Station=STA-BETR001&Samplingpoint=&Source=E1a&Output=HTML&UpdateDate="
"Belgium","NET-Flanders","Flanders","BESR893","59N893 - ANTWERPEN","SPO-BESR893_06016_100","C6H12","1-Hexene (air)","P1Y","Annual mean / 1 calendar year","2016","0.001","ug/m3","87.98","1","Background","Suburban","3.8084","51.2032","0.0","","","","E1a/validated data AQ e-Reporting","18/03/2023 21:08:58","http://fme.discomap.eea.europa.eu/fmedatastreaming/AirQualityDownload/AQData_Extract.fmw?CountryCode=BE&CityName=&Pollutant=6016&Year_from=2016&Year_to=2016&Station=STA-BESR893&Samplingpoint=&Source=E1a&Output=HTML&UpdateDate="
"Belgium","NET-Brussels","Brussels","BEVR002","51R002 - IXELLES","SPO-BEVR002_00020_100","C6H6","Benzene (air)","P1Y-day-min","1 year day min","2016","0.400","ug/m3","89.07","1","Traffic","Suburban","4.3847","50.8251","70.0","Bruxelles / Brussel                                                             ","BE001C1                                           ","1223364","E1a/validated data AQ e-Reporting","18/03/2023 21:55:46","http://fme.discomap.eea.europa.eu/fmedatastreaming/AirQualityDownload/AQData_Extract.fmw?CountryCode=BE&CityName=&Pollutant=20&Year_from=2016&Year_to=2016&Station=STA-BEVR002&Samplingpoint=&Source=E1a&Output=HTML&UpdateDate="
"Belgium","NET-Flanders","Flanders","BEDGI04","65GI04 - GRIMBERGEN
","SPO-BEDGI04_00717_100","Pyrene","pyrene (precip+dry_dep)","P1Y","Annual mean / 1 calendar year","2016","45.270","ng/m2/day","22.95","1","Background","Suburban","4.4022","50.9352","0.0","","","","E1a/validated data AQ e-Reporting","18/03/2023 21:08:58","http://fme.discomap.eea.europa.eu/fmedatastreaming/AirQualityDownload/AQData_Extract.fmw?CountryCode=BE&CityName=&Pollutant=717&Year_from=2016&Year_to=2016&Station=STA-BEDGI04&Samplingpoint=&Source=E1a&Output=HTML&UpdateDate="
"Belgium","NET-Flanders","Flanders","BEDN029","65N029 - HOUTEM
","SPO-BEDN029_00624_100","Benzo(ghi)perylene","Benzo(ghi)perylene (precip+dry_dep)","P1Y","Annual mean / 1 calendar year","2016","5.748","ng/m2/day","92.62","1","Background","Rural","2.5823","51.0163","0.0","","","","E1a/validated data AQ e-Reporting","18/03/2023 21:08:58","http://fme.discomap.eea.europa.eu/fmedatastreaming/AirQualityDownload/AQData_Extract.fmw?CountryCode=BE&CityName=&Pollutant=624&Year_from=2016&Year_to=2016&Station=STA-BEDN029&Samplingpoint=&Source=E1a&Output=HTML&UpdateDate="
"Belgium","NET-Flanders","Flanders","BETN012","44N012 - MOERKERKE","SPO-BETN012_00008_100","NO2","Nitrogen dioxide (air)","P1Y-P1D-per99","1 year 99 percentile of daily means (P1D) or .../aq/primaryObservation/day","2016","43.717","ug/m3","96.45","1","Background","Rural","3.3625","51.2546","3.0","","","","E1a/validated data AQ e-Reporting","18/03/2023 22:10:34","http://fme.discomap.eea.europa.eu/fmedatastreaming/AirQualityDownload/AQData_Extract.fmw?CountryCode=BE&CityName=&Pollutant=8&Year_from=2016&Year_to=2016&Station=STA-BETN012&Samplingpoint=&Source=E1a&Output=HTML&UpdateDate="
"Belgium","NET-Flanders","Flanders","BELRB01","40RB01 - RUISBROEK","SPO-BELRB01_06001_100","PM2.5","Particulate matter < 2.5 µm (aerosol)","P1Y-hr-per50","1 year 50 percentile","2016","20.500","ug/m3","8.66","1","Industrial","Suburban","4.3312","51.0894","0.0","","","","E1a/validated data AQ e-Reporting","18/03/2023 22:05:49","http://fme.discomap.eea.europa.eu/fmedatastreaming/AirQualityDownload/AQData_Extract.fmw?CountryCode=BE&CityName=&Pollutant=6001&Year_from=2016&Year_to=2016&Station=STA-BELRB01&Samplingpoint=&Source=E1a&Output=HTML&UpdateDate="
"Belgium","NET-Flanders","Flanders","BELOB02","40OB02 - WIELSBEKE","SPO-BELOB02_06001_100","PM2.5","Particulate matter < 2.5 µm (aerosol)","P1Y-P1D-per99","1 year 99 percentile of daily means (P1D) or .../aq/primaryObservation/day","2016","48.146","ug/m3","100.00","1","Industrial","Rural","3.3762","50.9150","14.0","","","","E1a/validated data AQ e-Reporting","18/03/2023 22:10:03","http://fme.discomap.eea.europa.eu/fmedatastreaming/AirQualityDownload/AQData_Extract.fmw?CountryCode=BE&CityName=&Pollutant=6001&Year_from=2016&Year_to=2016&Station=STA-BELOB02&Samplingpoint=&Source=E1a&Output=HTML&UpdateDate="
"Belgium","NET-Flanders","Flanders","BELSA04","40SA04 - Hoevenen","SPO-BELSA04_00005_100","PM10","Particulate matter < 10 µm (aerosol)","P1Y-day-max36","1 year day max 36","2016","34.857","ug/m3","98.91","1","Industrial","Rural","4.4039","51.3139","6.0","","","","E1a/validated data AQ e-Reporting","18/03/2023 22:32:47","http://fme.discomap.eea.europa.eu/fmedatastreaming/AirQualityDownload/AQData_Extract.fmw?CountryCode=BE&CityName=&Pollutant=5&Year_from=2016&Year_to=2016&Station=STA-BELSA04&Samplingpoint=&Source=E1a&Output=HTML&UpdateDate="
"Belgium","NET-Flanders","Flanders","BELMN01","40MN01 - MENEN","SPO-BELMN01_00005_100","PM10","Particulate matter < 10 µm (aerosol)","P1Y-day-max36","1 year day max 36","2016","44.850","ug/m3","97.81","1","Industrial","Rural","3.1096","50.7935","10.0","","","","E1a/validated data AQ e-Reporting","18/03/2023 22:32:47","http://fme.discomap.eea.europa.eu/fmedatastreaming/AirQualityDownload/AQData_Extract.fmw?CountryCode=BE&CityName=&Pollutant=5&Year_from=2016&Year_to=2016&Station=STA-BELMN01&Samplingpoint=&Source=E1a&Output=HTML&UpdateDate="
"Belgium","NET-Flanders","Flanders","BEGRT01","26RT01 - RETIE","SPO-BEGRT01_06001_100","PM2.5","Particulate matter < 2.5 µm (aerosol)","P1Y-day-max","1 year day max","2016","45.458","ug/m3","96.99","1","Background","Rural","5.0533","51.2309","23.0","","","","E1a/validated data AQ e-Reporting","18/03/2023 21:43:22","http://fme.discomap.eea.europa.eu/fmedatastreaming/AirQualityDownload/AQData_Extract.fmw?CountryCode=BE&CityName=&Pollutant=6001&Year_from=2016&Year_to=2016&Station=STA-BEGRT01&Samplingpoint=&Source=E1a&Output=HTML&UpdateDate="
"Belgium","NET-Flanders","Flanders","BETE009","47E009 - Zemst","SPO-BETE009_00008_100","NO2","Nitrogen dioxide (air)","P1Y-day-min","1 year day min","2016","3.271","ug/m3","98.63","1","Industrial","Rural","4.4354","50.9549","43.0","","","","E1a/validated data AQ e-Reporting","18/03/2023 21:56:03","http://fme.discomap.eea.europa.eu/fmedatastreaming/AirQualityDownload/AQData_Extract.fmw?CountryCode=BE&CityName=&Pollutant=8&Year_from=2016&Year_to=2016&Station=STA-BETE009&Samplingpoint=&Source=E1a&Output=HTML&UpdateDate="
"Belgium","NET-Flanders","Flanders","BELLM05","40LM05 - LOMMEL","SPO-BELLM05_00001_100","SO2","Sulphur dioxide (air)","P1Y-day-max","1 year day max","2016","39.196","ug/m3","85.79","1","Industrial","Rural","5.2581","51.2151","2.0","","","","E1a/validated data AQ e-Reporting","18/03/2023 21:42:48","http://fme.discomap.eea.europa.eu/fmedatastreaming/AirQualityDownload/AQData_Extract.fmw?CountryCode=BE&CityName=&Pollutant=1&Year_from=2016&Year_to=2016&Station=STA-BELLM05&Samplingpoint=&Source=E1a&Output=HTML&UpdateDate="
"Belgium","NET-Flanders","Flanders","BESR893","59N893 - ANTWERPEN","SPO-BESR893_06013_100","1,3,5-C6H3(CH3)3","1,3,5-Trimethylbenzene (air)","P1Y","Annual mean / 1 calendar year","2016","0.000","ug/m3","87.98","1","Background","Suburban","3.8084","51.2032","0.0","","","","E1a/validated data AQ e-Reporting","18/03/2023 21:08:58","http://fme.discomap.eea.europa.eu/fmedatastreaming/AirQualityDownload/AQData_Extract.fmw?CountryCode=BE&CityName=&Pollutant=6013&Year_from=2016&Year_to=2016&Station=STA-BESR893&Samplingpoint=&Source=E1a&Output=HTML&UpdateDate="
"Belgium","NET-Flanders","Flanders","BELOB01","40OB01 - OOSTROZEBEK","SPO-BELOB01_00005_100","PM10","Particulate matter < 10 µm (aerosol)","P1Y-day-max36","1 year day max 36","2016","42.850","ug/m3","99.73","1","Industrial","Rural","3.3074","50.9172","44.0","","","","E1a/validated data AQ e-Reporting","18/03/2023 22:32:47","http://fme.discomap.eea.europa.eu/fmedatastreaming/AirQualityDownload/AQData_Extract.fmw?CountryCode=BE&CityName=&Pollutant=5&Year_from=2016&Year_to=2016&Station=STA-BELOB01&Samplingpoint=&Source=E1a&Output=HTML&UpdateDate="
"Belgium","NET-Flanders","Flanders","BELMN01","40MN01 - MENEN","SPO-BELMN01_00005_100","PM10","Particulate matter < 10 µm (aerosol)","P1Y-hr-min","1 year hour min","2016","4.100","ug/m3","98.36","1","Industrial","Rural","3.1096","50.7935","10.0","","","","E1a/validated data AQ e-Reporting","18/03/2023 22:31:20","http://fme.discomap.eea.europa.eu/fmedatastreaming/AirQualityDownload/AQData_Extract.fmw?CountryCode=BE&CityName=&Pollutant=5&Year_from=2016&Year_to=2016&Station=STA-BELMN01&Samplingpoint=&Source=E1a&Output=HTML&UpdateDate="
"Belgium","NET-Flanders","Flanders","BETR811","42R811 - SCHOTEN","SPO-BETR811_00005_100","PM10","Particulate matter < 10 µm (aerosol)","P1Y-day-max36","1 year day max 36","2016","35.725","ug/m3","99.73","1","Background","Suburban","4.4914","51.2521","8.0","","","","E1a/validated data AQ e-Reporting","18/03/2023 22:32:47","http://fme.discomap.eea.europa.eu/fmedatastreaming/AirQualityDownload/AQData_Extract.fmw?CountryCode=BE&CityName=&Pollutant=5&Year_from=2016&Year_to=2016&Station=STA-BETR811&Samplingpoint=&Source=E1a&Output=HTML&UpdateDate="
"Belgium","NET-Flanders","Flanders","BETE714","47E714 - DUDZELE","SPO-BETE714_00008_100","NO2","Nitrogen dioxide (air)","P1Y-day-per50","1 year 50 %ile of daily values in a year","2016","15.152","ug/m3","99.45","1","Industrial","Rural","3.2486","51.2790","11.0","Brugge                                                                          ","BE006C1                                           ","118916","E1a/validated data AQ e-Reporting","18/03/2023 22:14:21","http://fme.discomap.eea.europa.eu/fmedatastreaming/AirQualityDownload/AQData_Extract.fmw?CountryCode=BE&CityName=&Pollutant=8&Year_from=2016&Year_to=2016&Station=STA-BETE714&Samplingpoint=&Source=E1a&Output=HTML&UpdateDate="
"Belgium","NET-Flanders","Flanders","BETE714","47E714 - DUDZELE","SPO-BETE714_00008_100","NO2","Nitrogen dioxide (air)","P1Y-hrsAbove400","1 year hour exceed 400","2016","0.000","count","97.27","1","Industrial","Rural","3.2486","51.2790","11.0","Brugge                                                                          ","BE006C1                                           ","118916","E1a/validated data AQ e-Reporting","18/03/2023 21:54:38","http://fme.discomap.eea.europa.eu/fmedatastreaming/AirQualityDownload/AQData_Extract.fmw?CountryCode=BE&CityName=&Pollutant=8&Year_from=2016&Year_to=2016&Station=STA-BETE714&Samplingpoint=&Source=E1a&Output=HTML&UpdateDate="
"Belgium","NET-Flanders","Flanders","BETR815","42R815 - ZWIJNDRECHT","SPO-BETR815_00005_100","PM10","Particulate matter < 10 µm (aerosol)","P1Y-P1D-per90.41","1 year 90.41 percentile","2016","37.371","ug/m3","100.00","1","Industrial","Suburban","4.3322","51.2147","7.0","","","","E1a/validated data AQ e-Reporting","18/03/2023 22:09:05","http://fme.discomap.eea.europa.eu/fmedatastreaming/AirQualityDownload/AQData_Extract.fmw?CountryCode=BE&CityName=&Pollutant=5&Year_from=2016&Year_to=2016&Station=STA-BETR815&Samplingpoint=&Source=E1a&Output=HTML&UpdateDate="
"Belgium","NET-Flanders","Flanders","BETR815","42R815 - ZWIJNDRECHT","SPO-BETR815_00001_100","SO2","Sulphur dioxide (air)","P1Y-hr-max-per99.73","1 year 99.73 %ile of hourly values in a given year","2016","53.000","ug/m3","97.27","1","Industrial","Suburban","4.3322","51.2147","7.0","","","","E1a/validated data AQ e-Reporting","18/03/2023 22:06:23","http://fme.discomap.eea.europa.eu/fmedatastreaming/AirQualityDownload/AQData_Extract.fmw?CountryCode=BE&CityName=&Pollutant=1&Year_from=2016&Year_to=2016&Station=STA-BETR815&Samplingpoint=&Source=E1a&Output=HTML&UpdateDate="
"Belgium","NET-Flanders","Flanders","BETR815","42R815 - ZWIJNDRECHT","SPO-BETR815_00001_100","SO2","Sulphur dioxide (air)","P1Y-hr-per50","1 year 50 percentile","2016","1.000","ug/m3","97.27","1","Industrial","Suburban","4.3322","51.2147","7.0","","","","E1a/validated data AQ e-Reporting","18/03/2023 22:05:49","http://fme.discomap.eea.europa.eu/fmedatastreaming/AirQualityDownload/AQData_Extract.fmw?CountryCode=BE&CityName=&Pollutant=1&Year_from=2016&Year_to=2016&Station=STA-BETR815&Samplingpoint=&Source=E1a&Output=HTML&UpdateDate="
"Belgium","NET-Wallonia","Wallonia","BETR221","43R221 - LIEGE","SPO-BETR221_00001_100","SO2","Sulphur dioxide (air)","P1Y-hr-per50","1 year 50 percentile","2016","1.000","ug/m3","85.80","1","Background","Urban","5.6278","50.6584","65.0","Liège                                                                           ","BE005C1                                           ","383700","E1a/validated data AQ e-Reporting","18/03/2023 22:05:49","http://fme.discomap.eea.europa.eu/fmedatastreaming/AirQualityDownload/AQData_Extract.fmw?CountryCode=BE&CityName=&Pollutant=1&Year_from=2016&Year_to=2016&Station=STA-BETR221&Samplingpoint=&Source=E1a&Output=HTML&UpdateDate="
"Belgium","NET-Wallonia","Wallonia","BETR221","43R221 - LIEGE","SPO-BETR221_00007_100","O3","Ozone (air)","AOT40f","AOT40 for forest protection","2016","7758.922","ug/m3","95.99","1","Background","Urban","5.6278","50.6584","65.0","Liège                                                                           ","BE005C1                                           ","383700","E1a/validated data AQ e-Reporting","18/03/2023 23:06:40","http://fme.discomap.eea.europa.eu/fmedatastreaming/AirQualityDownload/AQData_Extract.fmw?CountryCode=BE&CityName=&Pollutant=7&Year_from=2016&Year_to=2016&Station=STA-BETR221&Samplingpoint=&Source=E1a&Output=HTML&UpdateDate="
"Belgium","NET-Wallonia","Wallonia","BETR222","43R222 - SERAING","SPO-BETR222_00001_100","SO2","Sulphur dioxide (air)","P1Y-day-max","1 year day max","2016","5.609","ug/m3","91.26","1","Background","Suburban","5.5702","50.6134","65.0","Liège                                                                           ","BE005C1                                           ","383700","E1a/validated data AQ e-Reporting","18/03/2023 21:42:48","http://fme.discomap.eea.europa.eu/fmedatastreaming/AirQualityDownload/AQData_Extract.fmw?CountryCode=BE&CityName=&Pollutant=1&Year_from=2016&Year_to=2016&Station=STA-BETR222&Samplingpoint=&Source=E1a&Output=HTML&UpdateDate="
"Belgium","NET-Flanders","Flanders","BELOB02","40OB02 - WIELSBEKE","SPO-BELOB02_00005_100","PM10","Particulate matter < 10 µm (aerosol)","P3Y","3 subsequent calendar years mean","2016","22.752","ug/m3","98.87","1","Industrial","Rural","3.3762","50.9150","14.0","","","","E1a/validated data AQ e-Reporting","18/03/2023 21:36:00","http://fme.discomap.eea.europa.eu/fmedatastreaming/AirQualityDownload/AQData_Extract.fmw?CountryCode=BE&CityName=&Pollutant=5&Year_from=2016&Year_to=2016&Station=STA-BELOB02&Samplingpoint=&Source=E1a&Output=HTML&UpdateDate="
"Belgium","NET-Flanders","Flanders","BESN029","59N029 - VEURNE","SPO-BESN029_06016_100","C6H12","1-Hexene (air)","P1Y","Annual mean / 1 calendar year","2016","0.000","ug/m3","87.98","1","Background","Suburban","2.5823","51.0163","0.0","","","","E1a/validated data AQ e-Reporting","18/03/2023 21:08:58","http://fme.discomap.eea.europa.eu/fmedatastreaming/AirQualityDownload/AQData_Extract.fmw?CountryCode=BE&CityName=&Pollutant=6016&Year_from=2016&Year_to=2016&Station=STA-BESN029&Samplingpoint=&Source=E1a&Output=HTML&UpdateDate="
"Belgium","NET-Flanders","Flanders","BEMHB17","00HB17 - HOBOKEN","SPO-BEMHB17_05014_100","Cd in PM10","Cadmium in PM10 (aerosol)","P1Y","Annual mean / 1 calendar year","2016","6.117","ng/m3","97.81","1","Industrial","Suburban","4.3379","51.1703","10.0","Antwerpen                                                                       ","BE002C1                                           ","530014","E1a/validated data AQ e-Reporting","18/03/2023 21:08:58","http://fme.discomap.eea.europa.eu/fmedatastreaming/AirQualityDownload/AQData_Extract.fmw?CountryCode=BE&CityName=&Pollutant=5014&Year_from=2016&Year_to=2016&Station=STA-BEMHB17&Samplingpoint=&Source=E1a&Output=HTML&UpdateDate="
"Belgium","NET-Flanders","Flanders","BEMR750","0ZEL02 - ZELZATE","SPO-BEMR750_05015_100","Ni in PM10","Nickel in PM10 (aerosol)","P1Y","Annual mean / 1 calendar year","2016","0.568","ng/m3","99.45","1","Industrial","Suburban","3.8229","51.1961","6.0","","","","E1a/validated data AQ e-Reporting","18/03/2023 21:08:58","http://fme.discomap.eea.europa.eu/fmedatastreaming/AirQualityDownload/AQData_Extract.fmw?CountryCode=BE&CityName=&Pollutant=5015&Year_from=2016&Year_to=2016&Station=STA-BEMR750&Samplingpoint=&Source=E1a&Output=HTML&UpdateDate="
"Belgium","NET-Flanders","Flanders","BETN029","44N029 - HOUTEM","SPO-BETN029_00008_100","NO2","Nitrogen dioxide (air)","P3Y","3 subsequent calendar years mean","2016","11.122","ug/m3","95.42","1","Background","Rural","2.5823","51.0163","2.0","","","","E1a/validated data AQ e-Reporting","18/03/2023 21:36:00","http://fme.discomap.eea.europa.eu/fmedatastreaming/AirQualityDownload/AQData_Extract.fmw?CountryCode=BE&CityName=&Pollutant=8&Year_from=2016&Year_to=2016&Station=STA-BETN029&Samplingpoint=&Source=E1a&Output=HTML&UpdateDate="
"Belgium","NET-Flanders","Flanders","BETN012","44N012 - MOERKERKE","SPO-BETN012_00008_100","NO2","Nitrogen dioxide (air)","P1Y-3hAbove400","3 consecutive hours in exceedance of 400","2016","0.000","count","94.24","1","Background","Rural","3.3625","51.2546","3.0","","","","E1a/validated data AQ e-Reporting","18/03/2023 22:22:30","http://fme.discomap.eea.europa.eu/fmedatastreaming/AirQualityDownload/AQData_Extract.fmw?CountryCode=BE&CityName=&Pollutant=8&Year_from=2016&Year_to=2016&Station=STA-BETN012&Samplingpoint=&Source=E1a&Output=HTML&UpdateDate="
"Belgium","NET-Wallonia","Wallonia","BETN085","43N085 - VIELSALM","SPO-BETN085_00001_100","SO2","Sulphur dioxide (air)","winter-avg","Winter mean","2016","0.373","ug/m3","97.27","1","Background","Rural","6.0017","50.3032","490.0","","","","E1a/validated data AQ e-Reporting","18/03/2023 22:50:43","http://fme.discomap.eea.europa.eu/fmedatastreaming/AirQualityDownload/AQData_Extract.fmw?CountryCode=BE&CityName=&Pollutant=1&Year_from=2016&Year_to=2016&Station=STA-BETN085&Samplingpoint=&Source=E1a&Output=HTML&UpdateDate="
"Belgium","NET-Flanders","Flanders","BETR805","42R805 - ANTWERPEN","SPO-BETR805_00005_100","PM10","Particulate matter < 10 µm (aerosol)","P1Y","Annual mean / 1 calendar year","2016","22.374","ug/m3","99.11","1","Traffic","Urban","4.4216","51.2082","6.0","Antwerpen                                                                       ","BE002C1                                           ","530014","E1a/validated data AQ e-Reporting","18/03/2023 21:08:58","http://fme.discomap.eea.europa.eu/fmedatastreaming/AirQualityDownload/AQData_Extract.fmw?CountryCode=BE&CityName=&Pollutant=5&Year_from=2016&Year_to=2016&Station=STA-BETR805&Samplingpoint=&Source=E1a&Output=HTML&UpdateDate="
"Belgium","NET-Wallonia","Wallonia","BETN085","43N085 - VIELSALM","SPO-BETN085_00007_100","O3","Ozone (air)","AOT40cmeasured","AOT40c UNCORRECTED for data capture","2016","5911.500","ug/m3","93.93","1","Background","Rural","6.0017","50.3032","490.0","","","","E1a/validated data AQ e-Reporting","18/03/2023 23:01:40","http://fme.discomap.eea.europa.eu/fmedatastreaming/AirQualityDownload/AQData_Extract.fmw?CountryCode=BE&CityName=&Pollutant=7&Year_from=2016&Year_to=2016&Station=STA-BETN085&Samplingpoint=&Source=E1a&Output=HTML&UpdateDate="
"Belgium","NET-Flanders","Flanders","BETR750","44R750 - ZELZATE","SPO-BETR750_00391_100","Black Carbon","black_carbon (aerosol)","P1Y-hr-min","1 year hour min","2016","0.050","ug/m3","95.23","1","Industrial","Rural","3.8229","51.1961","6.0","","","","E1a/validated data AQ e-Reporting","18/03/2023 22:31:20","http://fme.discomap.eea.europa.eu/fmedatastreaming/AirQualityDownload/AQData_Extract.fmw?CountryCode=BE&CityName=&Pollutant=391&Year_from=2016&Year_to=2016&Station=STA-BETR750&Samplingpoint=&Source=E1a&Output=HTML&UpdateDate="
"Belgium","NET-Flanders","Flanders","BETR820","42R820 - KAPELLEN","SPO-BETR820_00001_100","SO2","Sulphur dioxide (air)","P1Y-day-max-per99.18","1 year 99.18 percentile of daily maximum","2016","10.813","ug/m3","99.45","1","Background","Suburban","4.4448","51.3204","11.0","","","","E1a/validated data AQ e-Reporting","18/03/2023 22:12:16","http://fme.discomap.eea.europa.eu/fmedatastreaming/AirQualityDownload/AQData_Extract.fmw?CountryCode=BE&CityName=&Pollutant=1&Year_from=2016&Year_to=2016&Station=STA-BETR820&Samplingpoint=&Source=E1a&Output=HTML&UpdateDate="
"Belgium","NET-Flanders","Flanders","BETR801","42R801 - BORGERHOUT","SPO-BETR801_00001_100","SO2","Sulphur dioxide (air)","P1Y-P1D-per99","1 year 99 percentile of daily means (P1D) or .../aq/primaryObservation/day","2016","7.587","ug/m3","99.45","1","Background","Urban","4.4318","51.2097","6.0","Antwerpen                                                                       ","BE002C1                                           ","530014","E1a/validated data AQ e-Reporting","18/03/2023 22:11:00","http://fme.discomap.eea.europa.eu/fmedatastreaming/AirQualityDownload/AQData_Extract.fmw?CountryCode=BE&CityName=&Pollutant=1&Year_from=2016&Year_to=2016&Station=STA-BETR801&Samplingpoint=&Source=E1a&Output=HTML&UpdateDate="
"Belgium","NET-Flanders","Flanders","BETN012","44N012 - MOERKERKE","SPO-BETN012_00005_100","PM10","Particulate matter < 10 µm (aerosol)","P1Y-P1D-per90.4","1 year 90.4 percentile - COMPLIANCE","2016","33.163","ug/m3","99.45","1","Background","Rural","3.3625","51.2546","3.0","","","","E1a/validated data AQ e-Reporting","18/03/2023 22:08:35","http://fme.discomap.eea.europa.eu/fmedatastreaming/AirQualityDownload/AQData_Extract.fmw?CountryCode=BE&CityName=&Pollutant=5&Year_from=2016&Year_to=2016&Station=STA-BETN012&Samplingpoint=&Source=E1a&Output=HTML&UpdateDate="
"Belgium","NET-Flanders","Flanders","BETN012","44N012 - MOERKERKE","SPO-BETN012_00007_100","O3","Ozone (air)","P1Y-day-max","1 year day max","2016","105.565","ug/m3","91.26","1","Background","Rural","3.3625","51.2546","3.0","","","","E1a/validated data AQ e-Reporting","18/03/2023 21:44:13","http://fme.discomap.eea.europa.eu/fmedatastreaming/AirQualityDownload/AQData_Extract.fmw?CountryCode=BE&CityName=&Pollutant=7&Year_from=2016&Year_to=2016&Station=STA-BETN012&Samplingpoint=&Source=E1a&Output=HTML&UpdateDate="
"Belgium","NET-Flanders","Flanders","BELAL01","40AL01 - LINKEROEVER","SPO-BELAL01_00391_100","Black Carbon","black_carbon (aerosol)","P1Y","Annual mean / 1 calendar year","2016","1.212","ug/m3","92.09","1","Industrial","Suburban","4.3852","51.2362","10.0","Antwerpen                                                                       ","BE002C1                                           ","530014","E1a/validated data AQ e-Reporting","18/03/2023 21:08:58","http://fme.discomap.eea.europa.eu/fmedatastreaming/AirQualityDownload/AQData_Extract.fmw?CountryCode=BE&CityName=&Pollutant=391&Year_from=2016&Year_to=2016&Station=STA-BELAL01&Samplingpoint=&Source=E1a&Output=HTML&UpdateDate="
"Belgium","NET-Brussels","Brussels","BETWOL1","41WOL1 - WOL.ST.L.","SPO-BETWOL1_00007_100","O3","Ozone (air)","AOT40cmeasured","AOT40c UNCORRECTED for data capture","2016","1681.000","ug/m3","98.01","1","Traffic","Suburban","4.4258","50.8567","78.0","Bruxelles / Brussel                                                             ","BE001C1                                           ","1223364","E1a/validated data AQ e-Reporting","18/03/2023 23:01:40","http://fme.discomap.eea.europa.eu/fmedatastreaming/AirQualityDownload/AQData_Extract.fmw?CountryCode=BE&CityName=&Pollutant=7&Year_from=2016&Year_to=2016&Station=STA-BETWOL1&Samplingpoint=&Source=E1a&Output=HTML&UpdateDate="
"Belgium","NET-Brussels","Brussels","BETWOL1","41WOL1 - WOL.ST.L.","SPO-BETWOL1_00007_100","O3","Ozone (air)","P3Y","3 subsequent calendar years mean","2016","34.020","ug/m3","92.86","1","Traffic","Suburban","4.4258","50.8567","78.0","Bruxelles / Brussel                                                             ","BE001C1                                           ","1223364","E1a/validated data AQ e-Reporting","18/03/2023 21:36:00","http://fme.discomap.eea.europa.eu/fmedatastreaming/AirQualityDownload/AQData_Extract.fmw?CountryCode=BE&CityName=&Pollutant=7&Year_from=2016&Year_to=2016&Station=STA-BETWOL1&Samplingpoint=&Source=E1a&Output=HTML&UpdateDate="
"Belgium","NET-Brussels","Brussels","BETR001","41R001 - MOLENBEEK","SPO-BETR001_00010_100","CO","Carbon monoxide (air)","P1Y-P1D-per99","1 year 99 percentile of daily means (P1D) or .../aq/primaryObservation/day","2016","0.686","mg/m3","93.44","1","Background","Urban","4.3341","50.8497","20.0","Bruxelles / Brussel                                                             ","BE001C1                                           ","1223364","E1a/validated data AQ e-Reporting","18/03/2023 22:11:26","http://fme.discomap.eea.europa.eu/fmedatastreaming/AirQualityDownload/AQData_Extract.fmw?CountryCode=BE&CityName=&Pollutant=10&Year_from=2016&Year_to=2016&Station=STA-BETR001&Samplingpoint=&Source=E1a&Output=HTML&UpdateDate="
"Belgium","NET-Flanders","Flanders","BELMN01","40MN01 - MENEN","SPO-BELMN01_00005_100","PM10","Particulate matter < 10 µm (aerosol)","P1Y-hr-max","1 year hour max","2016","260.600","ug/m3","98.36","1","Industrial","Rural","3.1096","50.7935","10.0","","","","E1a/validated data AQ e-Reporting","18/03/2023 21:57:02","http://fme.discomap.eea.europa.eu/fmedatastreaming/AirQualityDownload/AQData_Extract.fmw?CountryCode=BE&CityName=&Pollutant=5&Year_from=2016&Year_to=2016&Station=STA-BELMN01&Samplingpoint=&Source=E1a&Output=HTML&UpdateDate="
"Belgium","NET-Flanders","Flanders","BEGRT01","26RT01 - RETIE","SPO-BEGRT01_01659_100","Mg2+ in PM2.5","magnesium in PM2.5 (aerosol)","P1Y","Annual mean / 1 calendar year","2016","0.030","ug/m3","0.01","1","Background","Rural","5.0533","51.2309","23.0","","","","E1a/validated data AQ e-Reporting","18/03/2023 21:08:58","http://fme.discomap.eea.europa.eu/fmedatastreaming/AirQualityDownload/AQData_Extract.fmw?CountryCode=BE&CityName=&Pollutant=1659&Year_from=2016&Year_to=2016&Station=STA-BEGRT01&Samplingpoint=&Source=E1a&Output=HTML&UpdateDate="
"Belgium","NET-Flanders","Flanders","BELAB02","40AB02 - BERENDRECHT","SPO-BELAB02_06001_100","PM2.5","Particulate matter < 2.5 µm (aerosol)","P1Y-hr-max","1 year hour max","2016","104.000","ug/m3","99.86","1","Background","Suburban","4.3218","51.3407","10.0","Antwerpen                                                                       ","BE002C1                                           ","530014","E1a/validated data AQ e-Reporting","18/03/2023 21:57:02","http://fme.discomap.eea.europa.eu/fmedatastreaming/AirQualityDownload/AQData_Extract.fmw?CountryCode=BE&CityName=&Pollutant=6001&Year_from=2016&Year_to=2016&Station=STA-BELAB02&Samplingpoint=&Source=E1a&Output=HTML&UpdateDate="
"Belgium","NET-Flanders","Flanders","BELOB01","40OB01 - OOSTROZEBEK","SPO-BELOB01_06001_100","PM2.5","Particulate matter < 2.5 µm (aerosol)","P1Y","Annual mean / 1 calendar year","2016","17.224","ug/m3","99.73","1","Industrial","Rural","3.3074","50.9172","44.0","","","","E1a/validated data AQ e-Reporting","18/03/2023 21:08:58","http://fme.discomap.eea.europa.eu/fmedatastreaming/AirQualityDownload/AQData_Extract.fmw?CountryCode=BE&CityName=&Pollutant=6001&Year_from=2016&Year_to=2016&Station=STA-BELOB01&Samplingpoint=&Source=E1a&Output=HTML&UpdateDate="
"Belgium","NET-Flanders","Flanders","BELOB01","40OB01 - OOSTROZEBEK","SPO-BELOB01_06001_100","PM2.5","Particulate matter < 2.5 µm (aerosol)","P1Y-hr-per50","1 year 50 percentile","2016","14.000","ug/m3","99.73","1","Industrial","Rural","3.3074","50.9172","44.0","","","","E1a/validated data AQ e-Reporting","18/03/2023 22:05:49","http://fme.discomap.eea.europa.eu/fmedatastreaming/AirQualityDownload/AQData_Extract.fmw?CountryCode=BE&CityName=&Pollutant=6001&Year_from=2016&Year_to=2016&Station=STA-BELOB01&Samplingpoint=&Source=E1a&Output=HTML&UpdateDate="
"Belgium","NET-Flanders","Flanders","BELRL01","40RL01 - ROESELARE","SPO-BELRL01_00005_100","PM10","Particulate matter < 10 µm (aerosol)","P1Y-day-per50","1 year 50 %ile of daily values in a year","2016","18.308","ug/m3","100.00","1","Background","Urban","3.1212","50.9532","20.0","","","","E1a/validated data AQ e-Reporting","18/03/2023 22:08:05","http://fme.discomap.eea.europa.eu/fmedatastreaming/AirQualityDownload/AQData_Extract.fmw?CountryCode=BE&CityName=&Pollutant=5&Year_from=2016&Year_to=2016&Station=STA-BELRL01&Samplingpoint=&Source=E1a&Output=HTML&UpdateDate="
"Belgium","NET-Flanders","Flanders","BEVLU11","59LU11 - LEUVEN","SPO-BEVLU11_00020_100","C6H6","Benzene (air)","P1Y-day-per50","1 year 50 %ile of daily values in a year","2016","0.835","ug/m3","91.80","1","Background","Suburban","4.6911","50.8797","0.0","Leuven                                                                          ","BE008C1                                           ","101625","E1a/validated data AQ e-Reporting","18/03/2023 22:13:51","http://fme.discomap.eea.europa.eu/fmedatastreaming/AirQualityDownload/AQData_Extract.fmw?CountryCode=BE&CityName=&Pollutant=20&Year_from=2016&Year_to=2016&Station=STA-BEVLU11&Samplingpoint=&Source=E1a&Output=HTML&UpdateDate="
"Belgium","NET-Flanders","Flanders","BEVLU11","59LU11 - LEUVEN","SPO-BEVLU11_00482_100","o-C6H4-(CH3)2","o-Xylene (air)","P1Y","Annual mean / 1 calendar year","2016","0.000","ug/m3","87.99","1","Background","Suburban","4.6911","50.8797","0.0","Leuven                                                                          ","BE008C1                                           ","101625","E1a/validated data AQ e-Reporting","18/03/2023 21:08:58","http://fme.discomap.eea.europa.eu/fmedatastreaming/AirQualityDownload/AQData_Extract.fmw?CountryCode=BE&CityName=&Pollutant=482&Year_from=2016&Year_to=2016&Station=STA-BEVLU11&Samplingpoint=&Source=E1a&Output=HTML&UpdateDate="
"Belgium","NET-Flanders","Flanders","BETR750","44R750 - ZELZATE","SPO-BETR750_06001_100","PM2.5","Particulate matter < 2.5 µm (aerosol)","P1Y-hr-max","1 year hour max","2016","141.000","ug/m3","98.74","1","Industrial","Rural","3.8229","51.1961","6.0","","","","E1a/validated data AQ e-Reporting","18/03/2023 21:57:02","http://fme.discomap.eea.europa.eu/fmedatastreaming/AirQualityDownload/AQData_Extract.fmw?CountryCode=BE&CityName=&Pollutant=6001&Year_from=2016&Year_to=2016&Station=STA-BETR750&Samplingpoint=&Source=E1a&Output=HTML&UpdateDate="
"Belgium","NET-Flanders","Flanders","BETR817","42R817 - ANTWERPEN","SPO-BETR817_00008_100","NO2","Nitrogen dioxide (air)","P1Y-P1D-per99","1 year 99 percentile of daily means (P1D) or .../aq/primaryObservation/day","2016","67.083","ug/m3","96.72","1","Background","Suburban","4.4180","51.1771","6.0","Antwerpen                                                                       ","BE002C1                                           ","530014","E1a/validated data AQ e-Reporting","18/03/2023 22:10:34","http://fme.discomap.eea.europa.eu/fmedatastreaming/AirQualityDownload/AQData_Extract.fmw?CountryCode=BE&CityName=&Pollutant=8&Year_from=2016&Year_to=2016&Station=STA-BETR817&Samplingpoint=&Source=E1a&Output=HTML&UpdateDate="
"Belgium","NET-Flanders","Flanders","BETR801","42R801 - BORGERHOUT","SPO-BETR801_00005_100","PM10","Particulate matter < 10 µm (aerosol)","P1Y-daysAbove50","1 year day exceed 50","2016","8.000","count","100.00","1","Background","Urban","4.4318","51.2097","6.0","Antwerpen                                                                       ","BE002C1                                           ","530014","E1a/validated data AQ e-Reporting","18/03/2023 22:27:00","http://fme.discomap.eea.europa.eu/fmedatastreaming/AirQualityDownload/AQData_Extract.fmw?CountryCode=BE&CityName=&Pollutant=5&Year_from=2016&Year_to=2016&Station=STA-BETR801&Samplingpoint=&Source=E1a&Output=HTML&UpdateDate="
"Belgium","NET-Flanders","Flanders","BELSZ02","40SZ02 - STEENOKKERZ","SPO-BELSZ02_00008_100","NO2","Nitrogen dioxide (air)","P1Y-hr-max-per99.79","1 year 99.79 %ile of hourly values in a given year","2016","92.500","ug/m3","96.47","1","Industrial","Rural","4.5122","50.9130","15.0","","","","E1a/validated data AQ e-Reporting","18/03/2023 22:07:35","http://fme.discomap.eea.europa.eu/fmedatastreaming/AirQualityDownload/AQData_Extract.fmw?CountryCode=BE&CityName=&Pollutant=8&Year_from=2016&Year_to=2016&Station=STA-BELSZ02&Samplingpoint=&Source=E1a&Output=HTML&UpdateDate="
"Belgium","NET-Flanders","Flanders","BELLD02","40LD02 - LAAKDAL","SPO-BELLD02_00008_100","NO2","Nitrogen dioxide (air)","P1Y-day-per50","1 year 50 %ile of daily values in a year","2016","18.905","ug/m3","98.63","1","Industrial","Rural","5.0216","51.1204","22.0","","","","E1a/validated data AQ e-Reporting","18/03/2023 22:14:21","http://fme.discomap.eea.europa.eu/fmedatastreaming/AirQualityDownload/AQData_Extract.fmw?CountryCode=BE&CityName=&Pollutant=8&Year_from=2016&Year_to=2016&Station=STA-BELLD02&Samplingpoint=&Source=E1a&Output=HTML&UpdateDate="
"Belgium","NET-Flanders","Flanders","BELR833","40R833 - STABROEK","SPO-BELR833_00020_100","C6H6","Benzene (air)","P1Y-day-min","1 year day min","2016","0.050","ug/m3","95.90","1","Industrial","Rural","4.3623","51.3277","5.0","","","","E1a/validated data AQ e-Reporting","18/03/2023 21:55:46","http://fme.discomap.eea.europa.eu/fmedatastreaming/AirQualityDownload/AQData_Extract.fmw?CountryCode=BE&CityName=&Pollutant=20&Year_from=2016&Year_to=2016&Station=STA-BELR833&Samplingpoint=&Source=E1a&Output=HTML&UpdateDate="
"Belgium","NET-Flanders","Flanders","BELGK06","40GK06 - GENK","SPO-BELGK06_00005_100","PM10","Particulate matter < 10 µm (aerosol)","P1Y-day-per50","1 year 50 %ile of daily values in a year","2016","19.579","ug/m3","100.00","1","Industrial","Suburban","5.4706","50.9279","44.0","","","","E1a/validated data AQ e-Reporting","18/03/2023 22:08:05","http://fme.discomap.eea.europa.eu/fmedatastreaming/AirQualityDownload/AQData_Extract.fmw?CountryCode=BE&CityName=&Pollutant=5&Year_from=2016&Year_to=2016&Station=STA-BELGK06&Samplingpoint=&Source=E1a&Output=HTML&UpdateDate="
"Belgium","NET-Flanders","Flanders","BETM705","44M705 - ROESELARE","SPO-BETM705_00008_100","NO2","Nitrogen dioxide (air)","P1Y-hr-max","1 year hour max","2016","127.500","ug/m3","96.85","1","Industrial","Suburban","3.1524","50.9454","19.0","","","","E1a/validated data AQ e-Reporting","18/03/2023 21:57:02","http://fme.discomap.eea.europa.eu/fmedatastreaming/AirQualityDownload/AQData_Extract.fmw?CountryCode=BE&CityName=&Pollutant=8&Year_from=2016&Year_to=2016&Station=STA-BETM705&Samplingpoint=&Source=E1a&Output=HTML&UpdateDate="
"Belgium","NET-Brussels","Brussels","BETWOL1","41WOL1 - WOL.ST.L.","SPO-BETWOL1_00001_100","SO2","Sulphur dioxide (air)","P1Y","Annual mean / 1 calendar year","2016","2.124","ug/m3","92.32","1","Traffic","Suburban","4.4258","50.8567","78.0","Bruxelles / Brussel                                                             ","BE001C1                                           ","1223364","E1a/validated data AQ e-Reporting","18/03/2023 21:08:58","http://fme.discomap.eea.europa.eu/fmedatastreaming/AirQualityDownload/AQData_Extract.fmw?CountryCode=BE&CityName=&Pollutant=1&Year_from=2016&Year_to=2016&Station=STA-BETWOL1&Samplingpoint=&Source=E1a&Output=HTML&UpdateDate="
"Belgium","NET-Flanders","Flanders","BELAL01","40AL01 - LINKEROEVER","SPO-BELAL01_00008_100","NO2","Nitrogen dioxide (air)","P1Y-hr-max-per99.79","1 year 99.79 %ile of hourly values in a given year","2016","92.000","ug/m3","94.18","1","Industrial","Suburban","4.3852","51.2362","10.0","Antwerpen                                                                       ","BE002C1                                           ","530014","E1a/validated data AQ e-Reporting","18/03/2023 22:07:35","http://fme.discomap.eea.europa.eu/fmedatastreaming/AirQualityDownload/AQData_Extract.fmw?CountryCode=BE&CityName=&Pollutant=8&Year_from=2016&Year_to=2016&Station=STA-BELAL01&Samplingpoint=&Source=E1a&Output=HTML&UpdateDate="
"Belgium","NET-Brussels","Brussels","BETR002","41R002 - IXELLES","SPO-BETR002_00001_100","SO2","Sulphur dioxide (air)","P1Y-3hAbove500","3 consecutive hours in exceedance of 500","2016","0.000","count","96.69","1","Traffic","Urban","4.3846","50.8251","76.0","Bruxelles / Brussel                                                             ","BE001C1                                           ","1223364","E1a/validated data AQ e-Reporting","18/03/2023 22:18:09","http://fme.discomap.eea.europa.eu/fmedatastreaming/AirQualityDownload/AQData_Extract.fmw?CountryCode=BE&CityName=&Pollutant=1&Year_from=2016&Year_to=2016&Station=STA-BETR002&Samplingpoint=&Source=E1a&Output=HTML&UpdateDate="
"Belgium","NET-Flanders","Flanders","BELOB02","40OB02 - WIELSBEKE","SPO-BELOB02_00005_100","PM10","Particulate matter < 10 µm (aerosol)","P1Y-day-max36","1 year day max 36","2016","37.808","ug/m3","100.00","1","Industrial","Rural","3.3762","50.9150","14.0","","","","E1a/validated data AQ e-Reporting","18/03/2023 22:32:47","http://fme.discomap.eea.europa.eu/fmedatastreaming/AirQualityDownload/AQData_Extract.fmw?CountryCode=BE&CityName=&Pollutant=5&Year_from=2016&Year_to=2016&Station=STA-BELOB02&Samplingpoint=&Source=E1a&Output=HTML&UpdateDate="
"Belgium","NET-Flanders","Flanders","BETN016","42N016 - DESSEL","SPO-BETN016_00005_100","PM10","Particulate matter < 10 µm (aerosol)","P1Y-hr-max","1 year hour max","2016","211.600","ug/m3","99.86","1","Background","Rural","5.1640","51.2337","30.0","","","","E1a/validated data AQ e-Reporting","18/03/2023 21:57:02","http://fme.discomap.eea.europa.eu/fmedatastreaming/AirQualityDownload/AQData_Extract.fmw?CountryCode=BE&CityName=&Pollutant=5&Year_from=2016&Year_to=2016&Station=STA-BETN016&Samplingpoint=&Source=E1a&Output=HTML&UpdateDate="
"Belgium","NET-Flanders","Flanders","BELAL05","40AL05 - BEVEREN","SPO-BELAL05_00005_100","PM10","Particulate matter < 10 µm (aerosol)","P1Y-daysAbove50","1 year day exceed 50","2016","9.000","count","94.54","1","Industrial","Rural","4.2789","51.2631","8.0","","","","E1a/validated data AQ e-Reporting","18/03/2023 22:27:00","http://fme.discomap.eea.europa.eu/fmedatastreaming/AirQualityDownload/AQData_Extract.fmw?CountryCode=BE&CityName=&Pollutant=5&Year_from=2016&Year_to=2016&Station=STA-BELAL05&Samplingpoint=&Source=E1a&Output=HTML&UpdateDate="
"Belgium","NET-Flanders","Flanders","BELLD02","40LD02 - LAAKDAL","SPO-BELLD02_00008_100","NO2","Nitrogen dioxide (air)","P1Y-hr-max","1 year hour max","2016","76.500","ug/m3","96.46","1","Industrial","Rural","5.0216","51.1204","22.0","","","","E1a/validated data AQ e-Reporting","18/03/2023 21:57:02","http://fme.discomap.eea.europa.eu/fmedatastreaming/AirQualityDownload/AQData_Extract.fmw?CountryCode=BE&CityName=&Pollutant=8&Year_from=2016&Year_to=2016&Station=STA-BELLD02&Samplingpoint=&Source=E1a&Output=HTML&UpdateDate="
"Belgium","NET-Flanders","Flanders","BETR820","42R820 - KAPELLEN","SPO-BETR820_00008_100","NO2","Nitrogen dioxide (air)","P1Y-3hAbove400","3 consecutive hours in exceedance of 400","2016","0.000","count","96.49","1","Background","Suburban","4.4448","51.3204","11.0","","","","E1a/validated data AQ e-Reporting","18/03/2023 22:22:30","http://fme.discomap.eea.europa.eu/fmedatastreaming/AirQualityDownload/AQData_Extract.fmw?CountryCode=BE&CityName=&Pollutant=8&Year_from=2016&Year_to=2016&Station=STA-BETR820&Samplingpoint=&Source=E1a&Output=HTML&UpdateDate="
"Belgium","NET-Flanders","Flanders","BETR801","42R801 - BORGERHOUT","SPO-BETR801_00005_100","PM10","Particulate matter < 10 µm (aerosol)","P1Y-P1D-per90.41","1 year 90.41 percentile","2016","36.746","ug/m3","100.00","1","Background","Urban","4.4318","51.2097","6.0","Antwerpen                                                                       ","BE002C1                                           ","530014","E1a/validated data AQ e-Reporting","18/03/2023 22:09:05","http://fme.discomap.eea.europa.eu/fmedatastreaming/AirQualityDownload/AQData_Extract.fmw?CountryCode=BE&CityName=&Pollutant=5&Year_from=2016&Year_to=2016&Station=STA-BETR801&Samplingpoint=&Source=E1a&Output=HTML&UpdateDate="
"Belgium","NET-Wallonia","Wallonia","BETR502","45R502 - LODELINSART","SPO-BETR502_00007_100","O3","Ozone (air)","P1Y-hr-max","1 year hour max","2016","187.500","ug/m3","95.41","1","Background","Suburban","4.4587","50.4290","135.0","Charleroi                                                                       ","BE004C1                                           ","203314","E1a/validated data AQ e-Reporting","18/03/2023 21:57:02","http://fme.discomap.eea.europa.eu/fmedatastreaming/AirQualityDownload/AQData_Extract.fmw?CountryCode=BE&CityName=&Pollutant=7&Year_from=2016&Year_to=2016&Station=STA-BETR502&Samplingpoint=&Source=E1a&Output=HTML&UpdateDate="
"Belgium","NET-Flanders","Flanders","BETN051","44N051 - IDEGEM","SPO-BETN051_00007_100","O3","Ozone (air)","AOT40cmeasured","AOT40c UNCORRECTED for data capture","2016","7378.000","ug/m3","97.83","1","Background","Rural","3.9303","50.7989","15.0","","","","E1a/validated data AQ e-Reporting","18/03/2023 23:01:40","http://fme.discomap.eea.europa.eu/fmedatastreaming/AirQualityDownload/AQData_Extract.fmw?CountryCode=BE&CityName=&Pollutant=7&Year_from=2016&Year_to=2016&Station=STA-BETN051&Samplingpoint=&Source=E1a&Output=HTML&UpdateDate="
"Belgium","NET-Wallonia","Wallonia","BETN060","43N060 - HAVINNES","SPO-BETN060_00008_100","NO2","Nitrogen dioxide (air)","P1Y-hr-per50","1 year 50 percentile","2016","11.500","ug/m3","97.29","1","Background","Rural","3.4576","50.6167","0.0","","","","E1a/validated data AQ e-Reporting","18/03/2023 22:05:49","http://fme.discomap.eea.europa.eu/fmedatastreaming/AirQualityDownload/AQData_Extract.fmw?CountryCode=BE&CityName=&Pollutant=8&Year_from=2016&Year_to=2016&Station=STA-BETN060&Samplingpoint=&Source=E1a&Output=HTML&UpdateDate="
"Belgium","NET-Flanders","Flanders","BETR803","42R803 - ANTWERPEN","SPO-BETR803_00008_100","NO2","Nitrogen dioxide (air)","P1Y-hr-max-per99.79","1 year 99.79 %ile of hourly values in a given year","2016","118.500","ug/m3","93.34","1","Background","Urban","4.4285","51.2286","0.0","Antwerpen                                                                       ","BE002C1                                           ","530014","E1a/validated data AQ e-Reporting","18/03/2023 22:07:35","http://fme.discomap.eea.europa.eu/fmedatastreaming/AirQualityDownload/AQData_Extract.fmw?CountryCode=BE&CityName=&Pollutant=8&Year_from=2016&Year_to=2016&Station=STA-BETR803&Samplingpoint=&Source=E1a&Output=HTML&UpdateDate="
"Belgium","NET-Flanders","Flanders","BELLD02","40LD02 - LAAKDAL","SPO-BELLD02_00008_100","NO2","Nitrogen dioxide (air)","P3Y","3 subsequent calendar years mean","2016","20.541","ug/m3","96.22","1","Industrial","Rural","5.0216","51.1204","22.0","","","","E1a/validated data AQ e-Reporting","18/03/2023 21:36:00","http://fme.discomap.eea.europa.eu/fmedatastreaming/AirQualityDownload/AQData_Extract.fmw?CountryCode=BE&CityName=&Pollutant=8&Year_from=2016&Year_to=2016&Station=STA-BELLD02&Samplingpoint=&Source=E1a&Output=HTML&UpdateDate="
"Belgium","NET-Brussels","Brussels","BETMEU1","41MEU1 - MEUDON","SPO-BETMEU1_00005_100","PM10","Particulate matter < 10 µm (aerosol)","P1Y-hr-min","1 year hour min","2016","2.000","ug/m3","92.99","1","Background","Suburban","4.3957","50.8950","34.0","Bruxelles / Brussel                                                             ","BE001C1                                           ","1223364","E1a/validated data AQ e-Reporting","18/03/2023 22:31:20","http://fme.discomap.eea.europa.eu/fmedatastreaming/AirQualityDownload/AQData_Extract.fmw?CountryCode=BE&CityName=&Pollutant=5&Year_from=2016&Year_to=2016&Station=STA-BETMEU1&Samplingpoint=&Source=E1a&Output=HTML&UpdateDate="
"Belgium","NET-Flanders","Flanders","BELRL01","40RL01 - ROESELARE","SPO-BELRL01_06001_100","PM2.5","Particulate matter < 2.5 µm (aerosol)","P1Y-hr-per50","1 year 50 percentile","2016","10.000","ug/m3","99.92","1","Background","Urban","3.1212","50.9532","20.0","","","","E1a/validated data AQ e-Reporting","18/03/2023 22:05:49","http://fme.discomap.eea.europa.eu/fmedatastreaming/AirQualityDownload/AQData_Extract.fmw?CountryCode=BE&CityName=&Pollutant=6001&Year_from=2016&Year_to=2016&Station=STA-BELRL01&Samplingpoint=&Source=E1a&Output=HTML&UpdateDate="
"Belgium","NET-Flanders","Flanders","BELGK06","40GK06 - GENK","SPO-BELGK06_06001_100","PM2.5","Particulate matter < 2.5 µm (aerosol)","P1Y-day-per50","1 year 50 %ile of daily values in a year","2016","11.104","ug/m3","100.00","1","Industrial","Suburban","5.4706","50.9279","44.0","","","","E1a/validated data AQ e-Reporting","18/03/2023 22:11:51","http://fme.discomap.eea.europa.eu/fmedatastreaming/AirQualityDownload/AQData_Extract.fmw?CountryCode=BE&CityName=&Pollutant=6001&Year_from=2016&Year_to=2016&Station=STA-BELGK06&Samplingpoint=&Source=E1a&Output=HTML&UpdateDate="
"Belgium","NET-Flanders","Flanders","BELRL01","40RL01 - ROESELARE","SPO-BELRL01_00005_100","PM10","Particulate matter < 10 µm (aerosol)","P1Y-P1D-per90.4","1 year 90.4 percentile - COMPLIANCE","2016","39.267","ug/m3","100.00","1","Background","Urban","3.1212","50.9532","20.0","","","","E1a/validated data AQ e-Reporting","18/03/2023 22:08:35","http://fme.discomap.eea.europa.eu/fmedatastreaming/AirQualityDownload/AQData_Extract.fmw?CountryCode=BE&CityName=&Pollutant=5&Year_from=2016&Year_to=2016&Station=STA-BELRL01&Samplingpoint=&Source=E1a&Output=HTML&UpdateDate="
"Belgium","NET-Flanders","Flanders","BELSA04","40SA04 - Hoevenen","SPO-BELSA04_00005_100","PM10","Particulate matter < 10 µm (aerosol)","P1Y-day-per50","1 year 50 %ile of daily values in a year","2016","18.729","ug/m3","98.91","1","Industrial","Rural","4.4039","51.3139","6.0","","","","E1a/validated data AQ e-Reporting","18/03/2023 22:08:05","http://fme.discomap.eea.europa.eu/fmedatastreaming/AirQualityDownload/AQData_Extract.fmw?CountryCode=BE&CityName=&Pollutant=5&Year_from=2016&Year_to=2016&Station=STA-BELSA04&Samplingpoint=&Source=E1a&Output=HTML&UpdateDate="
"Belgium","NET-Wallonia","Wallonia","BETN085","43N085 - VIELSALM","SPO-BETN085_00007_100","O3","Ozone (air)","P1Y-dmax-per93.15","1 year 93.15 percentile daily 8h maximum","2016","98.250","ug/m3","96.17","1","Background","Rural","6.0017","50.3032","490.0","","","","E1a/validated data AQ e-Reporting","18/03/2023 22:12:55","http://fme.discomap.eea.europa.eu/fmedatastreaming/AirQualityDownload/AQData_Extract.fmw?CountryCode=BE&CityName=&Pollutant=7&Year_from=2016&Year_to=2016&Station=STA-BETN085&Samplingpoint=&Source=E1a&Output=HTML&UpdateDate="
"Belgium","NET-Wallonia","Wallonia","BETN100","43N100 - DOURBES","SPO-BETN100_00007_100","O3","Ozone (air)","AOT40f","AOT40 for forest protection","2016","16371.118","ug/m3","97.09","1","Background","Rural","4.5948","50.0957","225.0","","","","E1a/validated data AQ e-Reporting","18/03/2023 23:06:40","http://fme.discomap.eea.europa.eu/fmedatastreaming/AirQualityDownload/AQData_Extract.fmw?CountryCode=BE&CityName=&Pollutant=7&Year_from=2016&Year_to=2016&Station=STA-BETN100&Samplingpoint=&Source=E1a&Output=HTML&UpdateDate="
"Belgium","NET-Wallonia","Wallonia","BETN085","43N085 - VIELSALM","SPO-BETN085_00008_100","NO2","Nitrogen dioxide (air)","P1Y-hr-max","1 year hour max","2016","67.000","ug/m3","95.73","1","Background","Rural","6.0017","50.3032","490.0","","","","E1a/validated data AQ e-Reporting","18/03/2023 21:57:02","http://fme.discomap.eea.europa.eu/fmedatastreaming/AirQualityDownload/AQData_Extract.fmw?CountryCode=BE&CityName=&Pollutant=8&Year_from=2016&Year_to=2016&Station=STA-BETN085&Samplingpoint=&Source=E1a&Output=HTML&UpdateDate="
"Belgium","NET-Flanders","Flanders","BETN051","44N051 - IDEGEM","SPO-BETN051_00007_100","O3","Ozone (air)","P1Y-day-min","1 year day min","2016","1.043","ug/m3","92.62","1","Background","Rural","3.9303","50.7989","15.0","","","","E1a/validated data AQ e-Reporting","18/03/2023 21:56:21","http://fme.discomap.eea.europa.eu/fmedatastreaming/AirQualityDownload/AQData_Extract.fmw?CountryCode=BE&CityName=&Pollutant=7&Year_from=2016&Year_to=2016&Station=STA-BETN051&Samplingpoint=&Source=E1a&Output=HTML&UpdateDate="
"Belgium","NET-Wallonia","Wallonia","BEMM522","00M522 - MONS","SPO-BEMM522_05018_100","As in PM10","Arsenic in PM10 (aerosol)","P1Y","Annual mean / 1 calendar year","2016","0.294","ng/m3","95.34","1","Background","Urban","3.9390","50.4651","56.0","Mons                                                                            ","BE009C1                                           ","95922","E1a/validated data AQ e-Reporting","18/03/2023 21:08:58","http://fme.discomap.eea.europa.eu/fmedatastreaming/AirQualityDownload/AQData_Extract.fmw?CountryCode=BE&CityName=&Pollutant=5018&Year_from=2016&Year_to=2016&Station=STA-BEMM522&Samplingpoint=&Source=E1a&Output=HTML&UpdateDate="
"Belgium","NET-Flanders","Flanders","BETN027","42N027 - BREE","SPO-BETN027_00008_100","NO2","Nitrogen dioxide (air)","P1Y-P1D-per99","1 year 99 percentile of daily means (P1D) or .../aq/primaryObservation/day","2016","42.435","ug/m3","98.09","1","Background","Rural","5.6067","51.1337","48.0","","","","E1a/validated data AQ e-Reporting","18/03/2023 22:10:34","http://fme.discomap.eea.europa.eu/fmedatastreaming/AirQualityDownload/AQData_Extract.fmw?CountryCode=BE&CityName=&Pollutant=8&Year_from=2016&Year_to=2016&Station=STA-BETN027&Samplingpoint=&Source=E1a&Output=HTML&UpdateDate="
"Belgium","NET-Brussels","Brussels","BETB006","41B006 - PARL.EUROPE","SPO-BETB006_00010_100","CO","Carbon monoxide (air)","P1Y-hr-per50","1 year 50 percentile","2016","0.120","mg/m3","45.94","1","Background","Urban","4.3744","50.8386","67.0","Bruxelles / Brussel                                                             ","BE001C1                                           ","1223364","E1a/validated data AQ e-Reporting","18/03/2023 22:05:49","http://fme.discomap.eea.europa.eu/fmedatastreaming/AirQualityDownload/AQData_Extract.fmw?CountryCode=BE&CityName=&Pollutant=10&Year_from=2016&Year_to=2016&Station=STA-BETB006&Samplingpoint=&Source=E1a&Output=HTML&UpdateDate="
"Belgium","NET-Flanders","Flanders","BESR893","59N893 - ANTWERPEN","SPO-BESR893_00457_100","Chlorobenzene (air)","Chlorobenzene (air)","P1Y","Annual mean / 1 calendar year","2016","0.000","ug/m3","87.98","1","Background","Suburban","3.8084","51.2032","0.0","","","","E1a/validated data AQ e-Reporting","18/03/2023 21:08:58","http://fme.discomap.eea.europa.eu/fmedatastreaming/AirQualityDownload/AQData_Extract.fmw?CountryCode=BE&CityName=&Pollutant=457&Year_from=2016&Year_to=2016&Station=STA-BESR893&Samplingpoint=&Source=E1a&Output=HTML&UpdateDate="
"Belgium","NET-Brussels","Brussels","BETR001","41R001 - MOLENBEEK","SPO-BETR001_00010_100","CO","Carbon monoxide (air)","P1Y-hr-max","1 year hour max","2016","2.080","mg/m3","87.24","1","Background","Urban","4.3341","50.8497","20.0","Bruxelles / Brussel                                                             ","BE001C1                                           ","1223364","E1a/validated data AQ e-Reporting","18/03/2023 21:57:02","http://fme.discomap.eea.europa.eu/fmedatastreaming/AirQualityDownload/AQData_Extract.fmw?CountryCode=BE&CityName=&Pollutant=10&Year_from=2016&Year_to=2016&Station=STA-BETR001&Samplingpoint=&Source=E1a&Output=HTML&UpdateDate="
"Belgium","NET-Flanders","Flanders","BETE715","47E715 - ZUIENKERKE","SPO-BETE715_00008_100","NO2","Nitrogen dioxide (air)","P1Y-day-min","1 year day min","2016","2.083","ug/m3","98.63","1","Industrial","Rural","3.1750","51.2459","4.0","","","","E1a/validated data AQ e-Reporting","18/03/2023 21:56:03","http://fme.discomap.eea.europa.eu/fmedatastreaming/AirQualityDownload/AQData_Extract.fmw?CountryCode=BE&CityName=&Pollutant=8&Year_from=2016&Year_to=2016&Station=STA-BETE715&Samplingpoint=&Source=E1a&Output=HTML&UpdateDate="
"Belgium","NET-Flanders","Flanders","BETN029","44N029 - HOUTEM","SPO-BETN029_00008_100","NO2","Nitrogen dioxide (air)","P1Y-hr-min","1 year hour min","2016","1.000","ug/m3","96.62","1","Background","Rural","2.5823","51.0163","2.0","","","","E1a/validated data AQ e-Reporting","18/03/2023 22:31:20","http://fme.discomap.eea.europa.eu/fmedatastreaming/AirQualityDownload/AQData_Extract.fmw?CountryCode=BE&CityName=&Pollutant=8&Year_from=2016&Year_to=2016&Station=STA-BETN029&Samplingpoint=&Source=E1a&Output=HTML&UpdateDate="
"Belgium","NET-Flanders","Flanders","BETN012","44N012 - MOERKERKE","SPO-BETN012_00007_100","O3","Ozone (air)","P1Y-dx-avg","1 year daymax average","2016","65.653","ug/m3","90.71","1","Background","Rural","3.3625","51.2546","3.0","","","","E1a/validated data AQ e-Reporting","18/03/2023 22:27:48","http://fme.discomap.eea.europa.eu/fmedatastreaming/AirQualityDownload/AQData_Extract.fmw?CountryCode=BE&CityName=&Pollutant=7&Year_from=2016&Year_to=2016&Station=STA-BETN012&Samplingpoint=&Source=E1a&Output=HTML&UpdateDate="
"Belgium","NET-Flanders","Flanders","BELHB23","40HB23 - HOBOKEN","SPO-BELHB23_00005_100","PM10","Particulate matter < 10 µm (aerosol)","P1Y-P1D-per90.41","1 year 90.41 percentile","2016","38.642","ug/m3","96.99","1","Industrial","Suburban","4.3410","51.1703","13.0","Antwerpen                                                                       ","BE002C1                                           ","530014","E1a/validated data AQ e-Reporting","18/03/2023 22:09:05","http://fme.discomap.eea.europa.eu/fmedatastreaming/AirQualityDownload/AQData_Extract.fmw?CountryCode=BE&CityName=&Pollutant=5&Year_from=2016&Year_to=2016&Station=STA-BELHB23&Samplingpoint=&Source=E1a&Output=HTML&UpdateDate="
"Belgium","NET-Flanders","Flanders","BETN016","42N016 - DESSEL","SPO-BETN016_06001_100","PM2.5","Particulate matter < 2.5 µm (aerosol)","P1Y","Annual mean / 1 calendar year","2016","12.931","ug/m3","99.86","1","Background","Rural","5.1640","51.2337","30.0","","","","E1a/validated data AQ e-Reporting","18/03/2023 21:08:58","http://fme.discomap.eea.europa.eu/fmedatastreaming/AirQualityDownload/AQData_Extract.fmw?CountryCode=BE&CityName=&Pollutant=6001&Year_from=2016&Year_to=2016&Station=STA-BETN016&Samplingpoint=&Source=E1a&Output=HTML&UpdateDate="
"Belgium","NET-Brussels","Brussels","BEVR012","51R012 - UCCLE","SPO-BEVR012_00475_100","C8H18","n-Octane (air)","P1Y","Annual mean / 1 calendar year","2016","0.000","ug/m3","92.62","1","Background","Suburban","4.3585","50.7966","100.0","Bruxelles / Brussel                                                             ","BE001C1                                           ","1223364","E1a/validated data AQ e-Reporting","18/03/2023 21:08:58","http://fme.discomap.eea.europa.eu/fmedatastreaming/AirQualityDownload/AQData_Extract.fmw?CountryCode=BE&CityName=&Pollutant=475&Year_from=2016&Year_to=2016&Station=STA-BEVR012&Samplingpoint=&Source=E1a&Output=HTML&UpdateDate="
"Belgium","NET-Flanders","Flanders","BESN045","59N045 - HASSELT","SPO-BESN045_00020_100","C6H6","Benzene (air)","P1Y-day-max","1 year day max","2016","1.700","ug/m3","91.80","1","Background","Suburban","5.3684","50.9397","0.0","","","","E1a/validated data AQ e-Reporting","18/03/2023 21:43:39","http://fme.discomap.eea.europa.eu/fmedatastreaming/AirQualityDownload/AQData_Extract.fmw?CountryCode=BE&CityName=&Pollutant=20&Year_from=2016&Year_to=2016&Station=STA-BESN045&Samplingpoint=&Source=E1a&Output=HTML&UpdateDate="
"Belgium","NET-Flanders","Flanders","BEMHB23","0HOB23 - HOBOKEN","SPO-BEMHB23_05018_100","As in PM10","Arsenic in PM10 (aerosol)","P1Y","Annual mean / 1 calendar year","2016","27.615","ng/m3","99.45","1","Background","Urban","4.3410","51.1703","10.0","Antwerpen                                                                       ","BE002C1                                           ","530014","E1a/validated data AQ e-Reporting","18/03/2023 21:08:58","http://fme.discomap.eea.europa.eu/fmedatastreaming/AirQualityDownload/AQData_Extract.fmw?CountryCode=BE&CityName=&Pollutant=5018&Year_from=2016&Year_to=2016&Station=STA-BEMHB23&Samplingpoint=&Source=E1a&Output=HTML&UpdateDate="
"Belgium","NET-Flanders","Flanders","BEMKK01","00KK01 - KOKSIJDE","SPO-BEMKK01_05012_100","Pb in PM10","Lead in PM10 (aerosol)","P1Y","Annual mean / 1 calendar year","2016","0.005","ug/m3","96.46","1","Background","Rural","2.6585","51.1209","6.0","","","","E1a/validated data AQ e-Reporting","18/03/2023 21:08:58","http://fme.discomap.eea.europa.eu/fmedatastreaming/AirQualityDownload/AQData_Extract.fmw?CountryCode=BE&CityName=&Pollutant=5012&Year_from=2016&Year_to=2016&Station=STA-BEMKK01&Samplingpoint=&Source=E1a&Output=HTML&UpdateDate="
"Belgium","NET-Flanders","Flanders","BETR721","44R721 - WONDELGEM","SPO-BETR721_00008_100","NO2","Nitrogen dioxide (air)","P1Y-hrsAbove200","1 year hour exceed 200","2016","0.000","count","91.84","1","Industrial","Suburban","3.7161","51.0890","6.0","Gent                                                                            ","BE003C1                                           ","263687","E1a/validated data AQ e-Reporting","18/03/2023 21:48:42","http://fme.discomap.eea.europa.eu/fmedatastreaming/AirQualityDownload/AQData_Extract.fmw?CountryCode=BE&CityName=&Pollutant=8&Year_from=2016&Year_to=2016&Station=STA-BETR721&Samplingpoint=&Source=E1a&Output=HTML&UpdateDate="
"Belgium","NET-Flanders","Flanders","BETR010","42R010 - ST.STEVENSW","SPO-BETR010_00008_100","NO2","Nitrogen dioxide (air)","P1Y-3hAbove400","3 consecutive hours in exceedance of 400","2016","0.000","count","97.14","1","Background","Suburban","4.4284","50.8651","68.0","","","","E1a/validated data AQ e-Reporting","18/03/2023 22:22:30","http://fme.discomap.eea.europa.eu/fmedatastreaming/AirQualityDownload/AQData_Extract.fmw?CountryCode=BE&CityName=&Pollutant=8&Year_from=2016&Year_to=2016&Station=STA-BETR010&Samplingpoint=&Source=E1a&Output=HTML&UpdateDate="
"Belgium","NET-Flanders","Flanders","BETR817","42R817 - ANTWERPEN","SPO-BETR817_00008_100","NO2","Nitrogen dioxide (air)","P1Y","Annual mean / 1 calendar year","2016","31.810","ug/m3","95.00","1","Background","Suburban","4.4180","51.1771","6.0","Antwerpen                                                                       ","BE002C1                                           ","530014","E1a/validated data AQ e-Reporting","18/03/2023 21:08:58","http://fme.discomap.eea.europa.eu/fmedatastreaming/AirQualityDownload/AQData_Extract.fmw?CountryCode=BE&CityName=&Pollutant=8&Year_from=2016&Year_to=2016&Station=STA-BETR817&Samplingpoint=&Source=E1a&Output=HTML&UpdateDate="
"Belgium","NET-Flanders","Flanders","BETR820","42R820 - KAPELLEN","SPO-BETR820_00001_100","SO2","Sulphur dioxide (air)","P1Y-day-min","1 year day min","2016","1.000","ug/m3","99.45","1","Background","Suburban","4.4448","51.3204","11.0","","","","E1a/validated data AQ e-Reporting","18/03/2023 21:54:56","http://fme.discomap.eea.europa.eu/fmedatastreaming/AirQualityDownload/AQData_Extract.fmw?CountryCode=BE&CityName=&Pollutant=1&Year_from=2016&Year_to=2016&Station=STA-BETR820&Samplingpoint=&Source=E1a&Output=HTML&UpdateDate="
"Belgium","NET-Flanders","Flanders","BETR740","44R740 - ST.KRUIS-WI","SPO-BETR740_00007_100","O3","Ozone (air)","P1Y-hr-max","1 year hour max","2016","173.500","ug/m3","89.96","1","Industrial","Rural","3.8087","51.1501","5.0","Gent                                                                            ","BE003C1                                           ","263687","E1a/validated data AQ e-Reporting","18/03/2023 21:57:02","http://fme.discomap.eea.europa.eu/fmedatastreaming/AirQualityDownload/AQData_Extract.fmw?CountryCode=BE&CityName=&Pollutant=7&Year_from=2016&Year_to=2016&Station=STA-BETR740&Samplingpoint=&Source=E1a&Output=HTML&UpdateDate="
"Belgium","NET-Flanders","Flanders","BETR801","42R801 - BORGERHOUT","SPO-BETR801_00007_100","O3","Ozone (air)","P1Y-dmax-per99","1 year 99 percentile daily 8h maximum","2016","105.938","ug/m3","95.36","1","Background","Urban","4.4318","51.2097","6.0","Antwerpen                                                                       ","BE002C1                                           ","530014","E1a/validated data AQ e-Reporting","18/03/2023 22:13:26","http://fme.discomap.eea.europa.eu/fmedatastreaming/AirQualityDownload/AQData_Extract.fmw?CountryCode=BE&CityName=&Pollutant=7&Year_from=2016&Year_to=2016&Station=STA-BETR801&Samplingpoint=&Source=E1a&Output=HTML&UpdateDate="
"Belgium","NET-Flanders","Flanders","BESR893","59N893 - ANTWERPEN","SPO-BESR893_00443_100","C6H14","n-Hexane (air)","P1Y","Annual mean / 1 calendar year","2016","0.002","ug/m3","91.80","1","Background","Suburban","3.8084","51.2032","0.0","","","","E1a/validated data AQ e-Reporting","18/03/2023 21:08:58","http://fme.discomap.eea.europa.eu/fmedatastreaming/AirQualityDownload/AQData_Extract.fmw?CountryCode=BE&CityName=&Pollutant=443&Year_from=2016&Year_to=2016&Station=STA-BESR893&Samplingpoint=&Source=E1a&Output=HTML&UpdateDate="
"Belgium","NET-Flanders","Flanders","BETN029","44N029 - HOUTEM","SPO-BETN029_00001_100","SO2","Sulphur dioxide (air)","P1Y-day-min","1 year day min","2016","1.000","ug/m3","98.63","1","Background","Rural","2.5823","51.0163","2.0","","","","E1a/validated data AQ e-Reporting","18/03/2023 21:54:56","http://fme.discomap.eea.europa.eu/fmedatastreaming/AirQualityDownload/AQData_Extract.fmw?CountryCode=BE&CityName=&Pollutant=1&Year_from=2016&Year_to=2016&Station=STA-BETN029&Samplingpoint=&Source=E1a&Output=HTML&UpdateDate="
"Belgium","NET-Flanders","Flanders","BEMGK11","00GK11 - GENK","SPO-BEMGK11_05014_100","Cd in PM10","Cadmium in PM10 (aerosol)","P1Y","Annual mean / 1 calendar year","2016","0.413","ng/m3","99.45","1","Industrial","Suburban","5.5204","50.9316","45.0","","","","E1a/validated data AQ e-Reporting","18/03/2023 21:08:58","http://fme.discomap.eea.europa.eu/fmedatastreaming/AirQualityDownload/AQData_Extract.fmw?CountryCode=BE&CityName=&Pollutant=5014&Year_from=2016&Year_to=2016&Station=STA-BEMGK11&Samplingpoint=&Source=E1a&Output=HTML&UpdateDate="
"Belgium","NET-Flanders","Flanders","BEMR750","0ZEL02 - ZELZATE","SPO-BEMR750_05018_100","As in PM10","Arsenic in PM10 (aerosol)","P1Y","Annual mean / 1 calendar year","2016","-0.011","ng/m3","99.45","1","Industrial","Suburban","3.8229","51.1961","6.0","","","","E1a/validated data AQ e-Reporting","18/03/2023 21:08:58","http://fme.discomap.eea.europa.eu/fmedatastreaming/AirQualityDownload/AQData_Extract.fmw?CountryCode=BE&CityName=&Pollutant=5018&Year_from=2016&Year_to=2016&Station=STA-BEMR750&Samplingpoint=&Source=E1a&Output=HTML&UpdateDate="
"Belgium","NET-Flanders","Flanders","BELHB23","40HB23 - HOBOKEN","SPO-BELHB23_00008_100","NO2","Nitrogen dioxide (air)","P1Y-hr-max19","1 year hour max19","2016","86.000","ug/m3","95.33","1","Industrial","Suburban","4.3410","51.1703","13.0","Antwerpen                                                                       ","BE002C1                                           ","530014","E1a/validated data AQ e-Reporting","18/03/2023 22:34:35","http://fme.discomap.eea.europa.eu/fmedatastreaming/AirQualityDownload/AQData_Extract.fmw?CountryCode=BE&CityName=&Pollutant=8&Year_from=2016&Year_to=2016&Station=STA-BELHB23&Samplingpoint=&Source=E1a&Output=HTML&UpdateDate="
"Belgium","NET-Flanders","Flanders","BELHB23","40HB23 - HOBOKEN","SPO-BELHB23_00008_100","NO2","Nitrogen dioxide (air)","P1Y-P1D-per99","1 year 99 percentile of daily means (P1D) or .../aq/primaryObservation/day","2016","58.978","ug/m3","96.45","1","Industrial","Suburban","4.3410","51.1703","13.0","Antwerpen                                                                       ","BE002C1                                           ","530014","E1a/validated data AQ e-Reporting","18/03/2023 22:10:34","http://fme.discomap.eea.europa.eu/fmedatastreaming/AirQualityDownload/AQData_Extract.fmw?CountryCode=BE&CityName=&Pollutant=8&Year_from=2016&Year_to=2016&Station=STA-BELHB23&Samplingpoint=&Source=E1a&Output=HTML&UpdateDate="
"Belgium","NET-Wallonia","Wallonia","BETR510","45R510 - CHATELINEAU","SPO-BETR510_00005_100","PM10","Particulate matter < 10 µm (aerosol)","P1Y","Annual mean / 1 calendar year","2016","18.914","ug/m3","99.69","1","Background","Suburban","4.5211","50.4164","118.0","Charleroi                                                                       ","BE004C1                                           ","203314","E1a/validated data AQ e-Reporting","18/03/2023 21:08:58","http://fme.discomap.eea.europa.eu/fmedatastreaming/AirQualityDownload/AQData_Extract.fmw?CountryCode=BE&CityName=&Pollutant=5&Year_from=2016&Year_to=2016&Station=STA-BETR510&Samplingpoint=&Source=E1a&Output=HTML&UpdateDate="
"Belgium","NET-Flanders","Flanders","BETR740","44R740 - ST.KRUIS-WI","SPO-BETR740_00008_100","NO2","Nitrogen dioxide (air)","P1Y-hr-max-per99.79","1 year 99.79 %ile of hourly values in a given year","2016","77.000","ug/m3","96.32","1","Industrial","Rural","3.8087","51.1501","5.0","Gent                                                                            ","BE003C1                                           ","263687","E1a/validated data AQ e-Reporting","18/03/2023 22:07:35","http://fme.discomap.eea.europa.eu/fmedatastreaming/AirQualityDownload/AQData_Extract.fmw?CountryCode=BE&CityName=&Pollutant=8&Year_from=2016&Year_to=2016&Station=STA-BETR740&Samplingpoint=&Source=E1a&Output=HTML&UpdateDate="
"Belgium","NET-Flanders","Flanders","BETR831","42R831 - BERENDRECHT","SPO-BETR831_00005_100","PM10","Particulate matter < 10 µm (aerosol)","P1Y-day-max","1 year day max","2016","66.729","ug/m3","97.81","1","Industrial","Rural","4.3397","51.3488","3.0","Antwerpen                                                                       ","BE002C1                                           ","530014","E1a/validated data AQ e-Reporting","18/03/2023 21:43:06","http://fme.discomap.eea.europa.eu/fmedatastreaming/AirQualityDownload/AQData_Extract.fmw?CountryCode=BE&CityName=&Pollutant=5&Year_from=2016&Year_to=2016&Station=STA-BETR831&Samplingpoint=&Source=E1a&Output=HTML&UpdateDate="
"Belgium","NET-Wallonia","Wallonia","BETR510","45R510 - CHATELINEAU","SPO-BETR510_06001_100","PM2.5","Particulate matter < 2.5 µm (aerosol)","P1Y-P1D-per99","1 year 99 percentile of daily means (P1D) or .../aq/primaryObservation/day","2016","42.703","ug/m3","100.00","1","Background","Suburban","4.5211","50.4164","118.0","Charleroi                                                                       ","BE004C1                                           ","203314","E1a/validated data AQ e-Reporting","18/03/2023 22:10:03","http://fme.discomap.eea.europa.eu/fmedatastreaming/AirQualityDownload/AQData_Extract.fmw?CountryCode=BE&CityName=&Pollutant=6001&Year_from=2016&Year_to=2016&Station=STA-BETR510&Samplingpoint=&Source=E1a&Output=HTML&UpdateDate="
"Belgium","NET-Flanders","Flanders","BETR710","44R710 - DESTELBERGE","SPO-BETR710_06001_100","PM2.5","Particulate matter < 2.5 µm (aerosol)","P1Y-hr-min","1 year hour min","2016","1.000","ug/m3","99.42","1","Background","Suburban","3.7753","51.0613","6.0","","","","E1a/validated data AQ e-Reporting","18/03/2023 22:31:20","http://fme.discomap.eea.europa.eu/fmedatastreaming/AirQualityDownload/AQData_Extract.fmw?CountryCode=BE&CityName=&Pollutant=6001&Year_from=2016&Year_to=2016&Station=STA-BETR710&Samplingpoint=&Source=E1a&Output=HTML&UpdateDate="
"Belgium","NET-Flanders","Flanders","BETR721","44R721 - WONDELGEM","SPO-BETR721_00001_100","SO2","Sulphur dioxide (air)","P1Y-day-max4","1 year day max 4","2016","36.333","ug/m3","98.09","1","Industrial","Suburban","3.7161","51.0890","6.0","Gent                                                                            ","BE003C1                                           ","263687","E1a/validated data AQ e-Reporting","18/03/2023 22:31:46","http://fme.discomap.eea.europa.eu/fmedatastreaming/AirQualityDownload/AQData_Extract.fmw?CountryCode=BE&CityName=&Pollutant=1&Year_from=2016&Year_to=2016&Station=STA-BETR721&Samplingpoint=&Source=E1a&Output=HTML&UpdateDate="
"Belgium","NET-Wallonia","Wallonia","BETR511","45R511 - MARCINELLE","SPO-BETR511_00005_100","PM10","Particulate matter < 10 µm (aerosol)","P1Y-P1D-per90.4","1 year 90.4 percentile - COMPLIANCE","2016","34.667","ug/m3","96.99","1","Background","Suburban","4.4247","50.3776","157.0","Charleroi                                                                       ","BE004C1                                           ","203314","E1a/validated data AQ e-Reporting","18/03/2023 22:08:35","http://fme.discomap.eea.europa.eu/fmedatastreaming/AirQualityDownload/AQData_Extract.fmw?CountryCode=BE&CityName=&Pollutant=5&Year_from=2016&Year_to=2016&Station=STA-BETR511&Samplingpoint=&Source=E1a&Output=HTML&UpdateDate="
"Belgium","NET-Wallonia","Wallonia","BETR512","45R512 - MARCHIENNE","SPO-BETR512_00001_100","SO2","Sulphur dioxide (air)","P1Y-day-max4","1 year day max 4","2016","5.435","ug/m3","91.26","1","Industrial","Suburban","4.3959","50.4078","107.0","Charleroi                                                                       ","BE004C1                                           ","203314","E1a/validated data AQ e-Reporting","18/03/2023 22:31:46","http://fme.discomap.eea.europa.eu/fmedatastreaming/AirQualityDownload/AQData_Extract.fmw?CountryCode=BE&CityName=&Pollutant=1&Year_from=2016&Year_to=2016&Station=STA-BETR512&Samplingpoint=&Source=E1a&Output=HTML&UpdateDate="
"Belgium","NET-Flanders","Flanders","BETR020","42R020 - VILVOORDE","SPO-BETR020_00001_100","SO2","Sulphur dioxide (air)","P1Y-hr-min","1 year hour min","2016","1.000","ug/m3","97.30","1","Background","Suburban","4.4367","50.9414","12.0","","","","E1a/validated data AQ e-Reporting","18/03/2023 22:31:20","http://fme.discomap.eea.europa.eu/fmedatastreaming/AirQualityDownload/AQData_Extract.fmw?CountryCode=BE&CityName=&Pollutant=1&Year_from=2016&Year_to=2016&Station=STA-BETR020&Samplingpoint=&Source=E1a&Output=HTML&UpdateDate="
"Belgium","NET-Wallonia","Wallonia","BETN085","43N085 - VIELSALM","SPO-BETN085_00008_100","NO2","Nitrogen dioxide (air)","P1Y-day-min","1 year day min","2016","1.292","ug/m3","97.27","1","Background","Rural","6.0017","50.3032","490.0","","","","E1a/validated data AQ e-Reporting","18/03/2023 21:56:03","http://fme.discomap.eea.europa.eu/fmedatastreaming/AirQualityDownload/AQData_Extract.fmw?CountryCode=BE&CityName=&Pollutant=8&Year_from=2016&Year_to=2016&Station=STA-BETN085&Samplingpoint=&Source=E1a&Output=HTML&UpdateDate="
"Belgium","NET-Flanders","Flanders","BETR820","42R820 - KAPELLEN","SPO-BETR820_00008_100","NO2","Nitrogen dioxide (air)","P1Y-day-max","1 year day max","2016","63.957","ug/m3","98.91","1","Background","Suburban","4.4448","51.3204","11.0","","","","E1a/validated data AQ e-Reporting","18/03/2023 21:43:56","http://fme.discomap.eea.europa.eu/fmedatastreaming/AirQualityDownload/AQData_Extract.fmw?CountryCode=BE&CityName=&Pollutant=8&Year_from=2016&Year_to=2016&Station=STA-BETR820&Samplingpoint=&Source=E1a&Output=HTML&UpdateDate="
"Belgium","NET-Wallonia","Wallonia","BETN085","43N085 - VIELSALM","SPO-BETN085_00010_100","CO","Carbon monoxide (air)","P1Y-dx-max","1 year day max max","2016","0.381","mg/m3","98.36","1","Background","Rural","6.0017","50.3032","490.0","","","","E1a/validated data AQ e-Reporting","18/03/2023 21:44:39","http://fme.discomap.eea.europa.eu/fmedatastreaming/AirQualityDownload/AQData_Extract.fmw?CountryCode=BE&CityName=&Pollutant=10&Year_from=2016&Year_to=2016&Station=STA-BETN085&Samplingpoint=&Source=E1a&Output=HTML&UpdateDate="
"Belgium","NET-Flanders","Flanders","BETN054","42N054 - WALSHOUTEM","SPO-BETN054_00005_100","PM10","Particulate matter < 10 µm (aerosol)","P1Y-day-max36","1 year day max 36","2016","33.058","ug/m3","97.81","1","Background","Rural","5.1032","50.7117","135.0","","","","E1a/validated data AQ e-Reporting","18/03/2023 22:32:47","http://fme.discomap.eea.europa.eu/fmedatastreaming/AirQualityDownload/AQData_Extract.fmw?CountryCode=BE&CityName=&Pollutant=5&Year_from=2016&Year_to=2016&Station=STA-BETN054&Samplingpoint=&Source=E1a&Output=HTML&UpdateDate="
"Belgium","NET-Flanders","Flanders","BETR831","42R831 - BERENDRECHT","SPO-BETR831_00005_100","PM10","Particulate matter < 10 µm (aerosol)","P1Y-hr-min","1 year hour min","2016","3.000","ug/m3","97.48","1","Industrial","Rural","4.3397","51.3488","3.0","Antwerpen                                                                       ","BE002C1                                           ","530014","E1a/validated data AQ e-Reporting","18/03/2023 22:31:20","http://fme.discomap.eea.europa.eu/fmedatastreaming/AirQualityDownload/AQData_Extract.fmw?CountryCode=BE&CityName=&Pollutant=5&Year_from=2016&Year_to=2016&Station=STA-BETR831&Samplingpoint=&Source=E1a&Output=HTML&UpdateDate="
"Belgium","NET-Flanders","Flanders","BETR710","44R710 - DESTELBERGE","SPO-BETR710_00005_100","PM10","Particulate matter < 10 µm (aerosol)","P1Y-day-per50","1 year 50 %ile of daily values in a year","2016","18.975","ug/m3","99.45","1","Background","Suburban","3.7753","51.0613","6.0","","","","E1a/validated data AQ e-Reporting","18/03/2023 22:08:05","http://fme.discomap.eea.europa.eu/fmedatastreaming/AirQualityDownload/AQData_Extract.fmw?CountryCode=BE&CityName=&Pollutant=5&Year_from=2016&Year_to=2016&Station=STA-BETR710&Samplingpoint=&Source=E1a&Output=HTML&UpdateDate="
"Belgium","NET-Wallonia","Wallonia","BETN085","43N085 - VIELSALM","SPO-BETN085_00001_100","SO2","Sulphur dioxide (air)","P1Y","Annual mean / 1 calendar year","2016","0.268","ug/m3","96.30","1","Background","Rural","6.0017","50.3032","490.0","","","","E1a/validated data AQ e-Reporting","18/03/2023 21:08:58","http://fme.discomap.eea.europa.eu/fmedatastreaming/AirQualityDownload/AQData_Extract.fmw?CountryCode=BE&CityName=&Pollutant=1&Year_from=2016&Year_to=2016&Station=STA-BETN085&Samplingpoint=&Source=E1a&Output=HTML&UpdateDate="
"Belgium","NET-Flanders","Flanders","BETR710","44R710 - DESTELBERGE","SPO-BETR710_00007_100","O3","Ozone (air)","P1Y","Annual mean / 1 calendar year","2016","40.734","ug/m3","87.15","1","Background","Suburban","3.7753","51.0613","6.0","","","","E1a/validated data AQ e-Reporting","18/03/2023 21:08:58","http://fme.discomap.eea.europa.eu/fmedatastreaming/AirQualityDownload/AQData_Extract.fmw?CountryCode=BE&CityName=&Pollutant=7&Year_from=2016&Year_to=2016&Station=STA-BETR710&Samplingpoint=&Source=E1a&Output=HTML&UpdateDate="
"Belgium","NET-Flanders","Flanders","BELTS12","40TS12 - TESSENDERLO","SPO-BELTS12_00020_100","C6H6","Benzene (air)","P1Y-day-per50","1 year 50 %ile of daily values in a year","2016","0.112","ug/m3","97.81","1","Industrial","Suburban","5.0939","51.0634","32.0","","","","E1a/validated data AQ e-Reporting","18/03/2023 22:13:51","http://fme.discomap.eea.europa.eu/fmedatastreaming/AirQualityDownload/AQData_Extract.fmw?CountryCode=BE&CityName=&Pollutant=20&Year_from=2016&Year_to=2016&Station=STA-BELTS12&Samplingpoint=&Source=E1a&Output=HTML&UpdateDate="
"Belgium","NET-Flanders","Flanders","BELLD01","40LD01 - LAAKDAL","SPO-BELLD01_00008_100","NO2","Nitrogen dioxide (air)","P1Y","Annual mean / 1 calendar year","2016","21.444","ug/m3","95.49","1","Industrial","Rural","5.0049","51.1100","20.0","","","","E1a/validated data AQ e-Reporting","18/03/2023 21:08:58","http://fme.discomap.eea.europa.eu/fmedatastreaming/AirQualityDownload/AQData_Extract.fmw?CountryCode=BE&CityName=&Pollutant=8&Year_from=2016&Year_to=2016&Station=STA-BELLD01&Samplingpoint=&Source=E1a&Output=HTML&UpdateDate="
"Belgium","NET-Flanders","Flanders","BETM802","42M802 - ANTWERPEN","SPO-BETM802_00008_100","NO2","Nitrogen dioxide (air)","P1Y-hr-per50","1 year 50 percentile","2016","31.000","ug/m3","94.92","1","Industrial","Suburban","4.4244","51.2610","3.0","Antwerpen                                                                       ","BE002C1                                           ","530014","E1a/validated data AQ e-Reporting","18/03/2023 22:05:49","http://fme.discomap.eea.europa.eu/fmedatastreaming/AirQualityDownload/AQData_Extract.fmw?CountryCode=BE&CityName=&Pollutant=8&Year_from=2016&Year_to=2016&Station=STA-BETM802&Samplingpoint=&Source=E1a&Output=HTML&UpdateDate="
"Belgium","NET-Flanders","Flanders","BETM802","42M802 - ANTWERPEN","SPO-BETM802_06001_100","PM2.5","Particulate matter < 2.5 µm (aerosol)","P1Y-day-min","1 year day min","2016","3.167","ug/m3","98.09","1","Industrial","Suburban","4.4244","51.2610","3.0","Antwerpen                                                                       ","BE002C1                                           ","530014","E1a/validated data AQ e-Reporting","18/03/2023 21:55:29","http://fme.discomap.eea.europa.eu/fmedatastreaming/AirQualityDownload/AQData_Extract.fmw?CountryCode=BE&CityName=&Pollutant=6001&Year_from=2016&Year_to=2016&Station=STA-BETM802&Samplingpoint=&Source=E1a&Output=HTML&UpdateDate="
"Belgium","NET-Flanders","Flanders","BETE812","47E812 - GENK","SPO-BETE812_00008_100","NO2","Nitrogen dioxide (air)","P1Y","Annual mean / 1 calendar year","2016","18.161","ug/m3","54.46","1","Industrial","Suburban","5.5377","50.9680","82.0","","","","E1a/validated data AQ e-Reporting","18/03/2023 21:08:58","http://fme.discomap.eea.europa.eu/fmedatastreaming/AirQualityDownload/AQData_Extract.fmw?CountryCode=BE&CityName=&Pollutant=8&Year_from=2016&Year_to=2016&Station=STA-BETE812&Samplingpoint=&Source=E1a&Output=HTML&UpdateDate="
"Belgium","NET-Flanders","Flanders","BETN040","42N040 - ST.P.LEEUWG","SPO-BETN040_00007_100","O3","Ozone (air)","P1Y-day-per50","1 year 50 %ile of daily values in a year","2016","48.896","ug/m3","92.35","1","Background","Rural","4.2252","50.7681","20.0","","","","E1a/validated data AQ e-Reporting","18/03/2023 22:15:13","http://fme.discomap.eea.europa.eu/fmedatastreaming/AirQualityDownload/AQData_Extract.fmw?CountryCode=BE&CityName=&Pollutant=7&Year_from=2016&Year_to=2016&Station=STA-BETN040&Samplingpoint=&Source=E1a&Output=HTML&UpdateDate="
"Belgium","NET-Wallonia","Wallonia","BETN066","43N066 - EUPEN","SPO-BETN066_00008_100","NO2","Nitrogen dioxide (air)","P3Y","3 subsequent calendar years mean","2016","10.363","ug/m3","96.79","1","Background","Rural","6.0023","50.6289","295.0","","","","E1a/validated data AQ e-Reporting","18/03/2023 21:36:00","http://fme.discomap.eea.europa.eu/fmedatastreaming/AirQualityDownload/AQData_Extract.fmw?CountryCode=BE&CityName=&Pollutant=8&Year_from=2016&Year_to=2016&Station=STA-BETN066&Samplingpoint=&Source=E1a&Output=HTML&UpdateDate="
"Belgium","NET-Wallonia","Wallonia","BETN085","43N085 - VIELSALM","SPO-BETN085_00005_100","PM10","Particulate matter < 10 µm (aerosol)","P1Y-day-max","1 year day max","2016","36.500","ug/m3","98.63","1","Background","Rural","6.0017","50.3032","490.0","","","","E1a/validated data AQ e-Reporting","18/03/2023 21:43:06","http://fme.discomap.eea.europa.eu/fmedatastreaming/AirQualityDownload/AQData_Extract.fmw?CountryCode=BE&CityName=&Pollutant=5&Year_from=2016&Year_to=2016&Station=STA-BETN085&Samplingpoint=&Source=E1a&Output=HTML&UpdateDate="
"Belgium","NET-Flanders","Flanders","BETN054","42N054 - WALSHOUTEM","SPO-BETN054_00007_100","O3","Ozone (air)","SOMO10","Sum of Ozone Means Over 10 ppb","2016","16376.730","ug/m3","92.62","1","Background","Rural","5.1032","50.7117","135.0","","","","E1a/validated data AQ e-Reporting","18/03/2023 22:59:50","http://fme.discomap.eea.europa.eu/fmedatastreaming/AirQualityDownload/AQData_Extract.fmw?CountryCode=BE&CityName=&Pollutant=7&Year_from=2016&Year_to=2016&Station=STA-BETN054&Samplingpoint=&Source=E1a&Output=HTML&UpdateDate="
"Belgium","NET-Wallonia","Wallonia","BETN093","43N093 - SINSIN","SPO-BETN093_00001_100","SO2","Sulphur dioxide (air)","P1Y-hr-per50","1 year 50 percentile","2016","0.000","ug/m3","94.90","1","Background","Rural","5.2352","50.2745","265.0","","","","E1a/validated data AQ e-Reporting","18/03/2023 22:05:49","http://fme.discomap.eea.europa.eu/fmedatastreaming/AirQualityDownload/AQData_Extract.fmw?CountryCode=BE&CityName=&Pollutant=1&Year_from=2016&Year_to=2016&Station=STA-BETN093&Samplingpoint=&Source=E1a&Output=HTML&UpdateDate="
"Belgium","NET-Wallonia","Wallonia","BETN132","43N132 - HABAY-LA-N.","SPO-BETN132_00005_100","PM10","Particulate matter < 10 µm (aerosol)","P1Y-day-max","1 year day max","2016","38.979","ug/m3","99.45","1","Background","Rural","5.6304","49.7193","375.0","","","","E1a/validated data AQ e-Reporting","18/03/2023 21:43:06","http://fme.discomap.eea.europa.eu/fmedatastreaming/AirQualityDownload/AQData_Extract.fmw?CountryCode=BE&CityName=&Pollutant=5&Year_from=2016&Year_to=2016&Station=STA-BETN132&Samplingpoint=&Source=E1a&Output=HTML&UpdateDate="
"Belgium","NET-Flanders","Flanders","BELSA04","40SA04 - Hoevenen","SPO-BELSA04_00008_100","NO2","Nitrogen dioxide (air)","P1Y-P1D-per99","1 year 99 percentile of daily means (P1D) or .../aq/primaryObservation/day","2016","57.477","ug/m3","97.27","1","Industrial","Rural","4.4039","51.3139","6.0","","","","E1a/validated data AQ e-Reporting","18/03/2023 22:10:34","http://fme.discomap.eea.europa.eu/fmedatastreaming/AirQualityDownload/AQData_Extract.fmw?CountryCode=BE&CityName=&Pollutant=8&Year_from=2016&Year_to=2016&Station=STA-BELSA04&Samplingpoint=&Source=E1a&Output=HTML&UpdateDate="
"Belgium","NET-Flanders","Flanders","BETM705","44M705 - ROESELARE","SPO-BETM705_06001_100","PM2.5","Particulate matter < 2.5 µm (aerosol)","P3Y","3 subsequent calendar years mean","2016","14.283","ug/m3","73.53","1","Industrial","Suburban","3.1524","50.9454","19.0","","","","E1a/validated data AQ e-Reporting","18/03/2023 21:36:00","http://fme.discomap.eea.europa.eu/fmedatastreaming/AirQualityDownload/AQData_Extract.fmw?CountryCode=BE&CityName=&Pollutant=6001&Year_from=2016&Year_to=2016&Station=STA-BETM705&Samplingpoint=&Source=E1a&Output=HTML&UpdateDate="
"Belgium","NET-Flanders","Flanders","BETN045","42N045 - HASSELT","SPO-BETN045_00007_100","O3","Ozone (air)","P1Y-dmaxAbove120","1 year daymax exceed 120","2016","19.000","count","95.63","1","Background","Suburban","5.3684","50.9397","41.0","","","","E1a/validated data AQ e-Reporting","18/03/2023 22:25:06","http://fme.discomap.eea.europa.eu/fmedatastreaming/AirQualityDownload/AQData_Extract.fmw?CountryCode=BE&CityName=&Pollutant=7&Year_from=2016&Year_to=2016&Station=STA-BETN045&Samplingpoint=&Source=E1a&Output=HTML&UpdateDate="
"Belgium","NET-Flanders","Flanders","BETN045","42N045 - HASSELT","SPO-BETN045_00008_100","NO2","Nitrogen dioxide (air)","P1Y-hr-per50","1 year 50 percentile","2016","20.000","ug/m3","96.78","1","Background","Suburban","5.3684","50.9397","41.0","","","","E1a/validated data AQ e-Reporting","18/03/2023 22:05:49","http://fme.discomap.eea.europa.eu/fmedatastreaming/AirQualityDownload/AQData_Extract.fmw?CountryCode=BE&CityName=&Pollutant=8&Year_from=2016&Year_to=2016&Station=STA-BETN045&Samplingpoint=&Source=E1a&Output=HTML&UpdateDate="
"Belgium","NET-Flanders","Flanders","BEMHB18","00HB18 - HOBOKEN","SPO-BEMHB18_05018_100","As in PM10","Arsenic in PM10 (aerosol)","P1Y","Annual mean / 1 calendar year","2016","7.183","ng/m3","95.90","1","Industrial","Suburban","4.3441","51.1739","10.0","Antwerpen                                                                       ","BE002C1                                           ","530014","E1a/validated data AQ e-Reporting","18/03/2023 21:08:58","http://fme.discomap.eea.europa.eu/fmedatastreaming/AirQualityDownload/AQData_Extract.fmw?CountryCode=BE&CityName=&Pollutant=5018&Year_from=2016&Year_to=2016&Station=STA-BEMHB18&Samplingpoint=&Source=E1a&Output=HTML&UpdateDate="
"Belgium","NET-Flanders","Flanders","BETE812","47E812 - GENK","SPO-BETE812_00001_100","SO2","Sulphur dioxide (air)","P1Y-hr-max","1 year hour max","2016","14.000","ug/m3","46.22","1","Industrial","Suburban","5.5377","50.9680","82.0","","","","E1a/validated data AQ e-Reporting","18/03/2023 21:57:02","http://fme.discomap.eea.europa.eu/fmedatastreaming/AirQualityDownload/AQData_Extract.fmw?CountryCode=BE&CityName=&Pollutant=1&Year_from=2016&Year_to=2016&Station=STA-BETE812&Samplingpoint=&Source=E1a&Output=HTML&UpdateDate="
"Belgium","NET-Flanders","Flanders","BETE814","47E814 - Ham","SPO-BETE814_00008_100","NO2","Nitrogen dioxide (air)","P1Y-hr-per50","1 year 50 percentile","2016","18.000","ug/m3","96.31","1","Industrial","Rural","5.1297","51.0822","0.0","","","","E1a/validated data AQ e-Reporting","18/03/2023 22:05:49","http://fme.discomap.eea.europa.eu/fmedatastreaming/AirQualityDownload/AQData_Extract.fmw?CountryCode=BE&CityName=&Pollutant=8&Year_from=2016&Year_to=2016&Station=STA-BETE814&Samplingpoint=&Source=E1a&Output=HTML&UpdateDate="
"Belgium","NET-Wallonia","Wallonia","BETN093","43N093 - SINSIN","SPO-BETN093_06001_100","PM2.5","Particulate matter < 2.5 µm (aerosol)","P1Y-hr-per50","1 year 50 percentile","2016","5.554","ug/m3","97.67","1","Background","Rural","5.2352","50.2745","265.0","","","","E1a/validated data AQ e-Reporting","18/03/2023 22:05:49","http://fme.discomap.eea.europa.eu/fmedatastreaming/AirQualityDownload/AQData_Extract.fmw?CountryCode=BE&CityName=&Pollutant=6001&Year_from=2016&Year_to=2016&Station=STA-BETN093&Samplingpoint=&Source=E1a&Output=HTML&UpdateDate="
"Belgium","NET-Flanders","Flanders","BETR811","42R811 - SCHOTEN","SPO-BETR811_00008_100","NO2","Nitrogen dioxide (air)","P1Y-day-max","1 year day max","2016","72.000","ug/m3","98.91","1","Background","Suburban","4.4914","51.2521","8.0","","","","E1a/validated data AQ e-Reporting","18/03/2023 21:43:56","http://fme.discomap.eea.europa.eu/fmedatastreaming/AirQualityDownload/AQData_Extract.fmw?CountryCode=BE&CityName=&Pollutant=8&Year_from=2016&Year_to=2016&Station=STA-BETR811&Samplingpoint=&Source=E1a&Output=HTML&UpdateDate="
"Belgium","NET-Wallonia","Wallonia","BETN093","43N093 - SINSIN","SPO-BETN093_00007_100","O3","Ozone (air)","P3Y-dmaxAbove120","Daymax exceed 120 averaged over 3 consecutive years","2016","7.667","count","100.00","1","Background","Rural","5.2352","50.2745","265.0","","","","E1a/validated data AQ e-Reporting","18/03/2023 22:34:54","http://fme.discomap.eea.europa.eu/fmedatastreaming/AirQualityDownload/AQData_Extract.fmw?CountryCode=BE&CityName=&Pollutant=7&Year_from=2016&Year_to=2016&Station=STA-BETN093&Samplingpoint=&Source=E1a&Output=HTML&UpdateDate="
"Belgium","NET-Wallonia","Wallonia","BETN100","43N100 - DOURBES","SPO-BETN100_00005_100","PM10","Particulate matter < 10 µm (aerosol)","P1Y-hr-per50","1 year 50 percentile","2016","10.271","ug/m3","99.57","1","Background","Rural","4.5948","50.0957","225.0","","","","E1a/validated data AQ e-Reporting","18/03/2023 22:05:49","http://fme.discomap.eea.europa.eu/fmedatastreaming/AirQualityDownload/AQData_Extract.fmw?CountryCode=BE&CityName=&Pollutant=5&Year_from=2016&Year_to=2016&Station=STA-BETN100&Samplingpoint=&Source=E1a&Output=HTML&UpdateDate="
"Belgium","NET-Wallonia","Wallonia","BETN100","43N100 - DOURBES","SPO-BETN100_00005_100","PM10","Particulate matter < 10 µm (aerosol)","P1Y-P1D-per90.41","1 year 90.41 percentile","2016","25.229","ug/m3","99.73","1","Background","Rural","4.5948","50.0957","225.0","","","","E1a/validated data AQ e-Reporting","18/03/2023 22:09:05","http://fme.discomap.eea.europa.eu/fmedatastreaming/AirQualityDownload/AQData_Extract.fmw?CountryCode=BE&CityName=&Pollutant=5&Year_from=2016&Year_to=2016&Station=STA-BETN100&Samplingpoint=&Source=E1a&Output=HTML&UpdateDate="
"Belgium","NET-Wallonia","Wallonia","BETH201","43H201 - LIEGE","SPO-BETH201_00001_100","SO2","Sulphur dioxide (air)","P1Y-day-max4","1 year day max 4","2016","2.625","ug/m3","99.45","1","Background","Suburban","5.5475","50.6250","160.0","Liège                                                                           ","BE005C1                                           ","383700","E1a/validated data AQ e-Reporting","18/03/2023 22:31:46","http://fme.discomap.eea.europa.eu/fmedatastreaming/AirQualityDownload/AQData_Extract.fmw?CountryCode=BE&CityName=&Pollutant=1&Year_from=2016&Year_to=2016&Station=STA-BETH201&Samplingpoint=&Source=E1a&Output=HTML&UpdateDate="
"Belgium","NET-Flanders","Flanders","BETE812","47E812 - GENK","SPO-BETE812_00001_100","SO2","Sulphur dioxide (air)","P1Y-hr-min","1 year hour min","2016","1.000","ug/m3","46.22","1","Industrial","Suburban","5.5377","50.9680","82.0","","","","E1a/validated data AQ e-Reporting","18/03/2023 22:31:20","http://fme.discomap.eea.europa.eu/fmedatastreaming/AirQualityDownload/AQData_Extract.fmw?CountryCode=BE&CityName=&Pollutant=1&Year_from=2016&Year_to=2016&Station=STA-BETE812&Samplingpoint=&Source=E1a&Output=HTML&UpdateDate="
"Belgium","NET-Flanders","Flanders","BETN054","42N054 - WALSHOUTEM","SPO-BETN054_00007_100","O3","Ozone (air)","P1Y-hr-max","1 year hour max","2016","193.500","ug/m3","91.99","1","Background","Rural","5.1032","50.7117","135.0","","","","E1a/validated data AQ e-Reporting","18/03/2023 21:57:02","http://fme.discomap.eea.europa.eu/fmedatastreaming/AirQualityDownload/AQData_Extract.fmw?CountryCode=BE&CityName=&Pollutant=7&Year_from=2016&Year_to=2016&Station=STA-BETN054&Samplingpoint=&Source=E1a&Output=HTML&UpdateDate="
"Belgium","NET-Flanders","Flanders","BELAL01","40AL01 - LINKEROEVER","SPO-BELAL01_00008_100","NO2","Nitrogen dioxide (air)","P1Y-hr-max","1 year hour max","2016","148.000","ug/m3","94.18","1","Industrial","Suburban","4.3852","51.2362","10.0","Antwerpen                                                                       ","BE002C1                                           ","530014","E1a/validated data AQ e-Reporting","18/03/2023 21:57:02","http://fme.discomap.eea.europa.eu/fmedatastreaming/AirQualityDownload/AQData_Extract.fmw?CountryCode=BE&CityName=&Pollutant=8&Year_from=2016&Year_to=2016&Station=STA-BELAL01&Samplingpoint=&Source=E1a&Output=HTML&UpdateDate="
"Belgium","NET-Flanders","Flanders","BETM705","44M705 - ROESELARE","SPO-BETM705_00007_100","O3","Ozone (air)","AOT40cmeasured","AOT40c UNCORRECTED for data capture","2016","4444.000","ug/m3","96.01","1","Industrial","Suburban","3.1524","50.9454","19.0","","","","E1a/validated data AQ e-Reporting","18/03/2023 23:01:40","http://fme.discomap.eea.europa.eu/fmedatastreaming/AirQualityDownload/AQData_Extract.fmw?CountryCode=BE&CityName=&Pollutant=7&Year_from=2016&Year_to=2016&Station=STA-BETM705&Samplingpoint=&Source=E1a&Output=HTML&UpdateDate="
"Belgium","NET-Flanders","Flanders","BETN012","44N012 - MOERKERKE","SPO-BETN012_00007_100","O3","Ozone (air)","P1Y-hrsAbove180","1 year hour exceed 180","2016","1.000","count","89.63","1","Background","Rural","3.3625","51.2546","3.0","","","","E1a/validated data AQ e-Reporting","18/03/2023 21:46:37","http://fme.discomap.eea.europa.eu/fmedatastreaming/AirQualityDownload/AQData_Extract.fmw?CountryCode=BE&CityName=&Pollutant=7&Year_from=2016&Year_to=2016&Station=STA-BETN012&Samplingpoint=&Source=E1a&Output=HTML&UpdateDate="
"Belgium","NET-Flanders","Flanders","BETN035","42N035 - AARSCHOT","SPO-BETN035_00007_100","O3","Ozone (air)","AOT40cmeasured","AOT40c UNCORRECTED for data capture","2016","8982.000","ug/m3","94.47","1","Background","Rural","4.8376","50.9775","55.0","","","","E1a/validated data AQ e-Reporting","18/03/2023 23:01:40","http://fme.discomap.eea.europa.eu/fmedatastreaming/AirQualityDownload/AQData_Extract.fmw?CountryCode=BE&CityName=&Pollutant=7&Year_from=2016&Year_to=2016&Station=STA-BETN035&Samplingpoint=&Source=E1a&Output=HTML&UpdateDate="
"Belgium","NET-Wallonia","Wallonia","BETN100","43N100 - DOURBES","SPO-BETN100_00007_100","O3","Ozone (air)","P1Y-day-per50","1 year 50 %ile of daily values in a year","2016","52.417","ug/m3","98.36","1","Background","Rural","4.5948","50.0957","225.0","","","","E1a/validated data AQ e-Reporting","18/03/2023 22:15:13","http://fme.discomap.eea.europa.eu/fmedatastreaming/AirQualityDownload/AQData_Extract.fmw?CountryCode=BE&CityName=&Pollutant=7&Year_from=2016&Year_to=2016&Station=STA-BETN100&Samplingpoint=&Source=E1a&Output=HTML&UpdateDate="
"Belgium","NET-Flanders","Flanders","BETR701","44R701 - GENT","SPO-BETR701_00001_100","SO2","Sulphur dioxide (air)","P1Y-hr-per50","1 year 50 percentile","2016","1.000","ug/m3","96.88","1","Background","Urban","3.7293","51.0583","5.0","Gent                                                                            ","BE003C1                                           ","263687","E1a/validated data AQ e-Reporting","18/03/2023 22:05:49","http://fme.discomap.eea.europa.eu/fmedatastreaming/AirQualityDownload/AQData_Extract.fmw?CountryCode=BE&CityName=&Pollutant=1&Year_from=2016&Year_to=2016&Station=STA-BETR701&Samplingpoint=&Source=E1a&Output=HTML&UpdateDate="
"Belgium","NET-Flanders","Flanders","BETR892","42R892 - KALLO","SPO-BETR892_00001_100","SO2","Sulphur dioxide (air)","P1Y-day-max4","1 year day max 4","2016","15.813","ug/m3","96.99","1","Industrial","Rural","4.2789","51.2630","9.0","","","","E1a/validated data AQ e-Reporting","18/03/2023 22:31:46","http://fme.discomap.eea.europa.eu/fmedatastreaming/AirQualityDownload/AQData_Extract.fmw?CountryCode=BE&CityName=&Pollutant=1&Year_from=2016&Year_to=2016&Station=STA-BETR892&Samplingpoint=&Source=E1a&Output=HTML&UpdateDate="
"Belgium","NET-Wallonia","Wallonia","BETN100","43N100 - DOURBES","SPO-BETN100_00009_100","NOX as NO2","Nitrogen oxides (air)","P1Y-hr-min","1 year hour min","2016","0.000","ug/m3","97.32","1","Background","Rural","4.5948","50.0957","225.0","","","","E1a/validated data AQ e-Reporting","18/03/2023 22:31:20","http://fme.discomap.eea.europa.eu/fmedatastreaming/AirQualityDownload/AQData_Extract.fmw?CountryCode=BE&CityName=&Pollutant=9&Year_from=2016&Year_to=2016&Station=STA-BETN100&Samplingpoint=&Source=E1a&Output=HTML&UpdateDate="
"Belgium","NET-Flanders","Flanders","BETR893","42R893 - ANTWERPEN","SPO-BETR893_00008_100","NO2","Nitrogen dioxide (air)","P1Y-hr-per50","1 year 50 percentile","2016","33.000","ug/m3","96.82","1","Industrial","Suburban","4.3858","51.2814","6.0","Antwerpen                                                                       ","BE002C1                                           ","530014","E1a/validated data AQ e-Reporting","18/03/2023 22:05:49","http://fme.discomap.eea.europa.eu/fmedatastreaming/AirQualityDownload/AQData_Extract.fmw?CountryCode=BE&CityName=&Pollutant=8&Year_from=2016&Year_to=2016&Station=STA-BETR893&Samplingpoint=&Source=E1a&Output=HTML&UpdateDate="
"Belgium","NET-Wallonia","Wallonia","BETN121","43N121 - OFFAGNE","SPO-BETN121_00005_100","PM10","Particulate matter < 10 µm (aerosol)","P1Y-day-min","1 year day min","2016","0.034","ug/m3","98.09","1","Background","Rural","5.2024","49.8771","430.0","","","","E1a/validated data AQ e-Reporting","18/03/2023 21:55:13","http://fme.discomap.eea.europa.eu/fmedatastreaming/AirQualityDownload/AQData_Extract.fmw?CountryCode=BE&CityName=&Pollutant=5&Year_from=2016&Year_to=2016&Station=STA-BETN121&Samplingpoint=&Source=E1a&Output=HTML&UpdateDate="
"Belgium","NET-Flanders","Flanders","BETN052","44N052 - ZWEVEGEM","SPO-BETN052_00007_100","O3","Ozone (air)","summer-avg","Summer mean","2016","47.858","ug/m3","97.34","1","Background","Suburban","3.3225","50.8149","27.0","","","","E1a/validated data AQ e-Reporting","18/03/2023 22:50:22","http://fme.discomap.eea.europa.eu/fmedatastreaming/AirQualityDownload/AQData_Extract.fmw?CountryCode=BE&CityName=&Pollutant=7&Year_from=2016&Year_to=2016&Station=STA-BETN052&Samplingpoint=&Source=E1a&Output=HTML&UpdateDate="
"Belgium","NET-Flanders","Flanders","BELWZ02","40WZ02 - MOL","SPO-BELWZ02_00001_100","SO2","Sulphur dioxide (air)","P1Y-day-per50","1 year 50 %ile of daily values in a year","2016","1.413","ug/m3","99.45","1","Industrial","Rural","5.2215","51.1928","40.0","","","","E1a/validated data AQ e-Reporting","18/03/2023 22:14:46","http://fme.discomap.eea.europa.eu/fmedatastreaming/AirQualityDownload/AQData_Extract.fmw?CountryCode=BE&CityName=&Pollutant=1&Year_from=2016&Year_to=2016&Station=STA-BELWZ02&Samplingpoint=&Source=E1a&Output=HTML&UpdateDate="
"Belgium","NET-Flanders","Flanders","BETN035","42N035 - AARSCHOT","SPO-BETN035_00008_100","NO2","Nitrogen dioxide (air)","P1Y","Annual mean / 1 calendar year","2016","19.498","ug/m3","96.98","1","Background","Rural","4.8376","50.9775","55.0","","","","E1a/validated data AQ e-Reporting","18/03/2023 21:08:58","http://fme.discomap.eea.europa.eu/fmedatastreaming/AirQualityDownload/AQData_Extract.fmw?CountryCode=BE&CityName=&Pollutant=8&Year_from=2016&Year_to=2016&Station=STA-BETN035&Samplingpoint=&Source=E1a&Output=HTML&UpdateDate="
"Belgium","NET-Flanders","Flanders","BETR702","44R702 - Gent (G.Carlierlaan)","SPO-BETR702_06001_100","PM2.5","Particulate matter < 2.5 µm (aerosol)","P1Y-P1D-per99","1 year 99 percentile of daily means (P1D) or .../aq/primaryObservation/day","2016","48.438","ug/m3","100.00","1","Traffic","Urban","3.7350","51.0407","8.0","Gent                                                                            ","BE003C1                                           ","263687","E1a/validated data AQ e-Reporting","18/03/2023 22:10:03","http://fme.discomap.eea.europa.eu/fmedatastreaming/AirQualityDownload/AQData_Extract.fmw?CountryCode=BE&CityName=&Pollutant=6001&Year_from=2016&Year_to=2016&Station=STA-BETR702&Samplingpoint=&Source=E1a&Output=HTML&UpdateDate="
"Belgium","NET-Flanders","Flanders","BELSZ02","40SZ02 - STEENOKKERZ","SPO-BELSZ02_06001_100","PM2.5","Particulate matter < 2.5 µm (aerosol)","P1Y-day-min","1 year day min","2016","1.833","ug/m3","98.63","1","Industrial","Rural","4.5122","50.9130","15.0","","","","E1a/validated data AQ e-Reporting","18/03/2023 21:55:29","http://fme.discomap.eea.europa.eu/fmedatastreaming/AirQualityDownload/AQData_Extract.fmw?CountryCode=BE&CityName=&Pollutant=6001&Year_from=2016&Year_to=2016&Station=STA-BELSZ02&Samplingpoint=&Source=E1a&Output=HTML&UpdateDate="
"Belgium","NET-Flanders","Flanders","BETN045","42N045 - HASSELT","SPO-BETN045_00007_100","O3","Ozone (air)","P1Y-dx-avg","1 year daymax average","2016","64.415","ug/m3","95.63","1","Background","Suburban","5.3684","50.9397","41.0","","","","E1a/validated data AQ e-Reporting","18/03/2023 22:27:48","http://fme.discomap.eea.europa.eu/fmedatastreaming/AirQualityDownload/AQData_Extract.fmw?CountryCode=BE&CityName=&Pollutant=7&Year_from=2016&Year_to=2016&Station=STA-BETN045&Samplingpoint=&Source=E1a&Output=HTML&UpdateDate="
"Belgium","NET-Flanders","Flanders","BETR834","42R834 - Boom","SPO-BETR834_06001_100","PM2.5","Particulate matter < 2.5 µm (aerosol)","P1Y-hr-min","1 year hour min","2016","1.000","ug/m3","99.56","1","Background","Suburban","4.3801","51.0920","0.0","","","","E1a/validated data AQ e-Reporting","18/03/2023 22:31:20","http://fme.discomap.eea.europa.eu/fmedatastreaming/AirQualityDownload/AQData_Extract.fmw?CountryCode=BE&CityName=&Pollutant=6001&Year_from=2016&Year_to=2016&Station=STA-BETR834&Samplingpoint=&Source=E1a&Output=HTML&UpdateDate="
"Belgium","NET-Flanders","Flanders","BETR823","42R823 - BEVEREN","SPO-BETR823_00008_100","NO2","Nitrogen dioxide (air)","P1Y-day-per50","1 year 50 %ile of daily values in a year","2016","21.063","ug/m3","99.45","1","Background","Suburban","4.2399","51.2133","0.0","","","","E1a/validated data AQ e-Reporting","18/03/2023 22:14:21","http://fme.discomap.eea.europa.eu/fmedatastreaming/AirQualityDownload/AQData_Extract.fmw?CountryCode=BE&CityName=&Pollutant=8&Year_from=2016&Year_to=2016&Station=STA-BETR823&Samplingpoint=&Source=E1a&Output=HTML&UpdateDate="
"Belgium","NET-Flanders","Flanders","BETR823","42R823 - BEVEREN","SPO-BETR823_00008_100","NO2","Nitrogen dioxide (air)","P1Y-hrsAbove200","1 year hour exceed 200","2016","0.000","count","97.12","1","Background","Suburban","4.2399","51.2133","0.0","","","","E1a/validated data AQ e-Reporting","18/03/2023 21:48:42","http://fme.discomap.eea.europa.eu/fmedatastreaming/AirQualityDownload/AQData_Extract.fmw?CountryCode=BE&CityName=&Pollutant=8&Year_from=2016&Year_to=2016&Station=STA-BETR823&Samplingpoint=&Source=E1a&Output=HTML&UpdateDate="
"Belgium","NET-Flanders","Flanders","BETR831","42R831 - BERENDRECHT","SPO-BETR831_00001_100","SO2","Sulphur dioxide (air)","P1Y-3hAbove500","3 consecutive hours in exceedance of 500","2016","0.000","count","97.13","1","Industrial","Rural","4.3397","51.3488","3.0","Antwerpen                                                                       ","BE002C1                                           ","530014","E1a/validated data AQ e-Reporting","18/03/2023 22:18:09","http://fme.discomap.eea.europa.eu/fmedatastreaming/AirQualityDownload/AQData_Extract.fmw?CountryCode=BE&CityName=&Pollutant=1&Year_from=2016&Year_to=2016&Station=STA-BETR831&Samplingpoint=&Source=E1a&Output=HTML&UpdateDate="
"Belgium","NET-Flanders","Flanders","BETR841","42R841 - MECHELEN","SPO-BETR841_00007_100","O3","Ozone (air)","P1Y-day-max","1 year day max","2016","96.833","ug/m3","94.26","1","Background","Suburban","4.4693","51.0025","8.0","Mechelen                                                                        ","BE012C1                                           ","86911","E1a/validated data AQ e-Reporting","18/03/2023 21:44:13","http://fme.discomap.eea.europa.eu/fmedatastreaming/AirQualityDownload/AQData_Extract.fmw?CountryCode=BE&CityName=&Pollutant=7&Year_from=2016&Year_to=2016&Station=STA-BETR841&Samplingpoint=&Source=E1a&Output=HTML&UpdateDate="
"Belgium","NET-Flanders","Flanders","BETN035","42N035 - AARSCHOT","SPO-BETN035_00007_100","O3","Ozone (air)","summer-avg","Summer mean","2016","56.710","ug/m3","95.67","1","Background","Rural","4.8376","50.9775","55.0","","","","E1a/validated data AQ e-Reporting","18/03/2023 22:50:22","http://fme.discomap.eea.europa.eu/fmedatastreaming/AirQualityDownload/AQData_Extract.fmw?CountryCode=BE&CityName=&Pollutant=7&Year_from=2016&Year_to=2016&Station=STA-BETN035&Samplingpoint=&Source=E1a&Output=HTML&UpdateDate="
"Belgium","NET-Flanders","Flanders","BETN046","42N046 - GELLIK","SPO-BETN046_00007_100","O3","Ozone (air)","P1Y-dmax-per93.15","1 year 93.15 percentile daily 8h maximum","2016","110.438","ug/m3","92.62","1","Background","Rural","5.6189","50.8823","70.0","","","","E1a/validated data AQ e-Reporting","18/03/2023 22:12:55","http://fme.discomap.eea.europa.eu/fmedatastreaming/AirQualityDownload/AQData_Extract.fmw?CountryCode=BE&CityName=&Pollutant=7&Year_from=2016&Year_to=2016&Station=STA-BETN046&Samplingpoint=&Source=E1a&Output=HTML&UpdateDate="
"Belgium","NET-Flanders","Flanders","BETN052","44N052 - ZWEVEGEM","SPO-BETN052_00008_100","NO2","Nitrogen dioxide (air)","P1Y-day-min","1 year day min","2016","7.000","ug/m3","96.72","1","Background","Suburban","3.3225","50.8149","27.0","","","","E1a/validated data AQ e-Reporting","18/03/2023 21:56:03","http://fme.discomap.eea.europa.eu/fmedatastreaming/AirQualityDownload/AQData_Extract.fmw?CountryCode=BE&CityName=&Pollutant=8&Year_from=2016&Year_to=2016&Station=STA-BETN052&Samplingpoint=&Source=E1a&Output=HTML&UpdateDate="
"Belgium","NET-Flanders","Flanders","BETN012","44N012 - MOERKERKE","SPO-BETN012_00008_100","NO2","Nitrogen dioxide (air)","P3Y","3 subsequent calendar years mean","2016","14.187","ug/m3","95.88","1","Background","Rural","3.3625","51.2546","3.0","","","","E1a/validated data AQ e-Reporting","18/03/2023 21:36:00","http://fme.discomap.eea.europa.eu/fmedatastreaming/AirQualityDownload/AQData_Extract.fmw?CountryCode=BE&CityName=&Pollutant=8&Year_from=2016&Year_to=2016&Station=STA-BETN012&Samplingpoint=&Source=E1a&Output=HTML&UpdateDate="
"Belgium","NET-Flanders","Flanders","BETE008","47E008 - Grimbergen","SPO-BETE008_00008_100","NO2","Nitrogen dioxide (air)","P1Y-day-min","1 year day min","2016","3.750","ug/m3","97.81","1","Industrial","Rural","4.3959","50.9261","14.0","","","","E1a/validated data AQ e-Reporting","18/03/2023 21:56:03","http://fme.discomap.eea.europa.eu/fmedatastreaming/AirQualityDownload/AQData_Extract.fmw?CountryCode=BE&CityName=&Pollutant=8&Year_from=2016&Year_to=2016&Station=STA-BETE008&Samplingpoint=&Source=E1a&Output=HTML&UpdateDate="
"Belgium","NET-Flanders","Flanders","BETE008","47E008 - Grimbergen","SPO-BETE008_00008_100","NO2","Nitrogen dioxide (air)","P1Y-hrsAbove200","1 year hour exceed 200","2016","0.000","count","95.26","1","Industrial","Rural","4.3959","50.9261","14.0","","","","E1a/validated data AQ e-Reporting","18/03/2023 21:48:42","http://fme.discomap.eea.europa.eu/fmedatastreaming/AirQualityDownload/AQData_Extract.fmw?CountryCode=BE&CityName=&Pollutant=8&Year_from=2016&Year_to=2016&Station=STA-BETE008&Samplingpoint=&Source=E1a&Output=HTML&UpdateDate="
"Belgium","NET-Flanders","Flanders","BETN045","42N045 - HASSELT","SPO-BETN045_00007_100","O3","Ozone (air)","P1Y-hr-max","1 year hour max","2016","199.000","ug/m3","94.31","1","Background","Suburban","5.3684","50.9397","41.0","","","","E1a/validated data AQ e-Reporting","18/03/2023 21:57:02","http://fme.discomap.eea.europa.eu/fmedatastreaming/AirQualityDownload/AQData_Extract.fmw?CountryCode=BE&CityName=&Pollutant=7&Year_from=2016&Year_to=2016&Station=STA-BETN045&Samplingpoint=&Source=E1a&Output=HTML&UpdateDate="
"Belgium","NET-Wallonia","Wallonia","BETN132","43N132 - HABAY-LA-N.","SPO-BETN132_00001_100","SO2","Sulphur dioxide (air)","P1Y","Annual mean / 1 calendar year","2016","0.569","ug/m3","97.04","1","Background","Rural","5.6304","49.7193","375.0","","","","E1a/validated data AQ e-Reporting","18/03/2023 21:08:58","http://fme.discomap.eea.europa.eu/fmedatastreaming/AirQualityDownload/AQData_Extract.fmw?CountryCode=BE&CityName=&Pollutant=1&Year_from=2016&Year_to=2016&Station=STA-BETN132&Samplingpoint=&Source=E1a&Output=HTML&UpdateDate="
"Belgium","NET-Flanders","Flanders","BETR702","44R702 - Gent (G.Carlierlaan)","SPO-BETR702_00005_100","PM10","Particulate matter < 10 µm (aerosol)","P1Y-hr-per50","1 year 50 percentile","2016","20.100","ug/m3","99.77","1","Traffic","Urban","3.7350","51.0407","8.0","Gent                                                                            ","BE003C1                                           ","263687","E1a/validated data AQ e-Reporting","18/03/2023 22:05:49","http://fme.discomap.eea.europa.eu/fmedatastreaming/AirQualityDownload/AQData_Extract.fmw?CountryCode=BE&CityName=&Pollutant=5&Year_from=2016&Year_to=2016&Station=STA-BETR702&Samplingpoint=&Source=E1a&Output=HTML&UpdateDate="
"Belgium","NET-Flanders","Flanders","BETN045","42N045 - HASSELT","SPO-BETN045_00001_100","SO2","Sulphur dioxide (air)","P1Y-3hAbove500","3 consecutive hours in exceedance of 500","2016","0.000","count","96.54","1","Background","Suburban","5.3684","50.9397","41.0","","","","E1a/validated data AQ e-Reporting","18/03/2023 22:18:09","http://fme.discomap.eea.europa.eu/fmedatastreaming/AirQualityDownload/AQData_Extract.fmw?CountryCode=BE&CityName=&Pollutant=1&Year_from=2016&Year_to=2016&Station=STA-BETN045&Samplingpoint=&Source=E1a&Output=HTML&UpdateDate="
"Belgium","NET-Wallonia","Wallonia","BETR501","45R501 - CHARLEROI","SPO-BETR501_00010_100","CO","Carbon monoxide (air)","P1Y-hr-min","1 year hour min","2016","0.040","mg/m3","96.53","1","Background","Urban","4.4522","50.4093","115.0","Charleroi                                                                       ","BE004C1                                           ","203314","E1a/validated data AQ e-Reporting","18/03/2023 22:31:20","http://fme.discomap.eea.europa.eu/fmedatastreaming/AirQualityDownload/AQData_Extract.fmw?CountryCode=BE&CityName=&Pollutant=10&Year_from=2016&Year_to=2016&Station=STA-BETR501&Samplingpoint=&Source=E1a&Output=HTML&UpdateDate="
"Belgium","NET-Flanders","Flanders","BETR897","42R897 - ANTWERPEN","SPO-BETR897_00001_100","SO2","Sulphur dioxide (air)","P1Y-daysAbove125","1 year day exceed 125","2016","0.000","count","99.45","1","Industrial","Suburban","4.3421","51.2501","5.0","Antwerpen                                                                       ","BE002C1                                           ","530014","E1a/validated data AQ e-Reporting","18/03/2023 22:23:37","http://fme.discomap.eea.europa.eu/fmedatastreaming/AirQualityDownload/AQData_Extract.fmw?CountryCode=BE&CityName=&Pollutant=1&Year_from=2016&Year_to=2016&Station=STA-BETR897&Samplingpoint=&Source=E1a&Output=HTML&UpdateDate="
"Belgium","NET-Flanders","Flanders","BETN052","44N052 - ZWEVEGEM","SPO-BETN052_00007_100","O3","Ozone (air)","P1Y-maxP6M-P8H-dmax","Yearly highest six monthly average of daily maximum 8-hour mean concentration","2016","70.394","ug/m3","100.00","1","Background","Suburban","3.3225","50.8149","27.0","","","","E1a/validated data AQ e-Reporting","18/03/2023 22:58:54","http://fme.discomap.eea.europa.eu/fmedatastreaming/AirQualityDownload/AQData_Extract.fmw?CountryCode=BE&CityName=&Pollutant=7&Year_from=2016&Year_to=2016&Station=STA-BETN052&Samplingpoint=&Source=E1a&Output=HTML&UpdateDate="
"Belgium","NET-Flanders","Flanders","BELSA04","40SA04 - Hoevenen","SPO-BELSA04_00005_100","PM10","Particulate matter < 10 µm (aerosol)","P1Y-P1D-per99","1 year 99 percentile of daily means (P1D) or .../aq/primaryObservation/day","2016","53.208","ug/m3","98.91","1","Industrial","Rural","4.4039","51.3139","6.0","","","","E1a/validated data AQ e-Reporting","18/03/2023 22:09:38","http://fme.discomap.eea.europa.eu/fmedatastreaming/AirQualityDownload/AQData_Extract.fmw?CountryCode=BE&CityName=&Pollutant=5&Year_from=2016&Year_to=2016&Station=STA-BELSA04&Samplingpoint=&Source=E1a&Output=HTML&UpdateDate="
"Belgium","NET-Flanders","Flanders","BETN016","42N016 - DESSEL","SPO-BETN016_00001_100","SO2","Sulphur dioxide (air)","P1Y-hrsAbove350","1 year hour exceed 350","2016","0.000","count","97.22","1","Background","Rural","5.1640","51.2337","30.0","","","","E1a/validated data AQ e-Reporting","18/03/2023 21:52:12","http://fme.discomap.eea.europa.eu/fmedatastreaming/AirQualityDownload/AQData_Extract.fmw?CountryCode=BE&CityName=&Pollutant=1&Year_from=2016&Year_to=2016&Station=STA-BETN016&Samplingpoint=&Source=E1a&Output=HTML&UpdateDate="
"Belgium","NET-Flanders","Flanders","BETN016","42N016 - DESSEL","SPO-BETN016_00007_100","O3","Ozone (air)","P1Y","Annual mean / 1 calendar year","2016","43.040","ug/m3","93.83","1","Background","Rural","5.1640","51.2337","30.0","","","","E1a/validated data AQ e-Reporting","18/03/2023 21:08:58","http://fme.discomap.eea.europa.eu/fmedatastreaming/AirQualityDownload/AQData_Extract.fmw?CountryCode=BE&CityName=&Pollutant=7&Year_from=2016&Year_to=2016&Station=STA-BETN016&Samplingpoint=&Source=E1a&Output=HTML&UpdateDate="
"Belgium","NET-Flanders","Flanders","BETE008","47E008 - Grimbergen","SPO-BETE008_00008_100","NO2","Nitrogen dioxide (air)","P1Y-hrsAbove400","1 year hour exceed 400","2016","0.000","count","95.26","1","Industrial","Rural","4.3959","50.9261","14.0","","","","E1a/validated data AQ e-Reporting","18/03/2023 21:54:38","http://fme.discomap.eea.europa.eu/fmedatastreaming/AirQualityDownload/AQData_Extract.fmw?CountryCode=BE&CityName=&Pollutant=8&Year_from=2016&Year_to=2016&Station=STA-BETE008&Samplingpoint=&Source=E1a&Output=HTML&UpdateDate="
"Belgium","NET-Flanders","Flanders","BELTS12","40TS12 - TESSENDERLO","SPO-BELTS12_00020_100","C6H6","Benzene (air)","P1Y-hr-min","1 year hour min","2016","0.050","ug/m3","95.59","1","Industrial","Suburban","5.0939","51.0634","32.0","","","","E1a/validated data AQ e-Reporting","18/03/2023 22:31:20","http://fme.discomap.eea.europa.eu/fmedatastreaming/AirQualityDownload/AQData_Extract.fmw?CountryCode=BE&CityName=&Pollutant=20&Year_from=2016&Year_to=2016&Station=STA-BELTS12&Samplingpoint=&Source=E1a&Output=HTML&UpdateDate="
"Belgium","NET-Wallonia","Wallonia","BETR502","45R502 - LODELINSART","SPO-BETR502_00007_100","O3","Ozone (air)","P1Y-dx-max","1 year day max max","2016","129.357","ug/m3","96.17","1","Background","Suburban","4.4587","50.4290","135.0","Charleroi                                                                       ","BE004C1                                           ","203314","E1a/validated data AQ e-Reporting","18/03/2023 21:44:39","http://fme.discomap.eea.europa.eu/fmedatastreaming/AirQualityDownload/AQData_Extract.fmw?CountryCode=BE&CityName=&Pollutant=7&Year_from=2016&Year_to=2016&Station=STA-BETR502&Samplingpoint=&Source=E1a&Output=HTML&UpdateDate="
"Belgium","NET-Wallonia","Wallonia","BETR502","45R502 - LODELINSART","SPO-BETR502_00007_100","O3","Ozone (air)","P1Y-hr-min","1 year hour min","2016","0.000","ug/m3","95.41","1","Background","Suburban","4.4587","50.4290","135.0","Charleroi                                                                       ","BE004C1                                           ","203314","E1a/validated data AQ e-Reporting","18/03/2023 22:31:20","http://fme.discomap.eea.europa.eu/fmedatastreaming/AirQualityDownload/AQData_Extract.fmw?CountryCode=BE&CityName=&Pollutant=7&Year_from=2016&Year_to=2016&Station=STA-BETR502&Samplingpoint=&Source=E1a&Output=HTML&UpdateDate="
"Belgium","NET-Flanders","Flanders","BETR897","42R897 - ANTWERPEN","SPO-BETR897_00008_100","NO2","Nitrogen dioxide (air)","P1Y-hrsAbove400","1 year hour exceed 400","2016","0.000","count","96.27","1","Industrial","Suburban","4.3421","51.2501","5.0","Antwerpen                                                                       ","BE002C1                                           ","530014","E1a/validated data AQ e-Reporting","18/03/2023 21:54:38","http://fme.discomap.eea.europa.eu/fmedatastreaming/AirQualityDownload/AQData_Extract.fmw?CountryCode=BE&CityName=&Pollutant=8&Year_from=2016&Year_to=2016&Station=STA-BETR897&Samplingpoint=&Source=E1a&Output=HTML&UpdateDate="
"Belgium","NET-Flanders","Flanders","BETR701","44R701 - GENT","SPO-BETR701_00007_100","O3","Ozone (air)","P1Y","Annual mean / 1 calendar year","2016","40.024","ug/m3","87.15","1","Background","Urban","3.7293","51.0583","5.0","Gent                                                                            ","BE003C1                                           ","263687","E1a/validated data AQ e-Reporting","18/03/2023 21:08:58","http://fme.discomap.eea.europa.eu/fmedatastreaming/AirQualityDownload/AQData_Extract.fmw?CountryCode=BE&CityName=&Pollutant=7&Year_from=2016&Year_to=2016&Station=STA-BETR701&Samplingpoint=&Source=E1a&Output=HTML&UpdateDate="
"Belgium","NET-Flanders","Flanders","BETR801","42R801 - BORGERHOUT","SPO-BETR801_06001_100","PM2.5","Particulate matter < 2.5 µm (aerosol)","P1Y-day-per50","1 year 50 %ile of daily values in a year","2016","10.646","ug/m3","100.00","1","Background","Urban","4.4318","51.2097","6.0","Antwerpen                                                                       ","BE002C1                                           ","530014","E1a/validated data AQ e-Reporting","18/03/2023 22:11:51","http://fme.discomap.eea.europa.eu/fmedatastreaming/AirQualityDownload/AQData_Extract.fmw?CountryCode=BE&CityName=&Pollutant=6001&Year_from=2016&Year_to=2016&Station=STA-BETR801&Samplingpoint=&Source=E1a&Output=HTML&UpdateDate="
"Belgium","NET-Flanders","Flanders","BETN035","42N035 - AARSCHOT","SPO-BETN035_06001_100","PM2.5","Particulate matter < 2.5 µm (aerosol)","P1Y","Annual mean / 1 calendar year","2016","12.877","ug/m3","99.69","1","Background","Rural","4.8376","50.9775","55.0","","","","E1a/validated data AQ e-Reporting","18/03/2023 21:08:58","http://fme.discomap.eea.europa.eu/fmedatastreaming/AirQualityDownload/AQData_Extract.fmw?CountryCode=BE&CityName=&Pollutant=6001&Year_from=2016&Year_to=2016&Station=STA-BETN035&Samplingpoint=&Source=E1a&Output=HTML&UpdateDate="
"Belgium","NET-Wallonia","Wallonia","BETN070","43N070 - MONS","SPO-BETN070_00005_100","PM10","Particulate matter < 10 µm (aerosol)","P1Y-hr-min","1 year hour min","2016","0.000","ug/m3","99.59","1","Background","Suburban","3.9397","50.4652","30.0","Mons                                                                            ","BE009C1                                           ","95922","E1a/validated data AQ e-Reporting","18/03/2023 22:31:20","http://fme.discomap.eea.europa.eu/fmedatastreaming/AirQualityDownload/AQData_Extract.fmw?CountryCode=BE&CityName=&Pollutant=5&Year_from=2016&Year_to=2016&Station=STA-BETN070&Samplingpoint=&Source=E1a&Output=HTML&UpdateDate="
"Belgium","NET-Wallonia","Wallonia","BETN113","43N113 - SAINT-ODE","SPO-BETN113_00007_100","O3","Ozone (air)","P1Y-day-min","1 year day min","2016","11.979","ug/m3","89.07","1","Background","Rural","5.5930","50.0270","510.0","","","","E1a/validated data AQ e-Reporting","18/03/2023 21:56:21","http://fme.discomap.eea.europa.eu/fmedatastreaming/AirQualityDownload/AQData_Extract.fmw?CountryCode=BE&CityName=&Pollutant=7&Year_from=2016&Year_to=2016&Station=STA-BETN113&Samplingpoint=&Source=E1a&Output=HTML&UpdateDate="
"Belgium","NET-Flanders","Flanders","BETR710","44R710 - DESTELBERGE","SPO-BETR710_00007_100","O3","Ozone (air)","P1Y-hr-min","1 year hour min","2016","1.000","ug/m3","87.15","1","Background","Suburban","3.7753","51.0613","6.0","","","","E1a/validated data AQ e-Reporting","18/03/2023 22:31:20","http://fme.discomap.eea.europa.eu/fmedatastreaming/AirQualityDownload/AQData_Extract.fmw?CountryCode=BE&CityName=&Pollutant=7&Year_from=2016&Year_to=2016&Station=STA-BETR710&Samplingpoint=&Source=E1a&Output=HTML&UpdateDate="
"Belgium","NET-Flanders","Flanders","BETR897","42R897 - ANTWERPEN","SPO-BETR897_00008_100","NO2","Nitrogen dioxide (air)","P1Y","Annual mean / 1 calendar year","2016","34.253","ug/m3","96.27","1","Industrial","Suburban","4.3421","51.2501","5.0","Antwerpen                                                                       ","BE002C1                                           ","530014","E1a/validated data AQ e-Reporting","18/03/2023 21:08:58","http://fme.discomap.eea.europa.eu/fmedatastreaming/AirQualityDownload/AQData_Extract.fmw?CountryCode=BE&CityName=&Pollutant=8&Year_from=2016&Year_to=2016&Station=STA-BETR897&Samplingpoint=&Source=E1a&Output=HTML&UpdateDate="
"Belgium","NET-Flanders","Flanders","BETR817","42R817 - ANTWERPEN","SPO-BETR817_00005_100","PM10","Particulate matter < 10 µm (aerosol)","P1Y-P1D-per99","1 year 99 percentile of daily means (P1D) or .../aq/primaryObservation/day","2016","56.683","ug/m3","100.00","1","Background","Suburban","4.4180","51.1771","6.0","Antwerpen                                                                       ","BE002C1                                           ","530014","E1a/validated data AQ e-Reporting","18/03/2023 22:09:38","http://fme.discomap.eea.europa.eu/fmedatastreaming/AirQualityDownload/AQData_Extract.fmw?CountryCode=BE&CityName=&Pollutant=5&Year_from=2016&Year_to=2016&Station=STA-BETR817&Samplingpoint=&Source=E1a&Output=HTML&UpdateDate="
"Belgium","NET-Wallonia","Wallonia","BETR512","45R512 - MARCHIENNE","SPO-BETR512_00391_100","Black Carbon","black_carbon (aerosol)","P1Y-hr-max","1 year hour max","2016","24.320","ug/m3","78.14","1","Industrial","Suburban","4.3959","50.4078","107.0","Charleroi                                                                       ","BE004C1                                           ","203314","E1a/validated data AQ e-Reporting","18/03/2023 21:57:02","http://fme.discomap.eea.europa.eu/fmedatastreaming/AirQualityDownload/AQData_Extract.fmw?CountryCode=BE&CityName=&Pollutant=391&Year_from=2016&Year_to=2016&Station=STA-BETR512&Samplingpoint=&Source=E1a&Output=HTML&UpdateDate="
"Belgium","NET-Wallonia","Wallonia","BETR512","45R512 - MARCHIENNE","SPO-BETR512_00391_100","Black Carbon","black_carbon (aerosol)","P1Y-hr-min","1 year hour min","2016","0.025","ug/m3","78.14","1","Industrial","Suburban","4.3959","50.4078","107.0","Charleroi                                                                       ","BE004C1                                           ","203314","E1a/validated data AQ e-Reporting","18/03/2023 22:31:20","http://fme.discomap.eea.europa.eu/fmedatastreaming/AirQualityDownload/AQData_Extract.fmw?CountryCode=BE&CityName=&Pollutant=391&Year_from=2016&Year_to=2016&Station=STA-BETR512&Samplingpoint=&Source=E1a&Output=HTML&UpdateDate="
"Belgium","NET-Flanders","Flanders","BETR740","44R740 - ST.KRUIS-WI","SPO-BETR740_00005_100","PM10","Particulate matter < 10 µm (aerosol)","P1Y-day-per50","1 year 50 %ile of daily values in a year","2016","21.371","ug/m3","100.00","1","Industrial","Rural","3.8087","51.1501","5.0","Gent                                                                            ","BE003C1                                           ","263687","E1a/validated data AQ e-Reporting","18/03/2023 22:08:05","http://fme.discomap.eea.europa.eu/fmedatastreaming/AirQualityDownload/AQData_Extract.fmw?CountryCode=BE&CityName=&Pollutant=5&Year_from=2016&Year_to=2016&Station=STA-BETR740&Samplingpoint=&Source=E1a&Output=HTML&UpdateDate="
"Belgium","NET-Flanders","Flanders","BETR740","44R740 - ST.KRUIS-WI","SPO-BETR740_00008_100","NO2","Nitrogen dioxide (air)","P1Y-day-max","1 year day max","2016","67.370","ug/m3","98.36","1","Industrial","Rural","3.8087","51.1501","5.0","Gent                                                                            ","BE003C1                                           ","263687","E1a/validated data AQ e-Reporting","18/03/2023 21:43:56","http://fme.discomap.eea.europa.eu/fmedatastreaming/AirQualityDownload/AQData_Extract.fmw?CountryCode=BE&CityName=&Pollutant=8&Year_from=2016&Year_to=2016&Station=STA-BETR740&Samplingpoint=&Source=E1a&Output=HTML&UpdateDate="
"Belgium","NET-Wallonia","Wallonia","BETN132","43N132 - HABAY-LA-N.","SPO-BETN132_00010_100","CO","Carbon monoxide (air)","P1Y-dx-avg","1 year daymax average","2016","0.229","mg/m3","98.36","1","Background","Rural","5.6304","49.7193","375.0","","","","E1a/validated data AQ e-Reporting","18/03/2023 22:27:48","http://fme.discomap.eea.europa.eu/fmedatastreaming/AirQualityDownload/AQData_Extract.fmw?CountryCode=BE&CityName=&Pollutant=10&Year_from=2016&Year_to=2016&Station=STA-BETN132&Samplingpoint=&Source=E1a&Output=HTML&UpdateDate="
"Belgium","NET-Wallonia","Wallonia","BEVN100","50N100 - DOURBES","SPO-BEVN100_06008_100","H2C=CH-CH2-CH2-CH3","1-Pentene (air)","P1Y","Annual mean / 1 calendar year","2016","0.000","ug/m3","48.36","1","Background","Rural","4.5948","50.0957","225.0","","","","E1a/validated data AQ e-Reporting","18/03/2023 21:08:58","http://fme.discomap.eea.europa.eu/fmedatastreaming/AirQualityDownload/AQData_Extract.fmw?CountryCode=BE&CityName=&Pollutant=6008&Year_from=2016&Year_to=2016&Station=STA-BEVN100&Samplingpoint=&Source=E1a&Output=HTML&UpdateDate="
"Belgium","NET-Wallonia","Wallonia","BETN132","43N132 - HABAY-LA-N.","SPO-BETN132_00010_100","CO","Carbon monoxide (air)","P1Y-P1D-per99","1 year 99 percentile of daily means (P1D) or .../aq/primaryObservation/day","2016","0.431","mg/m3","99.18","1","Background","Rural","5.6304","49.7193","375.0","","","","E1a/validated data AQ e-Reporting","18/03/2023 22:11:26","http://fme.discomap.eea.europa.eu/fmedatastreaming/AirQualityDownload/AQData_Extract.fmw?CountryCode=BE&CityName=&Pollutant=10&Year_from=2016&Year_to=2016&Station=STA-BETN132&Samplingpoint=&Source=E1a&Output=HTML&UpdateDate="
"Belgium","NET-Wallonia","Wallonia","BEVN113","50N113 - SAINT-ODE","SPO-BEVN113_00020_100","C6H6","Benzene (air)","P1Y-day-min","1 year day min","2016","0.090","ug/m3","42.90","1","Background","Rural","5.5930","50.0270","510.0","","","","E1a/validated data AQ e-Reporting","18/03/2023 21:55:46","http://fme.discomap.eea.europa.eu/fmedatastreaming/AirQualityDownload/AQData_Extract.fmw?CountryCode=BE&CityName=&Pollutant=20&Year_from=2016&Year_to=2016&Station=STA-BEVN113&Samplingpoint=&Source=E1a&Output=HTML&UpdateDate="
"Belgium","NET-Flanders","Flanders","BETR801","42R801 - BORGERHOUT","SPO-BETR801_00001_100","SO2","Sulphur dioxide (air)","P1Y-hr-max-per99.73","1 year 99.73 %ile of hourly values in a given year","2016","22.500","ug/m3","97.19","1","Background","Urban","4.4318","51.2097","6.0","Antwerpen                                                                       ","BE002C1                                           ","530014","E1a/validated data AQ e-Reporting","18/03/2023 22:06:23","http://fme.discomap.eea.europa.eu/fmedatastreaming/AirQualityDownload/AQData_Extract.fmw?CountryCode=BE&CityName=&Pollutant=1&Year_from=2016&Year_to=2016&Station=STA-BETR801&Samplingpoint=&Source=E1a&Output=HTML&UpdateDate="
"Belgium","NET-Wallonia","Wallonia","BETN100","43N100 - DOURBES","SPO-BETN100_00005_100","PM10","Particulate matter < 10 µm (aerosol)","P3Y","3 subsequent calendar years mean","2016","12.450","ug/m3","98.67","1","Background","Rural","4.5948","50.0957","225.0","","","","E1a/validated data AQ e-Reporting","18/03/2023 21:36:00","http://fme.discomap.eea.europa.eu/fmedatastreaming/AirQualityDownload/AQData_Extract.fmw?CountryCode=BE&CityName=&Pollutant=5&Year_from=2016&Year_to=2016&Station=STA-BETN100&Samplingpoint=&Source=E1a&Output=HTML&UpdateDate="
"Belgium","NET-Wallonia","Wallonia","BETN100","43N100 - DOURBES","SPO-BETN100_00008_100","NO2","Nitrogen dioxide (air)","P1Y-hr-max","1 year hour max","2016","56.500","ug/m3","97.32","1","Background","Rural","4.5948","50.0957","225.0","","","","E1a/validated data AQ e-Reporting","18/03/2023 21:57:02","http://fme.discomap.eea.europa.eu/fmedatastreaming/AirQualityDownload/AQData_Extract.fmw?CountryCode=BE&CityName=&Pollutant=8&Year_from=2016&Year_to=2016&Station=STA-BETN100&Samplingpoint=&Source=E1a&Output=HTML&UpdateDate="
"Belgium","NET-Wallonia","Wallonia","BETN100","43N100 - DOURBES","SPO-BETN100_00009_100","NOX as NO2","Nitrogen oxides (air)","P1Y-hr-per50","1 year 50 percentile","2016","4.533","ug/m3","97.32","1","Background","Rural","4.5948","50.0957","225.0","","","","E1a/validated data AQ e-Reporting","18/03/2023 22:05:49","http://fme.discomap.eea.europa.eu/fmedatastreaming/AirQualityDownload/AQData_Extract.fmw?CountryCode=BE&CityName=&Pollutant=9&Year_from=2016&Year_to=2016&Station=STA-BETN100&Samplingpoint=&Source=E1a&Output=HTML&UpdateDate="
"Belgium","NET-Wallonia","Wallonia","BETN063","43N063 - CORROY L.G.","SPO-BETN063_00001_100","SO2","Sulphur dioxide (air)","P1Y-daysAbove125","1 year day exceed 125","2016","0.000","count","95.08","1","Background","Rural","4.6683","50.6554","145.0","","","","E1a/validated data AQ e-Reporting","18/03/2023 22:23:37","http://fme.discomap.eea.europa.eu/fmedatastreaming/AirQualityDownload/AQData_Extract.fmw?CountryCode=BE&CityName=&Pollutant=1&Year_from=2016&Year_to=2016&Station=STA-BETN063&Samplingpoint=&Source=E1a&Output=HTML&UpdateDate="
"Belgium","NET-Wallonia","Wallonia","BETN060","43N060 - HAVINNES","SPO-BETN060_00007_100","O3","Ozone (air)","AOT40f","AOT40 for forest protection","2016","8679.037","ug/m3","97.18","1","Background","Rural","3.4576","50.6167","0.0","","","","E1a/validated data AQ e-Reporting","18/03/2023 23:06:40","http://fme.discomap.eea.europa.eu/fmedatastreaming/AirQualityDownload/AQData_Extract.fmw?CountryCode=BE&CityName=&Pollutant=7&Year_from=2016&Year_to=2016&Station=STA-BETN060&Samplingpoint=&Source=E1a&Output=HTML&UpdateDate="
"Belgium","NET-Wallonia","Wallonia","BETN060","43N060 - HAVINNES","SPO-BETN060_00007_100","O3","Ozone (air)","SOMO10","Sum of Ozone Means Over 10 ppb","2016","14057.070","ug/m3","97.27","1","Background","Rural","3.4576","50.6167","0.0","","","","E1a/validated data AQ e-Reporting","18/03/2023 22:59:50","http://fme.discomap.eea.europa.eu/fmedatastreaming/AirQualityDownload/AQData_Extract.fmw?CountryCode=BE&CityName=&Pollutant=7&Year_from=2016&Year_to=2016&Station=STA-BETN060&Samplingpoint=&Source=E1a&Output=HTML&UpdateDate="
"Belgium","NET-Flanders","Flanders","BETM705","44M705 - ROESELARE","SPO-BETM705_06001_100","PM2.5","Particulate matter < 2.5 µm (aerosol)","P1Y-day-min","1 year day min","2016","2.792","ug/m3","96.99","1","Industrial","Suburban","3.1524","50.9454","19.0","","","","E1a/validated data AQ e-Reporting","18/03/2023 21:55:29","http://fme.discomap.eea.europa.eu/fmedatastreaming/AirQualityDownload/AQData_Extract.fmw?CountryCode=BE&CityName=&Pollutant=6001&Year_from=2016&Year_to=2016&Station=STA-BETM705&Samplingpoint=&Source=E1a&Output=HTML&UpdateDate="
"Belgium","NET-Wallonia","Wallonia","BETH201","43H201 - LIEGE","SPO-BETH201_00005_100","PM10","Particulate matter < 10 µm (aerosol)","P1Y-P1D-per90.41","1 year 90.41 percentile","2016","30.625","ug/m3","97.54","1","Background","Suburban","5.5475","50.6250","160.0","Liège                                                                           ","BE005C1                                           ","383700","E1a/validated data AQ e-Reporting","18/03/2023 22:09:05","http://fme.discomap.eea.europa.eu/fmedatastreaming/AirQualityDownload/AQData_Extract.fmw?CountryCode=BE&CityName=&Pollutant=5&Year_from=2016&Year_to=2016&Station=STA-BETH201&Samplingpoint=&Source=E1a&Output=HTML&UpdateDate="
"Belgium","NET-Flanders","Flanders","BETR801","42R801 - BORGERHOUT","SPO-BETR801_00008_100","NO2","Nitrogen dioxide (air)","P1Y-P1D-per99","1 year 99 percentile of daily means (P1D) or .../aq/primaryObservation/day","2016","71.958","ug/m3","99.45","1","Background","Urban","4.4318","51.2097","6.0","Antwerpen                                                                       ","BE002C1                                           ","530014","E1a/validated data AQ e-Reporting","18/03/2023 22:10:34","http://fme.discomap.eea.europa.eu/fmedatastreaming/AirQualityDownload/AQData_Extract.fmw?CountryCode=BE&CityName=&Pollutant=8&Year_from=2016&Year_to=2016&Station=STA-BETR801&Samplingpoint=&Source=E1a&Output=HTML&UpdateDate="
"Belgium","NET-Wallonia","Wallonia","BEMN093","00N093 - SINSIN","SPO-BEMN093_05015_100","Ni in PM10","Nickel in PM10 (aerosol)","P1Y","Annual mean / 1 calendar year","2016","0.606","ng/m3","91.52","1","Background","Rural","5.2352","50.2745","265.0","","","","E1a/validated data AQ e-Reporting","18/03/2023 21:08:58","http://fme.discomap.eea.europa.eu/fmedatastreaming/AirQualityDownload/AQData_Extract.fmw?CountryCode=BE&CityName=&Pollutant=5015&Year_from=2016&Year_to=2016&Station=STA-BEMN093&Samplingpoint=&Source=E1a&Output=HTML&UpdateDate="
"Belgium","NET-Flanders","Flanders","BETM802","42M802 - ANTWERPEN","SPO-BETM802_00008_100","NO2","Nitrogen dioxide (air)","P1Y-hr-max","1 year hour max","2016","150.000","ug/m3","94.92","1","Industrial","Suburban","4.4244","51.2610","3.0","Antwerpen                                                                       ","BE002C1                                           ","530014","E1a/validated data AQ e-Reporting","18/03/2023 21:57:02","http://fme.discomap.eea.europa.eu/fmedatastreaming/AirQualityDownload/AQData_Extract.fmw?CountryCode=BE&CityName=&Pollutant=8&Year_from=2016&Year_to=2016&Station=STA-BETM802&Samplingpoint=&Source=E1a&Output=HTML&UpdateDate="
"Belgium","NET-Flanders","Flanders","BETR820","42R820 - KAPELLEN","SPO-BETR820_00001_100","SO2","Sulphur dioxide (air)","P1Y","Annual mean / 1 calendar year","2016","2.791","ug/m3","97.19","1","Background","Suburban","4.4448","51.3204","11.0","","","","E1a/validated data AQ e-Reporting","18/03/2023 21:08:58","http://fme.discomap.eea.europa.eu/fmedatastreaming/AirQualityDownload/AQData_Extract.fmw?CountryCode=BE&CityName=&Pollutant=1&Year_from=2016&Year_to=2016&Station=STA-BETR820&Samplingpoint=&Source=E1a&Output=HTML&UpdateDate="
"Belgium","NET-Flanders","Flanders","BETM802","42M802 - ANTWERPEN","SPO-BETM802_00008_100","NO2","Nitrogen dioxide (air)","P1Y-hrsAbove200","1 year hour exceed 200","2016","0.000","count","94.92","1","Industrial","Suburban","4.4244","51.2610","3.0","Antwerpen                                                                       ","BE002C1                                           ","530014","E1a/validated data AQ e-Reporting","18/03/2023 21:48:42","http://fme.discomap.eea.europa.eu/fmedatastreaming/AirQualityDownload/AQData_Extract.fmw?CountryCode=BE&CityName=&Pollutant=8&Year_from=2016&Year_to=2016&Station=STA-BETM802&Samplingpoint=&Source=E1a&Output=HTML&UpdateDate="
"Belgium","NET-Flanders","Flanders","BETR750","44R750 - ZELZATE","SPO-BETR750_06001_100","PM2.5","Particulate matter < 2.5 µm (aerosol)","P3Y","3 subsequent calendar years mean","2016","15.513","ug/m3","80.15","1","Industrial","Rural","3.8229","51.1961","6.0","","","","E1a/validated data AQ e-Reporting","18/03/2023 21:36:00","http://fme.discomap.eea.europa.eu/fmedatastreaming/AirQualityDownload/AQData_Extract.fmw?CountryCode=BE&CityName=&Pollutant=6001&Year_from=2016&Year_to=2016&Station=STA-BETR750&Samplingpoint=&Source=E1a&Output=HTML&UpdateDate="
"Belgium","NET-Flanders","Flanders","BETN016","42N016 - DESSEL","SPO-BETN016_00001_100","SO2","Sulphur dioxide (air)","P1Y-daysAbove125","1 year day exceed 125","2016","0.000","count","99.45","1","Background","Rural","5.1640","51.2337","30.0","","","","E1a/validated data AQ e-Reporting","18/03/2023 22:23:37","http://fme.discomap.eea.europa.eu/fmedatastreaming/AirQualityDownload/AQData_Extract.fmw?CountryCode=BE&CityName=&Pollutant=1&Year_from=2016&Year_to=2016&Station=STA-BETN016&Samplingpoint=&Source=E1a&Output=HTML&UpdateDate="
"Belgium","NET-Flanders","Flanders","BETN016","42N016 - DESSEL","SPO-BETN016_00005_100","PM10","Particulate matter < 10 µm (aerosol)","P1Y-daysAbove50","1 year day exceed 50","2016","3.000","count","100.00","1","Background","Rural","5.1640","51.2337","30.0","","","","E1a/validated data AQ e-Reporting","18/03/2023 22:27:00","http://fme.discomap.eea.europa.eu/fmedatastreaming/AirQualityDownload/AQData_Extract.fmw?CountryCode=BE&CityName=&Pollutant=5&Year_from=2016&Year_to=2016&Station=STA-BETN016&Samplingpoint=&Source=E1a&Output=HTML&UpdateDate="
"Belgium","NET-Flanders","Flanders","BETM702","44M702 - ERTVELDE","SPO-BETM702_00008_100","NO2","Nitrogen dioxide (air)","P1Y-day-min","1 year day min","2016","2.614","ug/m3","97.27","1","Industrial","Rural","3.7621","51.1660","5.0","","","","E1a/validated data AQ e-Reporting","18/03/2023 21:56:03","http://fme.discomap.eea.europa.eu/fmedatastreaming/AirQualityDownload/AQData_Extract.fmw?CountryCode=BE&CityName=&Pollutant=8&Year_from=2016&Year_to=2016&Station=STA-BETM702&Samplingpoint=&Source=E1a&Output=HTML&UpdateDate="
"Belgium","NET-Flanders","Flanders","BETE811","47E811 - DIEPENBEEK","SPO-BETE811_00001_100","SO2","Sulphur dioxide (air)","P1Y-hr-max25","1 year hour max 25","2016","7.500","ug/m3","45.92","1","Industrial","Rural","5.4182","50.8969","59.0","","","","E1a/validated data AQ e-Reporting","18/03/2023 22:33:20","http://fme.discomap.eea.europa.eu/fmedatastreaming/AirQualityDownload/AQData_Extract.fmw?CountryCode=BE&CityName=&Pollutant=1&Year_from=2016&Year_to=2016&Station=STA-BETE811&Samplingpoint=&Source=E1a&Output=HTML&UpdateDate="
"Belgium","NET-Flanders","Flanders","BETM705","44M705 - ROESELARE","SPO-BETM705_00008_100","NO2","Nitrogen dioxide (air)","P1Y-hr-min","1 year hour min","2016","1.000","ug/m3","96.85","1","Industrial","Suburban","3.1524","50.9454","19.0","","","","E1a/validated data AQ e-Reporting","18/03/2023 22:31:20","http://fme.discomap.eea.europa.eu/fmedatastreaming/AirQualityDownload/AQData_Extract.fmw?CountryCode=BE&CityName=&Pollutant=8&Year_from=2016&Year_to=2016&Station=STA-BETM705&Samplingpoint=&Source=E1a&Output=HTML&UpdateDate="
"Belgium","NET-Wallonia","Wallonia","BETN063","43N063 - CORROY L.G.","SPO-BETN063_00008_100","NO2","Nitrogen dioxide (air)","P1Y-hr-max","1 year hour max","2016","109.500","ug/m3","97.29","1","Background","Rural","4.6683","50.6554","145.0","","","","E1a/validated data AQ e-Reporting","18/03/2023 21:57:02","http://fme.discomap.eea.europa.eu/fmedatastreaming/AirQualityDownload/AQData_Extract.fmw?CountryCode=BE&CityName=&Pollutant=8&Year_from=2016&Year_to=2016&Station=STA-BETN063&Samplingpoint=&Source=E1a&Output=HTML&UpdateDate="
"Belgium","NET-Flanders","Flanders","BETR802","42R802 - BORGERHOUT","SPO-BETR802_00010_100","CO","Carbon monoxide (air)","P1Y-hr-min","1 year hour min","2016","0.030","mg/m3","96.48","1","Traffic","Urban","4.4318","51.2095","6.0","Antwerpen                                                                       ","BE002C1                                           ","530014","E1a/validated data AQ e-Reporting","18/03/2023 22:31:20","http://fme.discomap.eea.europa.eu/fmedatastreaming/AirQualityDownload/AQData_Extract.fmw?CountryCode=BE&CityName=&Pollutant=10&Year_from=2016&Year_to=2016&Station=STA-BETR802&Samplingpoint=&Source=E1a&Output=HTML&UpdateDate="
"Belgium","NET-Flanders","Flanders","BETR802","42R802 - BORGERHOUT","SPO-BETR802_06001_100","PM2.5","Particulate matter < 2.5 µm (aerosol)","P1Y","Annual mean / 1 calendar year","2016","14.553","ug/m3","99.06","1","Traffic","Urban","4.4318","51.2095","6.0","Antwerpen                                                                       ","BE002C1                                           ","530014","E1a/validated data AQ e-Reporting","18/03/2023 21:08:58","http://fme.discomap.eea.europa.eu/fmedatastreaming/AirQualityDownload/AQData_Extract.fmw?CountryCode=BE&CityName=&Pollutant=6001&Year_from=2016&Year_to=2016&Station=STA-BETR802&Samplingpoint=&Source=E1a&Output=HTML&UpdateDate="
"Belgium","NET-Flanders","Flanders","BETR823","42R823 - BEVEREN","SPO-BETR823_00001_100","SO2","Sulphur dioxide (air)","P1Y-day-max4","1 year day max 4","2016","11.813","ug/m3","99.45","1","Background","Suburban","4.2399","51.2133","0.0","","","","E1a/validated data AQ e-Reporting","18/03/2023 22:31:46","http://fme.discomap.eea.europa.eu/fmedatastreaming/AirQualityDownload/AQData_Extract.fmw?CountryCode=BE&CityName=&Pollutant=1&Year_from=2016&Year_to=2016&Station=STA-BETR823&Samplingpoint=&Source=E1a&Output=HTML&UpdateDate="
"Belgium","NET-Flanders","Flanders","BETR803","42R803 - ANTWERPEN","SPO-BETR803_00005_100","PM10","Particulate matter < 10 µm (aerosol)","P1Y-hr-per50","1 year 50 percentile","2016","19.600","ug/m3","97.30","1","Background","Urban","4.4285","51.2286","0.0","Antwerpen                                                                       ","BE002C1                                           ","530014","E1a/validated data AQ e-Reporting","18/03/2023 22:05:49","http://fme.discomap.eea.europa.eu/fmedatastreaming/AirQualityDownload/AQData_Extract.fmw?CountryCode=BE&CityName=&Pollutant=5&Year_from=2016&Year_to=2016&Station=STA-BETR803&Samplingpoint=&Source=E1a&Output=HTML&UpdateDate="
"Belgium","NET-Wallonia","Wallonia","BETN085","43N085 - VIELSALM","SPO-BETN085_00008_100","NO2","Nitrogen dioxide (air)","P1Y","Annual mean / 1 calendar year","2016","6.448","ug/m3","95.73","1","Background","Rural","6.0017","50.3032","490.0","","","","E1a/validated data AQ e-Reporting","18/03/2023 21:08:58","http://fme.discomap.eea.europa.eu/fmedatastreaming/AirQualityDownload/AQData_Extract.fmw?CountryCode=BE&CityName=&Pollutant=8&Year_from=2016&Year_to=2016&Station=STA-BETN085&Samplingpoint=&Source=E1a&Output=HTML&UpdateDate="
"Belgium","NET-Flanders","Flanders","BETE811","47E811 - DIEPENBEEK","SPO-BETE811_00001_100","SO2","Sulphur dioxide (air)","P1Y-hr-max","1 year hour max","2016","27.000","ug/m3","45.92","1","Industrial","Rural","5.4182","50.8969","59.0","","","","E1a/validated data AQ e-Reporting","18/03/2023 21:57:02","http://fme.discomap.eea.europa.eu/fmedatastreaming/AirQualityDownload/AQData_Extract.fmw?CountryCode=BE&CityName=&Pollutant=1&Year_from=2016&Year_to=2016&Station=STA-BETE811&Samplingpoint=&Source=E1a&Output=HTML&UpdateDate="
"Belgium","NET-Flanders","Flanders","BETR020","42R020 - VILVOORDE","SPO-BETR020_00005_100","PM10","Particulate matter < 10 µm (aerosol)","P1Y-day-per50","1 year 50 %ile of daily values in a year","2016","20.329","ug/m3","100.00","1","Background","Suburban","4.4367","50.9414","12.0","","","","E1a/validated data AQ e-Reporting","18/03/2023 22:08:05","http://fme.discomap.eea.europa.eu/fmedatastreaming/AirQualityDownload/AQData_Extract.fmw?CountryCode=BE&CityName=&Pollutant=5&Year_from=2016&Year_to=2016&Station=STA-BETR020&Samplingpoint=&Source=E1a&Output=HTML&UpdateDate="
"Belgium","NET-Flanders","Flanders","BETE812","47E812 - GENK","SPO-BETE812_00008_100","NO2","Nitrogen dioxide (air)","P1Y-hrsAbove200","1 year hour exceed 200","2016","0.000","count","54.46","1","Industrial","Suburban","5.5377","50.9680","82.0","","","","E1a/validated data AQ e-Reporting","18/03/2023 21:48:42","http://fme.discomap.eea.europa.eu/fmedatastreaming/AirQualityDownload/AQData_Extract.fmw?CountryCode=BE&CityName=&Pollutant=8&Year_from=2016&Year_to=2016&Station=STA-BETE812&Samplingpoint=&Source=E1a&Output=HTML&UpdateDate="
"Belgium","NET-Flanders","Flanders","BETE814","47E814 - Ham","SPO-BETE814_00008_100","NO2","Nitrogen dioxide (air)","P1Y-hrsAbove200","1 year hour exceed 200","2016","0.000","count","96.31","1","Industrial","Rural","5.1297","51.0822","0.0","","","","E1a/validated data AQ e-Reporting","18/03/2023 21:48:42","http://fme.discomap.eea.europa.eu/fmedatastreaming/AirQualityDownload/AQData_Extract.fmw?CountryCode=BE&CityName=&Pollutant=8&Year_from=2016&Year_to=2016&Station=STA-BETE814&Samplingpoint=&Source=E1a&Output=HTML&UpdateDate="
"Belgium","NET-Flanders","Flanders","BETN012","44N012 - MOERKERKE","SPO-BETN012_00008_100","NO2","Nitrogen dioxide (air)","P1Y-hr-per50","1 year 50 percentile","2016","11.000","ug/m3","94.24","1","Background","Rural","3.3625","51.2546","3.0","","","","E1a/validated data AQ e-Reporting","18/03/2023 22:05:49","http://fme.discomap.eea.europa.eu/fmedatastreaming/AirQualityDownload/AQData_Extract.fmw?CountryCode=BE&CityName=&Pollutant=8&Year_from=2016&Year_to=2016&Station=STA-BETN012&Samplingpoint=&Source=E1a&Output=HTML&UpdateDate="
"Belgium","NET-Flanders","Flanders","BETM702","44M702 - ERTVELDE","SPO-BETM702_00008_100","NO2","Nitrogen dioxide (air)","P1Y-hr-max-per99.79","1 year 99.79 %ile of hourly values in a given year","2016","74.500","ug/m3","93.52","1","Industrial","Rural","3.7621","51.1660","5.0","","","","E1a/validated data AQ e-Reporting","18/03/2023 22:07:35","http://fme.discomap.eea.europa.eu/fmedatastreaming/AirQualityDownload/AQData_Extract.fmw?CountryCode=BE&CityName=&Pollutant=8&Year_from=2016&Year_to=2016&Station=STA-BETM702&Samplingpoint=&Source=E1a&Output=HTML&UpdateDate="
"Belgium","NET-Wallonia","Wallonia","BETN085","43N085 - VIELSALM","SPO-BETN085_00010_100","CO","Carbon monoxide (air)","P1Y-dx-avg","1 year daymax average","2016","0.191","mg/m3","98.36","1","Background","Rural","6.0017","50.3032","490.0","","","","E1a/validated data AQ e-Reporting","18/03/2023 22:27:48","http://fme.discomap.eea.europa.eu/fmedatastreaming/AirQualityDownload/AQData_Extract.fmw?CountryCode=BE&CityName=&Pollutant=10&Year_from=2016&Year_to=2016&Station=STA-BETN085&Samplingpoint=&Source=E1a&Output=HTML&UpdateDate="
"Belgium","NET-Wallonia","Wallonia","BETN085","43N085 - VIELSALM","SPO-BETN085_04013_100","Hg0","Elemental Gaseous Mercury (air+aerosol)","P1Y-hr-min","1 year hour min","2016","0.450","ng/m3","80.68","1","Background","Rural","6.0017","50.3032","490.0","","","","E1a/validated data AQ e-Reporting","18/03/2023 22:31:20","http://fme.discomap.eea.europa.eu/fmedatastreaming/AirQualityDownload/AQData_Extract.fmw?CountryCode=BE&CityName=&Pollutant=4013&Year_from=2016&Year_to=2016&Station=STA-BETN085&Samplingpoint=&Source=E1a&Output=HTML&UpdateDate="
"Belgium","NET-Flanders","Flanders","BETR811","42R811 - SCHOTEN","SPO-BETR811_00007_100","O3","Ozone (air)","P1Y-hrsAbove240","1 year hour exceed 240","2016","0.000","count","93.39","1","Background","Suburban","4.4914","51.2521","8.0","","","","E1a/validated data AQ e-Reporting","18/03/2023 21:50:25","http://fme.discomap.eea.europa.eu/fmedatastreaming/AirQualityDownload/AQData_Extract.fmw?CountryCode=BE&CityName=&Pollutant=7&Year_from=2016&Year_to=2016&Station=STA-BETR811&Samplingpoint=&Source=E1a&Output=HTML&UpdateDate="
"Belgium","NET-Flanders","Flanders","BETR811","42R811 - SCHOTEN","SPO-BETR811_06001_100","PM2.5","Particulate matter < 2.5 µm (aerosol)","P1Y-hr-per50","1 year 50 percentile","2016","10.000","ug/m3","99.64","1","Background","Suburban","4.4914","51.2521","8.0","","","","E1a/validated data AQ e-Reporting","18/03/2023 22:05:49","http://fme.discomap.eea.europa.eu/fmedatastreaming/AirQualityDownload/AQData_Extract.fmw?CountryCode=BE&CityName=&Pollutant=6001&Year_from=2016&Year_to=2016&Station=STA-BETR811&Samplingpoint=&Source=E1a&Output=HTML&UpdateDate="
"Belgium","NET-Flanders","Flanders","BETR815","42R815 - ZWIJNDRECHT","SPO-BETR815_00391_100","Black Carbon","black_carbon (aerosol)","P1Y-hr-per50","1 year 50 percentile","2016","0.940","ug/m3","98.88","1","Industrial","Suburban","4.3322","51.2147","7.0","","","","E1a/validated data AQ e-Reporting","18/03/2023 22:05:49","http://fme.discomap.eea.europa.eu/fmedatastreaming/AirQualityDownload/AQData_Extract.fmw?CountryCode=BE&CityName=&Pollutant=391&Year_from=2016&Year_to=2016&Station=STA-BETR815&Samplingpoint=&Source=E1a&Output=HTML&UpdateDate="
"Belgium","NET-Flanders","Flanders","BETR750","44R750 - ZELZATE","SPO-BETR750_00005_100","PM10","Particulate matter < 10 µm (aerosol)","P1Y-day-per50","1 year 50 %ile of daily values in a year","2016","21.121","ug/m3","98.36","1","Industrial","Rural","3.8229","51.1961","6.0","","","","E1a/validated data AQ e-Reporting","18/03/2023 22:08:05","http://fme.discomap.eea.europa.eu/fmedatastreaming/AirQualityDownload/AQData_Extract.fmw?CountryCode=BE&CityName=&Pollutant=5&Year_from=2016&Year_to=2016&Station=STA-BETR750&Samplingpoint=&Source=E1a&Output=HTML&UpdateDate="
"Belgium","NET-Flanders","Flanders","BETN016","42N016 - DESSEL","SPO-BETN016_00007_100","O3","Ozone (air)","P1Y-hr-min","1 year hour min","2016","1.000","ug/m3","93.83","1","Background","Rural","5.1640","51.2337","30.0","","","","E1a/validated data AQ e-Reporting","18/03/2023 22:31:20","http://fme.discomap.eea.europa.eu/fmedatastreaming/AirQualityDownload/AQData_Extract.fmw?CountryCode=BE&CityName=&Pollutant=7&Year_from=2016&Year_to=2016&Station=STA-BETN016&Samplingpoint=&Source=E1a&Output=HTML&UpdateDate="
"Belgium","NET-Flanders","Flanders","BESR801","59R801 - ANTWERPEN","SPO-BESR801_00461_100","1,2-dichloroethane (air)","1,2-dichloroethane (air)","P1Y","Annual mean / 1 calendar year","2016","0.000","ug/m3","68.85","1","Background","Suburban","4.4318","51.2097","0.0","Antwerpen                                                                       ","BE002C1                                           ","530014","E1a/validated data AQ e-Reporting","18/03/2023 21:08:58","http://fme.discomap.eea.europa.eu/fmedatastreaming/AirQualityDownload/AQData_Extract.fmw?CountryCode=BE&CityName=&Pollutant=461&Year_from=2016&Year_to=2016&Station=STA-BESR801&Samplingpoint=&Source=E1a&Output=HTML&UpdateDate="
"Belgium","NET-Flanders","Flanders","BETN029","44N029 - HOUTEM","SPO-BETN029_00391_100","Black Carbon","black_carbon (aerosol)","P1Y-hr-min","1 year hour min","2016","0.015","ug/m3","99.37","1","Background","Rural","2.5823","51.0163","2.0","","","","E1a/validated data AQ e-Reporting","18/03/2023 22:31:20","http://fme.discomap.eea.europa.eu/fmedatastreaming/AirQualityDownload/AQData_Extract.fmw?CountryCode=BE&CityName=&Pollutant=391&Year_from=2016&Year_to=2016&Station=STA-BETN029&Samplingpoint=&Source=E1a&Output=HTML&UpdateDate="
"Belgium","NET-Flanders","Flanders","BETN016","42N016 - DESSEL","SPO-BETN016_00001_100","SO2","Sulphur dioxide (air)","P1Y-day-max-per99.18","1 year 99.18 percentile of daily maximum","2016","6.188","ug/m3","99.45","1","Background","Rural","5.1640","51.2337","30.0","","","","E1a/validated data AQ e-Reporting","18/03/2023 22:12:16","http://fme.discomap.eea.europa.eu/fmedatastreaming/AirQualityDownload/AQData_Extract.fmw?CountryCode=BE&CityName=&Pollutant=1&Year_from=2016&Year_to=2016&Station=STA-BETN016&Samplingpoint=&Source=E1a&Output=HTML&UpdateDate="
"Belgium","NET-Flanders","Flanders","BETR801","42R801 - BORGERHOUT","SPO-BETR801_00001_100","SO2","Sulphur dioxide (air)","P1Y-hr-min","1 year hour min","2016","1.000","ug/m3","97.19","1","Background","Urban","4.4318","51.2097","6.0","Antwerpen                                                                       ","BE002C1                                           ","530014","E1a/validated data AQ e-Reporting","18/03/2023 22:31:20","http://fme.discomap.eea.europa.eu/fmedatastreaming/AirQualityDownload/AQData_Extract.fmw?CountryCode=BE&CityName=&Pollutant=1&Year_from=2016&Year_to=2016&Station=STA-BETR801&Samplingpoint=&Source=E1a&Output=HTML&UpdateDate="
"Belgium","NET-Flanders","Flanders","BETR710","44R710 - DESTELBERGE","SPO-BETR710_00007_100","O3","Ozone (air)","P1Y-dx-max","1 year day max max","2016","139.313","ug/m3","89.89","1","Background","Suburban","3.7753","51.0613","6.0","","","","E1a/validated data AQ e-Reporting","18/03/2023 21:44:39","http://fme.discomap.eea.europa.eu/fmedatastreaming/AirQualityDownload/AQData_Extract.fmw?CountryCode=BE&CityName=&Pollutant=7&Year_from=2016&Year_to=2016&Station=STA-BETR710&Samplingpoint=&Source=E1a&Output=HTML&UpdateDate="
"Belgium","NET-Wallonia","Wallonia","BETN060","43N060 - HAVINNES","SPO-BETN060_00001_100","SO2","Sulphur dioxide (air)","P1Y-hr-max","1 year hour max","2016","8.500","ug/m3","95.67","1","Background","Rural","3.4576","50.6167","0.0","","","","E1a/validated data AQ e-Reporting","18/03/2023 21:57:02","http://fme.discomap.eea.europa.eu/fmedatastreaming/AirQualityDownload/AQData_Extract.fmw?CountryCode=BE&CityName=&Pollutant=1&Year_from=2016&Year_to=2016&Station=STA-BETN060&Samplingpoint=&Source=E1a&Output=HTML&UpdateDate="
"Belgium","NET-Wallonia","Wallonia","BETN070","43N070 - MONS","SPO-BETN070_06001_100","PM2.5","Particulate matter < 2.5 µm (aerosol)","P3Y","3 subsequent calendar years mean","2016","11.869","ug/m3","99.02","1","Background","Suburban","3.9397","50.4652","30.0","Mons                                                                            ","BE009C1                                           ","95922","E1a/validated data AQ e-Reporting","18/03/2023 21:36:00","http://fme.discomap.eea.europa.eu/fmedatastreaming/AirQualityDownload/AQData_Extract.fmw?CountryCode=BE&CityName=&Pollutant=6001&Year_from=2016&Year_to=2016&Station=STA-BETN070&Samplingpoint=&Source=E1a&Output=HTML&UpdateDate="
"Belgium","NET-Wallonia","Wallonia","BETN100","43N100 - DOURBES","SPO-BETN100_00001_100","SO2","Sulphur dioxide (air)","P1Y-hr-max25","1 year hour max 25","2016","2.500","ug/m3","96.25","1","Background","Rural","4.5948","50.0957","225.0","","","","E1a/validated data AQ e-Reporting","18/03/2023 22:33:20","http://fme.discomap.eea.europa.eu/fmedatastreaming/AirQualityDownload/AQData_Extract.fmw?CountryCode=BE&CityName=&Pollutant=1&Year_from=2016&Year_to=2016&Station=STA-BETN100&Samplingpoint=&Source=E1a&Output=HTML&UpdateDate="
"Belgium","NET-Flanders","Flanders","BETR892","42R892 - KALLO","SPO-BETR892_00008_100","NO2","Nitrogen dioxide (air)","P1Y-P1D-per99","1 year 99 percentile of daily means (P1D) or .../aq/primaryObservation/day","2016","66.696","ug/m3","98.63","1","Industrial","Rural","4.2789","51.2630","9.0","","","","E1a/validated data AQ e-Reporting","18/03/2023 22:10:34","http://fme.discomap.eea.europa.eu/fmedatastreaming/AirQualityDownload/AQData_Extract.fmw?CountryCode=BE&CityName=&Pollutant=8&Year_from=2016&Year_to=2016&Station=STA-BETR892&Samplingpoint=&Source=E1a&Output=HTML&UpdateDate="
"Belgium","NET-Wallonia","Wallonia","BETN070","43N070 - MONS","SPO-BETN070_00001_100","SO2","Sulphur dioxide (air)","P1Y-hr-per50","1 year 50 percentile","2016","1.000","ug/m3","97.36","1","Background","Suburban","3.9397","50.4652","30.0","Mons                                                                            ","BE009C1                                           ","95922","E1a/validated data AQ e-Reporting","18/03/2023 22:05:49","http://fme.discomap.eea.europa.eu/fmedatastreaming/AirQualityDownload/AQData_Extract.fmw?CountryCode=BE&CityName=&Pollutant=1&Year_from=2016&Year_to=2016&Station=STA-BETN070&Samplingpoint=&Source=E1a&Output=HTML&UpdateDate="
"Belgium","NET-Flanders","Flanders","BETR841","42R841 - MECHELEN","SPO-BETR841_06001_100","PM2.5","Particulate matter < 2.5 µm (aerosol)","P3Y","3 subsequent calendar years mean","2016","14.091","ug/m3","67.75","1","Background","Suburban","4.4693","51.0025","8.0","Mechelen                                                                        ","BE012C1                                           ","86911","E1a/validated data AQ e-Reporting","18/03/2023 21:36:00","http://fme.discomap.eea.europa.eu/fmedatastreaming/AirQualityDownload/AQData_Extract.fmw?CountryCode=BE&CityName=&Pollutant=6001&Year_from=2016&Year_to=2016&Station=STA-BETR841&Samplingpoint=&Source=E1a&Output=HTML&UpdateDate="
"Belgium","NET-Flanders","Flanders","BETN016","42N016 - DESSEL","SPO-BETN016_00008_100","NO2","Nitrogen dioxide (air)","P1Y-hrsAbove200","1 year hour exceed 200","2016","0.000","count","97.20","1","Background","Rural","5.1640","51.2337","30.0","","","","E1a/validated data AQ e-Reporting","18/03/2023 21:48:42","http://fme.discomap.eea.europa.eu/fmedatastreaming/AirQualityDownload/AQData_Extract.fmw?CountryCode=BE&CityName=&Pollutant=8&Year_from=2016&Year_to=2016&Station=STA-BETN016&Samplingpoint=&Source=E1a&Output=HTML&UpdateDate="
"Belgium","NET-Flanders","Flanders","BETN051","44N051 - IDEGEM","SPO-BETN051_00008_100","NO2","Nitrogen dioxide (air)","P1Y-hrsAbove400","1 year hour exceed 400","2016","0.000","count","94.59","1","Background","Rural","3.9303","50.7989","15.0","","","","E1a/validated data AQ e-Reporting","18/03/2023 21:54:38","http://fme.discomap.eea.europa.eu/fmedatastreaming/AirQualityDownload/AQData_Extract.fmw?CountryCode=BE&CityName=&Pollutant=8&Year_from=2016&Year_to=2016&Station=STA-BETN051&Samplingpoint=&Source=E1a&Output=HTML&UpdateDate="
"Belgium","NET-Flanders","Flanders","BETR020","42R020 - VILVOORDE","SPO-BETR020_00005_100","PM10","Particulate matter < 10 µm (aerosol)","P1Y-day-max36","1 year day max 36","2016","37.829","ug/m3","100.00","1","Background","Suburban","4.4367","50.9414","12.0","","","","E1a/validated data AQ e-Reporting","18/03/2023 22:32:47","http://fme.discomap.eea.europa.eu/fmedatastreaming/AirQualityDownload/AQData_Extract.fmw?CountryCode=BE&CityName=&Pollutant=5&Year_from=2016&Year_to=2016&Station=STA-BETR020&Samplingpoint=&Source=E1a&Output=HTML&UpdateDate="
"Belgium","NET-Flanders","Flanders","BETM705","44M705 - ROESELARE","SPO-BETM705_00007_100","O3","Ozone (air)","P1Y-hr-per50","1 year 50 percentile","2016","44.000","ug/m3","92.11","1","Industrial","Suburban","3.1524","50.9454","19.0","","","","E1a/validated data AQ e-Reporting","18/03/2023 22:05:49","http://fme.discomap.eea.europa.eu/fmedatastreaming/AirQualityDownload/AQData_Extract.fmw?CountryCode=BE&CityName=&Pollutant=7&Year_from=2016&Year_to=2016&Station=STA-BETM705&Samplingpoint=&Source=E1a&Output=HTML&UpdateDate="
"Belgium","NET-Flanders","Flanders","BETR830","42R830 - DOEL","SPO-BETR830_00008_100","NO2","Nitrogen dioxide (air)","P1Y-hr-per50","1 year 50 percentile","2016","20.500","ug/m3","96.77","1","Industrial","Rural","4.2626","51.3182","5.0","","","","E1a/validated data AQ e-Reporting","18/03/2023 22:05:49","http://fme.discomap.eea.europa.eu/fmedatastreaming/AirQualityDownload/AQData_Extract.fmw?CountryCode=BE&CityName=&Pollutant=8&Year_from=2016&Year_to=2016&Station=STA-BETR830&Samplingpoint=&Source=E1a&Output=HTML&UpdateDate="
"Belgium","NET-Flanders","Flanders","BETR830","42R830 - DOEL","SPO-BETR830_00008_100","NO2","Nitrogen dioxide (air)","P1Y-P1D-per99","1 year 99 percentile of daily means (P1D) or .../aq/primaryObservation/day","2016","69.196","ug/m3","98.91","1","Industrial","Rural","4.2626","51.3182","5.0","","","","E1a/validated data AQ e-Reporting","18/03/2023 22:10:34","http://fme.discomap.eea.europa.eu/fmedatastreaming/AirQualityDownload/AQData_Extract.fmw?CountryCode=BE&CityName=&Pollutant=8&Year_from=2016&Year_to=2016&Station=STA-BETR830&Samplingpoint=&Source=E1a&Output=HTML&UpdateDate="
"Belgium","NET-Wallonia","Wallonia","BETR512","45R512 - MARCHIENNE","SPO-BETR512_00001_100","SO2","Sulphur dioxide (air)","P1Y-hr-max","1 year hour max","2016","17.000","ug/m3","89.95","1","Industrial","Suburban","4.3959","50.4078","107.0","Charleroi                                                                       ","BE004C1                                           ","203314","E1a/validated data AQ e-Reporting","18/03/2023 21:57:02","http://fme.discomap.eea.europa.eu/fmedatastreaming/AirQualityDownload/AQData_Extract.fmw?CountryCode=BE&CityName=&Pollutant=1&Year_from=2016&Year_to=2016&Station=STA-BETR512&Samplingpoint=&Source=E1a&Output=HTML&UpdateDate="
"Belgium","NET-Wallonia","Wallonia","BETN063","43N063 - CORROY L.G.","SPO-BETN063_00001_100","SO2","Sulphur dioxide (air)","winter-avg","Winter mean","2016","0.551","ug/m3","97.56","1","Background","Rural","4.6683","50.6554","145.0","","","","E1a/validated data AQ e-Reporting","18/03/2023 22:50:43","http://fme.discomap.eea.europa.eu/fmedatastreaming/AirQualityDownload/AQData_Extract.fmw?CountryCode=BE&CityName=&Pollutant=1&Year_from=2016&Year_to=2016&Station=STA-BETN063&Samplingpoint=&Source=E1a&Output=HTML&UpdateDate="
"Belgium","NET-Wallonia","Wallonia","BETN132","43N132 - HABAY-LA-N.","SPO-BETN132_06001_100","PM2.5","Particulate matter < 2.5 µm (aerosol)","P1Y-day-max","1 year day max","2016","32.751","ug/m3","99.45","1","Background","Rural","5.6304","49.7193","375.0","","","","E1a/validated data AQ e-Reporting","18/03/2023 21:43:22","http://fme.discomap.eea.europa.eu/fmedatastreaming/AirQualityDownload/AQData_Extract.fmw?CountryCode=BE&CityName=&Pollutant=6001&Year_from=2016&Year_to=2016&Station=STA-BETN132&Samplingpoint=&Source=E1a&Output=HTML&UpdateDate="
"Belgium","NET-Wallonia","Wallonia","BETN073","43N073 - VEZIN","SPO-BETN073_00007_100","O3","Ozone (air)","P1Y-hr-per50","1 year 50 percentile","2016","41.500","ug/m3","96.08","1","Background","Rural","4.9884","50.5027","160.0","","","","E1a/validated data AQ e-Reporting","18/03/2023 22:05:49","http://fme.discomap.eea.europa.eu/fmedatastreaming/AirQualityDownload/AQData_Extract.fmw?CountryCode=BE&CityName=&Pollutant=7&Year_from=2016&Year_to=2016&Station=STA-BETN073&Samplingpoint=&Source=E1a&Output=HTML&UpdateDate="
"Belgium","NET-Wallonia","Wallonia","BETR222","43R222 - SERAING","SPO-BETR222_00010_100","CO","Carbon monoxide (air)","P1Y","Annual mean / 1 calendar year","2016","0.242","mg/m3","90.72","1","Background","Suburban","5.5702","50.6134","65.0","Liège                                                                           ","BE005C1                                           ","383700","E1a/validated data AQ e-Reporting","18/03/2023 21:08:58","http://fme.discomap.eea.europa.eu/fmedatastreaming/AirQualityDownload/AQData_Extract.fmw?CountryCode=BE&CityName=&Pollutant=10&Year_from=2016&Year_to=2016&Station=STA-BETR222&Samplingpoint=&Source=E1a&Output=HTML&UpdateDate="
"Belgium","NET-Wallonia","Wallonia","BETR221","43R221 - LIEGE","SPO-BETR221_00007_100","O3","Ozone (air)","P1Y-hr-max","1 year hour max","2016","203.000","ug/m3","95.81","1","Background","Urban","5.6278","50.6584","65.0","Liège                                                                           ","BE005C1                                           ","383700","E1a/validated data AQ e-Reporting","18/03/2023 21:57:02","http://fme.discomap.eea.europa.eu/fmedatastreaming/AirQualityDownload/AQData_Extract.fmw?CountryCode=BE&CityName=&Pollutant=7&Year_from=2016&Year_to=2016&Station=STA-BETR221&Samplingpoint=&Source=E1a&Output=HTML&UpdateDate="
"Belgium","NET-Flanders","Flanders","BETE715","47E715 - ZUIENKERKE","SPO-BETE715_00008_100","NO2","Nitrogen dioxide (air)","P1Y-day-per50","1 year 50 %ile of daily values in a year","2016","13.354","ug/m3","98.63","1","Industrial","Rural","3.1750","51.2459","4.0","","","","E1a/validated data AQ e-Reporting","18/03/2023 22:14:21","http://fme.discomap.eea.europa.eu/fmedatastreaming/AirQualityDownload/AQData_Extract.fmw?CountryCode=BE&CityName=&Pollutant=8&Year_from=2016&Year_to=2016&Station=STA-BETE715&Samplingpoint=&Source=E1a&Output=HTML&UpdateDate="
"Belgium","NET-Flanders","Flanders","BETE811","47E811 - DIEPENBEEK","SPO-BETE811_00008_100","NO2","Nitrogen dioxide (air)","P1Y","Annual mean / 1 calendar year","2016","19.449","ug/m3","54.51","1","Industrial","Rural","5.4182","50.8969","59.0","","","","E1a/validated data AQ e-Reporting","18/03/2023 21:08:58","http://fme.discomap.eea.europa.eu/fmedatastreaming/AirQualityDownload/AQData_Extract.fmw?CountryCode=BE&CityName=&Pollutant=8&Year_from=2016&Year_to=2016&Station=STA-BETE811&Samplingpoint=&Source=E1a&Output=HTML&UpdateDate="
"Belgium","NET-Flanders","Flanders","BETE811","47E811 - DIEPENBEEK","SPO-BETE811_00008_100","NO2","Nitrogen dioxide (air)","P1Y-hr-max","1 year hour max","2016","130.000","ug/m3","54.51","1","Industrial","Rural","5.4182","50.8969","59.0","","","","E1a/validated data AQ e-Reporting","18/03/2023 21:57:02","http://fme.discomap.eea.europa.eu/fmedatastreaming/AirQualityDownload/AQData_Extract.fmw?CountryCode=BE&CityName=&Pollutant=8&Year_from=2016&Year_to=2016&Station=STA-BETE811&Samplingpoint=&Source=E1a&Output=HTML&UpdateDate="
"Belgium","NET-Flanders","Flanders","BETR831","42R831 - BERENDRECHT","SPO-BETR831_00007_100","O3","Ozone (air)","P1Y-dx-max26","1 year daymax max 26","2016","99.063","ug/m3","95.36","1","Industrial","Rural","4.3397","51.3488","3.0","Antwerpen                                                                       ","BE002C1                                           ","530014","E1a/validated data AQ e-Reporting","18/03/2023 22:32:17","http://fme.discomap.eea.europa.eu/fmedatastreaming/AirQualityDownload/AQData_Extract.fmw?CountryCode=BE&CityName=&Pollutant=7&Year_from=2016&Year_to=2016&Station=STA-BETR831&Samplingpoint=&Source=E1a&Output=HTML&UpdateDate="
"Belgium","NET-Flanders","Flanders","BESR801","59R801 - ANTWERPEN","SPO-BESR801_00020_100","C6H6","Benzene (air)","P1Y-day-per50","1 year 50 %ile of daily values in a year","2016","0.960","ug/m3","87.98","1","Background","Suburban","4.4318","51.2097","0.0","Antwerpen                                                                       ","BE002C1                                           ","530014","E1a/validated data AQ e-Reporting","18/03/2023 22:13:51","http://fme.discomap.eea.europa.eu/fmedatastreaming/AirQualityDownload/AQData_Extract.fmw?CountryCode=BE&CityName=&Pollutant=20&Year_from=2016&Year_to=2016&Station=STA-BESR801&Samplingpoint=&Source=E1a&Output=HTML&UpdateDate="
"Belgium","NET-Flanders","Flanders","BESR893","59N893 - ANTWERPEN","SPO-BESR893_00486_100","H3C-(CH2)3-CH3","n-Pentane (air)","P1Y","Annual mean / 1 calendar year","2016","0.001","ug/m3","87.98","1","Background","Suburban","3.8084","51.2032","0.0","","","","E1a/validated data AQ e-Reporting","18/03/2023 21:08:58","http://fme.discomap.eea.europa.eu/fmedatastreaming/AirQualityDownload/AQData_Extract.fmw?CountryCode=BE&CityName=&Pollutant=486&Year_from=2016&Year_to=2016&Station=STA-BESR893&Samplingpoint=&Source=E1a&Output=HTML&UpdateDate="
"Belgium","NET-Wallonia","Wallonia","BETN063","43N063 - CORROY L.G.","SPO-BETN063_00001_100","SO2","Sulphur dioxide (air)","P1Y-3hAbove500","3 consecutive hours in exceedance of 500","2016","0.000","count","92.54","1","Background","Rural","4.6683","50.6554","145.0","","","","E1a/validated data AQ e-Reporting","18/03/2023 22:18:09","http://fme.discomap.eea.europa.eu/fmedatastreaming/AirQualityDownload/AQData_Extract.fmw?CountryCode=BE&CityName=&Pollutant=1&Year_from=2016&Year_to=2016&Station=STA-BETN063&Samplingpoint=&Source=E1a&Output=HTML&UpdateDate="
"Belgium","NET-Wallonia","Wallonia","BETN132","43N132 - HABAY-LA-N.","SPO-BETN132_06001_100","PM2.5","Particulate matter < 2.5 µm (aerosol)","P3Y","3 subsequent calendar years mean","2016","8.302","ug/m3","99.48","1","Background","Rural","5.6304","49.7193","375.0","","","","E1a/validated data AQ e-Reporting","18/03/2023 21:36:00","http://fme.discomap.eea.europa.eu/fmedatastreaming/AirQualityDownload/AQData_Extract.fmw?CountryCode=BE&CityName=&Pollutant=6001&Year_from=2016&Year_to=2016&Station=STA-BETN132&Samplingpoint=&Source=E1a&Output=HTML&UpdateDate="
"Belgium","NET-Wallonia","Wallonia","BETN070","43N070 - MONS","SPO-BETN070_00008_100","NO2","Nitrogen dioxide (air)","P1Y-day-min","1 year day min","2016","7.630","ug/m3","100.00","1","Background","Suburban","3.9397","50.4652","30.0","Mons                                                                            ","BE009C1                                           ","95922","E1a/validated data AQ e-Reporting","18/03/2023 21:56:03","http://fme.discomap.eea.europa.eu/fmedatastreaming/AirQualityDownload/AQData_Extract.fmw?CountryCode=BE&CityName=&Pollutant=8&Year_from=2016&Year_to=2016&Station=STA-BETN070&Samplingpoint=&Source=E1a&Output=HTML&UpdateDate="
"Belgium","NET-Wallonia","Wallonia","BETN121","43N121 - OFFAGNE","SPO-BETN121_06001_100","PM2.5","Particulate matter < 2.5 µm (aerosol)","P1Y-hr-min","1 year hour min","2016","0.000","ug/m3","98.50","1","Background","Rural","5.2024","49.8771","430.0","","","","E1a/validated data AQ e-Reporting","18/03/2023 22:31:20","http://fme.discomap.eea.europa.eu/fmedatastreaming/AirQualityDownload/AQData_Extract.fmw?CountryCode=BE&CityName=&Pollutant=6001&Year_from=2016&Year_to=2016&Station=STA-BETN121&Samplingpoint=&Source=E1a&Output=HTML&UpdateDate="
"Belgium","NET-Wallonia","Wallonia","BETN070","43N070 - MONS","SPO-BETN070_00008_100","NO2","Nitrogen dioxide (air)","P1Y-hr-per50","1 year 50 percentile","2016","23.000","ug/m3","97.34","1","Background","Suburban","3.9397","50.4652","30.0","Mons                                                                            ","BE009C1                                           ","95922","E1a/validated data AQ e-Reporting","18/03/2023 22:05:49","http://fme.discomap.eea.europa.eu/fmedatastreaming/AirQualityDownload/AQData_Extract.fmw?CountryCode=BE&CityName=&Pollutant=8&Year_from=2016&Year_to=2016&Station=STA-BETN070&Samplingpoint=&Source=E1a&Output=HTML&UpdateDate="
"Belgium","NET-Flanders","Flanders","BETR701","44R701 - GENT","SPO-BETR701_00010_100","CO","Carbon monoxide (air)","P1Y-hr-min","1 year hour min","2016","0.045","mg/m3","97.43","1","Background","Urban","3.7293","51.0583","5.0","Gent                                                                            ","BE003C1                                           ","263687","E1a/validated data AQ e-Reporting","18/03/2023 22:31:20","http://fme.discomap.eea.europa.eu/fmedatastreaming/AirQualityDownload/AQData_Extract.fmw?CountryCode=BE&CityName=&Pollutant=10&Year_from=2016&Year_to=2016&Station=STA-BETR701&Samplingpoint=&Source=E1a&Output=HTML&UpdateDate="
"Belgium","NET-Wallonia","Wallonia","BETR223","43R223 - JEMEPPE","SPO-BETR223_06001_100","PM2.5","Particulate matter < 2.5 µm (aerosol)","P1Y","Annual mean / 1 calendar year","2016","12.551","ug/m3","99.53","1","Industrial","Suburban","5.5164","50.6207","50.0","Liège                                                                           ","BE005C1                                           ","383700","E1a/validated data AQ e-Reporting","18/03/2023 21:08:58","http://fme.discomap.eea.europa.eu/fmedatastreaming/AirQualityDownload/AQData_Extract.fmw?CountryCode=BE&CityName=&Pollutant=6001&Year_from=2016&Year_to=2016&Station=STA-BETR223&Samplingpoint=&Source=E1a&Output=HTML&UpdateDate="
"Belgium","NET-Wallonia","Wallonia","BETR223","43R223 - JEMEPPE","SPO-BETR223_06001_100","PM2.5","Particulate matter < 2.5 µm (aerosol)","P3Y","3 subsequent calendar years mean","2016","12.251","ug/m3","95.03","1","Industrial","Suburban","5.5164","50.6207","50.0","Liège                                                                           ","BE005C1                                           ","383700","E1a/validated data AQ e-Reporting","18/03/2023 21:36:00","http://fme.discomap.eea.europa.eu/fmedatastreaming/AirQualityDownload/AQData_Extract.fmw?CountryCode=BE&CityName=&Pollutant=6001&Year_from=2016&Year_to=2016&Station=STA-BETR223&Samplingpoint=&Source=E1a&Output=HTML&UpdateDate="
"Belgium","NET-Wallonia","Wallonia","BETR510","45R510 - CHATELINEAU","SPO-BETR510_00001_100","SO2","Sulphur dioxide (air)","P1Y-3hAbove500","3 consecutive hours in exceedance of 500","2016","0.000","count","97.05","1","Background","Suburban","4.5211","50.4164","118.0","Charleroi                                                                       ","BE004C1                                           ","203314","E1a/validated data AQ e-Reporting","18/03/2023 22:18:09","http://fme.discomap.eea.europa.eu/fmedatastreaming/AirQualityDownload/AQData_Extract.fmw?CountryCode=BE&CityName=&Pollutant=1&Year_from=2016&Year_to=2016&Station=STA-BETR510&Samplingpoint=&Source=E1a&Output=HTML&UpdateDate="
"Belgium","NET-Wallonia","Wallonia","BETN060","43N060 - HAVINNES","SPO-BETN060_00008_100","NO2","Nitrogen dioxide (air)","P1Y-day-min","1 year day min","2016","2.354","ug/m3","100.00","1","Background","Rural","3.4576","50.6167","0.0","","","","E1a/validated data AQ e-Reporting","18/03/2023 21:56:03","http://fme.discomap.eea.europa.eu/fmedatastreaming/AirQualityDownload/AQData_Extract.fmw?CountryCode=BE&CityName=&Pollutant=8&Year_from=2016&Year_to=2016&Station=STA-BETN060&Samplingpoint=&Source=E1a&Output=HTML&UpdateDate="
"Belgium","NET-Wallonia","Wallonia","BETN073","43N073 - VEZIN","SPO-BETN073_00007_100","O3","Ozone (air)","P1Y-dmax-per99","1 year 99 percentile daily 8h maximum","2016","127.000","ug/m3","97.81","1","Background","Rural","4.9884","50.5027","160.0","","","","E1a/validated data AQ e-Reporting","18/03/2023 22:13:26","http://fme.discomap.eea.europa.eu/fmedatastreaming/AirQualityDownload/AQData_Extract.fmw?CountryCode=BE&CityName=&Pollutant=7&Year_from=2016&Year_to=2016&Station=STA-BETN073&Samplingpoint=&Source=E1a&Output=HTML&UpdateDate="
"Belgium","NET-Wallonia","Wallonia","BETN073","43N073 - VEZIN","SPO-BETN073_00007_100","O3","Ozone (air)","SOMO10","Sum of Ozone Means Over 10 ppb","2016","15464.306","ug/m3","97.81","1","Background","Rural","4.9884","50.5027","160.0","","","","E1a/validated data AQ e-Reporting","18/03/2023 22:59:50","http://fme.discomap.eea.europa.eu/fmedatastreaming/AirQualityDownload/AQData_Extract.fmw?CountryCode=BE&CityName=&Pollutant=7&Year_from=2016&Year_to=2016&Station=STA-BETN073&Samplingpoint=&Source=E1a&Output=HTML&UpdateDate="
"Belgium","NET-Wallonia","Wallonia","BEVN113","50N113 - SAINT-ODE","SPO-BEVN113_00316_100","(CH3)2-CH-CH2-CH2-CH3","i-Hexane (2-methylpentane) (air)","P1Y","Annual mean / 1 calendar year","2016","0.000","ug/m3","42.90","1","Background","Rural","5.5930","50.0270","510.0","","","","E1a/validated data AQ e-Reporting","18/03/2023 21:08:58","http://fme.discomap.eea.europa.eu/fmedatastreaming/AirQualityDownload/AQData_Extract.fmw?CountryCode=BE&CityName=&Pollutant=316&Year_from=2016&Year_to=2016&Station=STA-BEVN113&Samplingpoint=&Source=E1a&Output=HTML&UpdateDate="
"Belgium","NET-Wallonia","Wallonia","BEVN113","50N113 - SAINT-ODE","SPO-BEVN113_00464_100","m,p-C6H4(CH3)2","m,p-Xylene (air)","P1Y","Annual mean / 1 calendar year","2016","0.000","ug/m3","42.62","1","Background","Rural","5.5930","50.0270","510.0","","","","E1a/validated data AQ e-Reporting","18/03/2023 21:08:58","http://fme.discomap.eea.europa.eu/fmedatastreaming/AirQualityDownload/AQData_Extract.fmw?CountryCode=BE&CityName=&Pollutant=464&Year_from=2016&Year_to=2016&Station=STA-BEVN113&Samplingpoint=&Source=E1a&Output=HTML&UpdateDate="
"Belgium","NET-Wallonia","Wallonia","BETN093","43N093 - SINSIN","SPO-BETN093_00008_100","NO2","Nitrogen dioxide (air)","P1Y-day-per50","1 year 50 %ile of daily values in a year","2016","8.354","ug/m3","96.99","1","Background","Rural","5.2352","50.2745","265.0","","","","E1a/validated data AQ e-Reporting","18/03/2023 22:14:21","http://fme.discomap.eea.europa.eu/fmedatastreaming/AirQualityDownload/AQData_Extract.fmw?CountryCode=BE&CityName=&Pollutant=8&Year_from=2016&Year_to=2016&Station=STA-BETN093&Samplingpoint=&Source=E1a&Output=HTML&UpdateDate="
"Belgium","NET-Wallonia","Wallonia","BETH201","43H201 - LIEGE","SPO-BETH201_00001_100","SO2","Sulphur dioxide (air)","P1Y-hrsAbove350","1 year hour exceed 350","2016","0.000","count","96.81","1","Background","Suburban","5.5475","50.6250","160.0","Liège                                                                           ","BE005C1                                           ","383700","E1a/validated data AQ e-Reporting","18/03/2023 21:52:12","http://fme.discomap.eea.europa.eu/fmedatastreaming/AirQualityDownload/AQData_Extract.fmw?CountryCode=BE&CityName=&Pollutant=1&Year_from=2016&Year_to=2016&Station=STA-BETH201&Samplingpoint=&Source=E1a&Output=HTML&UpdateDate="
"Belgium","NET-Wallonia","Wallonia","BETH201","43H201 - LIEGE","SPO-BETH201_00001_100","SO2","Sulphur dioxide (air)","winter-avg","Winter mean","2016","0.646","ug/m3","96.90","1","Background","Suburban","5.5475","50.6250","160.0","Liège                                                                           ","BE005C1                                           ","383700","E1a/validated data AQ e-Reporting","18/03/2023 22:50:43","http://fme.discomap.eea.europa.eu/fmedatastreaming/AirQualityDownload/AQData_Extract.fmw?CountryCode=BE&CityName=&Pollutant=1&Year_from=2016&Year_to=2016&Station=STA-BETH201&Samplingpoint=&Source=E1a&Output=HTML&UpdateDate="
"Belgium","NET-Wallonia","Wallonia","BETN066","43N066 - EUPEN","SPO-BETN066_00001_100","SO2","Sulphur dioxide (air)","P1Y-hr-min","1 year hour min","2016","0.000","ug/m3","95.99","1","Background","Rural","6.0023","50.6289","295.0","","","","E1a/validated data AQ e-Reporting","18/03/2023 22:31:20","http://fme.discomap.eea.europa.eu/fmedatastreaming/AirQualityDownload/AQData_Extract.fmw?CountryCode=BE&CityName=&Pollutant=1&Year_from=2016&Year_to=2016&Station=STA-BETN066&Samplingpoint=&Source=E1a&Output=HTML&UpdateDate="
"Belgium","NET-Wallonia","Wallonia","BETN121","43N121 - OFFAGNE","SPO-BETN121_00008_100","NO2","Nitrogen dioxide (air)","P1Y-P1D-per99","1 year 99 percentile of daily means (P1D) or .../aq/primaryObservation/day","2016","26.000","ug/m3","98.91","1","Background","Rural","5.2024","49.8771","430.0","","","","E1a/validated data AQ e-Reporting","18/03/2023 22:10:34","http://fme.discomap.eea.europa.eu/fmedatastreaming/AirQualityDownload/AQData_Extract.fmw?CountryCode=BE&CityName=&Pollutant=8&Year_from=2016&Year_to=2016&Station=STA-BETN121&Samplingpoint=&Source=E1a&Output=HTML&UpdateDate="
"Belgium","NET-Flanders","Flanders","BETTS21","40TS21 - TESSENDERLO","SPO-BETTS21_00001_100","SO2","Sulphur dioxide (air)","P1Y-hr-max","1 year hour max","2016","154.000","ug/m3","97.34","1","Industrial","Suburban","5.1075","51.0657","28.0","","","","E1a/validated data AQ e-Reporting","18/03/2023 21:57:02","http://fme.discomap.eea.europa.eu/fmedatastreaming/AirQualityDownload/AQData_Extract.fmw?CountryCode=BE&CityName=&Pollutant=1&Year_from=2016&Year_to=2016&Station=STA-BETTS21&Samplingpoint=&Source=E1a&Output=HTML&UpdateDate="
"Belgium","NET-Wallonia","Wallonia","BETR512","45R512 - MARCHIENNE","SPO-BETR512_00005_100","PM10","Particulate matter < 10 µm (aerosol)","P1Y-day-max","1 year day max","2016","109.834","ug/m3","99.45","1","Industrial","Suburban","4.3959","50.4078","107.0","Charleroi                                                                       ","BE004C1                                           ","203314","E1a/validated data AQ e-Reporting","18/03/2023 21:43:06","http://fme.discomap.eea.europa.eu/fmedatastreaming/AirQualityDownload/AQData_Extract.fmw?CountryCode=BE&CityName=&Pollutant=5&Year_from=2016&Year_to=2016&Station=STA-BETR512&Samplingpoint=&Source=E1a&Output=HTML&UpdateDate="
"Belgium","NET-Flanders","Flanders","BETR731","44R731 - EVERGEM","SPO-BETR731_00008_100","NO2","Nitrogen dioxide (air)","P1Y-day-min","1 year day min","2016","5.545","ug/m3","96.99","1","Industrial","Rural","3.7395","51.1247","6.0","","","","E1a/validated data AQ e-Reporting","18/03/2023 21:56:03","http://fme.discomap.eea.europa.eu/fmedatastreaming/AirQualityDownload/AQData_Extract.fmw?CountryCode=BE&CityName=&Pollutant=8&Year_from=2016&Year_to=2016&Station=STA-BETR731&Samplingpoint=&Source=E1a&Output=HTML&UpdateDate="
"Belgium","NET-Wallonia","Wallonia","BETN121","43N121 - OFFAGNE","SPO-BETN121_06001_100","PM2.5","Particulate matter < 2.5 µm (aerosol)","P1Y","Annual mean / 1 calendar year","2016","7.766","ug/m3","98.50","1","Background","Rural","5.2024","49.8771","430.0","","","","E1a/validated data AQ e-Reporting","18/03/2023 21:08:58","http://fme.discomap.eea.europa.eu/fmedatastreaming/AirQualityDownload/AQData_Extract.fmw?CountryCode=BE&CityName=&Pollutant=6001&Year_from=2016&Year_to=2016&Station=STA-BETN121&Samplingpoint=&Source=E1a&Output=HTML&UpdateDate="
"Belgium","NET-Wallonia","Wallonia","BETN100","43N100 - DOURBES","SPO-BETN100_00008_100","NO2","Nitrogen dioxide (air)","P1Y-P1D-per99","1 year 99 percentile of daily means (P1D) or .../aq/primaryObservation/day","2016","24.196","ug/m3","99.73","1","Background","Rural","4.5948","50.0957","225.0","","","","E1a/validated data AQ e-Reporting","18/03/2023 22:10:34","http://fme.discomap.eea.europa.eu/fmedatastreaming/AirQualityDownload/AQData_Extract.fmw?CountryCode=BE&CityName=&Pollutant=8&Year_from=2016&Year_to=2016&Station=STA-BETN100&Samplingpoint=&Source=E1a&Output=HTML&UpdateDate="
"Belgium","NET-Wallonia","Wallonia","BETR240","43R240 - ENGIS","SPO-BETR240_00001_100","SO2","Sulphur dioxide (air)","P1Y-hr-max","1 year hour max","2016","57.000","ug/m3","95.16","1","Industrial","Suburban","5.3975","50.5836","135.0","","","","E1a/validated data AQ e-Reporting","18/03/2023 21:57:02","http://fme.discomap.eea.europa.eu/fmedatastreaming/AirQualityDownload/AQData_Extract.fmw?CountryCode=BE&CityName=&Pollutant=1&Year_from=2016&Year_to=2016&Station=STA-BETR240&Samplingpoint=&Source=E1a&Output=HTML&UpdateDate="
"Belgium","NET-Flanders","Flanders","BETR831","42R831 - BERENDRECHT","SPO-BETR831_00007_100","O3","Ozone (air)","P1Y-hrsAbove180","1 year hour exceed 180","2016","1.000","count","94.62","1","Industrial","Rural","4.3397","51.3488","3.0","Antwerpen                                                                       ","BE002C1                                           ","530014","E1a/validated data AQ e-Reporting","18/03/2023 21:46:37","http://fme.discomap.eea.europa.eu/fmedatastreaming/AirQualityDownload/AQData_Extract.fmw?CountryCode=BE&CityName=&Pollutant=7&Year_from=2016&Year_to=2016&Station=STA-BETR831&Samplingpoint=&Source=E1a&Output=HTML&UpdateDate="
"Belgium","NET-Wallonia","Wallonia","BETN066","43N066 - EUPEN","SPO-BETN066_00007_100","O3","Ozone (air)","P1Y-day-per50","1 year 50 %ile of daily values in a year","2016","47.261","ug/m3","98.09","1","Background","Rural","6.0023","50.6289","295.0","","","","E1a/validated data AQ e-Reporting","18/03/2023 22:15:13","http://fme.discomap.eea.europa.eu/fmedatastreaming/AirQualityDownload/AQData_Extract.fmw?CountryCode=BE&CityName=&Pollutant=7&Year_from=2016&Year_to=2016&Station=STA-BETN066&Samplingpoint=&Source=E1a&Output=HTML&UpdateDate="
"Belgium","NET-Wallonia","Wallonia","BETR511","45R511 - MARCINELLE","SPO-BETR511_06001_100","PM2.5","Particulate matter < 2.5 µm (aerosol)","P1Y","Annual mean / 1 calendar year","2016","11.303","ug/m3","97.64","1","Background","Suburban","4.4247","50.3776","157.0","Charleroi                                                                       ","BE004C1                                           ","203314","E1a/validated data AQ e-Reporting","18/03/2023 21:08:58","http://fme.discomap.eea.europa.eu/fmedatastreaming/AirQualityDownload/AQData_Extract.fmw?CountryCode=BE&CityName=&Pollutant=6001&Year_from=2016&Year_to=2016&Station=STA-BETR511&Samplingpoint=&Source=E1a&Output=HTML&UpdateDate="
"Belgium","NET-Wallonia","Wallonia","BETR512","45R512 - MARCHIENNE","SPO-BETR512_00001_100","SO2","Sulphur dioxide (air)","P1Y-day-max","1 year day max","2016","9.457","ug/m3","91.26","1","Industrial","Suburban","4.3959","50.4078","107.0","Charleroi                                                                       ","BE004C1                                           ","203314","E1a/validated data AQ e-Reporting","18/03/2023 21:42:48","http://fme.discomap.eea.europa.eu/fmedatastreaming/AirQualityDownload/AQData_Extract.fmw?CountryCode=BE&CityName=&Pollutant=1&Year_from=2016&Year_to=2016&Station=STA-BETR512&Samplingpoint=&Source=E1a&Output=HTML&UpdateDate="
"Belgium","NET-Wallonia","Wallonia","BETN093","43N093 - SINSIN","SPO-BETN093_00007_100","O3","Ozone (air)","AOT40f","AOT40 for forest protection","2016","12183.054","ug/m3","93.76","1","Background","Rural","5.2352","50.2745","265.0","","","","E1a/validated data AQ e-Reporting","18/03/2023 23:06:40","http://fme.discomap.eea.europa.eu/fmedatastreaming/AirQualityDownload/AQData_Extract.fmw?CountryCode=BE&CityName=&Pollutant=7&Year_from=2016&Year_to=2016&Station=STA-BETN093&Samplingpoint=&Source=E1a&Output=HTML&UpdateDate="
"Belgium","NET-Wallonia","Wallonia","BETN070","43N070 - MONS","SPO-BETN070_00005_100","PM10","Particulate matter < 10 µm (aerosol)","P1Y-day-min","1 year day min","2016","0.993","ug/m3","100.00","1","Background","Suburban","3.9397","50.4652","30.0","Mons                                                                            ","BE009C1                                           ","95922","E1a/validated data AQ e-Reporting","18/03/2023 21:55:13","http://fme.discomap.eea.europa.eu/fmedatastreaming/AirQualityDownload/AQData_Extract.fmw?CountryCode=BE&CityName=&Pollutant=5&Year_from=2016&Year_to=2016&Station=STA-BETN070&Samplingpoint=&Source=E1a&Output=HTML&UpdateDate="
"Belgium","NET-Flanders","Flanders","BETR750","44R750 - ZELZATE","SPO-BETR750_00001_100","SO2","Sulphur dioxide (air)","P1Y-hr-max25","1 year hour max 25","2016","67.500","ug/m3","96.46","1","Industrial","Rural","3.8229","51.1961","6.0","","","","E1a/validated data AQ e-Reporting","18/03/2023 22:33:20","http://fme.discomap.eea.europa.eu/fmedatastreaming/AirQualityDownload/AQData_Extract.fmw?CountryCode=BE&CityName=&Pollutant=1&Year_from=2016&Year_to=2016&Station=STA-BETR750&Samplingpoint=&Source=E1a&Output=HTML&UpdateDate="
"Belgium","NET-Flanders","Flanders","BETR750","44R750 - ZELZATE","SPO-BETR750_00001_100","SO2","Sulphur dioxide (air)","P1Y-P1D-per99","1 year 99 percentile of daily means (P1D) or .../aq/primaryObservation/day","2016","25.174","ug/m3","98.36","1","Industrial","Rural","3.8229","51.1961","6.0","","","","E1a/validated data AQ e-Reporting","18/03/2023 22:11:00","http://fme.discomap.eea.europa.eu/fmedatastreaming/AirQualityDownload/AQData_Extract.fmw?CountryCode=BE&CityName=&Pollutant=1&Year_from=2016&Year_to=2016&Station=STA-BETR750&Samplingpoint=&Source=E1a&Output=HTML&UpdateDate="
"Belgium","NET-Wallonia","Wallonia","BEMH201","00H201 - LIEGE","SPO-BEMH201_05015_100","Ni in PM10","Nickel in PM10 (aerosol)","P1Y","Annual mean / 1 calendar year","2016","1.258","ng/m3","95.34","1","Background","Suburban","5.5475","50.6250","160.0","Liège                                                                           ","BE005C1                                           ","383700","E1a/validated data AQ e-Reporting","18/03/2023 21:08:58","http://fme.discomap.eea.europa.eu/fmedatastreaming/AirQualityDownload/AQData_Extract.fmw?CountryCode=BE&CityName=&Pollutant=5015&Year_from=2016&Year_to=2016&Station=STA-BEMH201&Samplingpoint=&Source=E1a&Output=HTML&UpdateDate="
"Belgium","NET-Wallonia","Wallonia","BETN093","43N093 - SINSIN","SPO-BETN093_00008_100","NO2","Nitrogen dioxide (air)","P1Y-hrsAbove200","1 year hour exceed 200","2016","0.000","count","95.36","1","Background","Rural","5.2352","50.2745","265.0","","","","E1a/validated data AQ e-Reporting","18/03/2023 21:48:42","http://fme.discomap.eea.europa.eu/fmedatastreaming/AirQualityDownload/AQData_Extract.fmw?CountryCode=BE&CityName=&Pollutant=8&Year_from=2016&Year_to=2016&Station=STA-BETN093&Samplingpoint=&Source=E1a&Output=HTML&UpdateDate="
"Belgium","NET-Wallonia","Wallonia","BEMN132","00N132 - HABAY-L-N","SPO-BEMN132_05018_100","As in PM10","Arsenic in PM10 (aerosol)","P1Y","Annual mean / 1 calendar year","2016","0.237","ng/m3","93.43","1","Background","Rural","5.6303","49.7190","375.0","","","","E1a/validated data AQ e-Reporting","18/03/2023 21:08:58","http://fme.discomap.eea.europa.eu/fmedatastreaming/AirQualityDownload/AQData_Extract.fmw?CountryCode=BE&CityName=&Pollutant=5018&Year_from=2016&Year_to=2016&Station=STA-BEMN132&Samplingpoint=&Source=E1a&Output=HTML&UpdateDate="
"Belgium","NET-Flanders","Flanders","BETR750","44R750 - ZELZATE","SPO-BETR750_00008_100","NO2","Nitrogen dioxide (air)","P1Y-hr-per50","1 year 50 percentile","2016","23.000","ug/m3","94.17","1","Industrial","Rural","3.8229","51.1961","6.0","","","","E1a/validated data AQ e-Reporting","18/03/2023 22:05:49","http://fme.discomap.eea.europa.eu/fmedatastreaming/AirQualityDownload/AQData_Extract.fmw?CountryCode=BE&CityName=&Pollutant=8&Year_from=2016&Year_to=2016&Station=STA-BETR750&Samplingpoint=&Source=E1a&Output=HTML&UpdateDate="
"Belgium","NET-Flanders","Flanders","BETR750","44R750 - ZELZATE","SPO-BETR750_00008_100","NO2","Nitrogen dioxide (air)","P1Y-hrsAbove200","1 year hour exceed 200","2016","0.000","count","94.17","1","Industrial","Rural","3.8229","51.1961","6.0","","","","E1a/validated data AQ e-Reporting","18/03/2023 21:48:42","http://fme.discomap.eea.europa.eu/fmedatastreaming/AirQualityDownload/AQData_Extract.fmw?CountryCode=BE&CityName=&Pollutant=8&Year_from=2016&Year_to=2016&Station=STA-BETR750&Samplingpoint=&Source=E1a&Output=HTML&UpdateDate="
"Belgium","NET-Wallonia","Wallonia","BETR221","43R221 - LIEGE","SPO-BETR221_00008_100","NO2","Nitrogen dioxide (air)","P3Y","3 subsequent calendar years mean","2016","26.094","ug/m3","97.20","1","Background","Urban","5.6278","50.6584","65.0","Liège                                                                           ","BE005C1                                           ","383700","E1a/validated data AQ e-Reporting","18/03/2023 21:36:00","http://fme.discomap.eea.europa.eu/fmedatastreaming/AirQualityDownload/AQData_Extract.fmw?CountryCode=BE&CityName=&Pollutant=8&Year_from=2016&Year_to=2016&Station=STA-BETR221&Samplingpoint=&Source=E1a&Output=HTML&UpdateDate="
"Belgium","NET-Flanders","Flanders","BETR834","42R834 - Boom","SPO-BETR834_00005_100","PM10","Particulate matter < 10 µm (aerosol)","P3Y","3 subsequent calendar years mean","2016","21.438","ug/m3","96.45","1","Background","Suburban","4.3801","51.0920","0.0","","","","E1a/validated data AQ e-Reporting","18/03/2023 21:36:00","http://fme.discomap.eea.europa.eu/fmedatastreaming/AirQualityDownload/AQData_Extract.fmw?CountryCode=BE&CityName=&Pollutant=5&Year_from=2016&Year_to=2016&Station=STA-BETR834&Samplingpoint=&Source=E1a&Output=HTML&UpdateDate="
"Belgium","NET-Flanders","Flanders","BETR841","42R841 - MECHELEN","SPO-BETR841_00007_100","O3","Ozone (air)","P1Y-hrsAbove180","1 year hour exceed 180","2016","0.000","count","93.94","1","Background","Suburban","4.4693","51.0025","8.0","Mechelen                                                                        ","BE012C1                                           ","86911","E1a/validated data AQ e-Reporting","18/03/2023 21:46:37","http://fme.discomap.eea.europa.eu/fmedatastreaming/AirQualityDownload/AQData_Extract.fmw?CountryCode=BE&CityName=&Pollutant=7&Year_from=2016&Year_to=2016&Station=STA-BETR841&Samplingpoint=&Source=E1a&Output=HTML&UpdateDate="
"Belgium","NET-Wallonia","Wallonia","BETN100","43N100 - DOURBES","SPO-BETN100_00001_100","SO2","Sulphur dioxide (air)","P1Y-hrsAbove350","1 year hour exceed 350","2016","0.000","count","96.25","1","Background","Rural","4.5948","50.0957","225.0","","","","E1a/validated data AQ e-Reporting","18/03/2023 21:52:12","http://fme.discomap.eea.europa.eu/fmedatastreaming/AirQualityDownload/AQData_Extract.fmw?CountryCode=BE&CityName=&Pollutant=1&Year_from=2016&Year_to=2016&Station=STA-BETN100&Samplingpoint=&Source=E1a&Output=HTML&UpdateDate="
"Belgium","NET-Flanders","Flanders","BETM802","42M802 - ANTWERPEN","SPO-BETM802_06001_100","PM2.5","Particulate matter < 2.5 µm (aerosol)","P1Y-hr-per50","1 year 50 percentile","2016","10.000","ug/m3","98.57","1","Industrial","Suburban","4.4244","51.2610","3.0","Antwerpen                                                                       ","BE002C1                                           ","530014","E1a/validated data AQ e-Reporting","18/03/2023 22:05:49","http://fme.discomap.eea.europa.eu/fmedatastreaming/AirQualityDownload/AQData_Extract.fmw?CountryCode=BE&CityName=&Pollutant=6001&Year_from=2016&Year_to=2016&Station=STA-BETM802&Samplingpoint=&Source=E1a&Output=HTML&UpdateDate="
"Belgium","NET-Wallonia","Wallonia","BETR240","43R240 - ENGIS","SPO-BETR240_00008_100","NO2","Nitrogen dioxide (air)","P1Y","Annual mean / 1 calendar year","2016","19.068","ug/m3","95.54","1","Industrial","Suburban","5.3975","50.5836","135.0","","","","E1a/validated data AQ e-Reporting","18/03/2023 21:08:58","http://fme.discomap.eea.europa.eu/fmedatastreaming/AirQualityDownload/AQData_Extract.fmw?CountryCode=BE&CityName=&Pollutant=8&Year_from=2016&Year_to=2016&Station=STA-BETR240&Samplingpoint=&Source=E1a&Output=HTML&UpdateDate="
"Belgium","NET-Wallonia","Wallonia","BETR240","43R240 - ENGIS","SPO-BETR240_00008_100","NO2","Nitrogen dioxide (air)","P1Y-day-per50","1 year 50 %ile of daily values in a year","2016","17.022","ug/m3","96.72","1","Industrial","Suburban","5.3975","50.5836","135.0","","","","E1a/validated data AQ e-Reporting","18/03/2023 22:14:21","http://fme.discomap.eea.europa.eu/fmedatastreaming/AirQualityDownload/AQData_Extract.fmw?CountryCode=BE&CityName=&Pollutant=8&Year_from=2016&Year_to=2016&Station=STA-BETR240&Samplingpoint=&Source=E1a&Output=HTML&UpdateDate="
"Belgium","NET-Wallonia","Wallonia","BETR222","43R222 - SERAING","SPO-BETR222_00007_100","O3","Ozone (air)","AOT40cmeasured","AOT40c UNCORRECTED for data capture","2016","6273.000","ug/m3","96.74","1","Background","Suburban","5.5702","50.6134","65.0","Liège                                                                           ","BE005C1                                           ","383700","E1a/validated data AQ e-Reporting","18/03/2023 23:01:40","http://fme.discomap.eea.europa.eu/fmedatastreaming/AirQualityDownload/AQData_Extract.fmw?CountryCode=BE&CityName=&Pollutant=7&Year_from=2016&Year_to=2016&Station=STA-BETR222&Samplingpoint=&Source=E1a&Output=HTML&UpdateDate="
"Belgium","NET-Wallonia","Wallonia","BETN067","43N067 - MEMBACH","SPO-BETN067_00005_100","PM10","Particulate matter < 10 µm (aerosol)","P1Y-day-max","1 year day max","2016","46.313","ug/m3","100.00","1","Background","Suburban","5.9928","50.6123","0.0","","","","E1a/validated data AQ e-Reporting","18/03/2023 21:43:06","http://fme.discomap.eea.europa.eu/fmedatastreaming/AirQualityDownload/AQData_Extract.fmw?CountryCode=BE&CityName=&Pollutant=5&Year_from=2016&Year_to=2016&Station=STA-BETN067&Samplingpoint=&Source=E1a&Output=HTML&UpdateDate="
"Belgium","NET-Brussels","Brussels","BETN043","41N043 - HAREN","SPO-BETN043_06001_100","PM2.5","Particulate matter < 2.5 µm (aerosol)","P3Y","3 subsequent calendar years mean","2016","16.567","ug/m3","91.06","1","Industrial","Suburban","4.3830","50.8837","17.0","Bruxelles / Brussel                                                             ","BE001C1                                           ","1223364","E1a/validated data AQ e-Reporting","18/03/2023 21:36:00","http://fme.discomap.eea.europa.eu/fmedatastreaming/AirQualityDownload/AQData_Extract.fmw?CountryCode=BE&CityName=&Pollutant=6001&Year_from=2016&Year_to=2016&Station=STA-BETN043&Samplingpoint=&Source=E1a&Output=HTML&UpdateDate="
"Belgium","NET-Brussels","Brussels","BETR001","41R001 - MOLENBEEK","SPO-BETR001_00005_100","PM10","Particulate matter < 10 µm (aerosol)","P1Y-day-max36","1 year day max 36","2016","37.417","ug/m3","84.43","1","Background","Urban","4.3341","50.8497","20.0","Bruxelles / Brussel                                                             ","BE001C1                                           ","1223364","E1a/validated data AQ e-Reporting","18/03/2023 22:32:47","http://fme.discomap.eea.europa.eu/fmedatastreaming/AirQualityDownload/AQData_Extract.fmw?CountryCode=BE&CityName=&Pollutant=5&Year_from=2016&Year_to=2016&Station=STA-BETR001&Samplingpoint=&Source=E1a&Output=HTML&UpdateDate="
"Belgium","NET-Flanders","Flanders","BESN035","59N035 - AARSCHOT","SPO-BESN035_00020_100","C6H6","Benzene (air)","P1Y-day-per50","1 year 50 %ile of daily values in a year","2016","0.660","ug/m3","87.98","1","Background","Suburban","4.8376","50.9776","0.0","","","","E1a/validated data AQ e-Reporting","18/03/2023 22:13:51","http://fme.discomap.eea.europa.eu/fmedatastreaming/AirQualityDownload/AQData_Extract.fmw?CountryCode=BE&CityName=&Pollutant=20&Year_from=2016&Year_to=2016&Station=STA-BESN035&Samplingpoint=&Source=E1a&Output=HTML&UpdateDate="
"Belgium","NET-Flanders","Flanders","BESN035","59N035 - AARSCHOT","SPO-BESN035_00482_100","o-C6H4-(CH3)2","o-Xylene (air)","P1Y","Annual mean / 1 calendar year","2016","0.000","ug/m3","84.16","1","Background","Suburban","4.8376","50.9776","0.0","","","","E1a/validated data AQ e-Reporting","18/03/2023 21:08:58","http://fme.discomap.eea.europa.eu/fmedatastreaming/AirQualityDownload/AQData_Extract.fmw?CountryCode=BE&CityName=&Pollutant=482&Year_from=2016&Year_to=2016&Station=STA-BESN035&Samplingpoint=&Source=E1a&Output=HTML&UpdateDate="
"Belgium","NET-Flanders","Flanders","BETM705","44M705 - ROESELARE","SPO-BETM705_00391_100","Black Carbon","black_carbon (aerosol)","P1Y-hr-per50","1 year 50 percentile","2016","0.900","ug/m3","96.95","1","Industrial","Suburban","3.1524","50.9454","19.0","","","","E1a/validated data AQ e-Reporting","18/03/2023 22:05:49","http://fme.discomap.eea.europa.eu/fmedatastreaming/AirQualityDownload/AQData_Extract.fmw?CountryCode=BE&CityName=&Pollutant=391&Year_from=2016&Year_to=2016&Station=STA-BETM705&Samplingpoint=&Source=E1a&Output=HTML&UpdateDate="
"Belgium","NET-Flanders","Flanders","BETM802","42M802 - ANTWERPEN","SPO-BETM802_00005_100","PM10","Particulate matter < 10 µm (aerosol)","P1Y-day-max","1 year day max","2016","76.496","ug/m3","98.09","1","Industrial","Suburban","4.4244","51.2610","3.0","Antwerpen                                                                       ","BE002C1                                           ","530014","E1a/validated data AQ e-Reporting","18/03/2023 21:43:06","http://fme.discomap.eea.europa.eu/fmedatastreaming/AirQualityDownload/AQData_Extract.fmw?CountryCode=BE&CityName=&Pollutant=5&Year_from=2016&Year_to=2016&Station=STA-BETM802&Samplingpoint=&Source=E1a&Output=HTML&UpdateDate="
"Belgium","NET-Wallonia","Wallonia","BETR222","43R222 - SERAING","SPO-BETR222_00007_100","O3","Ozone (air)","P1Y-maxP6M-P8H-dmax","Yearly highest six monthly average of daily maximum 8-hour mean concentration","2016","73.532","ug/m3","100.00","1","Background","Suburban","5.5702","50.6134","65.0","Liège                                                                           ","BE005C1                                           ","383700","E1a/validated data AQ e-Reporting","18/03/2023 22:58:54","http://fme.discomap.eea.europa.eu/fmedatastreaming/AirQualityDownload/AQData_Extract.fmw?CountryCode=BE&CityName=&Pollutant=7&Year_from=2016&Year_to=2016&Station=STA-BETR222&Samplingpoint=&Source=E1a&Output=HTML&UpdateDate="
"Belgium","NET-Wallonia","Wallonia","BETN070","43N070 - MONS","SPO-BETN070_00001_100","SO2","Sulphur dioxide (air)","P1Y-day-per50","1 year 50 %ile of daily values in a year","2016","1.000","ug/m3","100.00","1","Background","Suburban","3.9397","50.4652","30.0","Mons                                                                            ","BE009C1                                           ","95922","E1a/validated data AQ e-Reporting","18/03/2023 22:14:46","http://fme.discomap.eea.europa.eu/fmedatastreaming/AirQualityDownload/AQData_Extract.fmw?CountryCode=BE&CityName=&Pollutant=1&Year_from=2016&Year_to=2016&Station=STA-BETN070&Samplingpoint=&Source=E1a&Output=HTML&UpdateDate="
"Belgium","NET-Wallonia","Wallonia","BEVN085","50N085 - VIELSALM","SPO-BEVN085_00316_100","(CH3)2-CH-CH2-CH2-CH3","i-Hexane (2-methylpentane) (air)","P1Y","Annual mean / 1 calendar year","2016","0.000","ug/m3","47.27","1","Background","Rural","6.0017","50.3032","490.0","","","","E1a/validated data AQ e-Reporting","18/03/2023 21:08:58","http://fme.discomap.eea.europa.eu/fmedatastreaming/AirQualityDownload/AQData_Extract.fmw?CountryCode=BE&CityName=&Pollutant=316&Year_from=2016&Year_to=2016&Station=STA-BEVN085&Samplingpoint=&Source=E1a&Output=HTML&UpdateDate="
"Belgium","NET-Wallonia","Wallonia","BETN100","43N100 - DOURBES","SPO-BETN100_00007_100","O3","Ozone (air)","P1Y-hr-per50","1 year 50 percentile","2016","52.000","ug/m3","96.24","1","Background","Rural","4.5948","50.0957","225.0","","","","E1a/validated data AQ e-Reporting","18/03/2023 22:05:49","http://fme.discomap.eea.europa.eu/fmedatastreaming/AirQualityDownload/AQData_Extract.fmw?CountryCode=BE&CityName=&Pollutant=7&Year_from=2016&Year_to=2016&Station=STA-BETN100&Samplingpoint=&Source=E1a&Output=HTML&UpdateDate="
"Belgium","NET-Wallonia","Wallonia","BETN100","43N100 - DOURBES","SPO-BETN100_06001_100","PM2.5","Particulate matter < 2.5 µm (aerosol)","P1Y-P1D-per99","1 year 99 percentile of daily means (P1D) or .../aq/primaryObservation/day","2016","30.535","ug/m3","99.73","1","Background","Rural","4.5948","50.0957","225.0","","","","E1a/validated data AQ e-Reporting","18/03/2023 22:10:03","http://fme.discomap.eea.europa.eu/fmedatastreaming/AirQualityDownload/AQData_Extract.fmw?CountryCode=BE&CityName=&Pollutant=6001&Year_from=2016&Year_to=2016&Station=STA-BETN100&Samplingpoint=&Source=E1a&Output=HTML&UpdateDate="
"Belgium","NET-Wallonia","Wallonia","BETN070","43N070 - MONS","SPO-BETN070_00005_100","PM10","Particulate matter < 10 µm (aerosol)","P1Y-day-max36","1 year day max 36","2016","38.854","ug/m3","100.00","1","Background","Suburban","3.9397","50.4652","30.0","Mons                                                                            ","BE009C1                                           ","95922","E1a/validated data AQ e-Reporting","18/03/2023 22:32:47","http://fme.discomap.eea.europa.eu/fmedatastreaming/AirQualityDownload/AQData_Extract.fmw?CountryCode=BE&CityName=&Pollutant=5&Year_from=2016&Year_to=2016&Station=STA-BETN070&Samplingpoint=&Source=E1a&Output=HTML&UpdateDate="
"Belgium","NET-Wallonia","Wallonia","BETR221","43R221 - LIEGE","SPO-BETR221_00007_100","O3","Ozone (air)","AOT40cmeasured","AOT40c UNCORRECTED for data capture","2016","4362.500","ug/m3","96.47","1","Background","Urban","5.6278","50.6584","65.0","Liège                                                                           ","BE005C1                                           ","383700","E1a/validated data AQ e-Reporting","18/03/2023 23:01:40","http://fme.discomap.eea.europa.eu/fmedatastreaming/AirQualityDownload/AQData_Extract.fmw?CountryCode=BE&CityName=&Pollutant=7&Year_from=2016&Year_to=2016&Station=STA-BETR221&Samplingpoint=&Source=E1a&Output=HTML&UpdateDate="
"Belgium","NET-Wallonia","Wallonia","BETR222","43R222 - SERAING","SPO-BETR222_00008_100","NO2","Nitrogen dioxide (air)","P1Y-hr-per50","1 year 50 percentile","2016","21.500","ug/m3","93.59","1","Background","Suburban","5.5702","50.6134","65.0","Liège                                                                           ","BE005C1                                           ","383700","E1a/validated data AQ e-Reporting","18/03/2023 22:05:49","http://fme.discomap.eea.europa.eu/fmedatastreaming/AirQualityDownload/AQData_Extract.fmw?CountryCode=BE&CityName=&Pollutant=8&Year_from=2016&Year_to=2016&Station=STA-BETR222&Samplingpoint=&Source=E1a&Output=HTML&UpdateDate="
"Belgium","NET-Wallonia","Wallonia","BETN132","43N132 - HABAY-LA-N.","SPO-BETN132_00008_100","NO2","Nitrogen dioxide (air)","P1Y-hrsAbove400","1 year hour exceed 400","2016","0.000","count","96.56","1","Background","Rural","5.6304","49.7193","375.0","","","","E1a/validated data AQ e-Reporting","18/03/2023 21:54:38","http://fme.discomap.eea.europa.eu/fmedatastreaming/AirQualityDownload/AQData_Extract.fmw?CountryCode=BE&CityName=&Pollutant=8&Year_from=2016&Year_to=2016&Station=STA-BETN132&Samplingpoint=&Source=E1a&Output=HTML&UpdateDate="
"Belgium","NET-Wallonia","Wallonia","BETN060","43N060 - HAVINNES","SPO-BETN060_00010_100","CO","Carbon monoxide (air)","P1Y-hr-max","1 year hour max","2016","1.080","mg/m3","86.02","1","Background","Rural","3.4576","50.6167","0.0","","","","E1a/validated data AQ e-Reporting","18/03/2023 21:57:02","http://fme.discomap.eea.europa.eu/fmedatastreaming/AirQualityDownload/AQData_Extract.fmw?CountryCode=BE&CityName=&Pollutant=10&Year_from=2016&Year_to=2016&Station=STA-BETN060&Samplingpoint=&Source=E1a&Output=HTML&UpdateDate="
"Belgium","NET-Wallonia","Wallonia","BETR221","43R221 - LIEGE","SPO-BETR221_00005_100","PM10","Particulate matter < 10 µm (aerosol)","P1Y-day-max36","1 year day max 36","2016","37.375","ug/m3","100.00","1","Background","Urban","5.6278","50.6584","65.0","Liège                                                                           ","BE005C1                                           ","383700","E1a/validated data AQ e-Reporting","18/03/2023 22:32:47","http://fme.discomap.eea.europa.eu/fmedatastreaming/AirQualityDownload/AQData_Extract.fmw?CountryCode=BE&CityName=&Pollutant=5&Year_from=2016&Year_to=2016&Station=STA-BETR221&Samplingpoint=&Source=E1a&Output=HTML&UpdateDate="
"Belgium","NET-Wallonia","Wallonia","BETR223","43R223 - JEMEPPE","SPO-BETR223_00008_100","NO2","Nitrogen dioxide (air)","P1Y-day-per50","1 year 50 %ile of daily values in a year","2016","24.630","ug/m3","98.91","1","Industrial","Suburban","5.5164","50.6207","50.0","Liège                                                                           ","BE005C1                                           ","383700","E1a/validated data AQ e-Reporting","18/03/2023 22:14:21","http://fme.discomap.eea.europa.eu/fmedatastreaming/AirQualityDownload/AQData_Extract.fmw?CountryCode=BE&CityName=&Pollutant=8&Year_from=2016&Year_to=2016&Station=STA-BETR223&Samplingpoint=&Source=E1a&Output=HTML&UpdateDate="
"Belgium","NET-Wallonia","Wallonia","BETN073","43N073 - VEZIN","SPO-BETN073_00005_100","PM10","Particulate matter < 10 µm (aerosol)","P1Y-hr-min","1 year hour min","2016","0.000","ug/m3","99.67","1","Background","Rural","4.9884","50.5027","160.0","","","","E1a/validated data AQ e-Reporting","18/03/2023 22:31:20","http://fme.discomap.eea.europa.eu/fmedatastreaming/AirQualityDownload/AQData_Extract.fmw?CountryCode=BE&CityName=&Pollutant=5&Year_from=2016&Year_to=2016&Station=STA-BETN073&Samplingpoint=&Source=E1a&Output=HTML&UpdateDate="
"Belgium","NET-Wallonia","Wallonia","BETR502","45R502 - LODELINSART","SPO-BETR502_06001_100","PM2.5","Particulate matter < 2.5 µm (aerosol)","P1Y-hr-min","1 year hour min","2016","0.000","ug/m3","99.77","1","Background","Suburban","4.4587","50.4290","135.0","Charleroi                                                                       ","BE004C1                                           ","203314","E1a/validated data AQ e-Reporting","18/03/2023 22:31:20","http://fme.discomap.eea.europa.eu/fmedatastreaming/AirQualityDownload/AQData_Extract.fmw?CountryCode=BE&CityName=&Pollutant=6001&Year_from=2016&Year_to=2016&Station=STA-BETR502&Samplingpoint=&Source=E1a&Output=HTML&UpdateDate="
"Belgium","NET-Wallonia","Wallonia","BETN060","43N060 - HAVINNES","SPO-BETN060_00007_100","O3","Ozone (air)","P1Y-day-per50","1 year 50 %ile of daily values in a year","2016","41.386","ug/m3","98.36","1","Background","Rural","3.4576","50.6167","0.0","","","","E1a/validated data AQ e-Reporting","18/03/2023 22:15:13","http://fme.discomap.eea.europa.eu/fmedatastreaming/AirQualityDownload/AQData_Extract.fmw?CountryCode=BE&CityName=&Pollutant=7&Year_from=2016&Year_to=2016&Station=STA-BETN060&Samplingpoint=&Source=E1a&Output=HTML&UpdateDate="
"Belgium","NET-Wallonia","Wallonia","BETN060","43N060 - HAVINNES","SPO-BETN060_00007_100","O3","Ozone (air)","P1Y-dmax-per93.15","1 year 93.15 percentile daily 8h maximum","2016","97.000","ug/m3","97.27","1","Background","Rural","3.4576","50.6167","0.0","","","","E1a/validated data AQ e-Reporting","18/03/2023 22:12:55","http://fme.discomap.eea.europa.eu/fmedatastreaming/AirQualityDownload/AQData_Extract.fmw?CountryCode=BE&CityName=&Pollutant=7&Year_from=2016&Year_to=2016&Station=STA-BETN060&Samplingpoint=&Source=E1a&Output=HTML&UpdateDate="
"Belgium","NET-Wallonia","Wallonia","BETR510","45R510 - CHATELINEAU","SPO-BETR510_00001_100","SO2","Sulphur dioxide (air)","P1Y-day-max4","1 year day max 4","2016","4.304","ug/m3","99.45","1","Background","Suburban","4.5211","50.4164","118.0","Charleroi                                                                       ","BE004C1                                           ","203314","E1a/validated data AQ e-Reporting","18/03/2023 22:31:46","http://fme.discomap.eea.europa.eu/fmedatastreaming/AirQualityDownload/AQData_Extract.fmw?CountryCode=BE&CityName=&Pollutant=1&Year_from=2016&Year_to=2016&Station=STA-BETR510&Samplingpoint=&Source=E1a&Output=HTML&UpdateDate="
"Belgium","NET-Brussels","Brussels","BETR001","41R001 - MOLENBEEK","SPO-BETR001_00008_100","NO2","Nitrogen dioxide (air)","P1Y-day-per50","1 year 50 %ile of daily values in a year","2016","37.271","ug/m3","96.72","1","Background","Urban","4.3341","50.8497","20.0","Bruxelles / Brussel                                                             ","BE001C1                                           ","1223364","E1a/validated data AQ e-Reporting","18/03/2023 22:14:21","http://fme.discomap.eea.europa.eu/fmedatastreaming/AirQualityDownload/AQData_Extract.fmw?CountryCode=BE&CityName=&Pollutant=8&Year_from=2016&Year_to=2016&Station=STA-BETR001&Samplingpoint=&Source=E1a&Output=HTML&UpdateDate="
"Belgium","NET-Flanders","Flanders","BETE811","47E811 - DIEPENBEEK","SPO-BETE811_00008_100","NO2","Nitrogen dioxide (air)","P1Y-hr-max19","1 year hour max19","2016","85.000","ug/m3","54.51","1","Industrial","Rural","5.4182","50.8969","59.0","","","","E1a/validated data AQ e-Reporting","18/03/2023 22:34:35","http://fme.discomap.eea.europa.eu/fmedatastreaming/AirQualityDownload/AQData_Extract.fmw?CountryCode=BE&CityName=&Pollutant=8&Year_from=2016&Year_to=2016&Station=STA-BETE811&Samplingpoint=&Source=E1a&Output=HTML&UpdateDate="
"Belgium","NET-Flanders","Flanders","BETR731","44R731 - EVERGEM","SPO-BETR731_00008_100","NO2","Nitrogen dioxide (air)","P1Y-P1D-per99","1 year 99 percentile of daily means (P1D) or .../aq/primaryObservation/day","2016","60.104","ug/m3","96.99","1","Industrial","Rural","3.7395","51.1247","6.0","","","","E1a/validated data AQ e-Reporting","18/03/2023 22:10:34","http://fme.discomap.eea.europa.eu/fmedatastreaming/AirQualityDownload/AQData_Extract.fmw?CountryCode=BE&CityName=&Pollutant=8&Year_from=2016&Year_to=2016&Station=STA-BETR731&Samplingpoint=&Source=E1a&Output=HTML&UpdateDate="
"Belgium","NET-Flanders","Flanders","BETN054","42N054 - WALSHOUTEM","SPO-BETN054_00008_100","NO2","Nitrogen dioxide (air)","P1Y-day-max","1 year day max","2016","56.792","ug/m3","95.63","1","Background","Rural","5.1032","50.7117","135.0","","","","E1a/validated data AQ e-Reporting","18/03/2023 21:43:56","http://fme.discomap.eea.europa.eu/fmedatastreaming/AirQualityDownload/AQData_Extract.fmw?CountryCode=BE&CityName=&Pollutant=8&Year_from=2016&Year_to=2016&Station=STA-BETN054&Samplingpoint=&Source=E1a&Output=HTML&UpdateDate="
"Belgium","NET-Flanders","Flanders","BETE812","47E812 - GENK","SPO-BETE812_00008_100","NO2","Nitrogen dioxide (air)","P1Y-hr-max","1 year hour max","2016","90.000","ug/m3","54.46","1","Industrial","Suburban","5.5377","50.9680","82.0","","","","E1a/validated data AQ e-Reporting","18/03/2023 21:57:02","http://fme.discomap.eea.europa.eu/fmedatastreaming/AirQualityDownload/AQData_Extract.fmw?CountryCode=BE&CityName=&Pollutant=8&Year_from=2016&Year_to=2016&Station=STA-BETE812&Samplingpoint=&Source=E1a&Output=HTML&UpdateDate="
"Belgium","NET-Flanders","Flanders","BETM702","44M702 - ERTVELDE","SPO-BETM702_00008_100","NO2","Nitrogen dioxide (air)","P1Y-3hAbove400","3 consecutive hours in exceedance of 400","2016","0.000","count","93.52","1","Industrial","Rural","3.7621","51.1660","5.0","","","","E1a/validated data AQ e-Reporting","18/03/2023 22:22:30","http://fme.discomap.eea.europa.eu/fmedatastreaming/AirQualityDownload/AQData_Extract.fmw?CountryCode=BE&CityName=&Pollutant=8&Year_from=2016&Year_to=2016&Station=STA-BETM702&Samplingpoint=&Source=E1a&Output=HTML&UpdateDate="
"Belgium","NET-Flanders","Flanders","BETR892","42R892 - KALLO","SPO-BETR892_00001_100","SO2","Sulphur dioxide (air)","P1Y-day-max","1 year day max","2016","21.174","ug/m3","96.99","1","Industrial","Rural","4.2789","51.2630","9.0","","","","E1a/validated data AQ e-Reporting","18/03/2023 21:42:48","http://fme.discomap.eea.europa.eu/fmedatastreaming/AirQualityDownload/AQData_Extract.fmw?CountryCode=BE&CityName=&Pollutant=1&Year_from=2016&Year_to=2016&Station=STA-BETR892&Samplingpoint=&Source=E1a&Output=HTML&UpdateDate="
"Belgium","NET-Wallonia","Wallonia","BETR512","45R512 - MARCHIENNE","SPO-BETR512_00391_100","Black Carbon","black_carbon (aerosol)","P1Y-hr-per50","1 year 50 percentile","2016","0.920","ug/m3","78.14","1","Industrial","Suburban","4.3959","50.4078","107.0","Charleroi                                                                       ","BE004C1                                           ","203314","E1a/validated data AQ e-Reporting","18/03/2023 22:05:49","http://fme.discomap.eea.europa.eu/fmedatastreaming/AirQualityDownload/AQData_Extract.fmw?CountryCode=BE&CityName=&Pollutant=391&Year_from=2016&Year_to=2016&Station=STA-BETR512&Samplingpoint=&Source=E1a&Output=HTML&UpdateDate="
"Belgium","NET-Wallonia","Wallonia","BETM204","43M204 - ANGLEUR","SPO-BETM204_06001_100","PM2.5","Particulate matter < 2.5 µm (aerosol)","P1Y-day-per50","1 year 50 %ile of daily values in a year","2016","8.440","ug/m3","98.09","1","Background","Suburban","5.6112","50.6119","70.0","Liège                                                                           ","BE005C1                                           ","383700","E1a/validated data AQ e-Reporting","18/03/2023 22:11:51","http://fme.discomap.eea.europa.eu/fmedatastreaming/AirQualityDownload/AQData_Extract.fmw?CountryCode=BE&CityName=&Pollutant=6001&Year_from=2016&Year_to=2016&Station=STA-BETM204&Samplingpoint=&Source=E1a&Output=HTML&UpdateDate="
"Belgium","NET-Wallonia","Wallonia","BETN060","43N060 - HAVINNES","SPO-BETN060_00005_100","PM10","Particulate matter < 10 µm (aerosol)","P1Y-day-max","1 year day max","2016","108.313","ug/m3","100.00","1","Background","Rural","3.4576","50.6167","0.0","","","","E1a/validated data AQ e-Reporting","18/03/2023 21:43:06","http://fme.discomap.eea.europa.eu/fmedatastreaming/AirQualityDownload/AQData_Extract.fmw?CountryCode=BE&CityName=&Pollutant=5&Year_from=2016&Year_to=2016&Station=STA-BETN060&Samplingpoint=&Source=E1a&Output=HTML&UpdateDate="
"Belgium","NET-Wallonia","Wallonia","BETN113","43N113 - SAINT-ODE","SPO-BETN113_00005_100","PM10","Particulate matter < 10 µm (aerosol)","P1Y-P1D-per90.41","1 year 90.41 percentile","2016","21.417","ug/m3","92.08","1","Background","Rural","5.5930","50.0270","510.0","","","","E1a/validated data AQ e-Reporting","18/03/2023 22:09:05","http://fme.discomap.eea.europa.eu/fmedatastreaming/AirQualityDownload/AQData_Extract.fmw?CountryCode=BE&CityName=&Pollutant=5&Year_from=2016&Year_to=2016&Station=STA-BETN113&Samplingpoint=&Source=E1a&Output=HTML&UpdateDate="
"Belgium","NET-Wallonia","Wallonia","BETN113","43N113 - SAINT-ODE","SPO-BETN113_00008_100","NO2","Nitrogen dioxide (air)","P1Y-3hAbove400","3 consecutive hours in exceedance of 400","2016","0.000","count","91.55","1","Background","Rural","5.5930","50.0270","510.0","","","","E1a/validated data AQ e-Reporting","18/03/2023 22:22:30","http://fme.discomap.eea.europa.eu/fmedatastreaming/AirQualityDownload/AQData_Extract.fmw?CountryCode=BE&CityName=&Pollutant=8&Year_from=2016&Year_to=2016&Station=STA-BETN113&Samplingpoint=&Source=E1a&Output=HTML&UpdateDate="
"Belgium","NET-Wallonia","Wallonia","BETN073","43N073 - VEZIN","SPO-BETN073_00007_100","O3","Ozone (air)","P1Y-dx-avg","1 year daymax average","2016","61.872","ug/m3","97.81","1","Background","Rural","4.9884","50.5027","160.0","","","","E1a/validated data AQ e-Reporting","18/03/2023 22:27:48","http://fme.discomap.eea.europa.eu/fmedatastreaming/AirQualityDownload/AQData_Extract.fmw?CountryCode=BE&CityName=&Pollutant=7&Year_from=2016&Year_to=2016&Station=STA-BETN073&Samplingpoint=&Source=E1a&Output=HTML&UpdateDate="
"Belgium","NET-Wallonia","Wallonia","BETR510","45R510 - CHATELINEAU","SPO-BETR510_00001_100","SO2","Sulphur dioxide (air)","P1Y-hr-max","1 year hour max","2016","21.000","ug/m3","97.05","1","Background","Suburban","4.5211","50.4164","118.0","Charleroi                                                                       ","BE004C1                                           ","203314","E1a/validated data AQ e-Reporting","18/03/2023 21:57:02","http://fme.discomap.eea.europa.eu/fmedatastreaming/AirQualityDownload/AQData_Extract.fmw?CountryCode=BE&CityName=&Pollutant=1&Year_from=2016&Year_to=2016&Station=STA-BETR510&Samplingpoint=&Source=E1a&Output=HTML&UpdateDate="
"Belgium","NET-Wallonia","Wallonia","BETN060","43N060 - HAVINNES","SPO-BETN060_06001_100","PM2.5","Particulate matter < 2.5 µm (aerosol)","P1Y-day-max","1 year day max","2016","51.628","ug/m3","100.00","1","Background","Rural","3.4576","50.6167","0.0","","","","E1a/validated data AQ e-Reporting","18/03/2023 21:43:22","http://fme.discomap.eea.europa.eu/fmedatastreaming/AirQualityDownload/AQData_Extract.fmw?CountryCode=BE&CityName=&Pollutant=6001&Year_from=2016&Year_to=2016&Station=STA-BETN060&Samplingpoint=&Source=E1a&Output=HTML&UpdateDate="
"Belgium","NET-Wallonia","Wallonia","BETR510","45R510 - CHATELINEAU","SPO-BETR510_00005_100","PM10","Particulate matter < 10 µm (aerosol)","P1Y-P1D-per90.4","1 year 90.4 percentile - COMPLIANCE","2016","35.021","ug/m3","100.00","1","Background","Suburban","4.5211","50.4164","118.0","Charleroi                                                                       ","BE004C1                                           ","203314","E1a/validated data AQ e-Reporting","18/03/2023 22:08:35","http://fme.discomap.eea.europa.eu/fmedatastreaming/AirQualityDownload/AQData_Extract.fmw?CountryCode=BE&CityName=&Pollutant=5&Year_from=2016&Year_to=2016&Station=STA-BETR510&Samplingpoint=&Source=E1a&Output=HTML&UpdateDate="
"Belgium","NET-Wallonia","Wallonia","BETN121","43N121 - OFFAGNE","SPO-BETN121_00007_100","O3","Ozone (air)","SOMO35","Sum of Ozone Means Over 35 ppb","2016","2701.901","ug/m3","96.99","1","Background","Rural","5.2024","49.8771","430.0","","","","E1a/validated data AQ e-Reporting","18/03/2023 22:59:23","http://fme.discomap.eea.europa.eu/fmedatastreaming/AirQualityDownload/AQData_Extract.fmw?CountryCode=BE&CityName=&Pollutant=7&Year_from=2016&Year_to=2016&Station=STA-BETN121&Samplingpoint=&Source=E1a&Output=HTML&UpdateDate="
"Belgium","NET-Wallonia","Wallonia","BEVN113","50N113 - SAINT-ODE","SPO-BEVN113_06006_100","trans-H3C-CH=CH-CH3","trans-2-Butene (air)","P1Y","Annual mean / 1 calendar year","2016","0.000","ug/m3","42.90","1","Background","Rural","5.5930","50.0270","510.0","","","","E1a/validated data AQ e-Reporting","18/03/2023 21:08:58","http://fme.discomap.eea.europa.eu/fmedatastreaming/AirQualityDownload/AQData_Extract.fmw?CountryCode=BE&CityName=&Pollutant=6006&Year_from=2016&Year_to=2016&Station=STA-BEVN113&Samplingpoint=&Source=E1a&Output=HTML&UpdateDate="
"Belgium","NET-Flanders","Flanders","BETM702","44M702 - ERTVELDE","SPO-BETM702_00008_100","NO2","Nitrogen dioxide (air)","P1Y-day-max","1 year day max","2016","66.273","ug/m3","97.27","1","Industrial","Rural","3.7621","51.1660","5.0","","","","E1a/validated data AQ e-Reporting","18/03/2023 21:43:56","http://fme.discomap.eea.europa.eu/fmedatastreaming/AirQualityDownload/AQData_Extract.fmw?CountryCode=BE&CityName=&Pollutant=8&Year_from=2016&Year_to=2016&Station=STA-BETM702&Samplingpoint=&Source=E1a&Output=HTML&UpdateDate="
"Belgium","NET-Flanders","Flanders","BETN012","44N012 - MOERKERKE","SPO-BETN012_00007_100","O3","Ozone (air)","P3Y-dmaxAbove120","Daymax exceed 120 averaged over 3 consecutive years","2016","6.667","count","100.00","1","Background","Rural","3.3625","51.2546","3.0","","","","E1a/validated data AQ e-Reporting","18/03/2023 22:34:54","http://fme.discomap.eea.europa.eu/fmedatastreaming/AirQualityDownload/AQData_Extract.fmw?CountryCode=BE&CityName=&Pollutant=7&Year_from=2016&Year_to=2016&Station=STA-BETN012&Samplingpoint=&Source=E1a&Output=HTML&UpdateDate="
"Belgium","NET-Flanders","Flanders","BEMHB18","00HB18 - HOBOKEN","SPO-BEMHB18_05015_100","Ni in PM10","Nickel in PM10 (aerosol)","P1Y","Annual mean / 1 calendar year","2016","1.629","ng/m3","95.90","1","Industrial","Suburban","4.3441","51.1739","10.0","Antwerpen                                                                       ","BE002C1                                           ","530014","E1a/validated data AQ e-Reporting","18/03/2023 21:08:58","http://fme.discomap.eea.europa.eu/fmedatastreaming/AirQualityDownload/AQData_Extract.fmw?CountryCode=BE&CityName=&Pollutant=5015&Year_from=2016&Year_to=2016&Station=STA-BEMHB18&Samplingpoint=&Source=E1a&Output=HTML&UpdateDate="
"Belgium","NET-Flanders","Flanders","BETN027","42N027 - BREE","SPO-BETN027_00008_100","NO2","Nitrogen dioxide (air)","P1Y-3hAbove400","3 consecutive hours in exceedance of 400","2016","0.000","count","96.24","1","Background","Rural","5.6067","51.1337","48.0","","","","E1a/validated data AQ e-Reporting","18/03/2023 22:22:30","http://fme.discomap.eea.europa.eu/fmedatastreaming/AirQualityDownload/AQData_Extract.fmw?CountryCode=BE&CityName=&Pollutant=8&Year_from=2016&Year_to=2016&Station=STA-BETN027&Samplingpoint=&Source=E1a&Output=HTML&UpdateDate="
"Belgium","NET-Flanders","Flanders","BETN029","44N029 - HOUTEM","SPO-BETN029_00001_100","SO2","Sulphur dioxide (air)","P1Y-hr-max-per99.73","1 year 99.73 %ile of hourly values in a given year","2016","6.000","ug/m3","96.66","1","Background","Rural","2.5823","51.0163","2.0","","","","E1a/validated data AQ e-Reporting","18/03/2023 22:06:23","http://fme.discomap.eea.europa.eu/fmedatastreaming/AirQualityDownload/AQData_Extract.fmw?CountryCode=BE&CityName=&Pollutant=1&Year_from=2016&Year_to=2016&Station=STA-BETN029&Samplingpoint=&Source=E1a&Output=HTML&UpdateDate="
"Belgium","NET-Flanders","Flanders","BETR803","42R803 - ANTWERPEN","SPO-BETR803_00005_100","PM10","Particulate matter < 10 µm (aerosol)","P1Y-P1D-per99","1 year 99 percentile of daily means (P1D) or .../aq/primaryObservation/day","2016","56.475","ug/m3","95.90","1","Background","Urban","4.4285","51.2286","0.0","Antwerpen                                                                       ","BE002C1                                           ","530014","E1a/validated data AQ e-Reporting","18/03/2023 22:09:38","http://fme.discomap.eea.europa.eu/fmedatastreaming/AirQualityDownload/AQData_Extract.fmw?CountryCode=BE&CityName=&Pollutant=5&Year_from=2016&Year_to=2016&Station=STA-BETR803&Samplingpoint=&Source=E1a&Output=HTML&UpdateDate="
"Belgium","NET-Wallonia","Wallonia","BETR223","43R223 - JEMEPPE","SPO-BETR223_00010_100","CO","Carbon monoxide (air)","P1Y-dx-max","1 year day max max","2016","1.429","mg/m3","99.73","1","Industrial","Suburban","5.5164","50.6207","50.0","Liège                                                                           ","BE005C1                                           ","383700","E1a/validated data AQ e-Reporting","18/03/2023 21:44:39","http://fme.discomap.eea.europa.eu/fmedatastreaming/AirQualityDownload/AQData_Extract.fmw?CountryCode=BE&CityName=&Pollutant=10&Year_from=2016&Year_to=2016&Station=STA-BETR223&Samplingpoint=&Source=E1a&Output=HTML&UpdateDate="
"Belgium","NET-Wallonia","Wallonia","BETN070","43N070 - MONS","SPO-BETN070_00010_100","CO","Carbon monoxide (air)","P1Y-hr-max","1 year hour max","2016","1.230","mg/m3","97.36","1","Background","Suburban","3.9397","50.4652","30.0","Mons                                                                            ","BE009C1                                           ","95922","E1a/validated data AQ e-Reporting","18/03/2023 21:57:02","http://fme.discomap.eea.europa.eu/fmedatastreaming/AirQualityDownload/AQData_Extract.fmw?CountryCode=BE&CityName=&Pollutant=10&Year_from=2016&Year_to=2016&Station=STA-BETN070&Samplingpoint=&Source=E1a&Output=HTML&UpdateDate="
"Belgium","NET-Wallonia","Wallonia","BETN132","43N132 - HABAY-LA-N.","SPO-BETN132_00001_100","SO2","Sulphur dioxide (air)","P1Y-day-min","1 year day min","2016","0.000","ug/m3","99.45","1","Background","Rural","5.6304","49.7193","375.0","","","","E1a/validated data AQ e-Reporting","18/03/2023 21:54:56","http://fme.discomap.eea.europa.eu/fmedatastreaming/AirQualityDownload/AQData_Extract.fmw?CountryCode=BE&CityName=&Pollutant=1&Year_from=2016&Year_to=2016&Station=STA-BETN132&Samplingpoint=&Source=E1a&Output=HTML&UpdateDate="
"Belgium","NET-Wallonia","Wallonia","BETN132","43N132 - HABAY-LA-N.","SPO-BETN132_00001_100","SO2","Sulphur dioxide (air)","P1Y-daysAbove125","1 year day exceed 125","2016","0.000","count","99.45","1","Background","Rural","5.6304","49.7193","375.0","","","","E1a/validated data AQ e-Reporting","18/03/2023 22:23:37","http://fme.discomap.eea.europa.eu/fmedatastreaming/AirQualityDownload/AQData_Extract.fmw?CountryCode=BE&CityName=&Pollutant=1&Year_from=2016&Year_to=2016&Station=STA-BETN132&Samplingpoint=&Source=E1a&Output=HTML&UpdateDate="
"Belgium","NET-Wallonia","Wallonia","BETN073","43N073 - VEZIN","SPO-BETN073_00008_100","NO2","Nitrogen dioxide (air)","P1Y-day-min","1 year day min","2016","1.810","ug/m3","100.00","1","Background","Rural","4.9884","50.5027","160.0","","","","E1a/validated data AQ e-Reporting","18/03/2023 21:56:03","http://fme.discomap.eea.europa.eu/fmedatastreaming/AirQualityDownload/AQData_Extract.fmw?CountryCode=BE&CityName=&Pollutant=8&Year_from=2016&Year_to=2016&Station=STA-BETN073&Samplingpoint=&Source=E1a&Output=HTML&UpdateDate="
"Belgium","NET-Wallonia","Wallonia","BEVMOU1","5MOU01 - MOUSCRON","SPO-BEVMOU1_00443_100","C6H14","n-Hexane (air)","P1Y","Annual mean / 1 calendar year","2016","0.000","ug/m3","49.73","1","Industrial","Suburban","3.2414","50.7532","42.0","Mouscron                                                                        ","BE013C1                                           ","58862","E1a/validated data AQ e-Reporting","18/03/2023 21:08:58","http://fme.discomap.eea.europa.eu/fmedatastreaming/AirQualityDownload/AQData_Extract.fmw?CountryCode=BE&CityName=&Pollutant=443&Year_from=2016&Year_to=2016&Station=STA-BEVMOU1&Samplingpoint=&Source=E1a&Output=HTML&UpdateDate="
"Belgium","NET-Wallonia","Wallonia","BETN063","43N063 - CORROY L.G.","SPO-BETN063_06001_100","PM2.5","Particulate matter < 2.5 µm (aerosol)","P1Y-day-max","1 year day max","2016","45.463","ug/m3","100.00","1","Background","Rural","4.6683","50.6554","145.0","","","","E1a/validated data AQ e-Reporting","18/03/2023 21:43:22","http://fme.discomap.eea.europa.eu/fmedatastreaming/AirQualityDownload/AQData_Extract.fmw?CountryCode=BE&CityName=&Pollutant=6001&Year_from=2016&Year_to=2016&Station=STA-BETN063&Samplingpoint=&Source=E1a&Output=HTML&UpdateDate="
"Belgium","NET-Wallonia","Wallonia","BETN121","43N121 - OFFAGNE","SPO-BETN121_00008_100","NO2","Nitrogen dioxide (air)","P1Y-hr-min","1 year hour min","2016","0.000","ug/m3","97.02","1","Background","Rural","5.2024","49.8771","430.0","","","","E1a/validated data AQ e-Reporting","18/03/2023 22:31:20","http://fme.discomap.eea.europa.eu/fmedatastreaming/AirQualityDownload/AQData_Extract.fmw?CountryCode=BE&CityName=&Pollutant=8&Year_from=2016&Year_to=2016&Station=STA-BETN121&Samplingpoint=&Source=E1a&Output=HTML&UpdateDate="
"Belgium","NET-Wallonia","Wallonia","BEVN520","50N520 - PERUWELZ","SPO-BEVN520_00451_100","CH2=CH-C(CH3)=CH2","Isoprene (2-methyl-1,3-butadiene) (air)","P1Y","Annual mean / 1 calendar year","2016","0.000","ug/m3","48.09","1","Background","Suburban","3.5943","50.5055","30.0","","","","E1a/validated data AQ e-Reporting","18/03/2023 21:08:58","http://fme.discomap.eea.europa.eu/fmedatastreaming/AirQualityDownload/AQData_Extract.fmw?CountryCode=BE&CityName=&Pollutant=451&Year_from=2016&Year_to=2016&Station=STA-BEVN520&Samplingpoint=&Source=E1a&Output=HTML&UpdateDate="
"Belgium","NET-Wallonia","Wallonia","BETR222","43R222 - SERAING","SPO-BETR222_06001_100","PM2.5","Particulate matter < 2.5 µm (aerosol)","P3Y","3 subsequent calendar years mean","2016","11.083","ug/m3","98.58","1","Background","Suburban","5.5702","50.6134","65.0","Liège                                                                           ","BE005C1                                           ","383700","E1a/validated data AQ e-Reporting","18/03/2023 21:36:00","http://fme.discomap.eea.europa.eu/fmedatastreaming/AirQualityDownload/AQData_Extract.fmw?CountryCode=BE&CityName=&Pollutant=6001&Year_from=2016&Year_to=2016&Station=STA-BETR222&Samplingpoint=&Source=E1a&Output=HTML&UpdateDate="
"Belgium","NET-Wallonia","Wallonia","BEVN520","50N520 - PERUWELZ","SPO-BEVN520_00486_100","H3C-(CH2)3-CH3","n-Pentane (air)","P1Y","Annual mean / 1 calendar year","2016","0.000","ug/m3","48.09","1","Background","Suburban","3.5943","50.5055","30.0","","","","E1a/validated data AQ e-Reporting","18/03/2023 21:08:58","http://fme.discomap.eea.europa.eu/fmedatastreaming/AirQualityDownload/AQData_Extract.fmw?CountryCode=BE&CityName=&Pollutant=486&Year_from=2016&Year_to=2016&Station=STA-BEVN520&Samplingpoint=&Source=E1a&Output=HTML&UpdateDate="
"Belgium","NET-Flanders","Flanders","BEVLU11","59LU11 - LEUVEN","SPO-BEVLU11_00454_100","C9H20","n-Nonane (air)","P1Y","Annual mean / 1 calendar year","2016","0.000","ug/m3","87.98","1","Background","Suburban","4.6911","50.8797","0.0","Leuven                                                                          ","BE008C1                                           ","101625","E1a/validated data AQ e-Reporting","18/03/2023 21:08:58","http://fme.discomap.eea.europa.eu/fmedatastreaming/AirQualityDownload/AQData_Extract.fmw?CountryCode=BE&CityName=&Pollutant=454&Year_from=2016&Year_to=2016&Station=STA-BEVLU11&Samplingpoint=&Source=E1a&Output=HTML&UpdateDate="
"Belgium","NET-Flanders","Flanders","BELSZ02","40SZ02 - STEENOKKERZ","SPO-BELSZ02_00008_100","NO2","Nitrogen dioxide (air)","P1Y-hrsAbove200","1 year hour exceed 200","2016","0.000","count","96.47","1","Industrial","Rural","4.5122","50.9130","15.0","","","","E1a/validated data AQ e-Reporting","18/03/2023 21:48:42","http://fme.discomap.eea.europa.eu/fmedatastreaming/AirQualityDownload/AQData_Extract.fmw?CountryCode=BE&CityName=&Pollutant=8&Year_from=2016&Year_to=2016&Station=STA-BELSZ02&Samplingpoint=&Source=E1a&Output=HTML&UpdateDate="
"Belgium","NET-Brussels","Brussels","BETWOL1","41WOL1 - WOL.ST.L.","SPO-BETWOL1_00008_100","NO2","Nitrogen dioxide (air)","P1Y-hr-max-per99.79","1 year 99.79 %ile of hourly values in a given year","2016","97.500","ug/m3","96.81","1","Traffic","Suburban","4.4258","50.8567","78.0","Bruxelles / Brussel                                                             ","BE001C1                                           ","1223364","E1a/validated data AQ e-Reporting","18/03/2023 22:07:35","http://fme.discomap.eea.europa.eu/fmedatastreaming/AirQualityDownload/AQData_Extract.fmw?CountryCode=BE&CityName=&Pollutant=8&Year_from=2016&Year_to=2016&Station=STA-BETWOL1&Samplingpoint=&Source=E1a&Output=HTML&UpdateDate="
"Belgium","NET-Flanders","Flanders","BETR020","42R020 - VILVOORDE","SPO-BETR020_00010_100","CO","Carbon monoxide (air)","P1Y-hr-per50","1 year 50 percentile","2016","0.220","mg/m3","96.60","1","Background","Suburban","4.4367","50.9414","12.0","","","","E1a/validated data AQ e-Reporting","18/03/2023 22:05:49","http://fme.discomap.eea.europa.eu/fmedatastreaming/AirQualityDownload/AQData_Extract.fmw?CountryCode=BE&CityName=&Pollutant=10&Year_from=2016&Year_to=2016&Station=STA-BETR020&Samplingpoint=&Source=E1a&Output=HTML&UpdateDate="
"Belgium","NET-Flanders","Flanders","BETR701","44R701 - GENT","SPO-BETR701_00001_100","SO2","Sulphur dioxide (air)","P1Y-hr-min","1 year hour min","2016","1.000","ug/m3","96.88","1","Background","Urban","3.7293","51.0583","5.0","Gent                                                                            ","BE003C1                                           ","263687","E1a/validated data AQ e-Reporting","18/03/2023 22:31:20","http://fme.discomap.eea.europa.eu/fmedatastreaming/AirQualityDownload/AQData_Extract.fmw?CountryCode=BE&CityName=&Pollutant=1&Year_from=2016&Year_to=2016&Station=STA-BETR701&Samplingpoint=&Source=E1a&Output=HTML&UpdateDate="
"Belgium","NET-Flanders","Flanders","BETR831","42R831 - BERENDRECHT","SPO-BETR831_06001_100","PM2.5","Particulate matter < 2.5 µm (aerosol)","P1Y-hr-max","1 year hour max","2016","110.500","ug/m3","99.85","1","Industrial","Rural","4.3397","51.3488","3.0","Antwerpen                                                                       ","BE002C1                                           ","530014","E1a/validated data AQ e-Reporting","18/03/2023 21:57:02","http://fme.discomap.eea.europa.eu/fmedatastreaming/AirQualityDownload/AQData_Extract.fmw?CountryCode=BE&CityName=&Pollutant=6001&Year_from=2016&Year_to=2016&Station=STA-BETR831&Samplingpoint=&Source=E1a&Output=HTML&UpdateDate="
"Belgium","NET-Wallonia","Wallonia","BETN093","43N093 - SINSIN","SPO-BETN093_00005_100","PM10","Particulate matter < 10 µm (aerosol)","P1Y-P1D-per99","1 year 99 percentile of daily means (P1D) or .../aq/primaryObservation/day","2016","42.521","ug/m3","97.27","1","Background","Rural","5.2352","50.2745","265.0","","","","E1a/validated data AQ e-Reporting","18/03/2023 22:09:38","http://fme.discomap.eea.europa.eu/fmedatastreaming/AirQualityDownload/AQData_Extract.fmw?CountryCode=BE&CityName=&Pollutant=5&Year_from=2016&Year_to=2016&Station=STA-BETN093&Samplingpoint=&Source=E1a&Output=HTML&UpdateDate="
"Belgium","NET-Wallonia","Wallonia","BETR222","43R222 - SERAING","SPO-BETR222_00005_100","PM10","Particulate matter < 10 µm (aerosol)","P1Y-day-min","1 year day min","2016","0.089","ug/m3","96.99","1","Background","Suburban","5.5702","50.6134","65.0","Liège                                                                           ","BE005C1                                           ","383700","E1a/validated data AQ e-Reporting","18/03/2023 21:55:13","http://fme.discomap.eea.europa.eu/fmedatastreaming/AirQualityDownload/AQData_Extract.fmw?CountryCode=BE&CityName=&Pollutant=5&Year_from=2016&Year_to=2016&Station=STA-BETR222&Samplingpoint=&Source=E1a&Output=HTML&UpdateDate="
"Belgium","NET-Wallonia","Wallonia","BEVN060","50N060 - HAVINNES","SPO-BEVN060_00020_100","C6H6","Benzene (air)","P1Y-day-max","1 year day max","2016","2.230","ug/m3","49.73","1","Background","Suburban","3.4576","50.6167","0.0","","","","E1a/validated data AQ e-Reporting","18/03/2023 21:43:39","http://fme.discomap.eea.europa.eu/fmedatastreaming/AirQualityDownload/AQData_Extract.fmw?CountryCode=BE&CityName=&Pollutant=20&Year_from=2016&Year_to=2016&Station=STA-BEVN060&Samplingpoint=&Source=E1a&Output=HTML&UpdateDate="
"Belgium","NET-Wallonia","Wallonia","BETR512","45R512 - MARCHIENNE","SPO-BETR512_06001_100","PM2.5","Particulate matter < 2.5 µm (aerosol)","P1Y-hr-max","1 year hour max","2016","117.243","ug/m3","99.27","1","Industrial","Suburban","4.3959","50.4078","107.0","Charleroi                                                                       ","BE004C1                                           ","203314","E1a/validated data AQ e-Reporting","18/03/2023 21:57:02","http://fme.discomap.eea.europa.eu/fmedatastreaming/AirQualityDownload/AQData_Extract.fmw?CountryCode=BE&CityName=&Pollutant=6001&Year_from=2016&Year_to=2016&Station=STA-BETR512&Samplingpoint=&Source=E1a&Output=HTML&UpdateDate="
"Belgium","NET-Wallonia","Wallonia","BEVN063","50N063 - CORROY L.G.","SPO-BEVN063_00316_100","(CH3)2-CH-CH2-CH2-CH3","i-Hexane (2-methylpentane) (air)","P1Y","Annual mean / 1 calendar year","2016","0.000","ug/m3","45.08","1","Background","Rural","4.6683","50.6554","145.0","","","","E1a/validated data AQ e-Reporting","18/03/2023 21:08:58","http://fme.discomap.eea.europa.eu/fmedatastreaming/AirQualityDownload/AQData_Extract.fmw?CountryCode=BE&CityName=&Pollutant=316&Year_from=2016&Year_to=2016&Station=STA-BEVN063&Samplingpoint=&Source=E1a&Output=HTML&UpdateDate="
"Belgium","NET-Wallonia","Wallonia","BEMAND1","0AND01 - ANDENNE","SPO-BEMAND1_05014_100","Cd in PM10","Cadmium in PM10 (aerosol)","P1Y","Annual mean / 1 calendar year","2016","0.983","ng/m3","98.35","1","Industrial","Suburban","5.0420","50.4972","90.0","","","","E1a/validated data AQ e-Reporting","18/03/2023 21:08:58","http://fme.discomap.eea.europa.eu/fmedatastreaming/AirQualityDownload/AQData_Extract.fmw?CountryCode=BE&CityName=&Pollutant=5014&Year_from=2016&Year_to=2016&Station=STA-BEMAND1&Samplingpoint=&Source=E1a&Output=HTML&UpdateDate="
"Belgium","NET-Wallonia","Wallonia","BETR512","45R512 - MARCHIENNE","SPO-BETR512_00008_100","NO2","Nitrogen dioxide (air)","P1Y-3hAbove400","3 consecutive hours in exceedance of 400","2016","0.000","count","97.43","1","Industrial","Suburban","4.3959","50.4078","107.0","Charleroi                                                                       ","BE004C1                                           ","203314","E1a/validated data AQ e-Reporting","18/03/2023 22:22:30","http://fme.discomap.eea.europa.eu/fmedatastreaming/AirQualityDownload/AQData_Extract.fmw?CountryCode=BE&CityName=&Pollutant=8&Year_from=2016&Year_to=2016&Station=STA-BETR512&Samplingpoint=&Source=E1a&Output=HTML&UpdateDate="
"Belgium","NET-Wallonia","Wallonia","BETN121","43N121 - OFFAGNE","SPO-BETN121_06001_100","PM2.5","Particulate matter < 2.5 µm (aerosol)","P3Y","3 subsequent calendar years mean","2016","7.859","ug/m3","98.91","1","Background","Rural","5.2024","49.8771","430.0","","","","E1a/validated data AQ e-Reporting","18/03/2023 21:36:00","http://fme.discomap.eea.europa.eu/fmedatastreaming/AirQualityDownload/AQData_Extract.fmw?CountryCode=BE&CityName=&Pollutant=6001&Year_from=2016&Year_to=2016&Station=STA-BETN121&Samplingpoint=&Source=E1a&Output=HTML&UpdateDate="
"Belgium","NET-Wallonia","Wallonia","BETR511","45R511 - MARCINELLE","SPO-BETR511_06001_100","PM2.5","Particulate matter < 2.5 µm (aerosol)","P1Y-day-min","1 year day min","2016","0.000","ug/m3","96.99","1","Background","Suburban","4.4247","50.3776","157.0","Charleroi                                                                       ","BE004C1                                           ","203314","E1a/validated data AQ e-Reporting","18/03/2023 21:55:29","http://fme.discomap.eea.europa.eu/fmedatastreaming/AirQualityDownload/AQData_Extract.fmw?CountryCode=BE&CityName=&Pollutant=6001&Year_from=2016&Year_to=2016&Station=STA-BETR511&Samplingpoint=&Source=E1a&Output=HTML&UpdateDate="
"Belgium","NET-Wallonia","Wallonia","BETR512","45R512 - MARCHIENNE","SPO-BETR512_00001_100","SO2","Sulphur dioxide (air)","P1Y-hr-min","1 year hour min","2016","0.000","ug/m3","89.95","1","Industrial","Suburban","4.3959","50.4078","107.0","Charleroi                                                                       ","BE004C1                                           ","203314","E1a/validated data AQ e-Reporting","18/03/2023 22:31:20","http://fme.discomap.eea.europa.eu/fmedatastreaming/AirQualityDownload/AQData_Extract.fmw?CountryCode=BE&CityName=&Pollutant=1&Year_from=2016&Year_to=2016&Station=STA-BETR512&Samplingpoint=&Source=E1a&Output=HTML&UpdateDate="
"Belgium","NET-Wallonia","Wallonia","BEVMOU1","5MOU01 - MOUSCRON","SPO-BEVMOU1_00082_100","trans-H3C-HC=CH-CH2-CH3","trans-2-Pentene (air)","P1Y","Annual mean / 1 calendar year","2016","0.000","ug/m3","49.73","1","Industrial","Suburban","3.2414","50.7532","42.0","Mouscron                                                                        ","BE013C1                                           ","58862","E1a/validated data AQ e-Reporting","18/03/2023 21:08:58","http://fme.discomap.eea.europa.eu/fmedatastreaming/AirQualityDownload/AQData_Extract.fmw?CountryCode=BE&CityName=&Pollutant=82&Year_from=2016&Year_to=2016&Station=STA-BEVMOU1&Samplingpoint=&Source=E1a&Output=HTML&UpdateDate="
"Belgium","NET-Wallonia","Wallonia","BETR512","45R512 - MARCHIENNE","SPO-BETR512_00001_100","SO2","Sulphur dioxide (air)","P1Y-day-max-per99.18","1 year 99.18 percentile of daily maximum","2016","5.435","ug/m3","91.26","1","Industrial","Suburban","4.3959","50.4078","107.0","Charleroi                                                                       ","BE004C1                                           ","203314","E1a/validated data AQ e-Reporting","18/03/2023 22:12:16","http://fme.discomap.eea.europa.eu/fmedatastreaming/AirQualityDownload/AQData_Extract.fmw?CountryCode=BE&CityName=&Pollutant=1&Year_from=2016&Year_to=2016&Station=STA-BETR512&Samplingpoint=&Source=E1a&Output=HTML&UpdateDate="
"Belgium","NET-Wallonia","Wallonia","BEVN066","50N066 - EUPEN","SPO-BEVN066_00482_100","o-C6H4-(CH3)2","o-Xylene (air)","P1Y","Annual mean / 1 calendar year","2016","0.000","ug/m3","50.00","1","Background","Rural","6.0023","50.6289","295.0","","","","E1a/validated data AQ e-Reporting","18/03/2023 21:08:58","http://fme.discomap.eea.europa.eu/fmedatastreaming/AirQualityDownload/AQData_Extract.fmw?CountryCode=BE&CityName=&Pollutant=482&Year_from=2016&Year_to=2016&Station=STA-BEVN066&Samplingpoint=&Source=E1a&Output=HTML&UpdateDate="
"Belgium","NET-Wallonia","Wallonia","BETN070","43N070 - MONS","SPO-BETN070_00007_100","O3","Ozone (air)","P1Y-hr-min","1 year hour min","2016","1.000","ug/m3","96.33","1","Background","Suburban","3.9397","50.4652","30.0","Mons                                                                            ","BE009C1                                           ","95922","E1a/validated data AQ e-Reporting","18/03/2023 22:31:20","http://fme.discomap.eea.europa.eu/fmedatastreaming/AirQualityDownload/AQData_Extract.fmw?CountryCode=BE&CityName=&Pollutant=7&Year_from=2016&Year_to=2016&Station=STA-BETN070&Samplingpoint=&Source=E1a&Output=HTML&UpdateDate="
"Belgium","NET-Wallonia","Wallonia","BEVR240","50R240 - ENGIS","SPO-BEVR240_00394_100","H3C-CH2-CH2-CH3","n-Butane (air)","P1Y","Annual mean / 1 calendar year","2016","0.001","ug/m3","46.72","1","Industrial","Suburban","5.3975","50.5836","135.0","","","","E1a/validated data AQ e-Reporting","18/03/2023 21:08:58","http://fme.discomap.eea.europa.eu/fmedatastreaming/AirQualityDownload/AQData_Extract.fmw?CountryCode=BE&CityName=&Pollutant=394&Year_from=2016&Year_to=2016&Station=STA-BEVR240&Samplingpoint=&Source=E1a&Output=HTML&UpdateDate="
"Belgium","NET-Wallonia","Wallonia","BETR222","43R222 - SERAING","SPO-BETR222_00008_100","NO2","Nitrogen dioxide (air)","P1Y-hrsAbove400","1 year hour exceed 400","2016","0.000","count","93.59","1","Background","Suburban","5.5702","50.6134","65.0","Liège                                                                           ","BE005C1                                           ","383700","E1a/validated data AQ e-Reporting","18/03/2023 21:54:38","http://fme.discomap.eea.europa.eu/fmedatastreaming/AirQualityDownload/AQData_Extract.fmw?CountryCode=BE&CityName=&Pollutant=8&Year_from=2016&Year_to=2016&Station=STA-BETR222&Samplingpoint=&Source=E1a&Output=HTML&UpdateDate="
"Belgium","NET-Flanders","Flanders","BETN045","42N045 - HASSELT","SPO-BETN045_00008_100","NO2","Nitrogen dioxide (air)","P1Y-day-per50","1 year 50 %ile of daily values in a year","2016","21.913","ug/m3","98.91","1","Background","Suburban","5.3684","50.9397","41.0","","","","E1a/validated data AQ e-Reporting","18/03/2023 22:14:21","http://fme.discomap.eea.europa.eu/fmedatastreaming/AirQualityDownload/AQData_Extract.fmw?CountryCode=BE&CityName=&Pollutant=8&Year_from=2016&Year_to=2016&Station=STA-BETN045&Samplingpoint=&Source=E1a&Output=HTML&UpdateDate="
"Belgium","NET-Flanders","Flanders","BETR701","44R701 - GENT","SPO-BETR701_00008_100","NO2","Nitrogen dioxide (air)","P1Y","Annual mean / 1 calendar year","2016","28.511","ug/m3","94.79","1","Background","Urban","3.7293","51.0583","5.0","Gent                                                                            ","BE003C1                                           ","263687","E1a/validated data AQ e-Reporting","18/03/2023 21:08:58","http://fme.discomap.eea.europa.eu/fmedatastreaming/AirQualityDownload/AQData_Extract.fmw?CountryCode=BE&CityName=&Pollutant=8&Year_from=2016&Year_to=2016&Station=STA-BETR701&Samplingpoint=&Source=E1a&Output=HTML&UpdateDate="
"Belgium","NET-Flanders","Flanders","BETN054","42N054 - WALSHOUTEM","SPO-BETN054_00005_100","PM10","Particulate matter < 10 µm (aerosol)","P1Y-P1D-per90.41","1 year 90.41 percentile","2016","33.183","ug/m3","97.81","1","Background","Rural","5.1032","50.7117","135.0","","","","E1a/validated data AQ e-Reporting","18/03/2023 22:09:05","http://fme.discomap.eea.europa.eu/fmedatastreaming/AirQualityDownload/AQData_Extract.fmw?CountryCode=BE&CityName=&Pollutant=5&Year_from=2016&Year_to=2016&Station=STA-BETN054&Samplingpoint=&Source=E1a&Output=HTML&UpdateDate="
"Belgium","NET-Flanders","Flanders","BETR805","42R805 - ANTWERPEN","SPO-BETR805_00008_100","NO2","Nitrogen dioxide (air)","P1Y-hr-max19","1 year hour max19","2016","122.000","ug/m3","95.46","1","Traffic","Urban","4.4216","51.2082","6.0","Antwerpen                                                                       ","BE002C1                                           ","530014","E1a/validated data AQ e-Reporting","18/03/2023 22:34:35","http://fme.discomap.eea.europa.eu/fmedatastreaming/AirQualityDownload/AQData_Extract.fmw?CountryCode=BE&CityName=&Pollutant=8&Year_from=2016&Year_to=2016&Station=STA-BETR805&Samplingpoint=&Source=E1a&Output=HTML&UpdateDate="
"Belgium","NET-Flanders","Flanders","BETE008","47E008 - Grimbergen","SPO-BETE008_00008_100","NO2","Nitrogen dioxide (air)","P1Y-day-max","1 year day max","2016","86.125","ug/m3","97.81","1","Industrial","Rural","4.3959","50.9261","14.0","","","","E1a/validated data AQ e-Reporting","18/03/2023 21:43:56","http://fme.discomap.eea.europa.eu/fmedatastreaming/AirQualityDownload/AQData_Extract.fmw?CountryCode=BE&CityName=&Pollutant=8&Year_from=2016&Year_to=2016&Station=STA-BETE008&Samplingpoint=&Source=E1a&Output=HTML&UpdateDate="
"Belgium","NET-Flanders","Flanders","BETE703","47E703 - OOSTEEKLO","SPO-BETE703_00008_100","NO2","Nitrogen dioxide (air)","P1Y-day-min","1 year day min","2016","1.400","ug/m3","97.27","1","Industrial","Rural","3.6873","51.1903","0.0","","","","E1a/validated data AQ e-Reporting","18/03/2023 21:56:03","http://fme.discomap.eea.europa.eu/fmedatastreaming/AirQualityDownload/AQData_Extract.fmw?CountryCode=BE&CityName=&Pollutant=8&Year_from=2016&Year_to=2016&Station=STA-BETE703&Samplingpoint=&Source=E1a&Output=HTML&UpdateDate="
"Belgium","NET-Wallonia","Wallonia","BETN066","43N066 - EUPEN","SPO-BETN066_00001_100","SO2","Sulphur dioxide (air)","P1Y-hr-max","1 year hour max","2016","17.500","ug/m3","95.99","1","Background","Rural","6.0023","50.6289","295.0","","","","E1a/validated data AQ e-Reporting","18/03/2023 21:57:02","http://fme.discomap.eea.europa.eu/fmedatastreaming/AirQualityDownload/AQData_Extract.fmw?CountryCode=BE&CityName=&Pollutant=1&Year_from=2016&Year_to=2016&Station=STA-BETN066&Samplingpoint=&Source=E1a&Output=HTML&UpdateDate="
"Belgium","NET-Wallonia","Wallonia","BETN066","43N066 - EUPEN","SPO-BETN066_00001_100","SO2","Sulphur dioxide (air)","P1Y-P1D-per99","1 year 99 percentile of daily means (P1D) or .../aq/primaryObservation/day","2016","2.043","ug/m3","98.63","1","Background","Rural","6.0023","50.6289","295.0","","","","E1a/validated data AQ e-Reporting","18/03/2023 22:11:00","http://fme.discomap.eea.europa.eu/fmedatastreaming/AirQualityDownload/AQData_Extract.fmw?CountryCode=BE&CityName=&Pollutant=1&Year_from=2016&Year_to=2016&Station=STA-BETN066&Samplingpoint=&Source=E1a&Output=HTML&UpdateDate="
"Belgium","NET-Wallonia","Wallonia","BETR240","43R240 - ENGIS","SPO-BETR240_00007_100","O3","Ozone (air)","AOT40c","AOT40 vegetation protection","2016","8535.485","ug/m3","91.39","1","Industrial","Suburban","5.3975","50.5836","135.0","","","","E1a/validated data AQ e-Reporting","18/03/2023 23:06:29","http://fme.discomap.eea.europa.eu/fmedatastreaming/AirQualityDownload/AQData_Extract.fmw?CountryCode=BE&CityName=&Pollutant=7&Year_from=2016&Year_to=2016&Station=STA-BETR240&Samplingpoint=&Source=E1a&Output=HTML&UpdateDate="
"Belgium","NET-Wallonia","Wallonia","BETR223","43R223 - JEMEPPE","SPO-BETR223_00005_100","PM10","Particulate matter < 10 µm (aerosol)","P1Y-hr-min","1 year hour min","2016","0.000","ug/m3","99.51","1","Industrial","Suburban","5.5164","50.6207","50.0","Liège                                                                           ","BE005C1                                           ","383700","E1a/validated data AQ e-Reporting","18/03/2023 22:31:20","http://fme.discomap.eea.europa.eu/fmedatastreaming/AirQualityDownload/AQData_Extract.fmw?CountryCode=BE&CityName=&Pollutant=5&Year_from=2016&Year_to=2016&Station=STA-BETR223&Samplingpoint=&Source=E1a&Output=HTML&UpdateDate="
"Belgium","NET-Wallonia","Wallonia","BETN067","43N067 - MEMBACH","SPO-BETN067_06001_100","PM2.5","Particulate matter < 2.5 µm (aerosol)","P1Y-P1D-per99","1 year 99 percentile of daily means (P1D) or .../aq/primaryObservation/day","2016","31.180","ug/m3","100.00","1","Background","Suburban","5.9928","50.6123","0.0","","","","E1a/validated data AQ e-Reporting","18/03/2023 22:10:03","http://fme.discomap.eea.europa.eu/fmedatastreaming/AirQualityDownload/AQData_Extract.fmw?CountryCode=BE&CityName=&Pollutant=6001&Year_from=2016&Year_to=2016&Station=STA-BETN067&Samplingpoint=&Source=E1a&Output=HTML&UpdateDate="
"Belgium","NET-Flanders","Flanders","BETR834","42R834 - Boom","SPO-BETR834_00008_100","NO2","Nitrogen dioxide (air)","P3Y","3 subsequent calendar years mean","2016","22.867","ug/m3","94.41","1","Background","Suburban","4.3801","51.0920","0.0","","","","E1a/validated data AQ e-Reporting","18/03/2023 21:36:00","http://fme.discomap.eea.europa.eu/fmedatastreaming/AirQualityDownload/AQData_Extract.fmw?CountryCode=BE&CityName=&Pollutant=8&Year_from=2016&Year_to=2016&Station=STA-BETR834&Samplingpoint=&Source=E1a&Output=HTML&UpdateDate="
"Belgium","NET-Flanders","Flanders","BETR811","42R811 - SCHOTEN","SPO-BETR811_00007_100","O3","Ozone (air)","P1Y","Annual mean / 1 calendar year","2016","39.669","ug/m3","93.39","1","Background","Suburban","4.4914","51.2521","8.0","","","","E1a/validated data AQ e-Reporting","18/03/2023 21:08:58","http://fme.discomap.eea.europa.eu/fmedatastreaming/AirQualityDownload/AQData_Extract.fmw?CountryCode=BE&CityName=&Pollutant=7&Year_from=2016&Year_to=2016&Station=STA-BETR811&Samplingpoint=&Source=E1a&Output=HTML&UpdateDate="
"Belgium","NET-Flanders","Flanders","BETR811","42R811 - SCHOTEN","SPO-BETR811_00007_100","O3","Ozone (air)","P1Y-hr-per50","1 year 50 percentile","2016","37.500","ug/m3","93.39","1","Background","Suburban","4.4914","51.2521","8.0","","","","E1a/validated data AQ e-Reporting","18/03/2023 22:05:49","http://fme.discomap.eea.europa.eu/fmedatastreaming/AirQualityDownload/AQData_Extract.fmw?CountryCode=BE&CityName=&Pollutant=7&Year_from=2016&Year_to=2016&Station=STA-BETR811&Samplingpoint=&Source=E1a&Output=HTML&UpdateDate="
"Belgium","NET-Flanders","Flanders","BELAL05","40AL05 - BEVEREN","SPO-BELAL05_00005_100","PM10","Particulate matter < 10 µm (aerosol)","P1Y-day-max","1 year day max","2016","71.708","ug/m3","94.54","1","Industrial","Rural","4.2789","51.2631","8.0","","","","E1a/validated data AQ e-Reporting","18/03/2023 21:43:06","http://fme.discomap.eea.europa.eu/fmedatastreaming/AirQualityDownload/AQData_Extract.fmw?CountryCode=BE&CityName=&Pollutant=5&Year_from=2016&Year_to=2016&Station=STA-BELAL05&Samplingpoint=&Source=E1a&Output=HTML&UpdateDate="
"Belgium","NET-Flanders","Flanders","BELAL05","40AL05 - BEVEREN","SPO-BELAL05_00005_100","PM10","Particulate matter < 10 µm (aerosol)","P1Y-day-max36","1 year day max 36","2016","37.729","ug/m3","94.54","1","Industrial","Rural","4.2789","51.2631","8.0","","","","E1a/validated data AQ e-Reporting","18/03/2023 22:32:47","http://fme.discomap.eea.europa.eu/fmedatastreaming/AirQualityDownload/AQData_Extract.fmw?CountryCode=BE&CityName=&Pollutant=5&Year_from=2016&Year_to=2016&Station=STA-BELAL05&Samplingpoint=&Source=E1a&Output=HTML&UpdateDate="
"Belgium","NET-Flanders","Flanders","BETN052","44N052 - ZWEVEGEM","SPO-BETN052_00008_100","NO2","Nitrogen dioxide (air)","P1Y-hr-max-per99.79","1 year 99.79 %ile of hourly values in a given year","2016","81.000","ug/m3","94.73","1","Background","Suburban","3.3225","50.8149","27.0","","","","E1a/validated data AQ e-Reporting","18/03/2023 22:07:35","http://fme.discomap.eea.europa.eu/fmedatastreaming/AirQualityDownload/AQData_Extract.fmw?CountryCode=BE&CityName=&Pollutant=8&Year_from=2016&Year_to=2016&Station=STA-BETN052&Samplingpoint=&Source=E1a&Output=HTML&UpdateDate="
"Belgium","NET-Flanders","Flanders","BETR701","44R701 - GENT","SPO-BETR701_00005_100","PM10","Particulate matter < 10 µm (aerosol)","P1Y","Annual mean / 1 calendar year","2016","28.051","ug/m3","99.86","1","Background","Urban","3.7293","51.0583","5.0","Gent                                                                            ","BE003C1                                           ","263687","E1a/validated data AQ e-Reporting","18/03/2023 21:08:58","http://fme.discomap.eea.europa.eu/fmedatastreaming/AirQualityDownload/AQData_Extract.fmw?CountryCode=BE&CityName=&Pollutant=5&Year_from=2016&Year_to=2016&Station=STA-BETR701&Samplingpoint=&Source=E1a&Output=HTML&UpdateDate="
"Belgium","NET-Wallonia","Wallonia","BEVR522","50R222 - SERAING","SPO-BEVR522_06011_100","1,2,4-C6H3(CH3)3","1,2,4-Trimethylbenzene (air)","P1Y","Annual mean / 1 calendar year","2016","0.001","ug/m3","47.54","1","Background","Suburban","5.5713","50.6105","62.0","Liège                                                                           ","BE005C1                                           ","383700","E1a/validated data AQ e-Reporting","18/03/2023 21:08:58","http://fme.discomap.eea.europa.eu/fmedatastreaming/AirQualityDownload/AQData_Extract.fmw?CountryCode=BE&CityName=&Pollutant=6011&Year_from=2016&Year_to=2016&Station=STA-BEVR522&Samplingpoint=&Source=E1a&Output=HTML&UpdateDate="
"Belgium","NET-Wallonia","Wallonia","BETN121","43N121 - OFFAGNE","SPO-BETN121_00007_100","O3","Ozone (air)","P1Y-hr-per50","1 year 50 percentile","2016","51.500","ug/m3","95.54","1","Background","Rural","5.2024","49.8771","430.0","","","","E1a/validated data AQ e-Reporting","18/03/2023 22:05:49","http://fme.discomap.eea.europa.eu/fmedatastreaming/AirQualityDownload/AQData_Extract.fmw?CountryCode=BE&CityName=&Pollutant=7&Year_from=2016&Year_to=2016&Station=STA-BETN121&Samplingpoint=&Source=E1a&Output=HTML&UpdateDate="
"Belgium","NET-Wallonia","Wallonia","BETN067","43N067 - MEMBACH","SPO-BETN067_06001_100","PM2.5","Particulate matter < 2.5 µm (aerosol)","P1Y-hr-max","1 year hour max","2016","72.277","ug/m3","99.80","1","Background","Suburban","5.9928","50.6123","0.0","","","","E1a/validated data AQ e-Reporting","18/03/2023 21:57:02","http://fme.discomap.eea.europa.eu/fmedatastreaming/AirQualityDownload/AQData_Extract.fmw?CountryCode=BE&CityName=&Pollutant=6001&Year_from=2016&Year_to=2016&Station=STA-BETN067&Samplingpoint=&Source=E1a&Output=HTML&UpdateDate="
"Belgium","NET-Wallonia","Wallonia","BETR222","43R222 - SERAING","SPO-BETR222_00001_100","SO2","Sulphur dioxide (air)","P1Y-hr-max","1 year hour max","2016","31.000","ug/m3","90.63","1","Background","Suburban","5.5702","50.6134","65.0","Liège                                                                           ","BE005C1                                           ","383700","E1a/validated data AQ e-Reporting","18/03/2023 21:57:02","http://fme.discomap.eea.europa.eu/fmedatastreaming/AirQualityDownload/AQData_Extract.fmw?CountryCode=BE&CityName=&Pollutant=1&Year_from=2016&Year_to=2016&Station=STA-BETR222&Samplingpoint=&Source=E1a&Output=HTML&UpdateDate="
"Belgium","NET-Wallonia","Wallonia","BETN121","43N121 - OFFAGNE","SPO-BETN121_00007_100","O3","Ozone (air)","AOT40cmeasured","AOT40c UNCORRECTED for data capture","2016","7439.500","ug/m3","95.65","1","Background","Rural","5.2024","49.8771","430.0","","","","E1a/validated data AQ e-Reporting","18/03/2023 23:01:40","http://fme.discomap.eea.europa.eu/fmedatastreaming/AirQualityDownload/AQData_Extract.fmw?CountryCode=BE&CityName=&Pollutant=7&Year_from=2016&Year_to=2016&Station=STA-BETN121&Samplingpoint=&Source=E1a&Output=HTML&UpdateDate="
"Belgium","NET-Wallonia","Wallonia","BETN121","43N121 - OFFAGNE","SPO-BETN121_00007_100","O3","Ozone (air)","P1Y-dmax-per99","1 year 99 percentile daily 8h maximum","2016","127.250","ug/m3","96.99","1","Background","Rural","5.2024","49.8771","430.0","","","","E1a/validated data AQ e-Reporting","18/03/2023 22:13:26","http://fme.discomap.eea.europa.eu/fmedatastreaming/AirQualityDownload/AQData_Extract.fmw?CountryCode=BE&CityName=&Pollutant=7&Year_from=2016&Year_to=2016&Station=STA-BETN121&Samplingpoint=&Source=E1a&Output=HTML&UpdateDate="
"Belgium","NET-Wallonia","Wallonia","BETN066","43N066 - EUPEN","SPO-BETN066_00007_100","O3","Ozone (air)","P1Y-hr-max","1 year hour max","2016","211.500","ug/m3","95.86","1","Background","Rural","6.0023","50.6289","295.0","","","","E1a/validated data AQ e-Reporting","18/03/2023 21:57:02","http://fme.discomap.eea.europa.eu/fmedatastreaming/AirQualityDownload/AQData_Extract.fmw?CountryCode=BE&CityName=&Pollutant=7&Year_from=2016&Year_to=2016&Station=STA-BETN066&Samplingpoint=&Source=E1a&Output=HTML&UpdateDate="
"Belgium","NET-Wallonia","Wallonia","BETR240","43R240 - ENGIS","SPO-BETR240_00005_100","PM10","Particulate matter < 10 µm (aerosol)","P1Y-day-min","1 year day min","2016","1.525","ug/m3","96.72","1","Industrial","Suburban","5.3975","50.5836","135.0","","","","E1a/validated data AQ e-Reporting","18/03/2023 21:55:13","http://fme.discomap.eea.europa.eu/fmedatastreaming/AirQualityDownload/AQData_Extract.fmw?CountryCode=BE&CityName=&Pollutant=5&Year_from=2016&Year_to=2016&Station=STA-BETR240&Samplingpoint=&Source=E1a&Output=HTML&UpdateDate="
"Belgium","NET-Wallonia","Wallonia","BETR240","43R240 - ENGIS","SPO-BETR240_00007_100","O3","Ozone (air)","P1Y-dmax-per93.15","1 year 93.15 percentile daily 8h maximum","2016","108.813","ug/m3","92.90","1","Industrial","Suburban","5.3975","50.5836","135.0","","","","E1a/validated data AQ e-Reporting","18/03/2023 22:12:55","http://fme.discomap.eea.europa.eu/fmedatastreaming/AirQualityDownload/AQData_Extract.fmw?CountryCode=BE&CityName=&Pollutant=7&Year_from=2016&Year_to=2016&Station=STA-BETR240&Samplingpoint=&Source=E1a&Output=HTML&UpdateDate="
"Belgium","NET-Wallonia","Wallonia","BETR222","43R222 - SERAING","SPO-BETR222_00005_100","PM10","Particulate matter < 10 µm (aerosol)","P1Y-day-max36","1 year day max 36","2016","36.396","ug/m3","96.99","1","Background","Suburban","5.5702","50.6134","65.0","Liège                                                                           ","BE005C1                                           ","383700","E1a/validated data AQ e-Reporting","18/03/2023 22:32:47","http://fme.discomap.eea.europa.eu/fmedatastreaming/AirQualityDownload/AQData_Extract.fmw?CountryCode=BE&CityName=&Pollutant=5&Year_from=2016&Year_to=2016&Station=STA-BETR222&Samplingpoint=&Source=E1a&Output=HTML&UpdateDate="
"Belgium","NET-Wallonia","Wallonia","BETR240","43R240 - ENGIS","SPO-BETR240_00008_100","NO2","Nitrogen dioxide (air)","P1Y-3hAbove400","3 consecutive hours in exceedance of 400","2016","0.000","count","95.54","1","Industrial","Suburban","5.3975","50.5836","135.0","","","","E1a/validated data AQ e-Reporting","18/03/2023 22:22:30","http://fme.discomap.eea.europa.eu/fmedatastreaming/AirQualityDownload/AQData_Extract.fmw?CountryCode=BE&CityName=&Pollutant=8&Year_from=2016&Year_to=2016&Station=STA-BETR240&Samplingpoint=&Source=E1a&Output=HTML&UpdateDate="
"Belgium","NET-Wallonia","Wallonia","BETR240","43R240 - ENGIS","SPO-BETR240_00008_100","NO2","Nitrogen dioxide (air)","P1Y-P1D-per99","1 year 99 percentile of daily means (P1D) or .../aq/primaryObservation/day","2016","47.104","ug/m3","96.72","1","Industrial","Suburban","5.3975","50.5836","135.0","","","","E1a/validated data AQ e-Reporting","18/03/2023 22:10:34","http://fme.discomap.eea.europa.eu/fmedatastreaming/AirQualityDownload/AQData_Extract.fmw?CountryCode=BE&CityName=&Pollutant=8&Year_from=2016&Year_to=2016&Station=STA-BETR240&Samplingpoint=&Source=E1a&Output=HTML&UpdateDate="
"Belgium","NET-Wallonia","Wallonia","BETR240","43R240 - ENGIS","SPO-BETR240_06001_100","PM2.5","Particulate matter < 2.5 µm (aerosol)","P1Y-day-per50","1 year 50 %ile of daily values in a year","2016","10.208","ug/m3","96.72","1","Industrial","Suburban","5.3975","50.5836","135.0","","","","E1a/validated data AQ e-Reporting","18/03/2023 22:11:51","http://fme.discomap.eea.europa.eu/fmedatastreaming/AirQualityDownload/AQData_Extract.fmw?CountryCode=BE&CityName=&Pollutant=6001&Year_from=2016&Year_to=2016&Station=STA-BETR240&Samplingpoint=&Source=E1a&Output=HTML&UpdateDate="
"Belgium","NET-Wallonia","Wallonia","BETR221","43R221 - LIEGE","SPO-BETR221_00007_100","O3","Ozone (air)","P3Y-dmaxAbove120","Daymax exceed 120 averaged over 3 consecutive years","2016","6.000","count","100.00","1","Background","Urban","5.6278","50.6584","65.0","Liège                                                                           ","BE005C1                                           ","383700","E1a/validated data AQ e-Reporting","18/03/2023 22:34:54","http://fme.discomap.eea.europa.eu/fmedatastreaming/AirQualityDownload/AQData_Extract.fmw?CountryCode=BE&CityName=&Pollutant=7&Year_from=2016&Year_to=2016&Station=STA-BETR221&Samplingpoint=&Source=E1a&Output=HTML&UpdateDate="
"Belgium","NET-Wallonia","Wallonia","BETN132","43N132 - HABAY-LA-N.","SPO-BETN132_00001_100","SO2","Sulphur dioxide (air)","P1Y-P1D-per99","1 year 99 percentile of daily means (P1D) or .../aq/primaryObservation/day","2016","2.000","ug/m3","99.45","1","Background","Rural","5.6304","49.7193","375.0","","","","E1a/validated data AQ e-Reporting","18/03/2023 22:11:00","http://fme.discomap.eea.europa.eu/fmedatastreaming/AirQualityDownload/AQData_Extract.fmw?CountryCode=BE&CityName=&Pollutant=1&Year_from=2016&Year_to=2016&Station=STA-BETN132&Samplingpoint=&Source=E1a&Output=HTML&UpdateDate="
"Belgium","NET-Wallonia","Wallonia","BETN063","43N063 - CORROY L.G.","SPO-BETN063_00005_100","PM10","Particulate matter < 10 µm (aerosol)","P1Y-hr-min","1 year hour min","2016","0.000","ug/m3","99.66","1","Background","Rural","4.6683","50.6554","145.0","","","","E1a/validated data AQ e-Reporting","18/03/2023 22:31:20","http://fme.discomap.eea.europa.eu/fmedatastreaming/AirQualityDownload/AQData_Extract.fmw?CountryCode=BE&CityName=&Pollutant=5&Year_from=2016&Year_to=2016&Station=STA-BETN063&Samplingpoint=&Source=E1a&Output=HTML&UpdateDate="
"Belgium","NET-Wallonia","Wallonia","BETM204","43M204 - ANGLEUR","SPO-BETM204_00005_100","PM10","Particulate matter < 10 µm (aerosol)","P1Y-hr-max","1 year hour max","2016","178.771","ug/m3","98.47","1","Background","Suburban","5.6112","50.6119","70.0","Liège                                                                           ","BE005C1                                           ","383700","E1a/validated data AQ e-Reporting","18/03/2023 21:57:02","http://fme.discomap.eea.europa.eu/fmedatastreaming/AirQualityDownload/AQData_Extract.fmw?CountryCode=BE&CityName=&Pollutant=5&Year_from=2016&Year_to=2016&Station=STA-BETM204&Samplingpoint=&Source=E1a&Output=HTML&UpdateDate="
"Belgium","NET-Wallonia","Wallonia","BETN063","43N063 - CORROY L.G.","SPO-BETN063_00010_100","CO","Carbon monoxide (air)","P1Y-hr-max","1 year hour max","2016","0.950","mg/m3","97.34","1","Background","Rural","4.6683","50.6554","145.0","","","","E1a/validated data AQ e-Reporting","18/03/2023 21:57:02","http://fme.discomap.eea.europa.eu/fmedatastreaming/AirQualityDownload/AQData_Extract.fmw?CountryCode=BE&CityName=&Pollutant=10&Year_from=2016&Year_to=2016&Station=STA-BETN063&Samplingpoint=&Source=E1a&Output=HTML&UpdateDate="
"Belgium","NET-Wallonia","Wallonia","BETR501","45R501 - CHARLEROI","SPO-BETR501_00005_100","PM10","Particulate matter < 10 µm (aerosol)","P1Y-P1D-per90.41","1 year 90.41 percentile","2016","39.834","ug/m3","100.00","1","Background","Urban","4.4522","50.4093","115.0","Charleroi                                                                       ","BE004C1                                           ","203314","E1a/validated data AQ e-Reporting","18/03/2023 22:09:05","http://fme.discomap.eea.europa.eu/fmedatastreaming/AirQualityDownload/AQData_Extract.fmw?CountryCode=BE&CityName=&Pollutant=5&Year_from=2016&Year_to=2016&Station=STA-BETR501&Samplingpoint=&Source=E1a&Output=HTML&UpdateDate="
"Belgium","NET-Wallonia","Wallonia","BEVN132","50N132 - HABAY-LA-N.","SPO-BEVN132_00082_100","trans-H3C-HC=CH-CH2-CH3","trans-2-Pentene (air)","P1Y","Annual mean / 1 calendar year","2016","0.000","ug/m3","47.27","1","Background","Rural","5.6304","49.7193","375.0","","","","E1a/validated data AQ e-Reporting","18/03/2023 21:08:58","http://fme.discomap.eea.europa.eu/fmedatastreaming/AirQualityDownload/AQData_Extract.fmw?CountryCode=BE&CityName=&Pollutant=82&Year_from=2016&Year_to=2016&Station=STA-BEVN132&Samplingpoint=&Source=E1a&Output=HTML&UpdateDate="
"Belgium","NET-Wallonia","Wallonia","BETR501","45R501 - CHARLEROI","SPO-BETR501_00008_100","NO2","Nitrogen dioxide (air)","P1Y-hr-min","1 year hour min","2016","1.500","ug/m3","97.37","1","Background","Urban","4.4522","50.4093","115.0","Charleroi                                                                       ","BE004C1                                           ","203314","E1a/validated data AQ e-Reporting","18/03/2023 22:31:20","http://fme.discomap.eea.europa.eu/fmedatastreaming/AirQualityDownload/AQData_Extract.fmw?CountryCode=BE&CityName=&Pollutant=8&Year_from=2016&Year_to=2016&Station=STA-BETR501&Samplingpoint=&Source=E1a&Output=HTML&UpdateDate="
"Belgium","NET-Wallonia","Wallonia","BETR501","45R501 - CHARLEROI","SPO-BETR501_06001_100","PM2.5","Particulate matter < 2.5 µm (aerosol)","P1Y-hr-max","1 year hour max","2016","106.122","ug/m3","99.68","1","Background","Urban","4.4522","50.4093","115.0","Charleroi                                                                       ","BE004C1                                           ","203314","E1a/validated data AQ e-Reporting","18/03/2023 21:57:02","http://fme.discomap.eea.europa.eu/fmedatastreaming/AirQualityDownload/AQData_Extract.fmw?CountryCode=BE&CityName=&Pollutant=6001&Year_from=2016&Year_to=2016&Station=STA-BETR501&Samplingpoint=&Source=E1a&Output=HTML&UpdateDate="
"Belgium","NET-Wallonia","Wallonia","BETN060","43N060 - HAVINNES","SPO-BETN060_00007_100","O3","Ozone (air)","P1Y-dx-max26","1 year daymax max 26","2016","95.063","ug/m3","97.27","1","Background","Rural","3.4576","50.6167","0.0","","","","E1a/validated data AQ e-Reporting","18/03/2023 22:32:17","http://fme.discomap.eea.europa.eu/fmedatastreaming/AirQualityDownload/AQData_Extract.fmw?CountryCode=BE&CityName=&Pollutant=7&Year_from=2016&Year_to=2016&Station=STA-BETN060&Samplingpoint=&Source=E1a&Output=HTML&UpdateDate="
"Belgium","NET-Wallonia","Wallonia","BETN085","43N085 - VIELSALM","SPO-BETN085_00005_100","PM10","Particulate matter < 10 µm (aerosol)","P1Y","Annual mean / 1 calendar year","2016","8.316","ug/m3","98.95","1","Background","Rural","6.0017","50.3032","490.0","","","","E1a/validated data AQ e-Reporting","18/03/2023 21:08:58","http://fme.discomap.eea.europa.eu/fmedatastreaming/AirQualityDownload/AQData_Extract.fmw?CountryCode=BE&CityName=&Pollutant=5&Year_from=2016&Year_to=2016&Station=STA-BETN085&Samplingpoint=&Source=E1a&Output=HTML&UpdateDate="
"Belgium","NET-Wallonia","Wallonia","BETN085","43N085 - VIELSALM","SPO-BETN085_00005_100","PM10","Particulate matter < 10 µm (aerosol)","P1Y-day-min","1 year day min","2016","0.108","ug/m3","98.63","1","Background","Rural","6.0017","50.3032","490.0","","","","E1a/validated data AQ e-Reporting","18/03/2023 21:55:13","http://fme.discomap.eea.europa.eu/fmedatastreaming/AirQualityDownload/AQData_Extract.fmw?CountryCode=BE&CityName=&Pollutant=5&Year_from=2016&Year_to=2016&Station=STA-BETN085&Samplingpoint=&Source=E1a&Output=HTML&UpdateDate="
"Belgium","NET-Wallonia","Wallonia","BETN085","43N085 - VIELSALM","SPO-BETN085_00010_100","CO","Carbon monoxide (air)","P1Y","Annual mean / 1 calendar year","2016","0.172","mg/m3","96.72","1","Background","Rural","6.0017","50.3032","490.0","","","","E1a/validated data AQ e-Reporting","18/03/2023 21:08:58","http://fme.discomap.eea.europa.eu/fmedatastreaming/AirQualityDownload/AQData_Extract.fmw?CountryCode=BE&CityName=&Pollutant=10&Year_from=2016&Year_to=2016&Station=STA-BETN085&Samplingpoint=&Source=E1a&Output=HTML&UpdateDate="
"Belgium","NET-Wallonia","Wallonia","BETN085","43N085 - VIELSALM","SPO-BETN085_00001_100","SO2","Sulphur dioxide (air)","P1Y-day-max","1 year day max","2016","1.063","ug/m3","98.09","1","Background","Rural","6.0017","50.3032","490.0","","","","E1a/validated data AQ e-Reporting","18/03/2023 21:42:48","http://fme.discomap.eea.europa.eu/fmedatastreaming/AirQualityDownload/AQData_Extract.fmw?CountryCode=BE&CityName=&Pollutant=1&Year_from=2016&Year_to=2016&Station=STA-BETN085&Samplingpoint=&Source=E1a&Output=HTML&UpdateDate="
"Belgium","NET-Wallonia","Wallonia","BEVMOU1","5MOU01 - MOUSCRON","SPO-BEVMOU1_06007_100","cis-H3C-CH=CH-CH3","cis-2-Butene (air)","P1Y","Annual mean / 1 calendar year","2016","0.000","ug/m3","49.73","1","Industrial","Suburban","3.2414","50.7532","42.0","Mouscron                                                                        ","BE013C1                                           ","58862","E1a/validated data AQ e-Reporting","18/03/2023 21:08:58","http://fme.discomap.eea.europa.eu/fmedatastreaming/AirQualityDownload/AQData_Extract.fmw?CountryCode=BE&CityName=&Pollutant=6007&Year_from=2016&Year_to=2016&Station=STA-BEVMOU1&Samplingpoint=&Source=E1a&Output=HTML&UpdateDate="
"Belgium","NET-Wallonia","Wallonia","BEVN060","50N060 - HAVINNES","SPO-BEVN060_00316_100","(CH3)2-CH-CH2-CH2-CH3","i-Hexane (2-methylpentane) (air)","P1Y","Annual mean / 1 calendar year","2016","0.000","ug/m3","49.73","1","Background","Suburban","3.4576","50.6167","0.0","","","","E1a/validated data AQ e-Reporting","18/03/2023 21:08:58","http://fme.discomap.eea.europa.eu/fmedatastreaming/AirQualityDownload/AQData_Extract.fmw?CountryCode=BE&CityName=&Pollutant=316&Year_from=2016&Year_to=2016&Station=STA-BEVN060&Samplingpoint=&Source=E1a&Output=HTML&UpdateDate="
"Belgium","NET-Wallonia","Wallonia","BEVN060","50N060 - HAVINNES","SPO-BEVN060_00449_100","(CH3)3-C-CH2-CH-(CH3)2","i-Octane (2,2,4-trimethylpentane) (air)","P1Y","Annual mean / 1 calendar year","2016","0.000","ug/m3","49.73","1","Background","Suburban","3.4576","50.6167","0.0","","","","E1a/validated data AQ e-Reporting","18/03/2023 21:08:58","http://fme.discomap.eea.europa.eu/fmedatastreaming/AirQualityDownload/AQData_Extract.fmw?CountryCode=BE&CityName=&Pollutant=449&Year_from=2016&Year_to=2016&Station=STA-BEVN060&Samplingpoint=&Source=E1a&Output=HTML&UpdateDate="
"Belgium","NET-Wallonia","Wallonia","BETN100","43N100 - DOURBES","SPO-BETN100_00005_100","PM10","Particulate matter < 10 µm (aerosol)","P1Y-day-max36","1 year day max 36","2016","25.229","ug/m3","99.73","1","Background","Rural","4.5948","50.0957","225.0","","","","E1a/validated data AQ e-Reporting","18/03/2023 22:32:47","http://fme.discomap.eea.europa.eu/fmedatastreaming/AirQualityDownload/AQData_Extract.fmw?CountryCode=BE&CityName=&Pollutant=5&Year_from=2016&Year_to=2016&Station=STA-BETN100&Samplingpoint=&Source=E1a&Output=HTML&UpdateDate="
"Belgium","NET-Wallonia","Wallonia","BETN100","43N100 - DOURBES","SPO-BETN100_00007_100","O3","Ozone (air)","P3Y","3 subsequent calendar years mean","2016","54.663","ug/m3","94.86","1","Background","Rural","4.5948","50.0957","225.0","","","","E1a/validated data AQ e-Reporting","18/03/2023 21:36:00","http://fme.discomap.eea.europa.eu/fmedatastreaming/AirQualityDownload/AQData_Extract.fmw?CountryCode=BE&CityName=&Pollutant=7&Year_from=2016&Year_to=2016&Station=STA-BETN100&Samplingpoint=&Source=E1a&Output=HTML&UpdateDate="
"Belgium","NET-Wallonia","Wallonia","BETR510","45R510 - CHATELINEAU","SPO-BETR510_00001_100","SO2","Sulphur dioxide (air)","P1Y-day-per50","1 year 50 %ile of daily values in a year","2016","0.604","ug/m3","99.45","1","Background","Suburban","4.5211","50.4164","118.0","Charleroi                                                                       ","BE004C1                                           ","203314","E1a/validated data AQ e-Reporting","18/03/2023 22:14:46","http://fme.discomap.eea.europa.eu/fmedatastreaming/AirQualityDownload/AQData_Extract.fmw?CountryCode=BE&CityName=&Pollutant=1&Year_from=2016&Year_to=2016&Station=STA-BETR510&Samplingpoint=&Source=E1a&Output=HTML&UpdateDate="
"Belgium","NET-Wallonia","Wallonia","BETR222","43R222 - SERAING","SPO-BETR222_00007_100","O3","Ozone (air)","P1Y-day-max","1 year day max","2016","99.292","ug/m3","95.63","1","Background","Suburban","5.5702","50.6134","65.0","Liège                                                                           ","BE005C1                                           ","383700","E1a/validated data AQ e-Reporting","18/03/2023 21:44:13","http://fme.discomap.eea.europa.eu/fmedatastreaming/AirQualityDownload/AQData_Extract.fmw?CountryCode=BE&CityName=&Pollutant=7&Year_from=2016&Year_to=2016&Station=STA-BETR222&Samplingpoint=&Source=E1a&Output=HTML&UpdateDate="
"Belgium","NET-Wallonia","Wallonia","BETR511","45R511 - MARCINELLE","SPO-BETR511_00005_100","PM10","Particulate matter < 10 µm (aerosol)","P3Y","3 subsequent calendar years mean","2016","18.290","ug/m3","98.97","1","Background","Suburban","4.4247","50.3776","157.0","Charleroi                                                                       ","BE004C1                                           ","203314","E1a/validated data AQ e-Reporting","18/03/2023 21:36:00","http://fme.discomap.eea.europa.eu/fmedatastreaming/AirQualityDownload/AQData_Extract.fmw?CountryCode=BE&CityName=&Pollutant=5&Year_from=2016&Year_to=2016&Station=STA-BETR511&Samplingpoint=&Source=E1a&Output=HTML&UpdateDate="
"Belgium","NET-Wallonia","Wallonia","BETR222","43R222 - SERAING","SPO-BETR222_00008_100","NO2","Nitrogen dioxide (air)","P1Y-day-per50","1 year 50 %ile of daily values in a year","2016","23.604","ug/m3","94.54","1","Background","Suburban","5.5702","50.6134","65.0","Liège                                                                           ","BE005C1                                           ","383700","E1a/validated data AQ e-Reporting","18/03/2023 22:14:21","http://fme.discomap.eea.europa.eu/fmedatastreaming/AirQualityDownload/AQData_Extract.fmw?CountryCode=BE&CityName=&Pollutant=8&Year_from=2016&Year_to=2016&Station=STA-BETR222&Samplingpoint=&Source=E1a&Output=HTML&UpdateDate="
"Belgium","NET-Wallonia","Wallonia","BEVN113","50N113 - SAINT-ODE","SPO-BEVN113_00475_100","C8H18","n-Octane (air)","P1Y","Annual mean / 1 calendar year","2016","0.000","ug/m3","42.90","1","Background","Rural","5.5930","50.0270","510.0","","","","E1a/validated data AQ e-Reporting","18/03/2023 21:08:58","http://fme.discomap.eea.europa.eu/fmedatastreaming/AirQualityDownload/AQData_Extract.fmw?CountryCode=BE&CityName=&Pollutant=475&Year_from=2016&Year_to=2016&Station=STA-BEVN113&Samplingpoint=&Source=E1a&Output=HTML&UpdateDate="
"Belgium","NET-Wallonia","Wallonia","BEVN520","50N520 - PERUWELZ","SPO-BEVN520_00443_100","C6H14","n-Hexane (air)","P1Y","Annual mean / 1 calendar year","2016","0.000","ug/m3","48.09","1","Background","Suburban","3.5943","50.5055","30.0","","","","E1a/validated data AQ e-Reporting","18/03/2023 21:08:58","http://fme.discomap.eea.europa.eu/fmedatastreaming/AirQualityDownload/AQData_Extract.fmw?CountryCode=BE&CityName=&Pollutant=443&Year_from=2016&Year_to=2016&Station=STA-BEVN520&Samplingpoint=&Source=E1a&Output=HTML&UpdateDate="
"Belgium","NET-Wallonia","Wallonia","BETR502","45R502 - LODELINSART","SPO-BETR502_06001_100","PM2.5","Particulate matter < 2.5 µm (aerosol)","P1Y-day-per50","1 year 50 %ile of daily values in a year","2016","9.241","ug/m3","100.00","1","Background","Suburban","4.4587","50.4290","135.0","Charleroi                                                                       ","BE004C1                                           ","203314","E1a/validated data AQ e-Reporting","18/03/2023 22:11:51","http://fme.discomap.eea.europa.eu/fmedatastreaming/AirQualityDownload/AQData_Extract.fmw?CountryCode=BE&CityName=&Pollutant=6001&Year_from=2016&Year_to=2016&Station=STA-BETR502&Samplingpoint=&Source=E1a&Output=HTML&UpdateDate="
"Belgium","NET-Wallonia","Wallonia","BEVR231","50R231 - ANS","SPO-BEVR231_00394_100","H3C-CH2-CH2-CH3","n-Butane (air)","P1Y","Annual mean / 1 calendar year","2016","0.002","ug/m3","44.81","1","Background","Urban","5.5294","50.6601","160.0","Liège                                                                           ","BE005C1                                           ","383700","E1a/validated data AQ e-Reporting","18/03/2023 21:08:58","http://fme.discomap.eea.europa.eu/fmedatastreaming/AirQualityDownload/AQData_Extract.fmw?CountryCode=BE&CityName=&Pollutant=394&Year_from=2016&Year_to=2016&Station=STA-BEVR231&Samplingpoint=&Source=E1a&Output=HTML&UpdateDate="
"Belgium","NET-Wallonia","Wallonia","BETN066","43N066 - EUPEN","SPO-BETN066_00001_100","SO2","Sulphur dioxide (air)","P1Y-daysAbove125","1 year day exceed 125","2016","0.000","count","98.63","1","Background","Rural","6.0023","50.6289","295.0","","","","E1a/validated data AQ e-Reporting","18/03/2023 22:23:37","http://fme.discomap.eea.europa.eu/fmedatastreaming/AirQualityDownload/AQData_Extract.fmw?CountryCode=BE&CityName=&Pollutant=1&Year_from=2016&Year_to=2016&Station=STA-BETN066&Samplingpoint=&Source=E1a&Output=HTML&UpdateDate="
"Belgium","NET-Wallonia","Wallonia","BEVN085","50N085 - VIELSALM","SPO-BEVN085_00443_100","C6H14","n-Hexane (air)","P1Y","Annual mean / 1 calendar year","2016","0.000","ug/m3","47.27","1","Background","Rural","6.0017","50.3032","490.0","","","","E1a/validated data AQ e-Reporting","18/03/2023 21:08:58","http://fme.discomap.eea.europa.eu/fmedatastreaming/AirQualityDownload/AQData_Extract.fmw?CountryCode=BE&CityName=&Pollutant=443&Year_from=2016&Year_to=2016&Station=STA-BEVN085&Samplingpoint=&Source=E1a&Output=HTML&UpdateDate="
"Belgium","NET-Wallonia","Wallonia","BETR502","45R502 - LODELINSART","SPO-BETR502_00008_100","NO2","Nitrogen dioxide (air)","P1Y-hrsAbove200","1 year hour exceed 200","2016","0.000","count","97.52","1","Background","Suburban","4.4587","50.4290","135.0","Charleroi                                                                       ","BE004C1                                           ","203314","E1a/validated data AQ e-Reporting","18/03/2023 21:48:42","http://fme.discomap.eea.europa.eu/fmedatastreaming/AirQualityDownload/AQData_Extract.fmw?CountryCode=BE&CityName=&Pollutant=8&Year_from=2016&Year_to=2016&Station=STA-BETR502&Samplingpoint=&Source=E1a&Output=HTML&UpdateDate="
"Belgium","NET-Wallonia","Wallonia","BEVN070","50N070 - MONS","SPO-BEVN070_06006_100","trans-H3C-CH=CH-CH3","trans-2-Butene (air)","P1Y","Annual mean / 1 calendar year","2016","0.000","ug/m3","47.80","1","Background","Suburban","3.9397","50.4652","30.0","Mons                                                                            ","BE009C1                                           ","95922","E1a/validated data AQ e-Reporting","18/03/2023 21:08:58","http://fme.discomap.eea.europa.eu/fmedatastreaming/AirQualityDownload/AQData_Extract.fmw?CountryCode=BE&CityName=&Pollutant=6006&Year_from=2016&Year_to=2016&Station=STA-BEVN070&Samplingpoint=&Source=E1a&Output=HTML&UpdateDate="
"Belgium","NET-Wallonia","Wallonia","BETR502","45R502 - LODELINSART","SPO-BETR502_06001_100","PM2.5","Particulate matter < 2.5 µm (aerosol)","P1Y-P1D-per99","1 year 99 percentile of daily means (P1D) or .../aq/primaryObservation/day","2016","44.315","ug/m3","100.00","1","Background","Suburban","4.4587","50.4290","135.0","Charleroi                                                                       ","BE004C1                                           ","203314","E1a/validated data AQ e-Reporting","18/03/2023 22:10:03","http://fme.discomap.eea.europa.eu/fmedatastreaming/AirQualityDownload/AQData_Extract.fmw?CountryCode=BE&CityName=&Pollutant=6001&Year_from=2016&Year_to=2016&Station=STA-BETR502&Samplingpoint=&Source=E1a&Output=HTML&UpdateDate="
"Belgium","NET-Wallonia","Wallonia","BEVN085","50N085 - VIELSALM","SPO-BEVN085_06006_100","trans-H3C-CH=CH-CH3","trans-2-Butene (air)","P1Y","Annual mean / 1 calendar year","2016","0.000","ug/m3","47.27","1","Background","Rural","6.0017","50.3032","490.0","","","","E1a/validated data AQ e-Reporting","18/03/2023 21:08:58","http://fme.discomap.eea.europa.eu/fmedatastreaming/AirQualityDownload/AQData_Extract.fmw?CountryCode=BE&CityName=&Pollutant=6006&Year_from=2016&Year_to=2016&Station=STA-BEVN085&Samplingpoint=&Source=E1a&Output=HTML&UpdateDate="
"Belgium","NET-Wallonia","Wallonia","BEVN066","50N066 - EUPEN","SPO-BEVN066_06013_100","1,3,5-C6H3(CH3)3","1,3,5-Trimethylbenzene (air)","P1Y","Annual mean / 1 calendar year","2016","0.000","ug/m3","50.00","1","Background","Rural","6.0023","50.6289","295.0","","","","E1a/validated data AQ e-Reporting","18/03/2023 21:08:58","http://fme.discomap.eea.europa.eu/fmedatastreaming/AirQualityDownload/AQData_Extract.fmw?CountryCode=BE&CityName=&Pollutant=6013&Year_from=2016&Year_to=2016&Station=STA-BEVN066&Samplingpoint=&Source=E1a&Output=HTML&UpdateDate="
"Belgium","NET-Wallonia","Wallonia","BEVN070","50N070 - MONS","SPO-BEVN070_00443_100","C6H14","n-Hexane (air)","P1Y","Annual mean / 1 calendar year","2016","0.000","ug/m3","47.80","1","Background","Suburban","3.9397","50.4652","30.0","Mons                                                                            ","BE009C1                                           ","95922","E1a/validated data AQ e-Reporting","18/03/2023 21:08:58","http://fme.discomap.eea.europa.eu/fmedatastreaming/AirQualityDownload/AQData_Extract.fmw?CountryCode=BE&CityName=&Pollutant=443&Year_from=2016&Year_to=2016&Station=STA-BEVN070&Samplingpoint=&Source=E1a&Output=HTML&UpdateDate="
"Belgium","NET-Wallonia","Wallonia","BETN073","43N073 - VEZIN","SPO-BETN073_00005_100","PM10","Particulate matter < 10 µm (aerosol)","P1Y-P1D-per99","1 year 99 percentile of daily means (P1D) or .../aq/primaryObservation/day","2016","40.521","ug/m3","100.00","1","Background","Rural","4.9884","50.5027","160.0","","","","E1a/validated data AQ e-Reporting","18/03/2023 22:09:38","http://fme.discomap.eea.europa.eu/fmedatastreaming/AirQualityDownload/AQData_Extract.fmw?CountryCode=BE&CityName=&Pollutant=5&Year_from=2016&Year_to=2016&Station=STA-BETN073&Samplingpoint=&Source=E1a&Output=HTML&UpdateDate="
"Belgium","NET-Wallonia","Wallonia","BEVMOU1","5MOU01 - MOUSCRON","SPO-BEVMOU1_00020_100","C6H6","Benzene (air)","P1Y-day-per50","1 year 50 %ile of daily values in a year","2016","0.500","ug/m3","49.73","1","Industrial","Suburban","3.2414","50.7532","42.0","Mouscron                                                                        ","BE013C1                                           ","58862","E1a/validated data AQ e-Reporting","18/03/2023 22:13:51","http://fme.discomap.eea.europa.eu/fmedatastreaming/AirQualityDownload/AQData_Extract.fmw?CountryCode=BE&CityName=&Pollutant=20&Year_from=2016&Year_to=2016&Station=STA-BEVMOU1&Samplingpoint=&Source=E1a&Output=HTML&UpdateDate="
"Belgium","NET-Wallonia","Wallonia","BETR240","43R240 - ENGIS","SPO-BETR240_06001_100","PM2.5","Particulate matter < 2.5 µm (aerosol)","P1Y","Annual mean / 1 calendar year","2016","12.534","ug/m3","97.70","1","Industrial","Suburban","5.3975","50.5836","135.0","","","","E1a/validated data AQ e-Reporting","18/03/2023 21:08:58","http://fme.discomap.eea.europa.eu/fmedatastreaming/AirQualityDownload/AQData_Extract.fmw?CountryCode=BE&CityName=&Pollutant=6001&Year_from=2016&Year_to=2016&Station=STA-BETR240&Samplingpoint=&Source=E1a&Output=HTML&UpdateDate="
"Belgium","NET-Wallonia","Wallonia","BETR240","43R240 - ENGIS","SPO-BETR240_06001_100","PM2.5","Particulate matter < 2.5 µm (aerosol)","P1Y-day-min","1 year day min","2016","0.015","ug/m3","96.72","1","Industrial","Suburban","5.3975","50.5836","135.0","","","","E1a/validated data AQ e-Reporting","18/03/2023 21:55:29","http://fme.discomap.eea.europa.eu/fmedatastreaming/AirQualityDownload/AQData_Extract.fmw?CountryCode=BE&CityName=&Pollutant=6001&Year_from=2016&Year_to=2016&Station=STA-BETR240&Samplingpoint=&Source=E1a&Output=HTML&UpdateDate="
"Belgium","NET-Wallonia","Wallonia","BEVN070","50N070 - MONS","SPO-BEVN070_00431_100","C6H5-C2H5","Ethyl benzene (air)","P1Y","Annual mean / 1 calendar year","2016","0.000","ug/m3","47.80","1","Background","Suburban","3.9397","50.4652","30.0","Mons                                                                            ","BE009C1                                           ","95922","E1a/validated data AQ e-Reporting","18/03/2023 21:08:58","http://fme.discomap.eea.europa.eu/fmedatastreaming/AirQualityDownload/AQData_Extract.fmw?CountryCode=BE&CityName=&Pollutant=431&Year_from=2016&Year_to=2016&Station=STA-BEVN070&Samplingpoint=&Source=E1a&Output=HTML&UpdateDate="
"Belgium","NET-Wallonia","Wallonia","BEVR221","50R221 - LIEGE","SPO-BEVR221_00020_100","C6H6","Benzene (air)","P1Y","Annual mean / 1 calendar year","2016","0.739","ug/m3","45.63","1","Background","Urban","5.6278","50.6584","65.0","Liège                                                                           ","BE005C1                                           ","383700","E1a/validated data AQ e-Reporting","18/03/2023 21:08:58","http://fme.discomap.eea.europa.eu/fmedatastreaming/AirQualityDownload/AQData_Extract.fmw?CountryCode=BE&CityName=&Pollutant=20&Year_from=2016&Year_to=2016&Station=STA-BEVR221&Samplingpoint=&Source=E1a&Output=HTML&UpdateDate="
"Belgium","NET-Wallonia","Wallonia","BEVR240","50R240 - ENGIS","SPO-BEVR240_00451_100","CH2=CH-C(CH3)=CH2","Isoprene (2-methyl-1,3-butadiene) (air)","P1Y","Annual mean / 1 calendar year","2016","0.000","ug/m3","48.63","1","Industrial","Suburban","5.3975","50.5836","135.0","","","","E1a/validated data AQ e-Reporting","18/03/2023 21:08:58","http://fme.discomap.eea.europa.eu/fmedatastreaming/AirQualityDownload/AQData_Extract.fmw?CountryCode=BE&CityName=&Pollutant=451&Year_from=2016&Year_to=2016&Station=STA-BEVR240&Samplingpoint=&Source=E1a&Output=HTML&UpdateDate="
"Belgium","NET-Wallonia","Wallonia","BEVR501","50R501 - CHARLEROI","SPO-BEVR501_00464_100","m,p-C6H4(CH3)2","m,p-Xylene (air)","P1Y","Annual mean / 1 calendar year","2016","0.004","ug/m3","48.36","1","Background","Urban","4.4522","50.4093","115.0","Charleroi                                                                       ","BE004C1                                           ","203314","E1a/validated data AQ e-Reporting","18/03/2023 21:08:58","http://fme.discomap.eea.europa.eu/fmedatastreaming/AirQualityDownload/AQData_Extract.fmw?CountryCode=BE&CityName=&Pollutant=464&Year_from=2016&Year_to=2016&Station=STA-BEVR501&Samplingpoint=&Source=E1a&Output=HTML&UpdateDate="
"Belgium","NET-Wallonia","Wallonia","BETN085","43N085 - VIELSALM","SPO-BETN085_00008_100","NO2","Nitrogen dioxide (air)","P1Y-P1D-per99","1 year 99 percentile of daily means (P1D) or .../aq/primaryObservation/day","2016","20.875","ug/m3","97.27","1","Background","Rural","6.0017","50.3032","490.0","","","","E1a/validated data AQ e-Reporting","18/03/2023 22:10:34","http://fme.discomap.eea.europa.eu/fmedatastreaming/AirQualityDownload/AQData_Extract.fmw?CountryCode=BE&CityName=&Pollutant=8&Year_from=2016&Year_to=2016&Station=STA-BETN085&Samplingpoint=&Source=E1a&Output=HTML&UpdateDate="
"Belgium","NET-Wallonia","Wallonia","BEVR501","50R501 - CHARLEROI","SPO-BEVR501_00082_100","trans-H3C-HC=CH-CH2-CH3","trans-2-Pentene (air)","P1Y","Annual mean / 1 calendar year","2016","0.000","ug/m3","48.36","1","Background","Urban","4.4522","50.4093","115.0","Charleroi                                                                       ","BE004C1                                           ","203314","E1a/validated data AQ e-Reporting","18/03/2023 21:08:58","http://fme.discomap.eea.europa.eu/fmedatastreaming/AirQualityDownload/AQData_Extract.fmw?CountryCode=BE&CityName=&Pollutant=82&Year_from=2016&Year_to=2016&Station=STA-BEVR501&Samplingpoint=&Source=E1a&Output=HTML&UpdateDate="
"Belgium","NET-Wallonia","Wallonia","BETN100","43N100 - DOURBES","SPO-BETN100_00005_100","PM10","Particulate matter < 10 µm (aerosol)","P1Y-hr-max","1 year hour max","2016","124.771","ug/m3","99.57","1","Background","Rural","4.5948","50.0957","225.0","","","","E1a/validated data AQ e-Reporting","18/03/2023 21:57:02","http://fme.discomap.eea.europa.eu/fmedatastreaming/AirQualityDownload/AQData_Extract.fmw?CountryCode=BE&CityName=&Pollutant=5&Year_from=2016&Year_to=2016&Station=STA-BETN100&Samplingpoint=&Source=E1a&Output=HTML&UpdateDate="
"Belgium","NET-Wallonia","Wallonia","BETN100","43N100 - DOURBES","SPO-BETN100_00007_100","O3","Ozone (air)","P1Y-hrsAbove180","1 year hour exceed 180","2016","4.000","count","96.24","1","Background","Rural","4.5948","50.0957","225.0","","","","E1a/validated data AQ e-Reporting","18/03/2023 21:46:37","http://fme.discomap.eea.europa.eu/fmedatastreaming/AirQualityDownload/AQData_Extract.fmw?CountryCode=BE&CityName=&Pollutant=7&Year_from=2016&Year_to=2016&Station=STA-BETN100&Samplingpoint=&Source=E1a&Output=HTML&UpdateDate="
"Belgium","NET-Wallonia","Wallonia","BEVR231","50R231 - ANS","SPO-BEVR231_00021_100","C6H5-CH3","Toluene (air)","P1Y","Annual mean / 1 calendar year","2016","0.001","ug/m3","44.81","1","Background","Urban","5.5294","50.6601","160.0","Liège                                                                           ","BE005C1                                           ","383700","E1a/validated data AQ e-Reporting","18/03/2023 21:08:58","http://fme.discomap.eea.europa.eu/fmedatastreaming/AirQualityDownload/AQData_Extract.fmw?CountryCode=BE&CityName=&Pollutant=21&Year_from=2016&Year_to=2016&Station=STA-BEVR231&Samplingpoint=&Source=E1a&Output=HTML&UpdateDate="
"Belgium","NET-Wallonia","Wallonia","BEVR240","50R240 - ENGIS","SPO-BEVR240_00020_100","C6H6","Benzene (air)","P1Y","Annual mean / 1 calendar year","2016","0.529","ug/m3","46.72","1","Industrial","Suburban","5.3975","50.5836","135.0","","","","E1a/validated data AQ e-Reporting","18/03/2023 21:08:58","http://fme.discomap.eea.europa.eu/fmedatastreaming/AirQualityDownload/AQData_Extract.fmw?CountryCode=BE&CityName=&Pollutant=20&Year_from=2016&Year_to=2016&Station=STA-BEVR240&Samplingpoint=&Source=E1a&Output=HTML&UpdateDate="
"Belgium","NET-Flanders","Flanders","BETR710","44R710 - DESTELBERGE","SPO-BETR710_00007_100","O3","Ozone (air)","AOT40c","AOT40 vegetation protection","2016","5744.136","ug/m3","95.92","1","Background","Suburban","3.7753","51.0613","6.0","","","","E1a/validated data AQ e-Reporting","18/03/2023 23:06:29","http://fme.discomap.eea.europa.eu/fmedatastreaming/AirQualityDownload/AQData_Extract.fmw?CountryCode=BE&CityName=&Pollutant=7&Year_from=2016&Year_to=2016&Station=STA-BETR710&Samplingpoint=&Source=E1a&Output=HTML&UpdateDate="
"Belgium","NET-Flanders","Flanders","BETN046","42N046 - GELLIK","SPO-BETN046_00007_100","O3","Ozone (air)","P1Y-day-per50","1 year 50 %ile of daily values in a year","2016","46.239","ug/m3","92.08","1","Background","Rural","5.6189","50.8823","70.0","","","","E1a/validated data AQ e-Reporting","18/03/2023 22:15:13","http://fme.discomap.eea.europa.eu/fmedatastreaming/AirQualityDownload/AQData_Extract.fmw?CountryCode=BE&CityName=&Pollutant=7&Year_from=2016&Year_to=2016&Station=STA-BETN046&Samplingpoint=&Source=E1a&Output=HTML&UpdateDate="
"Belgium","NET-Flanders","Flanders","BETR805","42R805 - ANTWERPEN","SPO-BETR805_00008_100","NO2","Nitrogen dioxide (air)","P1Y-hrsAbove200","1 year hour exceed 200","2016","0.000","count","95.46","1","Traffic","Urban","4.4216","51.2082","6.0","Antwerpen                                                                       ","BE002C1                                           ","530014","E1a/validated data AQ e-Reporting","18/03/2023 21:48:42","http://fme.discomap.eea.europa.eu/fmedatastreaming/AirQualityDownload/AQData_Extract.fmw?CountryCode=BE&CityName=&Pollutant=8&Year_from=2016&Year_to=2016&Station=STA-BETR805&Samplingpoint=&Source=E1a&Output=HTML&UpdateDate="
"Belgium","NET-Flanders","Flanders","BETE814","47E814 - Ham","SPO-BETE814_00008_100","NO2","Nitrogen dioxide (air)","P1Y-hr-max","1 year hour max","2016","128.000","ug/m3","96.31","1","Industrial","Rural","5.1297","51.0822","0.0","","","","E1a/validated data AQ e-Reporting","18/03/2023 21:57:02","http://fme.discomap.eea.europa.eu/fmedatastreaming/AirQualityDownload/AQData_Extract.fmw?CountryCode=BE&CityName=&Pollutant=8&Year_from=2016&Year_to=2016&Station=STA-BETE814&Samplingpoint=&Source=E1a&Output=HTML&UpdateDate="
"Belgium","NET-Flanders","Flanders","BETR731","44R731 - EVERGEM","SPO-BETR731_00005_100","PM10","Particulate matter < 10 µm (aerosol)","P1Y-day-max","1 year day max","2016","67.704","ug/m3","98.36","1","Industrial","Rural","3.7395","51.1247","6.0","","","","E1a/validated data AQ e-Reporting","18/03/2023 21:43:06","http://fme.discomap.eea.europa.eu/fmedatastreaming/AirQualityDownload/AQData_Extract.fmw?CountryCode=BE&CityName=&Pollutant=5&Year_from=2016&Year_to=2016&Station=STA-BETR731&Samplingpoint=&Source=E1a&Output=HTML&UpdateDate="
"Belgium","NET-Flanders","Flanders","BETR801","42R801 - BORGERHOUT","SPO-BETR801_00008_100","NO2","Nitrogen dioxide (air)","P1Y-day-max","1 year day max","2016","78.563","ug/m3","99.45","1","Background","Urban","4.4318","51.2097","6.0","Antwerpen                                                                       ","BE002C1                                           ","530014","E1a/validated data AQ e-Reporting","18/03/2023 21:43:56","http://fme.discomap.eea.europa.eu/fmedatastreaming/AirQualityDownload/AQData_Extract.fmw?CountryCode=BE&CityName=&Pollutant=8&Year_from=2016&Year_to=2016&Station=STA-BETR801&Samplingpoint=&Source=E1a&Output=HTML&UpdateDate="
"Belgium","NET-Wallonia","Wallonia","BEVR240","50R240 - ENGIS","SPO-BEVR240_00082_100","trans-H3C-HC=CH-CH2-CH3","trans-2-Pentene (air)","P1Y","Annual mean / 1 calendar year","2016","0.000","ug/m3","48.63","1","Industrial","Suburban","5.3975","50.5836","135.0","","","","E1a/validated data AQ e-Reporting","18/03/2023 21:08:58","http://fme.discomap.eea.europa.eu/fmedatastreaming/AirQualityDownload/AQData_Extract.fmw?CountryCode=BE&CityName=&Pollutant=82&Year_from=2016&Year_to=2016&Station=STA-BEVR240&Samplingpoint=&Source=E1a&Output=HTML&UpdateDate="
"Belgium","NET-Wallonia","Wallonia","BEVR240","50R240 - ENGIS","SPO-BEVR240_00450_100","H3C-CH2-CH(CH3)2","i-Pentane (2-methylbutane) (air)","P1Y","Annual mean / 1 calendar year","2016","0.001","ug/m3","46.72","1","Industrial","Suburban","5.3975","50.5836","135.0","","","","E1a/validated data AQ e-Reporting","18/03/2023 21:08:58","http://fme.discomap.eea.europa.eu/fmedatastreaming/AirQualityDownload/AQData_Extract.fmw?CountryCode=BE&CityName=&Pollutant=450&Year_from=2016&Year_to=2016&Station=STA-BEVR240&Samplingpoint=&Source=E1a&Output=HTML&UpdateDate="
"Belgium","NET-Wallonia","Wallonia","BETR510","45R510 - CHATELINEAU","SPO-BETR510_00005_100","PM10","Particulate matter < 10 µm (aerosol)","P1Y-P1D-per90.41","1 year 90.41 percentile","2016","35.021","ug/m3","100.00","1","Background","Suburban","4.5211","50.4164","118.0","Charleroi                                                                       ","BE004C1                                           ","203314","E1a/validated data AQ e-Reporting","18/03/2023 22:09:05","http://fme.discomap.eea.europa.eu/fmedatastreaming/AirQualityDownload/AQData_Extract.fmw?CountryCode=BE&CityName=&Pollutant=5&Year_from=2016&Year_to=2016&Station=STA-BETR510&Samplingpoint=&Source=E1a&Output=HTML&UpdateDate="
"Belgium","NET-Wallonia","Wallonia","BETR510","45R510 - CHATELINEAU","SPO-BETR510_06001_100","PM2.5","Particulate matter < 2.5 µm (aerosol)","P1Y-day-max","1 year day max","2016","54.307","ug/m3","100.00","1","Background","Suburban","4.5211","50.4164","118.0","Charleroi                                                                       ","BE004C1                                           ","203314","E1a/validated data AQ e-Reporting","18/03/2023 21:43:22","http://fme.discomap.eea.europa.eu/fmedatastreaming/AirQualityDownload/AQData_Extract.fmw?CountryCode=BE&CityName=&Pollutant=6001&Year_from=2016&Year_to=2016&Station=STA-BETR510&Samplingpoint=&Source=E1a&Output=HTML&UpdateDate="
"Belgium","NET-Wallonia","Wallonia","BEVN132","50N132 - HABAY-LA-N.","SPO-BEVN132_00451_100","CH2=CH-C(CH3)=CH2","Isoprene (2-methyl-1,3-butadiene) (air)","P1Y","Annual mean / 1 calendar year","2016","0.000","ug/m3","47.27","1","Background","Rural","5.6304","49.7193","375.0","","","","E1a/validated data AQ e-Reporting","18/03/2023 21:08:58","http://fme.discomap.eea.europa.eu/fmedatastreaming/AirQualityDownload/AQData_Extract.fmw?CountryCode=BE&CityName=&Pollutant=451&Year_from=2016&Year_to=2016&Station=STA-BEVN132&Samplingpoint=&Source=E1a&Output=HTML&UpdateDate="
"Belgium","NET-Flanders","Flanders","BETN046","42N046 - GELLIK","SPO-BETN046_00007_100","O3","Ozone (air)","summer-avg","Summer mean","2016","54.355","ug/m3","97.45","1","Background","Rural","5.6189","50.8823","70.0","","","","E1a/validated data AQ e-Reporting","18/03/2023 22:50:22","http://fme.discomap.eea.europa.eu/fmedatastreaming/AirQualityDownload/AQData_Extract.fmw?CountryCode=BE&CityName=&Pollutant=7&Year_from=2016&Year_to=2016&Station=STA-BETN046&Samplingpoint=&Source=E1a&Output=HTML&UpdateDate="
"Belgium","NET-Flanders","Flanders","BETR815","42R815 - ZWIJNDRECHT","SPO-BETR815_06001_100","PM2.5","Particulate matter < 2.5 µm (aerosol)","P3Y","3 subsequent calendar years mean","2016","13.451","ug/m3","74.39","1","Industrial","Suburban","4.3322","51.2147","7.0","","","","E1a/validated data AQ e-Reporting","18/03/2023 21:36:00","http://fme.discomap.eea.europa.eu/fmedatastreaming/AirQualityDownload/AQData_Extract.fmw?CountryCode=BE&CityName=&Pollutant=6001&Year_from=2016&Year_to=2016&Station=STA-BETR815&Samplingpoint=&Source=E1a&Output=HTML&UpdateDate="
"Belgium","NET-Flanders","Flanders","BETR817","42R817 - ANTWERPEN","SPO-BETR817_00005_100","PM10","Particulate matter < 10 µm (aerosol)","P1Y-P1D-per90.4","1 year 90.4 percentile - COMPLIANCE","2016","41.058","ug/m3","100.00","1","Background","Suburban","4.4180","51.1771","6.0","Antwerpen                                                                       ","BE002C1                                           ","530014","E1a/validated data AQ e-Reporting","18/03/2023 22:08:35","http://fme.discomap.eea.europa.eu/fmedatastreaming/AirQualityDownload/AQData_Extract.fmw?CountryCode=BE&CityName=&Pollutant=5&Year_from=2016&Year_to=2016&Station=STA-BETR817&Samplingpoint=&Source=E1a&Output=HTML&UpdateDate="
"Belgium","NET-Flanders","Flanders","BETR841","42R841 - MECHELEN","SPO-BETR841_06001_100","PM2.5","Particulate matter < 2.5 µm (aerosol)","P1Y-day-max","1 year day max","2016","56.375","ug/m3","98.09","1","Background","Suburban","4.4693","51.0025","8.0","Mechelen                                                                        ","BE012C1                                           ","86911","E1a/validated data AQ e-Reporting","18/03/2023 21:43:22","http://fme.discomap.eea.europa.eu/fmedatastreaming/AirQualityDownload/AQData_Extract.fmw?CountryCode=BE&CityName=&Pollutant=6001&Year_from=2016&Year_to=2016&Station=STA-BETR841&Samplingpoint=&Source=E1a&Output=HTML&UpdateDate="
"Belgium","NET-Flanders","Flanders","BETR801","42R801 - BORGERHOUT","SPO-BETR801_06001_100","PM2.5","Particulate matter < 2.5 µm (aerosol)","P3Y","3 subsequent calendar years mean","2016","14.686","ug/m3","98.94","1","Background","Urban","4.4318","51.2097","6.0","Antwerpen                                                                       ","BE002C1                                           ","530014","E1a/validated data AQ e-Reporting","18/03/2023 21:36:00","http://fme.discomap.eea.europa.eu/fmedatastreaming/AirQualityDownload/AQData_Extract.fmw?CountryCode=BE&CityName=&Pollutant=6001&Year_from=2016&Year_to=2016&Station=STA-BETR801&Samplingpoint=&Source=E1a&Output=HTML&UpdateDate="
"Belgium","NET-Wallonia","Wallonia","BETR240","43R240 - ENGIS","SPO-BETR240_00007_100","O3","Ozone (air)","P1Y","Annual mean / 1 calendar year","2016","40.335","ug/m3","92.82","1","Industrial","Suburban","5.3975","50.5836","135.0","","","","E1a/validated data AQ e-Reporting","18/03/2023 21:08:58","http://fme.discomap.eea.europa.eu/fmedatastreaming/AirQualityDownload/AQData_Extract.fmw?CountryCode=BE&CityName=&Pollutant=7&Year_from=2016&Year_to=2016&Station=STA-BETR240&Samplingpoint=&Source=E1a&Output=HTML&UpdateDate="
"Belgium","NET-Wallonia","Wallonia","BETN100","43N100 - DOURBES","SPO-BETN100_06001_100","PM2.5","Particulate matter < 2.5 µm (aerosol)","P3Y","3 subsequent calendar years mean","2016","7.713","ug/m3","98.76","1","Background","Rural","4.5948","50.0957","225.0","","","","E1a/validated data AQ e-Reporting","18/03/2023 21:36:00","http://fme.discomap.eea.europa.eu/fmedatastreaming/AirQualityDownload/AQData_Extract.fmw?CountryCode=BE&CityName=&Pollutant=6001&Year_from=2016&Year_to=2016&Station=STA-BETN100&Samplingpoint=&Source=E1a&Output=HTML&UpdateDate="
"Belgium","NET-Wallonia","Wallonia","BEVR522","50R222 - SERAING","SPO-BEVR522_06007_100","cis-H3C-CH=CH-CH3","cis-2-Butene (air)","P1Y","Annual mean / 1 calendar year","2016","0.000","ug/m3","48.36","1","Background","Suburban","5.5713","50.6105","62.0","Liège                                                                           ","BE005C1                                           ","383700","E1a/validated data AQ e-Reporting","18/03/2023 21:08:58","http://fme.discomap.eea.europa.eu/fmedatastreaming/AirQualityDownload/AQData_Extract.fmw?CountryCode=BE&CityName=&Pollutant=6007&Year_from=2016&Year_to=2016&Station=STA-BEVR522&Samplingpoint=&Source=E1a&Output=HTML&UpdateDate="
"Belgium","NET-Wallonia","Wallonia","BEVR240","50R240 - ENGIS","SPO-BEVR240_06013_100","1,3,5-C6H3(CH3)3","1,3,5-Trimethylbenzene (air)","P1Y","Annual mean / 1 calendar year","2016","0.000","ug/m3","48.09","1","Industrial","Suburban","5.3975","50.5836","135.0","","","","E1a/validated data AQ e-Reporting","18/03/2023 21:08:58","http://fme.discomap.eea.europa.eu/fmedatastreaming/AirQualityDownload/AQData_Extract.fmw?CountryCode=BE&CityName=&Pollutant=6013&Year_from=2016&Year_to=2016&Station=STA-BEVR240&Samplingpoint=&Source=E1a&Output=HTML&UpdateDate="
"Belgium","NET-Wallonia","Wallonia","BEVN063","50N063 - CORROY L.G.","SPO-BEVN063_00020_100","C6H6","Benzene (air)","P1Y-day-min","1 year day min","2016","0.090","ug/m3","44.81","1","Background","Rural","4.6683","50.6554","145.0","","","","E1a/validated data AQ e-Reporting","18/03/2023 21:55:46","http://fme.discomap.eea.europa.eu/fmedatastreaming/AirQualityDownload/AQData_Extract.fmw?CountryCode=BE&CityName=&Pollutant=20&Year_from=2016&Year_to=2016&Station=STA-BEVN063&Samplingpoint=&Source=E1a&Output=HTML&UpdateDate="
"Belgium","NET-Wallonia","Wallonia","BEVR522","50R222 - SERAING","SPO-BEVR522_00475_100","C8H18","n-Octane (air)","P1Y","Annual mean / 1 calendar year","2016","0.000","ug/m3","48.09","1","Background","Suburban","5.5713","50.6105","62.0","Liège                                                                           ","BE005C1                                           ","383700","E1a/validated data AQ e-Reporting","18/03/2023 21:08:58","http://fme.discomap.eea.europa.eu/fmedatastreaming/AirQualityDownload/AQData_Extract.fmw?CountryCode=BE&CityName=&Pollutant=475&Year_from=2016&Year_to=2016&Station=STA-BEVR522&Samplingpoint=&Source=E1a&Output=HTML&UpdateDate="
"Belgium","NET-Flanders","Flanders","BETR817","42R817 - ANTWERPEN","SPO-BETR817_00008_100","NO2","Nitrogen dioxide (air)","P1Y-hr-max19","1 year hour max19","2016","102.500","ug/m3","95.00","1","Background","Suburban","4.4180","51.1771","6.0","Antwerpen                                                                       ","BE002C1                                           ","530014","E1a/validated data AQ e-Reporting","18/03/2023 22:34:35","http://fme.discomap.eea.europa.eu/fmedatastreaming/AirQualityDownload/AQData_Extract.fmw?CountryCode=BE&CityName=&Pollutant=8&Year_from=2016&Year_to=2016&Station=STA-BETR817&Samplingpoint=&Source=E1a&Output=HTML&UpdateDate="
"Belgium","NET-Flanders","Flanders","BETR820","42R820 - KAPELLEN","SPO-BETR820_00008_100","NO2","Nitrogen dioxide (air)","P1Y-hrsAbove400","1 year hour exceed 400","2016","0.000","count","96.49","1","Background","Suburban","4.4448","51.3204","11.0","","","","E1a/validated data AQ e-Reporting","18/03/2023 21:54:38","http://fme.discomap.eea.europa.eu/fmedatastreaming/AirQualityDownload/AQData_Extract.fmw?CountryCode=BE&CityName=&Pollutant=8&Year_from=2016&Year_to=2016&Station=STA-BETR820&Samplingpoint=&Source=E1a&Output=HTML&UpdateDate="
"Belgium","NET-Flanders","Flanders","BETR817","42R817 - ANTWERPEN","SPO-BETR817_06001_100","PM2.5","Particulate matter < 2.5 µm (aerosol)","P1Y-day-max","1 year day max","2016","55.875","ug/m3","100.00","1","Background","Suburban","4.4180","51.1771","6.0","Antwerpen                                                                       ","BE002C1                                           ","530014","E1a/validated data AQ e-Reporting","18/03/2023 21:43:22","http://fme.discomap.eea.europa.eu/fmedatastreaming/AirQualityDownload/AQData_Extract.fmw?CountryCode=BE&CityName=&Pollutant=6001&Year_from=2016&Year_to=2016&Station=STA-BETR817&Samplingpoint=&Source=E1a&Output=HTML&UpdateDate="
"Belgium","NET-Flanders","Flanders","BETR721","44R721 - WONDELGEM","SPO-BETR721_00008_100","NO2","Nitrogen dioxide (air)","P1Y-day-max","1 year day max","2016","66.938","ug/m3","95.08","1","Industrial","Suburban","3.7161","51.0890","6.0","Gent                                                                            ","BE003C1                                           ","263687","E1a/validated data AQ e-Reporting","18/03/2023 21:43:56","http://fme.discomap.eea.europa.eu/fmedatastreaming/AirQualityDownload/AQData_Extract.fmw?CountryCode=BE&CityName=&Pollutant=8&Year_from=2016&Year_to=2016&Station=STA-BETR721&Samplingpoint=&Source=E1a&Output=HTML&UpdateDate="
"Belgium","NET-Flanders","Flanders","BETN045","42N045 - HASSELT","SPO-BETN045_00001_100","SO2","Sulphur dioxide (air)","P1Y-day-min","1 year day min","2016","1.000","ug/m3","98.36","1","Background","Suburban","5.3684","50.9397","41.0","","","","E1a/validated data AQ e-Reporting","18/03/2023 21:54:56","http://fme.discomap.eea.europa.eu/fmedatastreaming/AirQualityDownload/AQData_Extract.fmw?CountryCode=BE&CityName=&Pollutant=1&Year_from=2016&Year_to=2016&Station=STA-BETN045&Samplingpoint=&Source=E1a&Output=HTML&UpdateDate="
"Belgium","NET-Flanders","Flanders","BETN045","42N045 - HASSELT","SPO-BETN045_00007_100","O3","Ozone (air)","P1Y-hrsAbove180","1 year hour exceed 180","2016","4.000","count","94.31","1","Background","Suburban","5.3684","50.9397","41.0","","","","E1a/validated data AQ e-Reporting","18/03/2023 21:46:37","http://fme.discomap.eea.europa.eu/fmedatastreaming/AirQualityDownload/AQData_Extract.fmw?CountryCode=BE&CityName=&Pollutant=7&Year_from=2016&Year_to=2016&Station=STA-BETN045&Samplingpoint=&Source=E1a&Output=HTML&UpdateDate="
"Belgium","NET-Flanders","Flanders","BETN045","42N045 - HASSELT","SPO-BETN045_00008_100","NO2","Nitrogen dioxide (air)","P1Y-hr-max-per99.79","1 year 99.79 %ile of hourly values in a given year","2016","87.000","ug/m3","96.78","1","Background","Suburban","5.3684","50.9397","41.0","","","","E1a/validated data AQ e-Reporting","18/03/2023 22:07:35","http://fme.discomap.eea.europa.eu/fmedatastreaming/AirQualityDownload/AQData_Extract.fmw?CountryCode=BE&CityName=&Pollutant=8&Year_from=2016&Year_to=2016&Station=STA-BETN045&Samplingpoint=&Source=E1a&Output=HTML&UpdateDate="
"Belgium","NET-Flanders","Flanders","BESR893","59N893 - ANTWERPEN","SPO-BESR893_00454_100","C9H20","n-Nonane (air)","P1Y","Annual mean / 1 calendar year","2016","0.000","ug/m3","84.15","1","Background","Suburban","3.8084","51.2032","0.0","","","","E1a/validated data AQ e-Reporting","18/03/2023 21:08:58","http://fme.discomap.eea.europa.eu/fmedatastreaming/AirQualityDownload/AQData_Extract.fmw?CountryCode=BE&CityName=&Pollutant=454&Year_from=2016&Year_to=2016&Station=STA-BESR893&Samplingpoint=&Source=E1a&Output=HTML&UpdateDate="
"Belgium","NET-Flanders","Flanders","BETR020","42R020 - VILVOORDE","SPO-BETR020_00005_100","PM10","Particulate matter < 10 µm (aerosol)","P1Y-P1D-per99","1 year 99 percentile of daily means (P1D) or .../aq/primaryObservation/day","2016","58.413","ug/m3","100.00","1","Background","Suburban","4.4367","50.9414","12.0","","","","E1a/validated data AQ e-Reporting","18/03/2023 22:09:38","http://fme.discomap.eea.europa.eu/fmedatastreaming/AirQualityDownload/AQData_Extract.fmw?CountryCode=BE&CityName=&Pollutant=5&Year_from=2016&Year_to=2016&Station=STA-BETR020&Samplingpoint=&Source=E1a&Output=HTML&UpdateDate="
"Belgium","NET-Flanders","Flanders","BETR801","42R801 - BORGERHOUT","SPO-BETR801_00007_100","O3","Ozone (air)","SOMO35","Sum of Ozone Means Over 35 ppb","2016","690.716","ug/m3","95.36","1","Background","Urban","4.4318","51.2097","6.0","Antwerpen                                                                       ","BE002C1                                           ","530014","E1a/validated data AQ e-Reporting","18/03/2023 22:59:23","http://fme.discomap.eea.europa.eu/fmedatastreaming/AirQualityDownload/AQData_Extract.fmw?CountryCode=BE&CityName=&Pollutant=7&Year_from=2016&Year_to=2016&Station=STA-BETR801&Samplingpoint=&Source=E1a&Output=HTML&UpdateDate="
"Belgium","NET-Flanders","Flanders","BETE007","47E007 - Sint-Pieters-Leeuw","SPO-BETE007_00008_100","NO2","Nitrogen dioxide (air)","P1Y-P1D-per99","1 year 99 percentile of daily means (P1D) or .../aq/primaryObservation/day","2016","54.667","ug/m3","98.91","1","Industrial","Rural","4.2526","50.7953","54.0","","","","E1a/validated data AQ e-Reporting","18/03/2023 22:10:34","http://fme.discomap.eea.europa.eu/fmedatastreaming/AirQualityDownload/AQData_Extract.fmw?CountryCode=BE&CityName=&Pollutant=8&Year_from=2016&Year_to=2016&Station=STA-BETE007&Samplingpoint=&Source=E1a&Output=HTML&UpdateDate="
"Belgium","NET-Flanders","Flanders","BETN012","44N012 - MOERKERKE","SPO-BETN012_06001_100","PM2.5","Particulate matter < 2.5 µm (aerosol)","P1Y-day-max","1 year day max","2016","47.841","ug/m3","99.45","1","Background","Rural","3.3625","51.2546","3.0","","","","E1a/validated data AQ e-Reporting","18/03/2023 21:43:22","http://fme.discomap.eea.europa.eu/fmedatastreaming/AirQualityDownload/AQData_Extract.fmw?CountryCode=BE&CityName=&Pollutant=6001&Year_from=2016&Year_to=2016&Station=STA-BETN012&Samplingpoint=&Source=E1a&Output=HTML&UpdateDate="
"Belgium","NET-Flanders","Flanders","BETR740","44R740 - ST.KRUIS-WI","SPO-BETR740_00008_100","NO2","Nitrogen dioxide (air)","P1Y-hr-per50","1 year 50 percentile","2016","20.500","ug/m3","96.32","1","Industrial","Rural","3.8087","51.1501","5.0","Gent                                                                            ","BE003C1                                           ","263687","E1a/validated data AQ e-Reporting","18/03/2023 22:05:49","http://fme.discomap.eea.europa.eu/fmedatastreaming/AirQualityDownload/AQData_Extract.fmw?CountryCode=BE&CityName=&Pollutant=8&Year_from=2016&Year_to=2016&Station=STA-BETR740&Samplingpoint=&Source=E1a&Output=HTML&UpdateDate="
"Belgium","NET-Flanders","Flanders","BETR841","42R841 - MECHELEN","SPO-BETR841_00007_100","O3","Ozone (air)","AOT40c","AOT40 vegetation protection","2016","6083.265","ug/m3","97.64","1","Background","Suburban","4.4693","51.0025","8.0","Mechelen                                                                        ","BE012C1                                           ","86911","E1a/validated data AQ e-Reporting","18/03/2023 23:06:29","http://fme.discomap.eea.europa.eu/fmedatastreaming/AirQualityDownload/AQData_Extract.fmw?CountryCode=BE&CityName=&Pollutant=7&Year_from=2016&Year_to=2016&Station=STA-BETR841&Samplingpoint=&Source=E1a&Output=HTML&UpdateDate="
"Belgium","NET-Flanders","Flanders","BETR701","44R701 - GENT","SPO-BETR701_06001_100","PM2.5","Particulate matter < 2.5 µm (aerosol)","P1Y-day-min","1 year day min","2016","2.750","ug/m3","100.00","1","Background","Urban","3.7293","51.0583","5.0","Gent                                                                            ","BE003C1                                           ","263687","E1a/validated data AQ e-Reporting","18/03/2023 21:55:29","http://fme.discomap.eea.europa.eu/fmedatastreaming/AirQualityDownload/AQData_Extract.fmw?CountryCode=BE&CityName=&Pollutant=6001&Year_from=2016&Year_to=2016&Station=STA-BETR701&Samplingpoint=&Source=E1a&Output=HTML&UpdateDate="
"Belgium","NET-Flanders","Flanders","BETR731","44R731 - EVERGEM","SPO-BETR731_00008_100","NO2","Nitrogen dioxide (air)","P1Y-hrsAbove200","1 year hour exceed 200","2016","0.000","count","93.78","1","Industrial","Rural","3.7395","51.1247","6.0","","","","E1a/validated data AQ e-Reporting","18/03/2023 21:48:42","http://fme.discomap.eea.europa.eu/fmedatastreaming/AirQualityDownload/AQData_Extract.fmw?CountryCode=BE&CityName=&Pollutant=8&Year_from=2016&Year_to=2016&Station=STA-BETR731&Samplingpoint=&Source=E1a&Output=HTML&UpdateDate="
"Belgium","NET-Flanders","Flanders","BETM802","42M802 - ANTWERPEN","SPO-BETM802_00001_100","SO2","Sulphur dioxide (air)","P1Y-hr-max25","1 year hour max 25","2016","24.000","ug/m3","96.02","1","Industrial","Suburban","4.4244","51.2610","3.0","Antwerpen                                                                       ","BE002C1                                           ","530014","E1a/validated data AQ e-Reporting","18/03/2023 22:33:20","http://fme.discomap.eea.europa.eu/fmedatastreaming/AirQualityDownload/AQData_Extract.fmw?CountryCode=BE&CityName=&Pollutant=1&Year_from=2016&Year_to=2016&Station=STA-BETM802&Samplingpoint=&Source=E1a&Output=HTML&UpdateDate="
"Belgium","NET-Flanders","Flanders","BETN045","42N045 - HASSELT","SPO-BETN045_00007_100","O3","Ozone (air)","summer-avg","Summer mean","2016","56.636","ug/m3","97.13","1","Background","Suburban","5.3684","50.9397","41.0","","","","E1a/validated data AQ e-Reporting","18/03/2023 22:50:22","http://fme.discomap.eea.europa.eu/fmedatastreaming/AirQualityDownload/AQData_Extract.fmw?CountryCode=BE&CityName=&Pollutant=7&Year_from=2016&Year_to=2016&Station=STA-BETN045&Samplingpoint=&Source=E1a&Output=HTML&UpdateDate="
"Belgium","NET-Flanders","Flanders","BETR740","44R740 - ST.KRUIS-WI","SPO-BETR740_00001_100","SO2","Sulphur dioxide (air)","P1Y-hr-per50","1 year 50 percentile","2016","1.000","ug/m3","97.11","1","Industrial","Rural","3.8087","51.1501","5.0","Gent                                                                            ","BE003C1                                           ","263687","E1a/validated data AQ e-Reporting","18/03/2023 22:05:49","http://fme.discomap.eea.europa.eu/fmedatastreaming/AirQualityDownload/AQData_Extract.fmw?CountryCode=BE&CityName=&Pollutant=1&Year_from=2016&Year_to=2016&Station=STA-BETR740&Samplingpoint=&Source=E1a&Output=HTML&UpdateDate="
"Belgium","NET-Flanders","Flanders","BETN051","44N051 - IDEGEM","SPO-BETN051_00008_100","NO2","Nitrogen dioxide (air)","P1Y-day-min","1 year day min","2016","2.521","ug/m3","98.36","1","Background","Rural","3.9303","50.7989","15.0","","","","E1a/validated data AQ e-Reporting","18/03/2023 21:56:03","http://fme.discomap.eea.europa.eu/fmedatastreaming/AirQualityDownload/AQData_Extract.fmw?CountryCode=BE&CityName=&Pollutant=8&Year_from=2016&Year_to=2016&Station=STA-BETN051&Samplingpoint=&Source=E1a&Output=HTML&UpdateDate="
"Belgium","NET-Flanders","Flanders","BETR803","42R803 - ANTWERPEN","SPO-BETR803_00008_100","NO2","Nitrogen dioxide (air)","P1Y","Annual mean / 1 calendar year","2016","32.145","ug/m3","93.34","1","Background","Urban","4.4285","51.2286","0.0","Antwerpen                                                                       ","BE002C1                                           ","530014","E1a/validated data AQ e-Reporting","18/03/2023 21:08:58","http://fme.discomap.eea.europa.eu/fmedatastreaming/AirQualityDownload/AQData_Extract.fmw?CountryCode=BE&CityName=&Pollutant=8&Year_from=2016&Year_to=2016&Station=STA-BETR803&Samplingpoint=&Source=E1a&Output=HTML&UpdateDate="
"Belgium","NET-Flanders","Flanders","BETR750","44R750 - ZELZATE","SPO-BETR750_00391_100","Black Carbon","black_carbon (aerosol)","P1Y","Annual mean / 1 calendar year","2016","1.486","ug/m3","95.23","1","Industrial","Rural","3.8229","51.1961","6.0","","","","E1a/validated data AQ e-Reporting","18/03/2023 21:08:58","http://fme.discomap.eea.europa.eu/fmedatastreaming/AirQualityDownload/AQData_Extract.fmw?CountryCode=BE&CityName=&Pollutant=391&Year_from=2016&Year_to=2016&Station=STA-BETR750&Samplingpoint=&Source=E1a&Output=HTML&UpdateDate="
"Belgium","NET-Flanders","Flanders","BETR803","42R803 - ANTWERPEN","SPO-BETR803_00008_100","NO2","Nitrogen dioxide (air)","P1Y-hrsAbove200","1 year hour exceed 200","2016","1.000","count","93.34","1","Background","Urban","4.4285","51.2286","0.0","Antwerpen                                                                       ","BE002C1                                           ","530014","E1a/validated data AQ e-Reporting","18/03/2023 21:48:42","http://fme.discomap.eea.europa.eu/fmedatastreaming/AirQualityDownload/AQData_Extract.fmw?CountryCode=BE&CityName=&Pollutant=8&Year_from=2016&Year_to=2016&Station=STA-BETR803&Samplingpoint=&Source=E1a&Output=HTML&UpdateDate="
"Belgium","NET-Flanders","Flanders","BETR811","42R811 - SCHOTEN","SPO-BETR811_00007_100","O3","Ozone (air)","summer-avg","Summer mean","2016","50.799","ug/m3","97.47","1","Background","Suburban","4.4914","51.2521","8.0","","","","E1a/validated data AQ e-Reporting","18/03/2023 22:50:22","http://fme.discomap.eea.europa.eu/fmedatastreaming/AirQualityDownload/AQData_Extract.fmw?CountryCode=BE&CityName=&Pollutant=7&Year_from=2016&Year_to=2016&Station=STA-BETR811&Samplingpoint=&Source=E1a&Output=HTML&UpdateDate="
"Belgium","NET-Flanders","Flanders","BETN052","44N052 - ZWEVEGEM","SPO-BETN052_00007_100","O3","Ozone (air)","P1Y-dx-max","1 year day max max","2016","127.000","ug/m3","90.71","1","Background","Suburban","3.3225","50.8149","27.0","","","","E1a/validated data AQ e-Reporting","18/03/2023 21:44:39","http://fme.discomap.eea.europa.eu/fmedatastreaming/AirQualityDownload/AQData_Extract.fmw?CountryCode=BE&CityName=&Pollutant=7&Year_from=2016&Year_to=2016&Station=STA-BETN052&Samplingpoint=&Source=E1a&Output=HTML&UpdateDate="
"Belgium","NET-Flanders","Flanders","BETN054","42N054 - WALSHOUTEM","SPO-BETN054_00007_100","O3","Ozone (air)","P1Y-dx-max","1 year day max max","2016","180.063","ug/m3","92.62","1","Background","Rural","5.1032","50.7117","135.0","","","","E1a/validated data AQ e-Reporting","18/03/2023 21:44:39","http://fme.discomap.eea.europa.eu/fmedatastreaming/AirQualityDownload/AQData_Extract.fmw?CountryCode=BE&CityName=&Pollutant=7&Year_from=2016&Year_to=2016&Station=STA-BETN054&Samplingpoint=&Source=E1a&Output=HTML&UpdateDate="
"Belgium","NET-Flanders","Flanders","BETR802","42R802 - BORGERHOUT","SPO-BETR802_00010_100","CO","Carbon monoxide (air)","P1Y-8hdmxAbove10","1 year daymax exceed 10","2016","0.000","count","97.27","1","Traffic","Urban","4.4318","51.2095","6.0","Antwerpen                                                                       ","BE002C1                                           ","530014","E1a/validated data AQ e-Reporting","18/03/2023 22:27:43","http://fme.discomap.eea.europa.eu/fmedatastreaming/AirQualityDownload/AQData_Extract.fmw?CountryCode=BE&CityName=&Pollutant=10&Year_from=2016&Year_to=2016&Station=STA-BETR802&Samplingpoint=&Source=E1a&Output=HTML&UpdateDate="
"Belgium","NET-Flanders","Flanders","BETR893","42R893 - ANTWERPEN","SPO-BETR893_00008_100","NO2","Nitrogen dioxide (air)","P1Y-day-per50","1 year 50 %ile of daily values in a year","2016","33.833","ug/m3","98.91","1","Industrial","Suburban","4.3858","51.2814","6.0","Antwerpen                                                                       ","BE002C1                                           ","530014","E1a/validated data AQ e-Reporting","18/03/2023 22:14:21","http://fme.discomap.eea.europa.eu/fmedatastreaming/AirQualityDownload/AQData_Extract.fmw?CountryCode=BE&CityName=&Pollutant=8&Year_from=2016&Year_to=2016&Station=STA-BETR893&Samplingpoint=&Source=E1a&Output=HTML&UpdateDate="
"Belgium","NET-Flanders","Flanders","BELRL01","40RL01 - ROESELARE","SPO-BELRL01_00005_100","PM10","Particulate matter < 10 µm (aerosol)","P3Y","3 subsequent calendar years mean","2016","21.685","ug/m3","99.66","1","Background","Urban","3.1212","50.9532","20.0","","","","E1a/validated data AQ e-Reporting","18/03/2023 21:36:00","http://fme.discomap.eea.europa.eu/fmedatastreaming/AirQualityDownload/AQData_Extract.fmw?CountryCode=BE&CityName=&Pollutant=5&Year_from=2016&Year_to=2016&Station=STA-BELRL01&Samplingpoint=&Source=E1a&Output=HTML&UpdateDate="
"Belgium","NET-Flanders","Flanders","BETR897","42R897 - ANTWERPEN","SPO-BETR897_00001_100","SO2","Sulphur dioxide (air)","P1Y-hr-min","1 year hour min","2016","1.000","ug/m3","97.20","1","Industrial","Suburban","4.3421","51.2501","5.0","Antwerpen                                                                       ","BE002C1                                           ","530014","E1a/validated data AQ e-Reporting","18/03/2023 22:31:20","http://fme.discomap.eea.europa.eu/fmedatastreaming/AirQualityDownload/AQData_Extract.fmw?CountryCode=BE&CityName=&Pollutant=1&Year_from=2016&Year_to=2016&Station=STA-BETR897&Samplingpoint=&Source=E1a&Output=HTML&UpdateDate="
"Belgium","NET-Flanders","Flanders","BETR701","44R701 - GENT","SPO-BETR701_00008_100","NO2","Nitrogen dioxide (air)","P1Y-day-per50","1 year 50 %ile of daily values in a year","2016","27.188","ug/m3","98.91","1","Background","Urban","3.7293","51.0583","5.0","Gent                                                                            ","BE003C1                                           ","263687","E1a/validated data AQ e-Reporting","18/03/2023 22:14:21","http://fme.discomap.eea.europa.eu/fmedatastreaming/AirQualityDownload/AQData_Extract.fmw?CountryCode=BE&CityName=&Pollutant=8&Year_from=2016&Year_to=2016&Station=STA-BETR701&Samplingpoint=&Source=E1a&Output=HTML&UpdateDate="
"Belgium","NET-Flanders","Flanders","BETR701","44R701 - GENT","SPO-BETR701_00008_100","NO2","Nitrogen dioxide (air)","P1Y-P1D-per99","1 year 99 percentile of daily means (P1D) or .../aq/primaryObservation/day","2016","65.932","ug/m3","98.91","1","Background","Urban","3.7293","51.0583","5.0","Gent                                                                            ","BE003C1                                           ","263687","E1a/validated data AQ e-Reporting","18/03/2023 22:10:34","http://fme.discomap.eea.europa.eu/fmedatastreaming/AirQualityDownload/AQData_Extract.fmw?CountryCode=BE&CityName=&Pollutant=8&Year_from=2016&Year_to=2016&Station=STA-BETR701&Samplingpoint=&Source=E1a&Output=HTML&UpdateDate="
"Belgium","NET-Flanders","Flanders","BETR831","42R831 - BERENDRECHT","SPO-BETR831_00001_100","SO2","Sulphur dioxide (air)","P1Y-daysAbove125","1 year day exceed 125","2016","0.000","count","99.45","1","Industrial","Rural","4.3397","51.3488","3.0","Antwerpen                                                                       ","BE002C1                                           ","530014","E1a/validated data AQ e-Reporting","18/03/2023 22:23:37","http://fme.discomap.eea.europa.eu/fmedatastreaming/AirQualityDownload/AQData_Extract.fmw?CountryCode=BE&CityName=&Pollutant=1&Year_from=2016&Year_to=2016&Station=STA-BETR831&Samplingpoint=&Source=E1a&Output=HTML&UpdateDate="
"Belgium","NET-Flanders","Flanders","BETN035","42N035 - AARSCHOT","SPO-BETN035_00005_100","PM10","Particulate matter < 10 µm (aerosol)","P1Y-hr-max","1 year hour max","2016","171.600","ug/m3","99.69","1","Background","Rural","4.8376","50.9775","55.0","","","","E1a/validated data AQ e-Reporting","18/03/2023 21:57:02","http://fme.discomap.eea.europa.eu/fmedatastreaming/AirQualityDownload/AQData_Extract.fmw?CountryCode=BE&CityName=&Pollutant=5&Year_from=2016&Year_to=2016&Station=STA-BETN035&Samplingpoint=&Source=E1a&Output=HTML&UpdateDate="
"Belgium","NET-Wallonia","Wallonia","BETN060","43N060 - HAVINNES","SPO-BETN060_00005_100","PM10","Particulate matter < 10 µm (aerosol)","P1Y-hr-max","1 year hour max","2016","373.771","ug/m3","99.59","1","Background","Rural","3.4576","50.6167","0.0","","","","E1a/validated data AQ e-Reporting","18/03/2023 21:57:02","http://fme.discomap.eea.europa.eu/fmedatastreaming/AirQualityDownload/AQData_Extract.fmw?CountryCode=BE&CityName=&Pollutant=5&Year_from=2016&Year_to=2016&Station=STA-BETN060&Samplingpoint=&Source=E1a&Output=HTML&UpdateDate="
"Belgium","NET-Flanders","Flanders","BETN035","42N035 - AARSCHOT","SPO-BETN035_00007_100","O3","Ozone (air)","P1Y-dx-avg","1 year daymax average","2016","63.606","ug/m3","94.81","1","Background","Rural","4.8376","50.9775","55.0","","","","E1a/validated data AQ e-Reporting","18/03/2023 22:27:48","http://fme.discomap.eea.europa.eu/fmedatastreaming/AirQualityDownload/AQData_Extract.fmw?CountryCode=BE&CityName=&Pollutant=7&Year_from=2016&Year_to=2016&Station=STA-BETN035&Samplingpoint=&Source=E1a&Output=HTML&UpdateDate="
"Belgium","NET-Flanders","Flanders","BETR811","42R811 - SCHOTEN","SPO-BETR811_00008_100","NO2","Nitrogen dioxide (air)","P1Y-hr-max19","1 year hour max19","2016","86.000","ug/m3","96.93","1","Background","Suburban","4.4914","51.2521","8.0","","","","E1a/validated data AQ e-Reporting","18/03/2023 22:34:35","http://fme.discomap.eea.europa.eu/fmedatastreaming/AirQualityDownload/AQData_Extract.fmw?CountryCode=BE&CityName=&Pollutant=8&Year_from=2016&Year_to=2016&Station=STA-BETR811&Samplingpoint=&Source=E1a&Output=HTML&UpdateDate="
"Belgium","NET-Flanders","Flanders","BETR731","44R731 - EVERGEM","SPO-BETR731_00001_100","SO2","Sulphur dioxide (air)","P1Y-daysAbove125","1 year day exceed 125","2016","0.000","count","98.36","1","Industrial","Rural","3.7395","51.1247","6.0","","","","E1a/validated data AQ e-Reporting","18/03/2023 22:23:37","http://fme.discomap.eea.europa.eu/fmedatastreaming/AirQualityDownload/AQData_Extract.fmw?CountryCode=BE&CityName=&Pollutant=1&Year_from=2016&Year_to=2016&Station=STA-BETR731&Samplingpoint=&Source=E1a&Output=HTML&UpdateDate="
"Belgium","NET-Flanders","Flanders","BETR701","44R701 - GENT","SPO-BETR701_00001_100","SO2","Sulphur dioxide (air)","P1Y-hr-max25","1 year hour max 25","2016","10.000","ug/m3","96.88","1","Background","Urban","3.7293","51.0583","5.0","Gent                                                                            ","BE003C1                                           ","263687","E1a/validated data AQ e-Reporting","18/03/2023 22:33:20","http://fme.discomap.eea.europa.eu/fmedatastreaming/AirQualityDownload/AQData_Extract.fmw?CountryCode=BE&CityName=&Pollutant=1&Year_from=2016&Year_to=2016&Station=STA-BETR701&Samplingpoint=&Source=E1a&Output=HTML&UpdateDate="
"Belgium","NET-Flanders","Flanders","BETE716","47E716 - MARIAKERKE","SPO-BETE716_00008_100","NO2","Nitrogen dioxide (air)","P1Y-hr-max19","1 year hour max19","2016","80.500","ug/m3","96.22","1","Industrial","Suburban","3.6828","51.0670","8.0","Gent                                                                            ","BE003C1                                           ","263687","E1a/validated data AQ e-Reporting","18/03/2023 22:34:35","http://fme.discomap.eea.europa.eu/fmedatastreaming/AirQualityDownload/AQData_Extract.fmw?CountryCode=BE&CityName=&Pollutant=8&Year_from=2016&Year_to=2016&Station=STA-BETE716&Samplingpoint=&Source=E1a&Output=HTML&UpdateDate="
"Belgium","NET-Wallonia","Wallonia","BETN063","43N063 - CORROY L.G.","SPO-BETN063_00010_100","CO","Carbon monoxide (air)","P1Y","Annual mean / 1 calendar year","2016","0.216","mg/m3","97.34","1","Background","Rural","4.6683","50.6554","145.0","","","","E1a/validated data AQ e-Reporting","18/03/2023 21:08:58","http://fme.discomap.eea.europa.eu/fmedatastreaming/AirQualityDownload/AQData_Extract.fmw?CountryCode=BE&CityName=&Pollutant=10&Year_from=2016&Year_to=2016&Station=STA-BETN063&Samplingpoint=&Source=E1a&Output=HTML&UpdateDate="
"Belgium","NET-Flanders","Flanders","BETR805","42R805 - ANTWERPEN","SPO-BETR805_06001_100","PM2.5","Particulate matter < 2.5 µm (aerosol)","P1Y-day-max","1 year day max","2016","50.146","ug/m3","98.63","1","Traffic","Urban","4.4216","51.2082","6.0","Antwerpen                                                                       ","BE002C1                                           ","530014","E1a/validated data AQ e-Reporting","18/03/2023 21:43:22","http://fme.discomap.eea.europa.eu/fmedatastreaming/AirQualityDownload/AQData_Extract.fmw?CountryCode=BE&CityName=&Pollutant=6001&Year_from=2016&Year_to=2016&Station=STA-BETR805&Samplingpoint=&Source=E1a&Output=HTML&UpdateDate="
"Belgium","NET-Flanders","Flanders","BETR805","42R805 - ANTWERPEN","SPO-BETR805_06001_100","PM2.5","Particulate matter < 2.5 µm (aerosol)","P1Y-day-min","1 year day min","2016","2.438","ug/m3","98.63","1","Traffic","Urban","4.4216","51.2082","6.0","Antwerpen                                                                       ","BE002C1                                           ","530014","E1a/validated data AQ e-Reporting","18/03/2023 21:55:29","http://fme.discomap.eea.europa.eu/fmedatastreaming/AirQualityDownload/AQData_Extract.fmw?CountryCode=BE&CityName=&Pollutant=6001&Year_from=2016&Year_to=2016&Station=STA-BETR805&Samplingpoint=&Source=E1a&Output=HTML&UpdateDate="
"Belgium","NET-Flanders","Flanders","BETN052","44N052 - ZWEVEGEM","SPO-BETN052_00007_100","O3","Ozone (air)","SOMO10","Sum of Ozone Means Over 10 ppb","2016","13472.443","ug/m3","90.71","1","Background","Suburban","3.3225","50.8149","27.0","","","","E1a/validated data AQ e-Reporting","18/03/2023 22:59:50","http://fme.discomap.eea.europa.eu/fmedatastreaming/AirQualityDownload/AQData_Extract.fmw?CountryCode=BE&CityName=&Pollutant=7&Year_from=2016&Year_to=2016&Station=STA-BETN052&Samplingpoint=&Source=E1a&Output=HTML&UpdateDate="
"Belgium","NET-Flanders","Flanders","BETN052","44N052 - ZWEVEGEM","SPO-BETN052_00008_100","NO2","Nitrogen dioxide (air)","P1Y","Annual mean / 1 calendar year","2016","25.681","ug/m3","94.73","1","Background","Suburban","3.3225","50.8149","27.0","","","","E1a/validated data AQ e-Reporting","18/03/2023 21:08:58","http://fme.discomap.eea.europa.eu/fmedatastreaming/AirQualityDownload/AQData_Extract.fmw?CountryCode=BE&CityName=&Pollutant=8&Year_from=2016&Year_to=2016&Station=STA-BETN052&Samplingpoint=&Source=E1a&Output=HTML&UpdateDate="
"Belgium","NET-Flanders","Flanders","BETR801","42R801 - BORGERHOUT","SPO-BETR801_00001_100","SO2","Sulphur dioxide (air)","P1Y-hr-max","1 year hour max","2016","45.500","ug/m3","97.19","1","Background","Urban","4.4318","51.2097","6.0","Antwerpen                                                                       ","BE002C1                                           ","530014","E1a/validated data AQ e-Reporting","18/03/2023 21:57:02","http://fme.discomap.eea.europa.eu/fmedatastreaming/AirQualityDownload/AQData_Extract.fmw?CountryCode=BE&CityName=&Pollutant=1&Year_from=2016&Year_to=2016&Station=STA-BETR801&Samplingpoint=&Source=E1a&Output=HTML&UpdateDate="
"Belgium","NET-Flanders","Flanders","BETN054","42N054 - WALSHOUTEM","SPO-BETN054_00005_100","PM10","Particulate matter < 10 µm (aerosol)","P1Y-hr-min","1 year hour min","2016","3.600","ug/m3","98.13","1","Background","Rural","5.1032","50.7117","135.0","","","","E1a/validated data AQ e-Reporting","18/03/2023 22:31:20","http://fme.discomap.eea.europa.eu/fmedatastreaming/AirQualityDownload/AQData_Extract.fmw?CountryCode=BE&CityName=&Pollutant=5&Year_from=2016&Year_to=2016&Station=STA-BETN054&Samplingpoint=&Source=E1a&Output=HTML&UpdateDate="
"Belgium","NET-Flanders","Flanders","BETR801","42R801 - BORGERHOUT","SPO-BETR801_00001_100","SO2","Sulphur dioxide (air)","P1Y-hrsAbove350","1 year hour exceed 350","2016","0.000","count","97.19","1","Background","Urban","4.4318","51.2097","6.0","Antwerpen                                                                       ","BE002C1                                           ","530014","E1a/validated data AQ e-Reporting","18/03/2023 21:52:12","http://fme.discomap.eea.europa.eu/fmedatastreaming/AirQualityDownload/AQData_Extract.fmw?CountryCode=BE&CityName=&Pollutant=1&Year_from=2016&Year_to=2016&Station=STA-BETR801&Samplingpoint=&Source=E1a&Output=HTML&UpdateDate="
"Belgium","NET-Flanders","Flanders","BETR811","42R811 - SCHOTEN","SPO-BETR811_00007_100","O3","Ozone (air)","P1Y-dmax-per93.15","1 year 93.15 percentile daily 8h maximum","2016","106.250","ug/m3","95.08","1","Background","Suburban","4.4914","51.2521","8.0","","","","E1a/validated data AQ e-Reporting","18/03/2023 22:12:55","http://fme.discomap.eea.europa.eu/fmedatastreaming/AirQualityDownload/AQData_Extract.fmw?CountryCode=BE&CityName=&Pollutant=7&Year_from=2016&Year_to=2016&Station=STA-BETR811&Samplingpoint=&Source=E1a&Output=HTML&UpdateDate="
"Belgium","NET-Flanders","Flanders","BETTS21","40TS21 - TESSENDERLO","SPO-BETTS21_00001_100","SO2","Sulphur dioxide (air)","P1Y-day-per50","1 year 50 %ile of daily values in a year","2016","1.250","ug/m3","99.45","1","Industrial","Suburban","5.1075","51.0657","28.0","","","","E1a/validated data AQ e-Reporting","18/03/2023 22:14:46","http://fme.discomap.eea.europa.eu/fmedatastreaming/AirQualityDownload/AQData_Extract.fmw?CountryCode=BE&CityName=&Pollutant=1&Year_from=2016&Year_to=2016&Station=STA-BETTS21&Samplingpoint=&Source=E1a&Output=HTML&UpdateDate="
"Belgium","NET-Flanders","Flanders","BETR823","42R823 - BEVEREN","SPO-BETR823_00005_100","PM10","Particulate matter < 10 µm (aerosol)","P1Y-P1D-per99","1 year 99 percentile of daily means (P1D) or .../aq/primaryObservation/day","2016","60.996","ug/m3","100.00","1","Background","Suburban","4.2399","51.2133","0.0","","","","E1a/validated data AQ e-Reporting","18/03/2023 22:09:38","http://fme.discomap.eea.europa.eu/fmedatastreaming/AirQualityDownload/AQData_Extract.fmw?CountryCode=BE&CityName=&Pollutant=5&Year_from=2016&Year_to=2016&Station=STA-BETR823&Samplingpoint=&Source=E1a&Output=HTML&UpdateDate="
"Belgium","NET-Flanders","Flanders","BETR750","44R750 - ZELZATE","SPO-BETR750_00391_100","Black Carbon","black_carbon (aerosol)","P1Y-hr-max","1 year hour max","2016","13.880","ug/m3","95.23","1","Industrial","Rural","3.8229","51.1961","6.0","","","","E1a/validated data AQ e-Reporting","18/03/2023 21:57:02","http://fme.discomap.eea.europa.eu/fmedatastreaming/AirQualityDownload/AQData_Extract.fmw?CountryCode=BE&CityName=&Pollutant=391&Year_from=2016&Year_to=2016&Station=STA-BETR750&Samplingpoint=&Source=E1a&Output=HTML&UpdateDate="
"Belgium","NET-Flanders","Flanders","BEVLU11","59LU11 - LEUVEN","SPO-BEVLU11_00431_100","C6H5-C2H5","Ethyl benzene (air)","P1Y","Annual mean / 1 calendar year","2016","0.000","ug/m3","87.99","1","Background","Suburban","4.6911","50.8797","0.0","Leuven                                                                          ","BE008C1                                           ","101625","E1a/validated data AQ e-Reporting","18/03/2023 21:08:58","http://fme.discomap.eea.europa.eu/fmedatastreaming/AirQualityDownload/AQData_Extract.fmw?CountryCode=BE&CityName=&Pollutant=431&Year_from=2016&Year_to=2016&Station=STA-BEVLU11&Samplingpoint=&Source=E1a&Output=HTML&UpdateDate="
"Belgium","NET-Wallonia","Wallonia","BEMH201","00H201 - LIEGE","SPO-BEMH201_05012_100","Pb in PM10","Lead in PM10 (aerosol)","P1Y","Annual mean / 1 calendar year","2016","0.012","ug/m3","95.34","1","Background","Suburban","5.5475","50.6250","160.0","Liège                                                                           ","BE005C1                                           ","383700","E1a/validated data AQ e-Reporting","18/03/2023 21:08:58","http://fme.discomap.eea.europa.eu/fmedatastreaming/AirQualityDownload/AQData_Extract.fmw?CountryCode=BE&CityName=&Pollutant=5012&Year_from=2016&Year_to=2016&Station=STA-BEMH201&Samplingpoint=&Source=E1a&Output=HTML&UpdateDate="
"Belgium","NET-Wallonia","Wallonia","BETN066","43N066 - EUPEN","SPO-BETN066_00008_100","NO2","Nitrogen dioxide (air)","P1Y-hr-per50","1 year 50 percentile","2016","7.500","ug/m3","97.47","1","Background","Rural","6.0023","50.6289","295.0","","","","E1a/validated data AQ e-Reporting","18/03/2023 22:05:49","http://fme.discomap.eea.europa.eu/fmedatastreaming/AirQualityDownload/AQData_Extract.fmw?CountryCode=BE&CityName=&Pollutant=8&Year_from=2016&Year_to=2016&Station=STA-BETN066&Samplingpoint=&Source=E1a&Output=HTML&UpdateDate="
"Belgium","NET-Wallonia","Wallonia","BEMN093","00N093 - SINSIN","SPO-BEMN093_05014_100","Cd in PM10","Cadmium in PM10 (aerosol)","P1Y","Annual mean / 1 calendar year","2016","0.089","ng/m3","91.52","1","Background","Rural","5.2352","50.2745","265.0","","","","E1a/validated data AQ e-Reporting","18/03/2023 21:08:58","http://fme.discomap.eea.europa.eu/fmedatastreaming/AirQualityDownload/AQData_Extract.fmw?CountryCode=BE&CityName=&Pollutant=5014&Year_from=2016&Year_to=2016&Station=STA-BEMN093&Samplingpoint=&Source=E1a&Output=HTML&UpdateDate="
"Belgium","NET-Wallonia","Wallonia","BETN070","43N070 - MONS","SPO-BETN070_00001_100","SO2","Sulphur dioxide (air)","P1Y-day-max4","1 year day max 4","2016","3.000","ug/m3","100.00","1","Background","Suburban","3.9397","50.4652","30.0","Mons                                                                            ","BE009C1                                           ","95922","E1a/validated data AQ e-Reporting","18/03/2023 22:31:46","http://fme.discomap.eea.europa.eu/fmedatastreaming/AirQualityDownload/AQData_Extract.fmw?CountryCode=BE&CityName=&Pollutant=1&Year_from=2016&Year_to=2016&Station=STA-BETN070&Samplingpoint=&Source=E1a&Output=HTML&UpdateDate="
"Belgium","NET-Flanders","Flanders","BETR020","42R020 - VILVOORDE","SPO-BETR020_06001_100","PM2.5","Particulate matter < 2.5 µm (aerosol)","P1Y-day-min","1 year day min","2016","1.833","ug/m3","100.00","1","Background","Suburban","4.4367","50.9414","12.0","","","","E1a/validated data AQ e-Reporting","18/03/2023 21:55:29","http://fme.discomap.eea.europa.eu/fmedatastreaming/AirQualityDownload/AQData_Extract.fmw?CountryCode=BE&CityName=&Pollutant=6001&Year_from=2016&Year_to=2016&Station=STA-BETR020&Samplingpoint=&Source=E1a&Output=HTML&UpdateDate="
"Belgium","NET-Wallonia","Wallonia","BETN070","43N070 - MONS","SPO-BETN070_00001_100","SO2","Sulphur dioxide (air)","P1Y-daysAbove125","1 year day exceed 125","2016","0.000","count","100.00","1","Background","Suburban","3.9397","50.4652","30.0","Mons                                                                            ","BE009C1                                           ","95922","E1a/validated data AQ e-Reporting","18/03/2023 22:23:37","http://fme.discomap.eea.europa.eu/fmedatastreaming/AirQualityDownload/AQData_Extract.fmw?CountryCode=BE&CityName=&Pollutant=1&Year_from=2016&Year_to=2016&Station=STA-BETN070&Samplingpoint=&Source=E1a&Output=HTML&UpdateDate="
"Belgium","NET-Wallonia","Wallonia","BETN073","43N073 - VEZIN","SPO-BETN073_00007_100","O3","Ozone (air)","P1Y-day-max","1 year day max","2016","101.167","ug/m3","98.09","1","Background","Rural","4.9884","50.5027","160.0","","","","E1a/validated data AQ e-Reporting","18/03/2023 21:44:13","http://fme.discomap.eea.europa.eu/fmedatastreaming/AirQualityDownload/AQData_Extract.fmw?CountryCode=BE&CityName=&Pollutant=7&Year_from=2016&Year_to=2016&Station=STA-BETN073&Samplingpoint=&Source=E1a&Output=HTML&UpdateDate="
"Belgium","NET-Flanders","Flanders","BETR820","42R820 - KAPELLEN","SPO-BETR820_00001_100","SO2","Sulphur dioxide (air)","P1Y-hr-max","1 year hour max","2016","57.000","ug/m3","97.19","1","Background","Suburban","4.4448","51.3204","11.0","","","","E1a/validated data AQ e-Reporting","18/03/2023 21:57:02","http://fme.discomap.eea.europa.eu/fmedatastreaming/AirQualityDownload/AQData_Extract.fmw?CountryCode=BE&CityName=&Pollutant=1&Year_from=2016&Year_to=2016&Station=STA-BETR820&Samplingpoint=&Source=E1a&Output=HTML&UpdateDate="
"Belgium","NET-Wallonia","Wallonia","BETR502","45R502 - LODELINSART","SPO-BETR502_00007_100","O3","Ozone (air)","P1Y-dx-max26","1 year daymax max 26","2016","97.929","ug/m3","96.17","1","Background","Suburban","4.4587","50.4290","135.0","Charleroi                                                                       ","BE004C1                                           ","203314","E1a/validated data AQ e-Reporting","18/03/2023 22:32:17","http://fme.discomap.eea.europa.eu/fmedatastreaming/AirQualityDownload/AQData_Extract.fmw?CountryCode=BE&CityName=&Pollutant=7&Year_from=2016&Year_to=2016&Station=STA-BETR502&Samplingpoint=&Source=E1a&Output=HTML&UpdateDate="
"Belgium","NET-Flanders","Flanders","BETN027","42N027 - BREE","SPO-BETN027_00008_100","NO2","Nitrogen dioxide (air)","P1Y-hrsAbove200","1 year hour exceed 200","2016","0.000","count","96.24","1","Background","Rural","5.6067","51.1337","48.0","","","","E1a/validated data AQ e-Reporting","18/03/2023 21:48:42","http://fme.discomap.eea.europa.eu/fmedatastreaming/AirQualityDownload/AQData_Extract.fmw?CountryCode=BE&CityName=&Pollutant=8&Year_from=2016&Year_to=2016&Station=STA-BETN027&Samplingpoint=&Source=E1a&Output=HTML&UpdateDate="
"Belgium","NET-Wallonia","Wallonia","BETN063","43N063 - CORROY L.G.","SPO-BETN063_06001_100","PM2.5","Particulate matter < 2.5 µm (aerosol)","P1Y-day-min","1 year day min","2016","0.000","ug/m3","100.00","1","Background","Rural","4.6683","50.6554","145.0","","","","E1a/validated data AQ e-Reporting","18/03/2023 21:55:29","http://fme.discomap.eea.europa.eu/fmedatastreaming/AirQualityDownload/AQData_Extract.fmw?CountryCode=BE&CityName=&Pollutant=6001&Year_from=2016&Year_to=2016&Station=STA-BETN063&Samplingpoint=&Source=E1a&Output=HTML&UpdateDate="
"Belgium","NET-Flanders","Flanders","BETR020","42R020 - VILVOORDE","SPO-BETR020_00001_100","SO2","Sulphur dioxide (air)","P1Y-3hAbove500","3 consecutive hours in exceedance of 500","2016","0.000","count","97.30","1","Background","Suburban","4.4367","50.9414","12.0","","","","E1a/validated data AQ e-Reporting","18/03/2023 22:18:09","http://fme.discomap.eea.europa.eu/fmedatastreaming/AirQualityDownload/AQData_Extract.fmw?CountryCode=BE&CityName=&Pollutant=1&Year_from=2016&Year_to=2016&Station=STA-BETR020&Samplingpoint=&Source=E1a&Output=HTML&UpdateDate="
"Belgium","NET-Flanders","Flanders","BETN046","42N046 - GELLIK","SPO-BETN046_00007_100","O3","Ozone (air)","P1Y-maxP6M-P8H-dmax","Yearly highest six monthly average of daily maximum 8-hour mean concentration","2016","81.420","ug/m3","100.00","1","Background","Rural","5.6189","50.8823","70.0","","","","E1a/validated data AQ e-Reporting","18/03/2023 22:58:54","http://fme.discomap.eea.europa.eu/fmedatastreaming/AirQualityDownload/AQData_Extract.fmw?CountryCode=BE&CityName=&Pollutant=7&Year_from=2016&Year_to=2016&Station=STA-BETN046&Samplingpoint=&Source=E1a&Output=HTML&UpdateDate="
"Belgium","NET-Flanders","Flanders","BETR823","42R823 - BEVEREN","SPO-BETR823_00001_100","SO2","Sulphur dioxide (air)","winter-avg","Winter mean","2016","1.933","ug/m3","48.54","1","Background","Suburban","4.2399","51.2133","0.0","","","","E1a/validated data AQ e-Reporting","18/03/2023 22:50:43","http://fme.discomap.eea.europa.eu/fmedatastreaming/AirQualityDownload/AQData_Extract.fmw?CountryCode=BE&CityName=&Pollutant=1&Year_from=2016&Year_to=2016&Station=STA-BETR823&Samplingpoint=&Source=E1a&Output=HTML&UpdateDate="
"Belgium","NET-Wallonia","Wallonia","BETN066","43N066 - EUPEN","SPO-BETN066_00007_100","O3","Ozone (air)","P1Y-hr-min","1 year hour min","2016","0.000","ug/m3","95.86","1","Background","Rural","6.0023","50.6289","295.0","","","","E1a/validated data AQ e-Reporting","18/03/2023 22:31:20","http://fme.discomap.eea.europa.eu/fmedatastreaming/AirQualityDownload/AQData_Extract.fmw?CountryCode=BE&CityName=&Pollutant=7&Year_from=2016&Year_to=2016&Station=STA-BETN066&Samplingpoint=&Source=E1a&Output=HTML&UpdateDate="
"Belgium","NET-Flanders","Flanders","BETR823","42R823 - BEVEREN","SPO-BETR823_00008_100","NO2","Nitrogen dioxide (air)","P3Y","3 subsequent calendar years mean","2016","23.324","ug/m3","32.43","1","Background","Suburban","4.2399","51.2133","0.0","","","","E1a/validated data AQ e-Reporting","18/03/2023 21:36:00","http://fme.discomap.eea.europa.eu/fmedatastreaming/AirQualityDownload/AQData_Extract.fmw?CountryCode=BE&CityName=&Pollutant=8&Year_from=2016&Year_to=2016&Station=STA-BETR823&Samplingpoint=&Source=E1a&Output=HTML&UpdateDate="
"Belgium","NET-Flanders","Flanders","BETR701","44R701 - GENT","SPO-BETR701_00391_100","Black Carbon","black_carbon (aerosol)","P1Y-hr-max","1 year hour max","2016","12.990","ug/m3","99.66","1","Background","Urban","3.7293","51.0583","5.0","Gent                                                                            ","BE003C1                                           ","263687","E1a/validated data AQ e-Reporting","18/03/2023 21:57:02","http://fme.discomap.eea.europa.eu/fmedatastreaming/AirQualityDownload/AQData_Extract.fmw?CountryCode=BE&CityName=&Pollutant=391&Year_from=2016&Year_to=2016&Station=STA-BETR701&Samplingpoint=&Source=E1a&Output=HTML&UpdateDate="
"Belgium","NET-Wallonia","Wallonia","BETN132","43N132 - HABAY-LA-N.","SPO-BETN132_00001_100","SO2","Sulphur dioxide (air)","winter-avg","Winter mean","2016","0.421","ug/m3","97.50","1","Background","Rural","5.6304","49.7193","375.0","","","","E1a/validated data AQ e-Reporting","18/03/2023 22:50:43","http://fme.discomap.eea.europa.eu/fmedatastreaming/AirQualityDownload/AQData_Extract.fmw?CountryCode=BE&CityName=&Pollutant=1&Year_from=2016&Year_to=2016&Station=STA-BETN132&Samplingpoint=&Source=E1a&Output=HTML&UpdateDate="
"Belgium","NET-Wallonia","Wallonia","BETN132","43N132 - HABAY-LA-N.","SPO-BETN132_00007_100","O3","Ozone (air)","P1Y-hr-max","1 year hour max","2016","167.500","ug/m3","95.17","1","Background","Rural","5.6304","49.7193","375.0","","","","E1a/validated data AQ e-Reporting","18/03/2023 21:57:02","http://fme.discomap.eea.europa.eu/fmedatastreaming/AirQualityDownload/AQData_Extract.fmw?CountryCode=BE&CityName=&Pollutant=7&Year_from=2016&Year_to=2016&Station=STA-BETN132&Samplingpoint=&Source=E1a&Output=HTML&UpdateDate="
"Belgium","NET-Wallonia","Wallonia","BETR221","43R221 - LIEGE","SPO-BETR221_00007_100","O3","Ozone (air)","P1Y-hr-min","1 year hour min","2016","0.000","ug/m3","95.81","1","Background","Urban","5.6278","50.6584","65.0","Liège                                                                           ","BE005C1                                           ","383700","E1a/validated data AQ e-Reporting","18/03/2023 22:31:20","http://fme.discomap.eea.europa.eu/fmedatastreaming/AirQualityDownload/AQData_Extract.fmw?CountryCode=BE&CityName=&Pollutant=7&Year_from=2016&Year_to=2016&Station=STA-BETR221&Samplingpoint=&Source=E1a&Output=HTML&UpdateDate="
"Belgium","NET-Wallonia","Wallonia","BETR221","43R221 - LIEGE","SPO-BETR221_00005_100","PM10","Particulate matter < 10 µm (aerosol)","P1Y-P1D-per90.41","1 year 90.41 percentile","2016","37.375","ug/m3","100.00","1","Background","Urban","5.6278","50.6584","65.0","Liège                                                                           ","BE005C1                                           ","383700","E1a/validated data AQ e-Reporting","18/03/2023 22:09:05","http://fme.discomap.eea.europa.eu/fmedatastreaming/AirQualityDownload/AQData_Extract.fmw?CountryCode=BE&CityName=&Pollutant=5&Year_from=2016&Year_to=2016&Station=STA-BETR221&Samplingpoint=&Source=E1a&Output=HTML&UpdateDate="
"Belgium","NET-Wallonia","Wallonia","BETN070","43N070 - MONS","SPO-BETN070_00001_100","SO2","Sulphur dioxide (air)","P1Y-day-min","1 year day min","2016","0.000","ug/m3","100.00","1","Background","Suburban","3.9397","50.4652","30.0","Mons                                                                            ","BE009C1                                           ","95922","E1a/validated data AQ e-Reporting","18/03/2023 21:54:56","http://fme.discomap.eea.europa.eu/fmedatastreaming/AirQualityDownload/AQData_Extract.fmw?CountryCode=BE&CityName=&Pollutant=1&Year_from=2016&Year_to=2016&Station=STA-BETN070&Samplingpoint=&Source=E1a&Output=HTML&UpdateDate="
"Belgium","NET-Wallonia","Wallonia","BETH201","43H201 - LIEGE","SPO-BETH201_00001_100","SO2","Sulphur dioxide (air)","P1Y-day-min","1 year day min","2016","0.000","ug/m3","99.45","1","Background","Suburban","5.5475","50.6250","160.0","Liège                                                                           ","BE005C1                                           ","383700","E1a/validated data AQ e-Reporting","18/03/2023 21:54:56","http://fme.discomap.eea.europa.eu/fmedatastreaming/AirQualityDownload/AQData_Extract.fmw?CountryCode=BE&CityName=&Pollutant=1&Year_from=2016&Year_to=2016&Station=STA-BETH201&Samplingpoint=&Source=E1a&Output=HTML&UpdateDate="
"Belgium","NET-Wallonia","Wallonia","BEVN100","50N100 - DOURBES","SPO-BEVN100_00020_100","C6H6","Benzene (air)","P1Y","Annual mean / 1 calendar year","2016","0.438","ug/m3","48.36","1","Background","Rural","4.5948","50.0957","225.0","","","","E1a/validated data AQ e-Reporting","18/03/2023 21:08:58","http://fme.discomap.eea.europa.eu/fmedatastreaming/AirQualityDownload/AQData_Extract.fmw?CountryCode=BE&CityName=&Pollutant=20&Year_from=2016&Year_to=2016&Station=STA-BEVN100&Samplingpoint=&Source=E1a&Output=HTML&UpdateDate="
"Belgium","NET-Flanders","Flanders","BETR892","42R892 - KALLO","SPO-BETR892_00001_100","SO2","Sulphur dioxide (air)","P1Y-day-min","1 year day min","2016","1.000","ug/m3","96.99","1","Industrial","Rural","4.2789","51.2630","9.0","","","","E1a/validated data AQ e-Reporting","18/03/2023 21:54:56","http://fme.discomap.eea.europa.eu/fmedatastreaming/AirQualityDownload/AQData_Extract.fmw?CountryCode=BE&CityName=&Pollutant=1&Year_from=2016&Year_to=2016&Station=STA-BETR892&Samplingpoint=&Source=E1a&Output=HTML&UpdateDate="
"Belgium","NET-Flanders","Flanders","BETR897","42R897 - ANTWERPEN","SPO-BETR897_00001_100","SO2","Sulphur dioxide (air)","P1Y-day-max4","1 year day max 4","2016","33.833","ug/m3","99.45","1","Industrial","Suburban","4.3421","51.2501","5.0","Antwerpen                                                                       ","BE002C1                                           ","530014","E1a/validated data AQ e-Reporting","18/03/2023 22:31:46","http://fme.discomap.eea.europa.eu/fmedatastreaming/AirQualityDownload/AQData_Extract.fmw?CountryCode=BE&CityName=&Pollutant=1&Year_from=2016&Year_to=2016&Station=STA-BETR897&Samplingpoint=&Source=E1a&Output=HTML&UpdateDate="
"Belgium","NET-Wallonia","Wallonia","BETN085","43N085 - VIELSALM","SPO-BETN085_00008_100","NO2","Nitrogen dioxide (air)","P1Y-hrsAbove200","1 year hour exceed 200","2016","0.000","count","95.73","1","Background","Rural","6.0017","50.3032","490.0","","","","E1a/validated data AQ e-Reporting","18/03/2023 21:48:42","http://fme.discomap.eea.europa.eu/fmedatastreaming/AirQualityDownload/AQData_Extract.fmw?CountryCode=BE&CityName=&Pollutant=8&Year_from=2016&Year_to=2016&Station=STA-BETN085&Samplingpoint=&Source=E1a&Output=HTML&UpdateDate="
"Belgium","NET-Flanders","Flanders","BETN054","42N054 - WALSHOUTEM","SPO-BETN054_00005_100","PM10","Particulate matter < 10 µm (aerosol)","P1Y-hr-per50","1 year 50 percentile","2016","18.600","ug/m3","98.13","1","Background","Rural","5.1032","50.7117","135.0","","","","E1a/validated data AQ e-Reporting","18/03/2023 22:05:49","http://fme.discomap.eea.europa.eu/fmedatastreaming/AirQualityDownload/AQData_Extract.fmw?CountryCode=BE&CityName=&Pollutant=5&Year_from=2016&Year_to=2016&Station=STA-BETN054&Samplingpoint=&Source=E1a&Output=HTML&UpdateDate="
"Belgium","NET-Wallonia","Wallonia","BETN085","43N085 - VIELSALM","SPO-BETN085_06001_100","PM2.5","Particulate matter < 2.5 µm (aerosol)","P1Y-hr-max","1 year hour max","2016","60.190","ug/m3","98.95","1","Background","Rural","6.0017","50.3032","490.0","","","","E1a/validated data AQ e-Reporting","18/03/2023 21:57:02","http://fme.discomap.eea.europa.eu/fmedatastreaming/AirQualityDownload/AQData_Extract.fmw?CountryCode=BE&CityName=&Pollutant=6001&Year_from=2016&Year_to=2016&Station=STA-BETN085&Samplingpoint=&Source=E1a&Output=HTML&UpdateDate="
"Belgium","NET-Flanders","Flanders","BETR841","42R841 - MECHELEN","SPO-BETR841_00007_100","O3","Ozone (air)","P3Y","3 subsequent calendar years mean","2016","38.803","ug/m3","89.11","1","Background","Suburban","4.4693","51.0025","8.0","Mechelen                                                                        ","BE012C1                                           ","86911","E1a/validated data AQ e-Reporting","18/03/2023 21:36:00","http://fme.discomap.eea.europa.eu/fmedatastreaming/AirQualityDownload/AQData_Extract.fmw?CountryCode=BE&CityName=&Pollutant=7&Year_from=2016&Year_to=2016&Station=STA-BETR841&Samplingpoint=&Source=E1a&Output=HTML&UpdateDate="
"Belgium","NET-Flanders","Flanders","BETR702","44R702 - Gent (G.Carlierlaan)","SPO-BETR702_00008_100","NO2","Nitrogen dioxide (air)","P1Y-hr-min","1 year hour min","2016","3.500","ug/m3","97.13","1","Traffic","Urban","3.7350","51.0407","8.0","Gent                                                                            ","BE003C1                                           ","263687","E1a/validated data AQ e-Reporting","18/03/2023 22:31:20","http://fme.discomap.eea.europa.eu/fmedatastreaming/AirQualityDownload/AQData_Extract.fmw?CountryCode=BE&CityName=&Pollutant=8&Year_from=2016&Year_to=2016&Station=STA-BETR702&Samplingpoint=&Source=E1a&Output=HTML&UpdateDate="
"Belgium","NET-Flanders","Flanders","BETN027","42N027 - BREE","SPO-BETN027_00008_100","NO2","Nitrogen dioxide (air)","P1Y-hr-per50","1 year 50 percentile","2016","13.000","ug/m3","96.24","1","Background","Rural","5.6067","51.1337","48.0","","","","E1a/validated data AQ e-Reporting","18/03/2023 22:05:49","http://fme.discomap.eea.europa.eu/fmedatastreaming/AirQualityDownload/AQData_Extract.fmw?CountryCode=BE&CityName=&Pollutant=8&Year_from=2016&Year_to=2016&Station=STA-BETN027&Samplingpoint=&Source=E1a&Output=HTML&UpdateDate="
"Belgium","NET-Wallonia","Wallonia","BETN060","43N060 - HAVINNES","SPO-BETN060_00001_100","SO2","Sulphur dioxide (air)","P1Y-3hAbove500","3 consecutive hours in exceedance of 500","2016","0.000","count","95.67","1","Background","Rural","3.4576","50.6167","0.0","","","","E1a/validated data AQ e-Reporting","18/03/2023 22:18:09","http://fme.discomap.eea.europa.eu/fmedatastreaming/AirQualityDownload/AQData_Extract.fmw?CountryCode=BE&CityName=&Pollutant=1&Year_from=2016&Year_to=2016&Station=STA-BETN060&Samplingpoint=&Source=E1a&Output=HTML&UpdateDate="
"Belgium","NET-Wallonia","Wallonia","BETN060","43N060 - HAVINNES","SPO-BETN060_00005_100","PM10","Particulate matter < 10 µm (aerosol)","P3Y","3 subsequent calendar years mean","2016","19.228","ug/m3","99.11","1","Background","Rural","3.4576","50.6167","0.0","","","","E1a/validated data AQ e-Reporting","18/03/2023 21:36:00","http://fme.discomap.eea.europa.eu/fmedatastreaming/AirQualityDownload/AQData_Extract.fmw?CountryCode=BE&CityName=&Pollutant=5&Year_from=2016&Year_to=2016&Station=STA-BETN060&Samplingpoint=&Source=E1a&Output=HTML&UpdateDate="
"Belgium","NET-Wallonia","Wallonia","BETN060","43N060 - HAVINNES","SPO-BETN060_00008_100","NO2","Nitrogen dioxide (air)","P1Y-hr-max","1 year hour max","2016","59.000","ug/m3","97.29","1","Background","Rural","3.4576","50.6167","0.0","","","","E1a/validated data AQ e-Reporting","18/03/2023 21:57:02","http://fme.discomap.eea.europa.eu/fmedatastreaming/AirQualityDownload/AQData_Extract.fmw?CountryCode=BE&CityName=&Pollutant=8&Year_from=2016&Year_to=2016&Station=STA-BETN060&Samplingpoint=&Source=E1a&Output=HTML&UpdateDate="
"Belgium","NET-Wallonia","Wallonia","BETN073","43N073 - VEZIN","SPO-BETN073_06001_100","PM2.5","Particulate matter < 2.5 µm (aerosol)","P1Y-hr-min","1 year hour min","2016","0.000","ug/m3","99.67","1","Background","Rural","4.9884","50.5027","160.0","","","","E1a/validated data AQ e-Reporting","18/03/2023 22:31:20","http://fme.discomap.eea.europa.eu/fmedatastreaming/AirQualityDownload/AQData_Extract.fmw?CountryCode=BE&CityName=&Pollutant=6001&Year_from=2016&Year_to=2016&Station=STA-BETN073&Samplingpoint=&Source=E1a&Output=HTML&UpdateDate="
"Belgium","NET-Wallonia","Wallonia","BETR240","43R240 - ENGIS","SPO-BETR240_00005_100","PM10","Particulate matter < 10 µm (aerosol)","P1Y-P1D-per90.4","1 year 90.4 percentile - COMPLIANCE","2016","44.021","ug/m3","96.72","1","Industrial","Suburban","5.3975","50.5836","135.0","","","","E1a/validated data AQ e-Reporting","18/03/2023 22:08:35","http://fme.discomap.eea.europa.eu/fmedatastreaming/AirQualityDownload/AQData_Extract.fmw?CountryCode=BE&CityName=&Pollutant=5&Year_from=2016&Year_to=2016&Station=STA-BETR240&Samplingpoint=&Source=E1a&Output=HTML&UpdateDate="
"Belgium","NET-Wallonia","Wallonia","BETR240","43R240 - ENGIS","SPO-BETR240_00001_100","SO2","Sulphur dioxide (air)","P1Y-day-max","1 year day max","2016","14.478","ug/m3","96.45","1","Industrial","Suburban","5.3975","50.5836","135.0","","","","E1a/validated data AQ e-Reporting","18/03/2023 21:42:48","http://fme.discomap.eea.europa.eu/fmedatastreaming/AirQualityDownload/AQData_Extract.fmw?CountryCode=BE&CityName=&Pollutant=1&Year_from=2016&Year_to=2016&Station=STA-BETR240&Samplingpoint=&Source=E1a&Output=HTML&UpdateDate="
"Belgium","NET-Flanders","Flanders","BETR740","44R740 - ST.KRUIS-WI","SPO-BETR740_00001_100","SO2","Sulphur dioxide (air)","P1Y-hr-max","1 year hour max","2016","38.000","ug/m3","97.11","1","Industrial","Rural","3.8087","51.1501","5.0","Gent                                                                            ","BE003C1                                           ","263687","E1a/validated data AQ e-Reporting","18/03/2023 21:57:02","http://fme.discomap.eea.europa.eu/fmedatastreaming/AirQualityDownload/AQData_Extract.fmw?CountryCode=BE&CityName=&Pollutant=1&Year_from=2016&Year_to=2016&Station=STA-BETR740&Samplingpoint=&Source=E1a&Output=HTML&UpdateDate="
"Belgium","NET-Flanders","Flanders","BETR721","44R721 - WONDELGEM","SPO-BETR721_00001_100","SO2","Sulphur dioxide (air)","P1Y-hrsAbove350","1 year hour exceed 350","2016","0.000","count","96.05","1","Industrial","Suburban","3.7161","51.0890","6.0","Gent                                                                            ","BE003C1                                           ","263687","E1a/validated data AQ e-Reporting","18/03/2023 21:52:12","http://fme.discomap.eea.europa.eu/fmedatastreaming/AirQualityDownload/AQData_Extract.fmw?CountryCode=BE&CityName=&Pollutant=1&Year_from=2016&Year_to=2016&Station=STA-BETR721&Samplingpoint=&Source=E1a&Output=HTML&UpdateDate="
"Belgium","NET-Flanders","Flanders","BETR010","42R010 - ST.STEVENSW","SPO-BETR010_00008_100","NO2","Nitrogen dioxide (air)","P1Y-hr-max19","1 year hour max19","2016","101.500","ug/m3","97.14","1","Background","Suburban","4.4284","50.8651","68.0","","","","E1a/validated data AQ e-Reporting","18/03/2023 22:34:35","http://fme.discomap.eea.europa.eu/fmedatastreaming/AirQualityDownload/AQData_Extract.fmw?CountryCode=BE&CityName=&Pollutant=8&Year_from=2016&Year_to=2016&Station=STA-BETR010&Samplingpoint=&Source=E1a&Output=HTML&UpdateDate="
"Belgium","NET-Flanders","Flanders","BETR805","42R805 - ANTWERPEN","SPO-BETR805_00005_100","PM10","Particulate matter < 10 µm (aerosol)","P1Y-day-per50","1 year 50 %ile of daily values in a year","2016","19.892","ug/m3","98.63","1","Traffic","Urban","4.4216","51.2082","6.0","Antwerpen                                                                       ","BE002C1                                           ","530014","E1a/validated data AQ e-Reporting","18/03/2023 22:08:05","http://fme.discomap.eea.europa.eu/fmedatastreaming/AirQualityDownload/AQData_Extract.fmw?CountryCode=BE&CityName=&Pollutant=5&Year_from=2016&Year_to=2016&Station=STA-BETR805&Samplingpoint=&Source=E1a&Output=HTML&UpdateDate="
"Belgium","NET-Wallonia","Wallonia","BETH201","43H201 - LIEGE","SPO-BETH201_00005_100","PM10","Particulate matter < 10 µm (aerosol)","P1Y-day-max36","1 year day max 36","2016","30.500","ug/m3","97.54","1","Background","Suburban","5.5475","50.6250","160.0","Liège                                                                           ","BE005C1                                           ","383700","E1a/validated data AQ e-Reporting","18/03/2023 22:32:47","http://fme.discomap.eea.europa.eu/fmedatastreaming/AirQualityDownload/AQData_Extract.fmw?CountryCode=BE&CityName=&Pollutant=5&Year_from=2016&Year_to=2016&Station=STA-BETH201&Samplingpoint=&Source=E1a&Output=HTML&UpdateDate="
"Belgium","NET-Wallonia","Wallonia","BETN093","43N093 - SINSIN","SPO-BETN093_00007_100","O3","Ozone (air)","P1Y","Annual mean / 1 calendar year","2016","46.375","ug/m3","93.59","1","Background","Rural","5.2352","50.2745","265.0","","","","E1a/validated data AQ e-Reporting","18/03/2023 21:08:58","http://fme.discomap.eea.europa.eu/fmedatastreaming/AirQualityDownload/AQData_Extract.fmw?CountryCode=BE&CityName=&Pollutant=7&Year_from=2016&Year_to=2016&Station=STA-BETN093&Samplingpoint=&Source=E1a&Output=HTML&UpdateDate="
"Belgium","NET-Wallonia","Wallonia","BETR222","43R222 - SERAING","SPO-BETR222_00005_100","PM10","Particulate matter < 10 µm (aerosol)","P1Y-hr-per50","1 year 50 percentile","2016","15.771","ug/m3","97.51","1","Background","Suburban","5.5702","50.6134","65.0","Liège                                                                           ","BE005C1                                           ","383700","E1a/validated data AQ e-Reporting","18/03/2023 22:05:49","http://fme.discomap.eea.europa.eu/fmedatastreaming/AirQualityDownload/AQData_Extract.fmw?CountryCode=BE&CityName=&Pollutant=5&Year_from=2016&Year_to=2016&Station=STA-BETR222&Samplingpoint=&Source=E1a&Output=HTML&UpdateDate="
"Belgium","NET-Wallonia","Wallonia","BETN093","43N093 - SINSIN","SPO-BETN093_00007_100","O3","Ozone (air)","P1Y-dmax-per93.15","1 year 93.15 percentile daily 8h maximum","2016","102.125","ug/m3","93.72","1","Background","Rural","5.2352","50.2745","265.0","","","","E1a/validated data AQ e-Reporting","18/03/2023 22:12:55","http://fme.discomap.eea.europa.eu/fmedatastreaming/AirQualityDownload/AQData_Extract.fmw?CountryCode=BE&CityName=&Pollutant=7&Year_from=2016&Year_to=2016&Station=STA-BETN093&Samplingpoint=&Source=E1a&Output=HTML&UpdateDate="
"Belgium","NET-Wallonia","Wallonia","BEVMOU1","5MOU01 - MOUSCRON","SPO-BEVMOU1_06008_100","H2C=CH-CH2-CH2-CH3","1-Pentene (air)","P1Y","Annual mean / 1 calendar year","2016","0.000","ug/m3","49.73","1","Industrial","Suburban","3.2414","50.7532","42.0","Mouscron                                                                        ","BE013C1                                           ","58862","E1a/validated data AQ e-Reporting","18/03/2023 21:08:58","http://fme.discomap.eea.europa.eu/fmedatastreaming/AirQualityDownload/AQData_Extract.fmw?CountryCode=BE&CityName=&Pollutant=6008&Year_from=2016&Year_to=2016&Station=STA-BEVMOU1&Samplingpoint=&Source=E1a&Output=HTML&UpdateDate="
"Belgium","NET-Wallonia","Wallonia","BETN085","43N085 - VIELSALM","SPO-BETN085_00007_100","O3","Ozone (air)","P1Y-day-min","1 year day min","2016","6.848","ug/m3","96.45","1","Background","Rural","6.0017","50.3032","490.0","","","","E1a/validated data AQ e-Reporting","18/03/2023 21:56:21","http://fme.discomap.eea.europa.eu/fmedatastreaming/AirQualityDownload/AQData_Extract.fmw?CountryCode=BE&CityName=&Pollutant=7&Year_from=2016&Year_to=2016&Station=STA-BETN085&Samplingpoint=&Source=E1a&Output=HTML&UpdateDate="
"Belgium","NET-Wallonia","Wallonia","BETR501","45R501 - CHARLEROI","SPO-BETR501_00008_100","NO2","Nitrogen dioxide (air)","P1Y-hr-max-per99.79","1 year 99.79 %ile of hourly values in a given year","2016","105.500","ug/m3","97.37","1","Background","Urban","4.4522","50.4093","115.0","Charleroi                                                                       ","BE004C1                                           ","203314","E1a/validated data AQ e-Reporting","18/03/2023 22:07:35","http://fme.discomap.eea.europa.eu/fmedatastreaming/AirQualityDownload/AQData_Extract.fmw?CountryCode=BE&CityName=&Pollutant=8&Year_from=2016&Year_to=2016&Station=STA-BETR501&Samplingpoint=&Source=E1a&Output=HTML&UpdateDate="
"Belgium","NET-Flanders","Flanders","BETR731","44R731 - EVERGEM","SPO-BETR731_00008_100","NO2","Nitrogen dioxide (air)","P1Y-hr-max19","1 year hour max19","2016","82.000","ug/m3","93.78","1","Industrial","Rural","3.7395","51.1247","6.0","","","","E1a/validated data AQ e-Reporting","18/03/2023 22:34:35","http://fme.discomap.eea.europa.eu/fmedatastreaming/AirQualityDownload/AQData_Extract.fmw?CountryCode=BE&CityName=&Pollutant=8&Year_from=2016&Year_to=2016&Station=STA-BETR731&Samplingpoint=&Source=E1a&Output=HTML&UpdateDate="
"Belgium","NET-Flanders","Flanders","BETR740","44R740 - ST.KRUIS-WI","SPO-BETR740_00007_100","O3","Ozone (air)","P1Y-hrsAbove240","1 year hour exceed 240","2016","0.000","count","89.96","1","Industrial","Rural","3.8087","51.1501","5.0","Gent                                                                            ","BE003C1                                           ","263687","E1a/validated data AQ e-Reporting","18/03/2023 21:50:25","http://fme.discomap.eea.europa.eu/fmedatastreaming/AirQualityDownload/AQData_Extract.fmw?CountryCode=BE&CityName=&Pollutant=7&Year_from=2016&Year_to=2016&Station=STA-BETR740&Samplingpoint=&Source=E1a&Output=HTML&UpdateDate="
"Belgium","NET-Flanders","Flanders","BETR817","42R817 - ANTWERPEN","SPO-BETR817_06001_100","PM2.5","Particulate matter < 2.5 µm (aerosol)","P1Y","Annual mean / 1 calendar year","2016","14.160","ug/m3","99.70","1","Background","Suburban","4.4180","51.1771","6.0","Antwerpen                                                                       ","BE002C1                                           ","530014","E1a/validated data AQ e-Reporting","18/03/2023 21:08:58","http://fme.discomap.eea.europa.eu/fmedatastreaming/AirQualityDownload/AQData_Extract.fmw?CountryCode=BE&CityName=&Pollutant=6001&Year_from=2016&Year_to=2016&Station=STA-BETR817&Samplingpoint=&Source=E1a&Output=HTML&UpdateDate="
"Belgium","NET-Flanders","Flanders","BETR820","42R820 - KAPELLEN","SPO-BETR820_00001_100","SO2","Sulphur dioxide (air)","P1Y-hr-max-per99.73","1 year 99.73 %ile of hourly values in a given year","2016","28.500","ug/m3","97.19","1","Background","Suburban","4.4448","51.3204","11.0","","","","E1a/validated data AQ e-Reporting","18/03/2023 22:06:23","http://fme.discomap.eea.europa.eu/fmedatastreaming/AirQualityDownload/AQData_Extract.fmw?CountryCode=BE&CityName=&Pollutant=1&Year_from=2016&Year_to=2016&Station=STA-BETR820&Samplingpoint=&Source=E1a&Output=HTML&UpdateDate="
"Belgium","NET-Flanders","Flanders","BETR831","42R831 - BERENDRECHT","SPO-BETR831_00007_100","O3","Ozone (air)","P1Y-dx-avg","1 year daymax average","2016","57.868","ug/m3","95.36","1","Industrial","Rural","4.3397","51.3488","3.0","Antwerpen                                                                       ","BE002C1                                           ","530014","E1a/validated data AQ e-Reporting","18/03/2023 22:27:48","http://fme.discomap.eea.europa.eu/fmedatastreaming/AirQualityDownload/AQData_Extract.fmw?CountryCode=BE&CityName=&Pollutant=7&Year_from=2016&Year_to=2016&Station=STA-BETR831&Samplingpoint=&Source=E1a&Output=HTML&UpdateDate="
"Belgium","NET-Flanders","Flanders","BETR801","42R801 - BORGERHOUT","SPO-BETR801_00007_100","O3","Ozone (air)","P1Y-dmaxAbove120","1 year daymax exceed 120","2016","0.000","count","95.36","1","Background","Urban","4.4318","51.2097","6.0","Antwerpen                                                                       ","BE002C1                                           ","530014","E1a/validated data AQ e-Reporting","18/03/2023 22:25:06","http://fme.discomap.eea.europa.eu/fmedatastreaming/AirQualityDownload/AQData_Extract.fmw?CountryCode=BE&CityName=&Pollutant=7&Year_from=2016&Year_to=2016&Station=STA-BETR801&Samplingpoint=&Source=E1a&Output=HTML&UpdateDate="
"Belgium","NET-Wallonia","Wallonia","BETN132","43N132 - HABAY-LA-N.","SPO-BETN132_00007_100","O3","Ozone (air)","P3Y","3 subsequent calendar years mean","2016","49.333","ug/m3","95.61","1","Background","Rural","5.6304","49.7193","375.0","","","","E1a/validated data AQ e-Reporting","18/03/2023 21:36:00","http://fme.discomap.eea.europa.eu/fmedatastreaming/AirQualityDownload/AQData_Extract.fmw?CountryCode=BE&CityName=&Pollutant=7&Year_from=2016&Year_to=2016&Station=STA-BETN132&Samplingpoint=&Source=E1a&Output=HTML&UpdateDate="
"Belgium","NET-Wallonia","Wallonia","BEVR221","50R221 - LIEGE","SPO-BEVR221_00431_100","C6H5-C2H5","Ethyl benzene (air)","P1Y","Annual mean / 1 calendar year","2016","0.000","ug/m3","45.90","1","Background","Urban","5.6278","50.6584","65.0","Liège                                                                           ","BE005C1                                           ","383700","E1a/validated data AQ e-Reporting","18/03/2023 21:08:58","http://fme.discomap.eea.europa.eu/fmedatastreaming/AirQualityDownload/AQData_Extract.fmw?CountryCode=BE&CityName=&Pollutant=431&Year_from=2016&Year_to=2016&Station=STA-BEVR221&Samplingpoint=&Source=E1a&Output=HTML&UpdateDate="
"Belgium","NET-Wallonia","Wallonia","BETN132","43N132 - HABAY-LA-N.","SPO-BETN132_00008_100","NO2","Nitrogen dioxide (air)","P1Y-P1D-per99","1 year 99 percentile of daily means (P1D) or .../aq/primaryObservation/day","2016","36.292","ug/m3","98.63","1","Background","Rural","5.6304","49.7193","375.0","","","","E1a/validated data AQ e-Reporting","18/03/2023 22:10:34","http://fme.discomap.eea.europa.eu/fmedatastreaming/AirQualityDownload/AQData_Extract.fmw?CountryCode=BE&CityName=&Pollutant=8&Year_from=2016&Year_to=2016&Station=STA-BETN132&Samplingpoint=&Source=E1a&Output=HTML&UpdateDate="
"Belgium","NET-Wallonia","Wallonia","BETN070","43N070 - MONS","SPO-BETN070_00007_100","O3","Ozone (air)","SOMO10","Sum of Ozone Means Over 10 ppb","2016","11639.009","ug/m3","97.27","1","Background","Suburban","3.9397","50.4652","30.0","Mons                                                                            ","BE009C1                                           ","95922","E1a/validated data AQ e-Reporting","18/03/2023 22:59:50","http://fme.discomap.eea.europa.eu/fmedatastreaming/AirQualityDownload/AQData_Extract.fmw?CountryCode=BE&CityName=&Pollutant=7&Year_from=2016&Year_to=2016&Station=STA-BETN070&Samplingpoint=&Source=E1a&Output=HTML&UpdateDate="
"Belgium","NET-Wallonia","Wallonia","BETN070","43N070 - MONS","SPO-BETN070_00008_100","NO2","Nitrogen dioxide (air)","P1Y-hr-max19","1 year hour max19","2016","93.500","ug/m3","97.34","1","Background","Suburban","3.9397","50.4652","30.0","Mons                                                                            ","BE009C1                                           ","95922","E1a/validated data AQ e-Reporting","18/03/2023 22:34:35","http://fme.discomap.eea.europa.eu/fmedatastreaming/AirQualityDownload/AQData_Extract.fmw?CountryCode=BE&CityName=&Pollutant=8&Year_from=2016&Year_to=2016&Station=STA-BETN070&Samplingpoint=&Source=E1a&Output=HTML&UpdateDate="
"Belgium","NET-Wallonia","Wallonia","BETN132","43N132 - HABAY-LA-N.","SPO-BETN132_06001_100","PM2.5","Particulate matter < 2.5 µm (aerosol)","P1Y-hr-min","1 year hour min","2016","0.000","ug/m3","99.34","1","Background","Rural","5.6304","49.7193","375.0","","","","E1a/validated data AQ e-Reporting","18/03/2023 22:31:20","http://fme.discomap.eea.europa.eu/fmedatastreaming/AirQualityDownload/AQData_Extract.fmw?CountryCode=BE&CityName=&Pollutant=6001&Year_from=2016&Year_to=2016&Station=STA-BETN132&Samplingpoint=&Source=E1a&Output=HTML&UpdateDate="
"Belgium","NET-Flanders","Flanders","BETR801","42R801 - BORGERHOUT","SPO-BETR801_00007_100","O3","Ozone (air)","P1Y-hr-per50","1 year 50 percentile","2016","26.500","ug/m3","94.02","1","Background","Urban","4.4318","51.2097","6.0","Antwerpen                                                                       ","BE002C1                                           ","530014","E1a/validated data AQ e-Reporting","18/03/2023 22:05:49","http://fme.discomap.eea.europa.eu/fmedatastreaming/AirQualityDownload/AQData_Extract.fmw?CountryCode=BE&CityName=&Pollutant=7&Year_from=2016&Year_to=2016&Station=STA-BETR801&Samplingpoint=&Source=E1a&Output=HTML&UpdateDate="
"Belgium","NET-Flanders","Flanders","BETR801","42R801 - BORGERHOUT","SPO-BETR801_00008_100","NO2","Nitrogen dioxide (air)","P1Y-hrsAbove200","1 year hour exceed 200","2016","0.000","count","94.97","1","Background","Urban","4.4318","51.2097","6.0","Antwerpen                                                                       ","BE002C1                                           ","530014","E1a/validated data AQ e-Reporting","18/03/2023 21:48:42","http://fme.discomap.eea.europa.eu/fmedatastreaming/AirQualityDownload/AQData_Extract.fmw?CountryCode=BE&CityName=&Pollutant=8&Year_from=2016&Year_to=2016&Station=STA-BETR801&Samplingpoint=&Source=E1a&Output=HTML&UpdateDate="
"Belgium","NET-Flanders","Flanders","BETR710","44R710 - DESTELBERGE","SPO-BETR710_00007_100","O3","Ozone (air)","summer-avg","Summer mean","2016","49.478","ug/m3","94.79","1","Background","Suburban","3.7753","51.0613","6.0","","","","E1a/validated data AQ e-Reporting","18/03/2023 22:50:22","http://fme.discomap.eea.europa.eu/fmedatastreaming/AirQualityDownload/AQData_Extract.fmw?CountryCode=BE&CityName=&Pollutant=7&Year_from=2016&Year_to=2016&Station=STA-BETR710&Samplingpoint=&Source=E1a&Output=HTML&UpdateDate="
"Belgium","NET-Flanders","Flanders","BETR801","42R801 - BORGERHOUT","SPO-BETR801_00008_100","NO2","Nitrogen dioxide (air)","P1Y-day-min","1 year day min","2016","11.273","ug/m3","99.45","1","Background","Urban","4.4318","51.2097","6.0","Antwerpen                                                                       ","BE002C1                                           ","530014","E1a/validated data AQ e-Reporting","18/03/2023 21:56:03","http://fme.discomap.eea.europa.eu/fmedatastreaming/AirQualityDownload/AQData_Extract.fmw?CountryCode=BE&CityName=&Pollutant=8&Year_from=2016&Year_to=2016&Station=STA-BETR801&Samplingpoint=&Source=E1a&Output=HTML&UpdateDate="
"Belgium","NET-Flanders","Flanders","BETR817","42R817 - ANTWERPEN","SPO-BETR817_00005_100","PM10","Particulate matter < 10 µm (aerosol)","P1Y-day-min","1 year day min","2016","5.913","ug/m3","100.00","1","Background","Suburban","4.4180","51.1771","6.0","Antwerpen                                                                       ","BE002C1                                           ","530014","E1a/validated data AQ e-Reporting","18/03/2023 21:55:13","http://fme.discomap.eea.europa.eu/fmedatastreaming/AirQualityDownload/AQData_Extract.fmw?CountryCode=BE&CityName=&Pollutant=5&Year_from=2016&Year_to=2016&Station=STA-BETR817&Samplingpoint=&Source=E1a&Output=HTML&UpdateDate="
"Belgium","NET-Flanders","Flanders","BETR897","42R897 - ANTWERPEN","SPO-BETR897_00001_100","SO2","Sulphur dioxide (air)","P1Y-hrsAbove350","1 year hour exceed 350","2016","0.000","count","97.20","1","Industrial","Suburban","4.3421","51.2501","5.0","Antwerpen                                                                       ","BE002C1                                           ","530014","E1a/validated data AQ e-Reporting","18/03/2023 21:52:12","http://fme.discomap.eea.europa.eu/fmedatastreaming/AirQualityDownload/AQData_Extract.fmw?CountryCode=BE&CityName=&Pollutant=1&Year_from=2016&Year_to=2016&Station=STA-BETR897&Samplingpoint=&Source=E1a&Output=HTML&UpdateDate="
"Belgium","NET-Wallonia","Wallonia","BETR222","43R222 - SERAING","SPO-BETR222_00008_100","NO2","Nitrogen dioxide (air)","P1Y-hr-max","1 year hour max","2016","131.000","ug/m3","93.59","1","Background","Suburban","5.5702","50.6134","65.0","Liège                                                                           ","BE005C1                                           ","383700","E1a/validated data AQ e-Reporting","18/03/2023 21:57:02","http://fme.discomap.eea.europa.eu/fmedatastreaming/AirQualityDownload/AQData_Extract.fmw?CountryCode=BE&CityName=&Pollutant=8&Year_from=2016&Year_to=2016&Station=STA-BETR222&Samplingpoint=&Source=E1a&Output=HTML&UpdateDate="
"Belgium","NET-Flanders","Flanders","BETTS21","40TS21 - TESSENDERLO","SPO-BETTS21_00001_100","SO2","Sulphur dioxide (air)","P1Y-daysAbove125","1 year day exceed 125","2016","0.000","count","99.45","1","Industrial","Suburban","5.1075","51.0657","28.0","","","","E1a/validated data AQ e-Reporting","18/03/2023 22:23:37","http://fme.discomap.eea.europa.eu/fmedatastreaming/AirQualityDownload/AQData_Extract.fmw?CountryCode=BE&CityName=&Pollutant=1&Year_from=2016&Year_to=2016&Station=STA-BETTS21&Samplingpoint=&Source=E1a&Output=HTML&UpdateDate="
"Belgium","NET-Wallonia","Wallonia","BETN066","43N066 - EUPEN","SPO-BETN066_00008_100","NO2","Nitrogen dioxide (air)","P1Y-hrsAbove400","1 year hour exceed 400","2016","0.000","count","97.47","1","Background","Rural","6.0023","50.6289","295.0","","","","E1a/validated data AQ e-Reporting","18/03/2023 21:54:38","http://fme.discomap.eea.europa.eu/fmedatastreaming/AirQualityDownload/AQData_Extract.fmw?CountryCode=BE&CityName=&Pollutant=8&Year_from=2016&Year_to=2016&Station=STA-BETN066&Samplingpoint=&Source=E1a&Output=HTML&UpdateDate="
"Belgium","NET-Wallonia","Wallonia","BETR222","43R222 - SERAING","SPO-BETR222_00001_100","SO2","Sulphur dioxide (air)","P1Y-3hAbove500","3 consecutive hours in exceedance of 500","2016","0.000","count","90.63","1","Background","Suburban","5.5702","50.6134","65.0","Liège                                                                           ","BE005C1                                           ","383700","E1a/validated data AQ e-Reporting","18/03/2023 22:18:09","http://fme.discomap.eea.europa.eu/fmedatastreaming/AirQualityDownload/AQData_Extract.fmw?CountryCode=BE&CityName=&Pollutant=1&Year_from=2016&Year_to=2016&Station=STA-BETR222&Samplingpoint=&Source=E1a&Output=HTML&UpdateDate="
"Belgium","NET-Wallonia","Wallonia","BETN113","43N113 - SAINT-ODE","SPO-BETN113_00009_100","NOX as NO2","Nitrogen oxides (air)","P1Y-hr-max","1 year hour max","2016","83.325","ug/m3","91.55","1","Background","Rural","5.5930","50.0270","510.0","","","","E1a/validated data AQ e-Reporting","18/03/2023 21:57:02","http://fme.discomap.eea.europa.eu/fmedatastreaming/AirQualityDownload/AQData_Extract.fmw?CountryCode=BE&CityName=&Pollutant=9&Year_from=2016&Year_to=2016&Station=STA-BETN113&Samplingpoint=&Source=E1a&Output=HTML&UpdateDate="
"Belgium","NET-Flanders","Flanders","BETR817","42R817 - ANTWERPEN","SPO-BETR817_00005_100","PM10","Particulate matter < 10 µm (aerosol)","P1Y-hr-per50","1 year 50 percentile","2016","19.100","ug/m3","99.70","1","Background","Suburban","4.4180","51.1771","6.0","Antwerpen                                                                       ","BE002C1                                           ","530014","E1a/validated data AQ e-Reporting","18/03/2023 22:05:49","http://fme.discomap.eea.europa.eu/fmedatastreaming/AirQualityDownload/AQData_Extract.fmw?CountryCode=BE&CityName=&Pollutant=5&Year_from=2016&Year_to=2016&Station=STA-BETR817&Samplingpoint=&Source=E1a&Output=HTML&UpdateDate="
"Belgium","NET-Flanders","Flanders","BETN029","44N029 - HOUTEM","SPO-BETN029_00008_100","NO2","Nitrogen dioxide (air)","P1Y-hrsAbove200","1 year hour exceed 200","2016","0.000","count","96.62","1","Background","Rural","2.5823","51.0163","2.0","","","","E1a/validated data AQ e-Reporting","18/03/2023 21:48:42","http://fme.discomap.eea.europa.eu/fmedatastreaming/AirQualityDownload/AQData_Extract.fmw?CountryCode=BE&CityName=&Pollutant=8&Year_from=2016&Year_to=2016&Station=STA-BETN029&Samplingpoint=&Source=E1a&Output=HTML&UpdateDate="
"Belgium","NET-Wallonia","Wallonia","BEVN073","50N073 - VEZIN","SPO-BEVN073_00431_100","C6H5-C2H5","Ethyl benzene (air)","P1Y","Annual mean / 1 calendar year","2016","0.000","ug/m3","49.73","1","Background","Rural","4.9884","50.5027","160.0","","","","E1a/validated data AQ e-Reporting","18/03/2023 21:08:58","http://fme.discomap.eea.europa.eu/fmedatastreaming/AirQualityDownload/AQData_Extract.fmw?CountryCode=BE&CityName=&Pollutant=431&Year_from=2016&Year_to=2016&Station=STA-BEVN073&Samplingpoint=&Source=E1a&Output=HTML&UpdateDate="
"Belgium","NET-Flanders","Flanders","BETR010","42R010 - ST.STEVENSW","SPO-BETR010_00008_100","NO2","Nitrogen dioxide (air)","P1Y","Annual mean / 1 calendar year","2016","26.250","ug/m3","97.14","1","Background","Suburban","4.4284","50.8651","68.0","","","","E1a/validated data AQ e-Reporting","18/03/2023 21:08:58","http://fme.discomap.eea.europa.eu/fmedatastreaming/AirQualityDownload/AQData_Extract.fmw?CountryCode=BE&CityName=&Pollutant=8&Year_from=2016&Year_to=2016&Station=STA-BETR010&Samplingpoint=&Source=E1a&Output=HTML&UpdateDate="
"Belgium","NET-Flanders","Flanders","BETN052","44N052 - ZWEVEGEM","SPO-BETN052_06001_100","PM2.5","Particulate matter < 2.5 µm (aerosol)","P3Y","3 subsequent calendar years mean","2016","14.757","ug/m3","80.12","1","Background","Suburban","3.3225","50.8149","27.0","","","","E1a/validated data AQ e-Reporting","18/03/2023 21:36:00","http://fme.discomap.eea.europa.eu/fmedatastreaming/AirQualityDownload/AQData_Extract.fmw?CountryCode=BE&CityName=&Pollutant=6001&Year_from=2016&Year_to=2016&Station=STA-BETN052&Samplingpoint=&Source=E1a&Output=HTML&UpdateDate="
"Belgium","NET-Wallonia","Wallonia","BETN066","43N066 - EUPEN","SPO-BETN066_00001_100","SO2","Sulphur dioxide (air)","winter-avg","Winter mean","2016","0.518","ug/m3","94.38","1","Background","Rural","6.0023","50.6289","295.0","","","","E1a/validated data AQ e-Reporting","18/03/2023 22:50:43","http://fme.discomap.eea.europa.eu/fmedatastreaming/AirQualityDownload/AQData_Extract.fmw?CountryCode=BE&CityName=&Pollutant=1&Year_from=2016&Year_to=2016&Station=STA-BETN066&Samplingpoint=&Source=E1a&Output=HTML&UpdateDate="
"Belgium","NET-Wallonia","Wallonia","BETN100","43N100 - DOURBES","SPO-BETN100_00007_100","O3","Ozone (air)","P1Y-dmax-per93.15","1 year 93.15 percentile daily 8h maximum","2016","106.875","ug/m3","98.09","1","Background","Rural","4.5948","50.0957","225.0","","","","E1a/validated data AQ e-Reporting","18/03/2023 22:12:55","http://fme.discomap.eea.europa.eu/fmedatastreaming/AirQualityDownload/AQData_Extract.fmw?CountryCode=BE&CityName=&Pollutant=7&Year_from=2016&Year_to=2016&Station=STA-BETN100&Samplingpoint=&Source=E1a&Output=HTML&UpdateDate="
"Belgium","NET-Wallonia","Wallonia","BETN100","43N100 - DOURBES","SPO-BETN100_00008_100","NO2","Nitrogen dioxide (air)","P1Y-day-min","1 year day min","2016","0.739","ug/m3","99.73","1","Background","Rural","4.5948","50.0957","225.0","","","","E1a/validated data AQ e-Reporting","18/03/2023 21:56:03","http://fme.discomap.eea.europa.eu/fmedatastreaming/AirQualityDownload/AQData_Extract.fmw?CountryCode=BE&CityName=&Pollutant=8&Year_from=2016&Year_to=2016&Station=STA-BETN100&Samplingpoint=&Source=E1a&Output=HTML&UpdateDate="
"Belgium","NET-Wallonia","Wallonia","BETN121","43N121 - OFFAGNE","SPO-BETN121_00005_100","PM10","Particulate matter < 10 µm (aerosol)","P1Y-day-max36","1 year day max 36","2016","24.063","ug/m3","98.09","1","Background","Rural","5.2024","49.8771","430.0","","","","E1a/validated data AQ e-Reporting","18/03/2023 22:32:47","http://fme.discomap.eea.europa.eu/fmedatastreaming/AirQualityDownload/AQData_Extract.fmw?CountryCode=BE&CityName=&Pollutant=5&Year_from=2016&Year_to=2016&Station=STA-BETN121&Samplingpoint=&Source=E1a&Output=HTML&UpdateDate="
"Belgium","NET-Wallonia","Wallonia","BETN113","43N113 - SAINT-ODE","SPO-BETN113_00005_100","PM10","Particulate matter < 10 µm (aerosol)","P1Y-day-max","1 year day max","2016","38.146","ug/m3","92.08","1","Background","Rural","5.5930","50.0270","510.0","","","","E1a/validated data AQ e-Reporting","18/03/2023 21:43:06","http://fme.discomap.eea.europa.eu/fmedatastreaming/AirQualityDownload/AQData_Extract.fmw?CountryCode=BE&CityName=&Pollutant=5&Year_from=2016&Year_to=2016&Station=STA-BETN113&Samplingpoint=&Source=E1a&Output=HTML&UpdateDate="
"Belgium","NET-Wallonia","Wallonia","BETN113","43N113 - SAINT-ODE","SPO-BETN113_00005_100","PM10","Particulate matter < 10 µm (aerosol)","P3Y","3 subsequent calendar years mean","2016","10.718","ug/m3","97.08","1","Background","Rural","5.5930","50.0270","510.0","","","","E1a/validated data AQ e-Reporting","18/03/2023 21:36:00","http://fme.discomap.eea.europa.eu/fmedatastreaming/AirQualityDownload/AQData_Extract.fmw?CountryCode=BE&CityName=&Pollutant=5&Year_from=2016&Year_to=2016&Station=STA-BETN113&Samplingpoint=&Source=E1a&Output=HTML&UpdateDate="
"Belgium","NET-Wallonia","Wallonia","BETN121","43N121 - OFFAGNE","SPO-BETN121_00007_100","O3","Ozone (air)","P1Y-maxP6M-P8H-dmax","Yearly highest six monthly average of daily maximum 8-hour mean concentration","2016","78.709","ug/m3","100.00","1","Background","Rural","5.2024","49.8771","430.0","","","","E1a/validated data AQ e-Reporting","18/03/2023 22:58:54","http://fme.discomap.eea.europa.eu/fmedatastreaming/AirQualityDownload/AQData_Extract.fmw?CountryCode=BE&CityName=&Pollutant=7&Year_from=2016&Year_to=2016&Station=STA-BETN121&Samplingpoint=&Source=E1a&Output=HTML&UpdateDate="
"Belgium","NET-Flanders","Flanders","BETR841","42R841 - MECHELEN","SPO-BETR841_00007_100","O3","Ozone (air)","summer-avg","Summer mean","2016","45.938","ug/m3","98.27","1","Background","Suburban","4.4693","51.0025","8.0","Mechelen                                                                        ","BE012C1                                           ","86911","E1a/validated data AQ e-Reporting","18/03/2023 22:50:22","http://fme.discomap.eea.europa.eu/fmedatastreaming/AirQualityDownload/AQData_Extract.fmw?CountryCode=BE&CityName=&Pollutant=7&Year_from=2016&Year_to=2016&Station=STA-BETR841&Samplingpoint=&Source=E1a&Output=HTML&UpdateDate="
"Belgium","NET-Wallonia","Wallonia","BETN085","43N085 - VIELSALM","SPO-BETN085_00001_100","SO2","Sulphur dioxide (air)","P1Y-daysAbove125","1 year day exceed 125","2016","0.000","count","98.09","1","Background","Rural","6.0017","50.3032","490.0","","","","E1a/validated data AQ e-Reporting","18/03/2023 22:23:37","http://fme.discomap.eea.europa.eu/fmedatastreaming/AirQualityDownload/AQData_Extract.fmw?CountryCode=BE&CityName=&Pollutant=1&Year_from=2016&Year_to=2016&Station=STA-BETN085&Samplingpoint=&Source=E1a&Output=HTML&UpdateDate="
"Belgium","NET-Flanders","Flanders","BETR811","42R811 - SCHOTEN","SPO-BETR811_00007_100","O3","Ozone (air)","P3Y","3 subsequent calendar years mean","2016","40.493","ug/m3","92.48","1","Background","Suburban","4.4914","51.2521","8.0","","","","E1a/validated data AQ e-Reporting","18/03/2023 21:36:00","http://fme.discomap.eea.europa.eu/fmedatastreaming/AirQualityDownload/AQData_Extract.fmw?CountryCode=BE&CityName=&Pollutant=7&Year_from=2016&Year_to=2016&Station=STA-BETR811&Samplingpoint=&Source=E1a&Output=HTML&UpdateDate="
"Belgium","NET-Wallonia","Wallonia","BETN093","43N093 - SINSIN","SPO-BETN093_00007_100","O3","Ozone (air)","SOMO10","Sum of Ozone Means Over 10 ppb","2016","16159.779","ug/m3","93.72","1","Background","Rural","5.2352","50.2745","265.0","","","","E1a/validated data AQ e-Reporting","18/03/2023 22:59:50","http://fme.discomap.eea.europa.eu/fmedatastreaming/AirQualityDownload/AQData_Extract.fmw?CountryCode=BE&CityName=&Pollutant=7&Year_from=2016&Year_to=2016&Station=STA-BETN093&Samplingpoint=&Source=E1a&Output=HTML&UpdateDate="
"Belgium","NET-Wallonia","Wallonia","BETN093","43N093 - SINSIN","SPO-BETN093_00007_100","O3","Ozone (air)","AOT40c","AOT40 vegetation protection","2016","6870.484","ug/m3","96.56","1","Background","Rural","5.2352","50.2745","265.0","","","","E1a/validated data AQ e-Reporting","18/03/2023 23:06:29","http://fme.discomap.eea.europa.eu/fmedatastreaming/AirQualityDownload/AQData_Extract.fmw?CountryCode=BE&CityName=&Pollutant=7&Year_from=2016&Year_to=2016&Station=STA-BETN093&Samplingpoint=&Source=E1a&Output=HTML&UpdateDate="
"Belgium","NET-Flanders","Flanders","BETR811","42R811 - SCHOTEN","SPO-BETR811_00008_100","NO2","Nitrogen dioxide (air)","P3Y","3 subsequent calendar years mean","2016","26.810","ug/m3","96.59","1","Background","Suburban","4.4914","51.2521","8.0","","","","E1a/validated data AQ e-Reporting","18/03/2023 21:36:00","http://fme.discomap.eea.europa.eu/fmedatastreaming/AirQualityDownload/AQData_Extract.fmw?CountryCode=BE&CityName=&Pollutant=8&Year_from=2016&Year_to=2016&Station=STA-BETR811&Samplingpoint=&Source=E1a&Output=HTML&UpdateDate="
"Belgium","NET-Wallonia","Wallonia","BETN093","43N093 - SINSIN","SPO-BETN093_00008_100","NO2","Nitrogen dioxide (air)","P1Y-hrsAbove400","1 year hour exceed 400","2016","0.000","count","95.36","1","Background","Rural","5.2352","50.2745","265.0","","","","E1a/validated data AQ e-Reporting","18/03/2023 21:54:38","http://fme.discomap.eea.europa.eu/fmedatastreaming/AirQualityDownload/AQData_Extract.fmw?CountryCode=BE&CityName=&Pollutant=8&Year_from=2016&Year_to=2016&Station=STA-BETN093&Samplingpoint=&Source=E1a&Output=HTML&UpdateDate="
"Belgium","NET-Wallonia","Wallonia","BETN100","43N100 - DOURBES","SPO-BETN100_00001_100","SO2","Sulphur dioxide (air)","P1Y-day-min","1 year day min","2016","0.000","ug/m3","98.09","1","Background","Rural","4.5948","50.0957","225.0","","","","E1a/validated data AQ e-Reporting","18/03/2023 21:54:56","http://fme.discomap.eea.europa.eu/fmedatastreaming/AirQualityDownload/AQData_Extract.fmw?CountryCode=BE&CityName=&Pollutant=1&Year_from=2016&Year_to=2016&Station=STA-BETN100&Samplingpoint=&Source=E1a&Output=HTML&UpdateDate="
"Belgium","NET-Wallonia","Wallonia","BEVN093","50N093 - SINSIN","SPO-BEVN093_00449_100","(CH3)3-C-CH2-CH-(CH3)2","i-Octane (2,2,4-trimethylpentane) (air)","P1Y","Annual mean / 1 calendar year","2016","0.000","ug/m3","42.35","1","Background","Rural","5.2352","50.2745","265.0","","","","E1a/validated data AQ e-Reporting","18/03/2023 21:08:58","http://fme.discomap.eea.europa.eu/fmedatastreaming/AirQualityDownload/AQData_Extract.fmw?CountryCode=BE&CityName=&Pollutant=449&Year_from=2016&Year_to=2016&Station=STA-BEVN093&Samplingpoint=&Source=E1a&Output=HTML&UpdateDate="
"Belgium","NET-Wallonia","Wallonia","BETN060","43N060 - HAVINNES","SPO-BETN060_00005_100","PM10","Particulate matter < 10 µm (aerosol)","P1Y-day-per50","1 year 50 %ile of daily values in a year","2016","17.188","ug/m3","100.00","1","Background","Rural","3.4576","50.6167","0.0","","","","E1a/validated data AQ e-Reporting","18/03/2023 22:08:05","http://fme.discomap.eea.europa.eu/fmedatastreaming/AirQualityDownload/AQData_Extract.fmw?CountryCode=BE&CityName=&Pollutant=5&Year_from=2016&Year_to=2016&Station=STA-BETN060&Samplingpoint=&Source=E1a&Output=HTML&UpdateDate="
"Belgium","NET-Wallonia","Wallonia","BETN060","43N060 - HAVINNES","SPO-BETN060_00005_100","PM10","Particulate matter < 10 µm (aerosol)","P1Y-P1D-per90.4","1 year 90.4 percentile - COMPLIANCE","2016","37.521","ug/m3","100.00","1","Background","Rural","3.4576","50.6167","0.0","","","","E1a/validated data AQ e-Reporting","18/03/2023 22:08:35","http://fme.discomap.eea.europa.eu/fmedatastreaming/AirQualityDownload/AQData_Extract.fmw?CountryCode=BE&CityName=&Pollutant=5&Year_from=2016&Year_to=2016&Station=STA-BETN060&Samplingpoint=&Source=E1a&Output=HTML&UpdateDate="
"Belgium","NET-Wallonia","Wallonia","BETR501","45R501 - CHARLEROI","SPO-BETR501_00008_100","NO2","Nitrogen dioxide (air)","P1Y-hr-max","1 year hour max","2016","156.500","ug/m3","97.37","1","Background","Urban","4.4522","50.4093","115.0","Charleroi                                                                       ","BE004C1                                           ","203314","E1a/validated data AQ e-Reporting","18/03/2023 21:57:02","http://fme.discomap.eea.europa.eu/fmedatastreaming/AirQualityDownload/AQData_Extract.fmw?CountryCode=BE&CityName=&Pollutant=8&Year_from=2016&Year_to=2016&Station=STA-BETR501&Samplingpoint=&Source=E1a&Output=HTML&UpdateDate="
"Belgium","NET-Wallonia","Wallonia","BETN132","43N132 - HABAY-LA-N.","SPO-BETN132_00001_100","SO2","Sulphur dioxide (air)","P1Y-hr-max25","1 year hour max 25","2016","2.500","ug/m3","97.04","1","Background","Rural","5.6304","49.7193","375.0","","","","E1a/validated data AQ e-Reporting","18/03/2023 22:33:20","http://fme.discomap.eea.europa.eu/fmedatastreaming/AirQualityDownload/AQData_Extract.fmw?CountryCode=BE&CityName=&Pollutant=1&Year_from=2016&Year_to=2016&Station=STA-BETN132&Samplingpoint=&Source=E1a&Output=HTML&UpdateDate="
"Belgium","NET-Flanders","Flanders","BETR897","42R897 - ANTWERPEN","SPO-BETR897_00008_100","NO2","Nitrogen dioxide (air)","P1Y-day-min","1 year day min","2016","8.043","ug/m3","98.36","1","Industrial","Suburban","4.3421","51.2501","5.0","Antwerpen                                                                       ","BE002C1                                           ","530014","E1a/validated data AQ e-Reporting","18/03/2023 21:56:03","http://fme.discomap.eea.europa.eu/fmedatastreaming/AirQualityDownload/AQData_Extract.fmw?CountryCode=BE&CityName=&Pollutant=8&Year_from=2016&Year_to=2016&Station=STA-BETR897&Samplingpoint=&Source=E1a&Output=HTML&UpdateDate="
"Belgium","NET-Flanders","Flanders","BETR702","44R702 - Gent (G.Carlierlaan)","SPO-BETR702_00008_100","NO2","Nitrogen dioxide (air)","P1Y","Annual mean / 1 calendar year","2016","39.112","ug/m3","97.13","1","Traffic","Urban","3.7350","51.0407","8.0","Gent                                                                            ","BE003C1                                           ","263687","E1a/validated data AQ e-Reporting","18/03/2023 21:08:58","http://fme.discomap.eea.europa.eu/fmedatastreaming/AirQualityDownload/AQData_Extract.fmw?CountryCode=BE&CityName=&Pollutant=8&Year_from=2016&Year_to=2016&Station=STA-BETR702&Samplingpoint=&Source=E1a&Output=HTML&UpdateDate="
"Belgium","NET-Wallonia","Wallonia","BETM204","43M204 - ANGLEUR","SPO-BETM204_00005_100","PM10","Particulate matter < 10 µm (aerosol)","P1Y-hr-per50","1 year 50 percentile","2016","15.271","ug/m3","98.47","1","Background","Suburban","5.6112","50.6119","70.0","Liège                                                                           ","BE005C1                                           ","383700","E1a/validated data AQ e-Reporting","18/03/2023 22:05:49","http://fme.discomap.eea.europa.eu/fmedatastreaming/AirQualityDownload/AQData_Extract.fmw?CountryCode=BE&CityName=&Pollutant=5&Year_from=2016&Year_to=2016&Station=STA-BETM204&Samplingpoint=&Source=E1a&Output=HTML&UpdateDate="
"Belgium","NET-Wallonia","Wallonia","BETR222","43R222 - SERAING","SPO-BETR222_00005_100","PM10","Particulate matter < 10 µm (aerosol)","P1Y-day-per50","1 year 50 %ile of daily values in a year","2016","16.479","ug/m3","96.99","1","Background","Suburban","5.5702","50.6134","65.0","Liège                                                                           ","BE005C1                                           ","383700","E1a/validated data AQ e-Reporting","18/03/2023 22:08:05","http://fme.discomap.eea.europa.eu/fmedatastreaming/AirQualityDownload/AQData_Extract.fmw?CountryCode=BE&CityName=&Pollutant=5&Year_from=2016&Year_to=2016&Station=STA-BETR222&Samplingpoint=&Source=E1a&Output=HTML&UpdateDate="
"Belgium","NET-Wallonia","Wallonia","BETN093","43N093 - SINSIN","SPO-BETN093_00007_100","O3","Ozone (air)","P1Y-hr-max","1 year hour max","2016","189.000","ug/m3","93.59","1","Background","Rural","5.2352","50.2745","265.0","","","","E1a/validated data AQ e-Reporting","18/03/2023 21:57:02","http://fme.discomap.eea.europa.eu/fmedatastreaming/AirQualityDownload/AQData_Extract.fmw?CountryCode=BE&CityName=&Pollutant=7&Year_from=2016&Year_to=2016&Station=STA-BETN093&Samplingpoint=&Source=E1a&Output=HTML&UpdateDate="
"Belgium","NET-Flanders","Flanders","BETR702","44R702 - Gent (G.Carlierlaan)","SPO-BETR702_06001_100","PM2.5","Particulate matter < 2.5 µm (aerosol)","P1Y-hr-per50","1 year 50 percentile","2016","10.500","ug/m3","99.77","1","Traffic","Urban","3.7350","51.0407","8.0","Gent                                                                            ","BE003C1                                           ","263687","E1a/validated data AQ e-Reporting","18/03/2023 22:05:49","http://fme.discomap.eea.europa.eu/fmedatastreaming/AirQualityDownload/AQData_Extract.fmw?CountryCode=BE&CityName=&Pollutant=6001&Year_from=2016&Year_to=2016&Station=STA-BETR702&Samplingpoint=&Source=E1a&Output=HTML&UpdateDate="
"Belgium","NET-Flanders","Flanders","BETR710","44R710 - DESTELBERGE","SPO-BETR710_00005_100","PM10","Particulate matter < 10 µm (aerosol)","P1Y","Annual mean / 1 calendar year","2016","21.935","ug/m3","99.42","1","Background","Suburban","3.7753","51.0613","6.0","","","","E1a/validated data AQ e-Reporting","18/03/2023 21:08:58","http://fme.discomap.eea.europa.eu/fmedatastreaming/AirQualityDownload/AQData_Extract.fmw?CountryCode=BE&CityName=&Pollutant=5&Year_from=2016&Year_to=2016&Station=STA-BETR710&Samplingpoint=&Source=E1a&Output=HTML&UpdateDate="
"Belgium","NET-Wallonia","Wallonia","BETN060","43N060 - HAVINNES","SPO-BETN060_00001_100","SO2","Sulphur dioxide (air)","winter-avg","Winter mean","2016","2.059","ug/m3","97.27","1","Background","Rural","3.4576","50.6167","0.0","","","","E1a/validated data AQ e-Reporting","18/03/2023 22:50:43","http://fme.discomap.eea.europa.eu/fmedatastreaming/AirQualityDownload/AQData_Extract.fmw?CountryCode=BE&CityName=&Pollutant=1&Year_from=2016&Year_to=2016&Station=STA-BETN060&Samplingpoint=&Source=E1a&Output=HTML&UpdateDate="
"Belgium","NET-Wallonia","Wallonia","BETN100","43N100 - DOURBES","SPO-BETN100_00005_100","PM10","Particulate matter < 10 µm (aerosol)","P1Y-day-min","1 year day min","2016","0.051","ug/m3","99.73","1","Background","Rural","4.5948","50.0957","225.0","","","","E1a/validated data AQ e-Reporting","18/03/2023 21:55:13","http://fme.discomap.eea.europa.eu/fmedatastreaming/AirQualityDownload/AQData_Extract.fmw?CountryCode=BE&CityName=&Pollutant=5&Year_from=2016&Year_to=2016&Station=STA-BETN100&Samplingpoint=&Source=E1a&Output=HTML&UpdateDate="
"Belgium","NET-Flanders","Flanders","BETR831","42R831 - BERENDRECHT","SPO-BETR831_00008_100","NO2","Nitrogen dioxide (air)","P1Y-day-min","1 year day min","2016","5.739","ug/m3","90.98","1","Industrial","Rural","4.3397","51.3488","3.0","Antwerpen                                                                       ","BE002C1                                           ","530014","E1a/validated data AQ e-Reporting","18/03/2023 21:56:03","http://fme.discomap.eea.europa.eu/fmedatastreaming/AirQualityDownload/AQData_Extract.fmw?CountryCode=BE&CityName=&Pollutant=8&Year_from=2016&Year_to=2016&Station=STA-BETR831&Samplingpoint=&Source=E1a&Output=HTML&UpdateDate="
"Belgium","NET-Wallonia","Wallonia","BETR222","43R222 - SERAING","SPO-BETR222_00008_100","NO2","Nitrogen dioxide (air)","P3Y","3 subsequent calendar years mean","2016","24.388","ug/m3","95.49","1","Background","Suburban","5.5702","50.6134","65.0","Liège                                                                           ","BE005C1                                           ","383700","E1a/validated data AQ e-Reporting","18/03/2023 21:36:00","http://fme.discomap.eea.europa.eu/fmedatastreaming/AirQualityDownload/AQData_Extract.fmw?CountryCode=BE&CityName=&Pollutant=8&Year_from=2016&Year_to=2016&Station=STA-BETR222&Samplingpoint=&Source=E1a&Output=HTML&UpdateDate="
"Belgium","NET-Wallonia","Wallonia","BETN085","43N085 - VIELSALM","SPO-BETN085_00007_100","O3","Ozone (air)","P3Y","3 subsequent calendar years mean","2016","46.887","ug/m3","95.02","1","Background","Rural","6.0017","50.3032","490.0","","","","E1a/validated data AQ e-Reporting","18/03/2023 21:36:00","http://fme.discomap.eea.europa.eu/fmedatastreaming/AirQualityDownload/AQData_Extract.fmw?CountryCode=BE&CityName=&Pollutant=7&Year_from=2016&Year_to=2016&Station=STA-BETN085&Samplingpoint=&Source=E1a&Output=HTML&UpdateDate="
"Belgium","NET-Wallonia","Wallonia","BETN093","43N093 - SINSIN","SPO-BETN093_00001_100","SO2","Sulphur dioxide (air)","P1Y-hr-max","1 year hour max","2016","4.000","ug/m3","94.90","1","Background","Rural","5.2352","50.2745","265.0","","","","E1a/validated data AQ e-Reporting","18/03/2023 21:57:02","http://fme.discomap.eea.europa.eu/fmedatastreaming/AirQualityDownload/AQData_Extract.fmw?CountryCode=BE&CityName=&Pollutant=1&Year_from=2016&Year_to=2016&Station=STA-BETN093&Samplingpoint=&Source=E1a&Output=HTML&UpdateDate="
"Belgium","NET-Wallonia","Wallonia","BETR223","43R223 - JEMEPPE","SPO-BETR223_00010_100","CO","Carbon monoxide (air)","P1Y-hr-max","1 year hour max","2016","1.570","mg/m3","97.30","1","Industrial","Suburban","5.5164","50.6207","50.0","Liège                                                                           ","BE005C1                                           ","383700","E1a/validated data AQ e-Reporting","18/03/2023 21:57:02","http://fme.discomap.eea.europa.eu/fmedatastreaming/AirQualityDownload/AQData_Extract.fmw?CountryCode=BE&CityName=&Pollutant=10&Year_from=2016&Year_to=2016&Station=STA-BETR223&Samplingpoint=&Source=E1a&Output=HTML&UpdateDate="
"Belgium","NET-Wallonia","Wallonia","BETR223","43R223 - JEMEPPE","SPO-BETR223_06001_100","PM2.5","Particulate matter < 2.5 µm (aerosol)","P1Y-hr-per50","1 year 50 percentile","2016","9.422","ug/m3","99.53","1","Industrial","Suburban","5.5164","50.6207","50.0","Liège                                                                           ","BE005C1                                           ","383700","E1a/validated data AQ e-Reporting","18/03/2023 22:05:49","http://fme.discomap.eea.europa.eu/fmedatastreaming/AirQualityDownload/AQData_Extract.fmw?CountryCode=BE&CityName=&Pollutant=6001&Year_from=2016&Year_to=2016&Station=STA-BETR223&Samplingpoint=&Source=E1a&Output=HTML&UpdateDate="
"Belgium","NET-Wallonia","Wallonia","BETN093","43N093 - SINSIN","SPO-BETN093_00005_100","PM10","Particulate matter < 10 µm (aerosol)","P1Y-daysAbove50","1 year day exceed 50","2016","2.000","count","97.27","1","Background","Rural","5.2352","50.2745","265.0","","","","E1a/validated data AQ e-Reporting","18/03/2023 22:27:00","http://fme.discomap.eea.europa.eu/fmedatastreaming/AirQualityDownload/AQData_Extract.fmw?CountryCode=BE&CityName=&Pollutant=5&Year_from=2016&Year_to=2016&Station=STA-BETN093&Samplingpoint=&Source=E1a&Output=HTML&UpdateDate="
"Belgium","NET-Flanders","Flanders","BETR815","42R815 - ZWIJNDRECHT","SPO-BETR815_00005_100","PM10","Particulate matter < 10 µm (aerosol)","P1Y-hr-per50","1 year 50 percentile","2016","18.600","ug/m3","99.80","1","Industrial","Suburban","4.3322","51.2147","7.0","","","","E1a/validated data AQ e-Reporting","18/03/2023 22:05:49","http://fme.discomap.eea.europa.eu/fmedatastreaming/AirQualityDownload/AQData_Extract.fmw?CountryCode=BE&CityName=&Pollutant=5&Year_from=2016&Year_to=2016&Station=STA-BETR815&Samplingpoint=&Source=E1a&Output=HTML&UpdateDate="
"Belgium","NET-Wallonia","Wallonia","BETR222","43R222 - SERAING","SPO-BETR222_00007_100","O3","Ozone (air)","P1Y-hr-max","1 year hour max","2016","204.000","ug/m3","94.17","1","Background","Suburban","5.5702","50.6134","65.0","Liège                                                                           ","BE005C1                                           ","383700","E1a/validated data AQ e-Reporting","18/03/2023 21:57:02","http://fme.discomap.eea.europa.eu/fmedatastreaming/AirQualityDownload/AQData_Extract.fmw?CountryCode=BE&CityName=&Pollutant=7&Year_from=2016&Year_to=2016&Station=STA-BETR222&Samplingpoint=&Source=E1a&Output=HTML&UpdateDate="
"Belgium","NET-Wallonia","Wallonia","BETN066","43N066 - EUPEN","SPO-BETN066_00008_100","NO2","Nitrogen dioxide (air)","P1Y-P1D-per99","1 year 99 percentile of daily means (P1D) or .../aq/primaryObservation/day","2016","32.458","ug/m3","100.00","1","Background","Rural","6.0023","50.6289","295.0","","","","E1a/validated data AQ e-Reporting","18/03/2023 22:10:34","http://fme.discomap.eea.europa.eu/fmedatastreaming/AirQualityDownload/AQData_Extract.fmw?CountryCode=BE&CityName=&Pollutant=8&Year_from=2016&Year_to=2016&Station=STA-BETN066&Samplingpoint=&Source=E1a&Output=HTML&UpdateDate="
"Belgium","NET-Flanders","Flanders","BETR805","42R805 - ANTWERPEN","SPO-BETR805_00005_100","PM10","Particulate matter < 10 µm (aerosol)","P1Y-P1D-per90.41","1 year 90.41 percentile","2016","37.371","ug/m3","98.63","1","Traffic","Urban","4.4216","51.2082","6.0","Antwerpen                                                                       ","BE002C1                                           ","530014","E1a/validated data AQ e-Reporting","18/03/2023 22:09:05","http://fme.discomap.eea.europa.eu/fmedatastreaming/AirQualityDownload/AQData_Extract.fmw?CountryCode=BE&CityName=&Pollutant=5&Year_from=2016&Year_to=2016&Station=STA-BETR805&Samplingpoint=&Source=E1a&Output=HTML&UpdateDate="
"Belgium","NET-Wallonia","Wallonia","BETR501","45R501 - CHARLEROI","SPO-BETR501_00010_100","CO","Carbon monoxide (air)","P1Y-hr-per50","1 year 50 percentile","2016","0.205","mg/m3","96.53","1","Background","Urban","4.4522","50.4093","115.0","Charleroi                                                                       ","BE004C1                                           ","203314","E1a/validated data AQ e-Reporting","18/03/2023 22:05:49","http://fme.discomap.eea.europa.eu/fmedatastreaming/AirQualityDownload/AQData_Extract.fmw?CountryCode=BE&CityName=&Pollutant=10&Year_from=2016&Year_to=2016&Station=STA-BETR501&Samplingpoint=&Source=E1a&Output=HTML&UpdateDate="
"Belgium","NET-Wallonia","Wallonia","BETM204","43M204 - ANGLEUR","SPO-BETM204_00005_100","PM10","Particulate matter < 10 µm (aerosol)","P1Y-daysAbove50","1 year day exceed 50","2016","5.000","count","98.09","1","Background","Suburban","5.6112","50.6119","70.0","Liège                                                                           ","BE005C1                                           ","383700","E1a/validated data AQ e-Reporting","18/03/2023 22:27:00","http://fme.discomap.eea.europa.eu/fmedatastreaming/AirQualityDownload/AQData_Extract.fmw?CountryCode=BE&CityName=&Pollutant=5&Year_from=2016&Year_to=2016&Station=STA-BETM204&Samplingpoint=&Source=E1a&Output=HTML&UpdateDate="
"Belgium","NET-Flanders","Flanders","BETR805","42R805 - ANTWERPEN","SPO-BETR805_00005_100","PM10","Particulate matter < 10 µm (aerosol)","P1Y-P1D-per99","1 year 99 percentile of daily means (P1D) or .../aq/primaryObservation/day","2016","52.704","ug/m3","98.63","1","Traffic","Urban","4.4216","51.2082","6.0","Antwerpen                                                                       ","BE002C1                                           ","530014","E1a/validated data AQ e-Reporting","18/03/2023 22:09:38","http://fme.discomap.eea.europa.eu/fmedatastreaming/AirQualityDownload/AQData_Extract.fmw?CountryCode=BE&CityName=&Pollutant=5&Year_from=2016&Year_to=2016&Station=STA-BETR805&Samplingpoint=&Source=E1a&Output=HTML&UpdateDate="
"Belgium","NET-Flanders","Flanders","BETR831","42R831 - BERENDRECHT","SPO-BETR831_06001_100","PM2.5","Particulate matter < 2.5 µm (aerosol)","P3Y","3 subsequent calendar years mean","2016","13.357","ug/m3","80.81","1","Industrial","Rural","4.3397","51.3488","3.0","Antwerpen                                                                       ","BE002C1                                           ","530014","E1a/validated data AQ e-Reporting","18/03/2023 21:36:00","http://fme.discomap.eea.europa.eu/fmedatastreaming/AirQualityDownload/AQData_Extract.fmw?CountryCode=BE&CityName=&Pollutant=6001&Year_from=2016&Year_to=2016&Station=STA-BETR831&Samplingpoint=&Source=E1a&Output=HTML&UpdateDate="
"Belgium","NET-Wallonia","Wallonia","BETN085","43N085 - VIELSALM","SPO-BETN085_00007_100","O3","Ozone (air)","P1Y-day-per50","1 year 50 %ile of daily values in a year","2016","43.646","ug/m3","96.45","1","Background","Rural","6.0017","50.3032","490.0","","","","E1a/validated data AQ e-Reporting","18/03/2023 22:15:13","http://fme.discomap.eea.europa.eu/fmedatastreaming/AirQualityDownload/AQData_Extract.fmw?CountryCode=BE&CityName=&Pollutant=7&Year_from=2016&Year_to=2016&Station=STA-BETN085&Samplingpoint=&Source=E1a&Output=HTML&UpdateDate="
"Belgium","NET-Flanders","Flanders","BETR841","42R841 - MECHELEN","SPO-BETR841_00005_100","PM10","Particulate matter < 10 µm (aerosol)","P1Y-day-per50","1 year 50 %ile of daily values in a year","2016","17.954","ug/m3","98.09","1","Background","Suburban","4.4693","51.0025","8.0","Mechelen                                                                        ","BE012C1                                           ","86911","E1a/validated data AQ e-Reporting","18/03/2023 22:08:05","http://fme.discomap.eea.europa.eu/fmedatastreaming/AirQualityDownload/AQData_Extract.fmw?CountryCode=BE&CityName=&Pollutant=5&Year_from=2016&Year_to=2016&Station=STA-BETR841&Samplingpoint=&Source=E1a&Output=HTML&UpdateDate="
"Belgium","NET-Wallonia","Wallonia","BETN070","43N070 - MONS","SPO-BETN070_00001_100","SO2","Sulphur dioxide (air)","P1Y-hrsAbove350","1 year hour exceed 350","2016","0.000","count","97.36","1","Background","Suburban","3.9397","50.4652","30.0","Mons                                                                            ","BE009C1                                           ","95922","E1a/validated data AQ e-Reporting","18/03/2023 21:52:12","http://fme.discomap.eea.europa.eu/fmedatastreaming/AirQualityDownload/AQData_Extract.fmw?CountryCode=BE&CityName=&Pollutant=1&Year_from=2016&Year_to=2016&Station=STA-BETN070&Samplingpoint=&Source=E1a&Output=HTML&UpdateDate="
"Belgium","NET-Wallonia","Wallonia","BETN070","43N070 - MONS","SPO-BETN070_00008_100","NO2","Nitrogen dioxide (air)","P1Y-hr-min","1 year hour min","2016","1.500","ug/m3","97.34","1","Background","Suburban","3.9397","50.4652","30.0","Mons                                                                            ","BE009C1                                           ","95922","E1a/validated data AQ e-Reporting","18/03/2023 22:31:20","http://fme.discomap.eea.europa.eu/fmedatastreaming/AirQualityDownload/AQData_Extract.fmw?CountryCode=BE&CityName=&Pollutant=8&Year_from=2016&Year_to=2016&Station=STA-BETN070&Samplingpoint=&Source=E1a&Output=HTML&UpdateDate="
"Belgium","NET-Wallonia","Wallonia","BEVR522","50R222 - SERAING","SPO-BEVR522_00394_100","H3C-CH2-CH2-CH3","n-Butane (air)","P1Y","Annual mean / 1 calendar year","2016","0.002","ug/m3","47.81","1","Background","Suburban","5.5713","50.6105","62.0","Liège                                                                           ","BE005C1                                           ","383700","E1a/validated data AQ e-Reporting","18/03/2023 21:08:58","http://fme.discomap.eea.europa.eu/fmedatastreaming/AirQualityDownload/AQData_Extract.fmw?CountryCode=BE&CityName=&Pollutant=394&Year_from=2016&Year_to=2016&Station=STA-BEVR522&Samplingpoint=&Source=E1a&Output=HTML&UpdateDate="
"Belgium","NET-Wallonia","Wallonia","BEVR522","50R222 - SERAING","SPO-BEVR522_00482_100","o-C6H4-(CH3)2","o-Xylene (air)","P1Y","Annual mean / 1 calendar year","2016","0.000","ug/m3","47.81","1","Background","Suburban","5.5713","50.6105","62.0","Liège                                                                           ","BE005C1                                           ","383700","E1a/validated data AQ e-Reporting","18/03/2023 21:08:58","http://fme.discomap.eea.europa.eu/fmedatastreaming/AirQualityDownload/AQData_Extract.fmw?CountryCode=BE&CityName=&Pollutant=482&Year_from=2016&Year_to=2016&Station=STA-BEVR522&Samplingpoint=&Source=E1a&Output=HTML&UpdateDate="
"Belgium","NET-Wallonia","Wallonia","BETR510","45R510 - CHATELINEAU","SPO-BETR510_00001_100","SO2","Sulphur dioxide (air)","P1Y-hrsAbove350","1 year hour exceed 350","2016","0.000","count","97.05","1","Background","Suburban","4.5211","50.4164","118.0","Charleroi                                                                       ","BE004C1                                           ","203314","E1a/validated data AQ e-Reporting","18/03/2023 21:52:12","http://fme.discomap.eea.europa.eu/fmedatastreaming/AirQualityDownload/AQData_Extract.fmw?CountryCode=BE&CityName=&Pollutant=1&Year_from=2016&Year_to=2016&Station=STA-BETR510&Samplingpoint=&Source=E1a&Output=HTML&UpdateDate="
"Belgium","NET-Flanders","Flanders","BETR817","42R817 - ANTWERPEN","SPO-BETR817_00005_100","PM10","Particulate matter < 10 µm (aerosol)","P1Y-day-per50","1 year 50 %ile of daily values in a year","2016","19.579","ug/m3","100.00","1","Background","Suburban","4.4180","51.1771","6.0","Antwerpen                                                                       ","BE002C1                                           ","530014","E1a/validated data AQ e-Reporting","18/03/2023 22:08:05","http://fme.discomap.eea.europa.eu/fmedatastreaming/AirQualityDownload/AQData_Extract.fmw?CountryCode=BE&CityName=&Pollutant=5&Year_from=2016&Year_to=2016&Station=STA-BETR817&Samplingpoint=&Source=E1a&Output=HTML&UpdateDate="
"Belgium","NET-Flanders","Flanders","BETR897","42R897 - ANTWERPEN","SPO-BETR897_00008_100","NO2","Nitrogen dioxide (air)","P1Y-hr-max","1 year hour max","2016","142.000","ug/m3","96.27","1","Industrial","Suburban","4.3421","51.2501","5.0","Antwerpen                                                                       ","BE002C1                                           ","530014","E1a/validated data AQ e-Reporting","18/03/2023 21:57:02","http://fme.discomap.eea.europa.eu/fmedatastreaming/AirQualityDownload/AQData_Extract.fmw?CountryCode=BE&CityName=&Pollutant=8&Year_from=2016&Year_to=2016&Station=STA-BETR897&Samplingpoint=&Source=E1a&Output=HTML&UpdateDate="
"Belgium","NET-Flanders","Flanders","BETR731","44R731 - EVERGEM","SPO-BETR731_00001_100","SO2","Sulphur dioxide (air)","P1Y-hr-min","1 year hour min","2016","1.000","ug/m3","96.58","1","Industrial","Rural","3.7395","51.1247","6.0","","","","E1a/validated data AQ e-Reporting","18/03/2023 22:31:20","http://fme.discomap.eea.europa.eu/fmedatastreaming/AirQualityDownload/AQData_Extract.fmw?CountryCode=BE&CityName=&Pollutant=1&Year_from=2016&Year_to=2016&Station=STA-BETR731&Samplingpoint=&Source=E1a&Output=HTML&UpdateDate="
"Belgium","NET-Wallonia","Wallonia","BETN121","43N121 - OFFAGNE","SPO-BETN121_06001_100","PM2.5","Particulate matter < 2.5 µm (aerosol)","P1Y-hr-per50","1 year 50 percentile","2016","5.071","ug/m3","98.50","1","Background","Rural","5.2024","49.8771","430.0","","","","E1a/validated data AQ e-Reporting","18/03/2023 22:05:49","http://fme.discomap.eea.europa.eu/fmedatastreaming/AirQualityDownload/AQData_Extract.fmw?CountryCode=BE&CityName=&Pollutant=6001&Year_from=2016&Year_to=2016&Station=STA-BETN121&Samplingpoint=&Source=E1a&Output=HTML&UpdateDate="
"Belgium","NET-Flanders","Flanders","BETR802","42R802 - BORGERHOUT","SPO-BETR802_00008_100","NO2","Nitrogen dioxide (air)","P1Y-day-per50","1 year 50 %ile of daily values in a year","2016","43.479","ug/m3","98.09","1","Traffic","Urban","4.4318","51.2095","6.0","Antwerpen                                                                       ","BE002C1                                           ","530014","E1a/validated data AQ e-Reporting","18/03/2023 22:14:21","http://fme.discomap.eea.europa.eu/fmedatastreaming/AirQualityDownload/AQData_Extract.fmw?CountryCode=BE&CityName=&Pollutant=8&Year_from=2016&Year_to=2016&Station=STA-BETR802&Samplingpoint=&Source=E1a&Output=HTML&UpdateDate="
"Belgium","NET-Wallonia","Wallonia","BETN113","43N113 - SAINT-ODE","SPO-BETN113_06001_100","PM2.5","Particulate matter < 2.5 µm (aerosol)","P1Y-hr-per50","1 year 50 percentile","2016","4.587","ug/m3","94.07","1","Background","Rural","5.5930","50.0270","510.0","","","","E1a/validated data AQ e-Reporting","18/03/2023 22:05:49","http://fme.discomap.eea.europa.eu/fmedatastreaming/AirQualityDownload/AQData_Extract.fmw?CountryCode=BE&CityName=&Pollutant=6001&Year_from=2016&Year_to=2016&Station=STA-BETN113&Samplingpoint=&Source=E1a&Output=HTML&UpdateDate="
"Belgium","NET-Flanders","Flanders","BETN035","42N035 - AARSCHOT","SPO-BETN035_00008_100","NO2","Nitrogen dioxide (air)","P1Y-hr-max","1 year hour max","2016","92.500","ug/m3","96.98","1","Background","Rural","4.8376","50.9775","55.0","","","","E1a/validated data AQ e-Reporting","18/03/2023 21:57:02","http://fme.discomap.eea.europa.eu/fmedatastreaming/AirQualityDownload/AQData_Extract.fmw?CountryCode=BE&CityName=&Pollutant=8&Year_from=2016&Year_to=2016&Station=STA-BETN035&Samplingpoint=&Source=E1a&Output=HTML&UpdateDate="
"Belgium","NET-Flanders","Flanders","BETR740","44R740 - ST.KRUIS-WI","SPO-BETR740_00001_100","SO2","Sulphur dioxide (air)","P1Y-hr-min","1 year hour min","2016","1.000","ug/m3","97.11","1","Industrial","Rural","3.8087","51.1501","5.0","Gent                                                                            ","BE003C1                                           ","263687","E1a/validated data AQ e-Reporting","18/03/2023 22:31:20","http://fme.discomap.eea.europa.eu/fmedatastreaming/AirQualityDownload/AQData_Extract.fmw?CountryCode=BE&CityName=&Pollutant=1&Year_from=2016&Year_to=2016&Station=STA-BETR740&Samplingpoint=&Source=E1a&Output=HTML&UpdateDate="
"Belgium","NET-Flanders","Flanders","BETR702","44R702 - Gent (G.Carlierlaan)","SPO-BETR702_00005_100","PM10","Particulate matter < 10 µm (aerosol)","P1Y-daysAbove50","1 year day exceed 50","2016","15.000","count","100.00","1","Traffic","Urban","3.7350","51.0407","8.0","Gent                                                                            ","BE003C1                                           ","263687","E1a/validated data AQ e-Reporting","18/03/2023 22:27:00","http://fme.discomap.eea.europa.eu/fmedatastreaming/AirQualityDownload/AQData_Extract.fmw?CountryCode=BE&CityName=&Pollutant=5&Year_from=2016&Year_to=2016&Station=STA-BETR702&Samplingpoint=&Source=E1a&Output=HTML&UpdateDate="
"Belgium","NET-Flanders","Flanders","BETTS21","40TS21 - TESSENDERLO","SPO-BETTS21_00001_100","SO2","Sulphur dioxide (air)","P1Y-hr-max-per99.73","1 year 99.73 %ile of hourly values in a given year","2016","33.000","ug/m3","97.34","1","Industrial","Suburban","5.1075","51.0657","28.0","","","","E1a/validated data AQ e-Reporting","18/03/2023 22:06:23","http://fme.discomap.eea.europa.eu/fmedatastreaming/AirQualityDownload/AQData_Extract.fmw?CountryCode=BE&CityName=&Pollutant=1&Year_from=2016&Year_to=2016&Station=STA-BETTS21&Samplingpoint=&Source=E1a&Output=HTML&UpdateDate="
"Belgium","NET-Wallonia","Wallonia","BETN121","43N121 - OFFAGNE","SPO-BETN121_00008_100","NO2","Nitrogen dioxide (air)","P1Y-3hAbove400","3 consecutive hours in exceedance of 400","2016","0.000","count","97.02","1","Background","Rural","5.2024","49.8771","430.0","","","","E1a/validated data AQ e-Reporting","18/03/2023 22:22:30","http://fme.discomap.eea.europa.eu/fmedatastreaming/AirQualityDownload/AQData_Extract.fmw?CountryCode=BE&CityName=&Pollutant=8&Year_from=2016&Year_to=2016&Station=STA-BETN121&Samplingpoint=&Source=E1a&Output=HTML&UpdateDate="
"Belgium","NET-Wallonia","Wallonia","BETN113","43N113 - SAINT-ODE","SPO-BETN113_00008_100","NO2","Nitrogen dioxide (air)","P1Y-hrsAbove400","1 year hour exceed 400","2016","0.000","count","91.55","1","Background","Rural","5.5930","50.0270","510.0","","","","E1a/validated data AQ e-Reporting","18/03/2023 21:54:38","http://fme.discomap.eea.europa.eu/fmedatastreaming/AirQualityDownload/AQData_Extract.fmw?CountryCode=BE&CityName=&Pollutant=8&Year_from=2016&Year_to=2016&Station=STA-BETN113&Samplingpoint=&Source=E1a&Output=HTML&UpdateDate="
"Belgium","NET-Flanders","Flanders","BETR892","42R892 - KALLO","SPO-BETR892_00001_100","SO2","Sulphur dioxide (air)","P1Y-hr-min","1 year hour min","2016","1.000","ug/m3","95.78","1","Industrial","Rural","4.2789","51.2630","9.0","","","","E1a/validated data AQ e-Reporting","18/03/2023 22:31:20","http://fme.discomap.eea.europa.eu/fmedatastreaming/AirQualityDownload/AQData_Extract.fmw?CountryCode=BE&CityName=&Pollutant=1&Year_from=2016&Year_to=2016&Station=STA-BETR892&Samplingpoint=&Source=E1a&Output=HTML&UpdateDate="
"Belgium","NET-Flanders","Flanders","BETN045","42N045 - HASSELT","SPO-BETN045_00005_100","PM10","Particulate matter < 10 µm (aerosol)","P1Y-day-min","1 year day min","2016","4.788","ug/m3","99.45","1","Background","Suburban","5.3684","50.9397","41.0","","","","E1a/validated data AQ e-Reporting","18/03/2023 21:55:13","http://fme.discomap.eea.europa.eu/fmedatastreaming/AirQualityDownload/AQData_Extract.fmw?CountryCode=BE&CityName=&Pollutant=5&Year_from=2016&Year_to=2016&Station=STA-BETN045&Samplingpoint=&Source=E1a&Output=HTML&UpdateDate="
"Belgium","NET-Flanders","Flanders","BETR805","42R805 - ANTWERPEN","SPO-BETR805_00008_100","NO2","Nitrogen dioxide (air)","P1Y-hr-per50","1 year 50 percentile","2016","40.000","ug/m3","95.46","1","Traffic","Urban","4.4216","51.2082","6.0","Antwerpen                                                                       ","BE002C1                                           ","530014","E1a/validated data AQ e-Reporting","18/03/2023 22:05:49","http://fme.discomap.eea.europa.eu/fmedatastreaming/AirQualityDownload/AQData_Extract.fmw?CountryCode=BE&CityName=&Pollutant=8&Year_from=2016&Year_to=2016&Station=STA-BETR805&Samplingpoint=&Source=E1a&Output=HTML&UpdateDate="
"Belgium","NET-Wallonia","Wallonia","BETN067","43N067 - MEMBACH","SPO-BETN067_00005_100","PM10","Particulate matter < 10 µm (aerosol)","P1Y-day-per50","1 year 50 %ile of daily values in a year","2016","11.398","ug/m3","100.00","1","Background","Suburban","5.9928","50.6123","0.0","","","","E1a/validated data AQ e-Reporting","18/03/2023 22:08:05","http://fme.discomap.eea.europa.eu/fmedatastreaming/AirQualityDownload/AQData_Extract.fmw?CountryCode=BE&CityName=&Pollutant=5&Year_from=2016&Year_to=2016&Station=STA-BETN067&Samplingpoint=&Source=E1a&Output=HTML&UpdateDate="
"Belgium","NET-Wallonia","Wallonia","BETN066","43N066 - EUPEN","SPO-BETN066_00001_100","SO2","Sulphur dioxide (air)","P1Y-hr-max-per99.73","1 year 99.73 %ile of hourly values in a given year","2016","5.500","ug/m3","95.99","1","Background","Rural","6.0023","50.6289","295.0","","","","E1a/validated data AQ e-Reporting","18/03/2023 22:06:23","http://fme.discomap.eea.europa.eu/fmedatastreaming/AirQualityDownload/AQData_Extract.fmw?CountryCode=BE&CityName=&Pollutant=1&Year_from=2016&Year_to=2016&Station=STA-BETN066&Samplingpoint=&Source=E1a&Output=HTML&UpdateDate="
"Belgium","NET-Flanders","Flanders","BETR801","42R801 - BORGERHOUT","SPO-BETR801_06001_100","PM2.5","Particulate matter < 2.5 µm (aerosol)","P1Y-hr-per50","1 year 50 percentile","2016","10.500","ug/m3","99.80","1","Background","Urban","4.4318","51.2097","6.0","Antwerpen                                                                       ","BE002C1                                           ","530014","E1a/validated data AQ e-Reporting","18/03/2023 22:05:49","http://fme.discomap.eea.europa.eu/fmedatastreaming/AirQualityDownload/AQData_Extract.fmw?CountryCode=BE&CityName=&Pollutant=6001&Year_from=2016&Year_to=2016&Station=STA-BETR801&Samplingpoint=&Source=E1a&Output=HTML&UpdateDate="
"Belgium","NET-Wallonia","Wallonia","BETN066","43N066 - EUPEN","SPO-BETN066_00007_100","O3","Ozone (air)","summer-avg","Summer mean","2016","57.447","ug/m3","97.47","1","Background","Rural","6.0023","50.6289","295.0","","","","E1a/validated data AQ e-Reporting","18/03/2023 22:50:22","http://fme.discomap.eea.europa.eu/fmedatastreaming/AirQualityDownload/AQData_Extract.fmw?CountryCode=BE&CityName=&Pollutant=7&Year_from=2016&Year_to=2016&Station=STA-BETN066&Samplingpoint=&Source=E1a&Output=HTML&UpdateDate="
"Belgium","NET-Wallonia","Wallonia","BETN067","43N067 - MEMBACH","SPO-BETN067_00005_100","PM10","Particulate matter < 10 µm (aerosol)","P1Y-P1D-per90.41","1 year 90.41 percentile","2016","27.250","ug/m3","100.00","1","Background","Suburban","5.9928","50.6123","0.0","","","","E1a/validated data AQ e-Reporting","18/03/2023 22:09:05","http://fme.discomap.eea.europa.eu/fmedatastreaming/AirQualityDownload/AQData_Extract.fmw?CountryCode=BE&CityName=&Pollutant=5&Year_from=2016&Year_to=2016&Station=STA-BETN067&Samplingpoint=&Source=E1a&Output=HTML&UpdateDate="
"Belgium","NET-Wallonia","Wallonia","BETN100","43N100 - DOURBES","SPO-BETN100_06001_100","PM2.5","Particulate matter < 2.5 µm (aerosol)","P1Y","Annual mean / 1 calendar year","2016","8.144","ug/m3","99.57","1","Background","Rural","4.5948","50.0957","225.0","","","","E1a/validated data AQ e-Reporting","18/03/2023 21:08:58","http://fme.discomap.eea.europa.eu/fmedatastreaming/AirQualityDownload/AQData_Extract.fmw?CountryCode=BE&CityName=&Pollutant=6001&Year_from=2016&Year_to=2016&Station=STA-BETN100&Samplingpoint=&Source=E1a&Output=HTML&UpdateDate="
"Belgium","NET-Wallonia","Wallonia","BETN085","43N085 - VIELSALM","SPO-BETN085_06001_100","PM2.5","Particulate matter < 2.5 µm (aerosol)","P3Y","3 subsequent calendar years mean","2016","6.450","ug/m3","99.04","1","Background","Rural","6.0017","50.3032","490.0","","","","E1a/validated data AQ e-Reporting","18/03/2023 21:36:00","http://fme.discomap.eea.europa.eu/fmedatastreaming/AirQualityDownload/AQData_Extract.fmw?CountryCode=BE&CityName=&Pollutant=6001&Year_from=2016&Year_to=2016&Station=STA-BETN085&Samplingpoint=&Source=E1a&Output=HTML&UpdateDate="
"Belgium","NET-Wallonia","Wallonia","BETN113","43N113 - SAINT-ODE","SPO-BETN113_00007_100","O3","Ozone (air)","P1Y","Annual mean / 1 calendar year","2016","55.529","ug/m3","89.52","1","Background","Rural","5.5930","50.0270","510.0","","","","E1a/validated data AQ e-Reporting","18/03/2023 21:08:58","http://fme.discomap.eea.europa.eu/fmedatastreaming/AirQualityDownload/AQData_Extract.fmw?CountryCode=BE&CityName=&Pollutant=7&Year_from=2016&Year_to=2016&Station=STA-BETN113&Samplingpoint=&Source=E1a&Output=HTML&UpdateDate="
"Belgium","NET-Wallonia","Wallonia","BETN070","43N070 - MONS","SPO-BETN070_00001_100","SO2","Sulphur dioxide (air)","P1Y-P1D-per99","1 year 99 percentile of daily means (P1D) or .../aq/primaryObservation/day","2016","2.979","ug/m3","100.00","1","Background","Suburban","3.9397","50.4652","30.0","Mons                                                                            ","BE009C1                                           ","95922","E1a/validated data AQ e-Reporting","18/03/2023 22:11:00","http://fme.discomap.eea.europa.eu/fmedatastreaming/AirQualityDownload/AQData_Extract.fmw?CountryCode=BE&CityName=&Pollutant=1&Year_from=2016&Year_to=2016&Station=STA-BETN070&Samplingpoint=&Source=E1a&Output=HTML&UpdateDate="
"Belgium","NET-Wallonia","Wallonia","BETN113","43N113 - SAINT-ODE","SPO-BETN113_00008_100","NO2","Nitrogen dioxide (air)","P1Y-hrsAbove200","1 year hour exceed 200","2016","0.000","count","91.55","1","Background","Rural","5.5930","50.0270","510.0","","","","E1a/validated data AQ e-Reporting","18/03/2023 21:48:42","http://fme.discomap.eea.europa.eu/fmedatastreaming/AirQualityDownload/AQData_Extract.fmw?CountryCode=BE&CityName=&Pollutant=8&Year_from=2016&Year_to=2016&Station=STA-BETN113&Samplingpoint=&Source=E1a&Output=HTML&UpdateDate="
"Belgium","NET-Flanders","Flanders","BETR710","44R710 - DESTELBERGE","SPO-BETR710_00005_100","PM10","Particulate matter < 10 µm (aerosol)","P1Y-P1D-per99","1 year 99 percentile of daily means (P1D) or .../aq/primaryObservation/day","2016","58.558","ug/m3","99.45","1","Background","Suburban","3.7753","51.0613","6.0","","","","E1a/validated data AQ e-Reporting","18/03/2023 22:09:38","http://fme.discomap.eea.europa.eu/fmedatastreaming/AirQualityDownload/AQData_Extract.fmw?CountryCode=BE&CityName=&Pollutant=5&Year_from=2016&Year_to=2016&Station=STA-BETR710&Samplingpoint=&Source=E1a&Output=HTML&UpdateDate="
"Belgium","NET-Flanders","Flanders","BETR815","42R815 - ZWIJNDRECHT","SPO-BETR815_00005_100","PM10","Particulate matter < 10 µm (aerosol)","P1Y-P1D-per90.4","1 year 90.4 percentile - COMPLIANCE","2016","37.371","ug/m3","100.00","1","Industrial","Suburban","4.3322","51.2147","7.0","","","","E1a/validated data AQ e-Reporting","18/03/2023 22:08:35","http://fme.discomap.eea.europa.eu/fmedatastreaming/AirQualityDownload/AQData_Extract.fmw?CountryCode=BE&CityName=&Pollutant=5&Year_from=2016&Year_to=2016&Station=STA-BETR815&Samplingpoint=&Source=E1a&Output=HTML&UpdateDate="
"Belgium","NET-Flanders","Flanders","BETR815","42R815 - ZWIJNDRECHT","SPO-BETR815_00391_100","Black Carbon","black_carbon (aerosol)","P1Y","Annual mean / 1 calendar year","2016","1.436","ug/m3","98.88","1","Industrial","Suburban","4.3322","51.2147","7.0","","","","E1a/validated data AQ e-Reporting","18/03/2023 21:08:58","http://fme.discomap.eea.europa.eu/fmedatastreaming/AirQualityDownload/AQData_Extract.fmw?CountryCode=BE&CityName=&Pollutant=391&Year_from=2016&Year_to=2016&Station=STA-BETR815&Samplingpoint=&Source=E1a&Output=HTML&UpdateDate="
"Belgium","NET-Wallonia","Wallonia","BETR223","43R223 - JEMEPPE","SPO-BETR223_00001_100","SO2","Sulphur dioxide (air)","P1Y-day-per50","1 year 50 %ile of daily values in a year","2016","0.783","ug/m3","95.08","1","Industrial","Suburban","5.5164","50.6207","50.0","Liège                                                                           ","BE005C1                                           ","383700","E1a/validated data AQ e-Reporting","18/03/2023 22:14:46","http://fme.discomap.eea.europa.eu/fmedatastreaming/AirQualityDownload/AQData_Extract.fmw?CountryCode=BE&CityName=&Pollutant=1&Year_from=2016&Year_to=2016&Station=STA-BETR223&Samplingpoint=&Source=E1a&Output=HTML&UpdateDate="
"Belgium","NET-Wallonia","Wallonia","BETN113","43N113 - SAINT-ODE","SPO-BETN113_00009_100","NOX as NO2","Nitrogen oxides (air)","P1Y","Annual mean / 1 calendar year","2016","8.390","ug/m3","91.55","1","Background","Rural","5.5930","50.0270","510.0","","","","E1a/validated data AQ e-Reporting","18/03/2023 21:08:58","http://fme.discomap.eea.europa.eu/fmedatastreaming/AirQualityDownload/AQData_Extract.fmw?CountryCode=BE&CityName=&Pollutant=9&Year_from=2016&Year_to=2016&Station=STA-BETN113&Samplingpoint=&Source=E1a&Output=HTML&UpdateDate="
"Belgium","NET-Wallonia","Wallonia","BEVMOU1","5MOU01 - MOUSCRON","SPO-BEVMOU1_00020_100","C6H6","Benzene (air)","P1Y-day-max","1 year day max","2016","3.120","ug/m3","49.73","1","Industrial","Suburban","3.2414","50.7532","42.0","Mouscron                                                                        ","BE013C1                                           ","58862","E1a/validated data AQ e-Reporting","18/03/2023 21:43:39","http://fme.discomap.eea.europa.eu/fmedatastreaming/AirQualityDownload/AQData_Extract.fmw?CountryCode=BE&CityName=&Pollutant=20&Year_from=2016&Year_to=2016&Station=STA-BEVMOU1&Samplingpoint=&Source=E1a&Output=HTML&UpdateDate="
"Belgium","NET-Wallonia","Wallonia","BEVN093","50N093 - SINSIN","SPO-BEVN093_00431_100","C6H5-C2H5","Ethyl benzene (air)","P1Y","Annual mean / 1 calendar year","2016","0.000","ug/m3","42.35","1","Background","Rural","5.2352","50.2745","265.0","","","","E1a/validated data AQ e-Reporting","18/03/2023 21:08:58","http://fme.discomap.eea.europa.eu/fmedatastreaming/AirQualityDownload/AQData_Extract.fmw?CountryCode=BE&CityName=&Pollutant=431&Year_from=2016&Year_to=2016&Station=STA-BEVN093&Samplingpoint=&Source=E1a&Output=HTML&UpdateDate="
"Belgium","NET-Wallonia","Wallonia","BETN063","43N063 - CORROY L.G.","SPO-BETN063_00007_100","O3","Ozone (air)","P1Y-dmaxAbove120","1 year daymax exceed 120","2016","4.000","count","96.17","1","Background","Rural","4.6683","50.6554","145.0","","","","E1a/validated data AQ e-Reporting","18/03/2023 22:25:06","http://fme.discomap.eea.europa.eu/fmedatastreaming/AirQualityDownload/AQData_Extract.fmw?CountryCode=BE&CityName=&Pollutant=7&Year_from=2016&Year_to=2016&Station=STA-BETN063&Samplingpoint=&Source=E1a&Output=HTML&UpdateDate="
"Belgium","NET-Wallonia","Wallonia","BETN063","43N063 - CORROY L.G.","SPO-BETN063_00007_100","O3","Ozone (air)","P1Y-dmax-per93.15","1 year 93.15 percentile daily 8h maximum","2016","103.375","ug/m3","96.17","1","Background","Rural","4.6683","50.6554","145.0","","","","E1a/validated data AQ e-Reporting","18/03/2023 22:12:55","http://fme.discomap.eea.europa.eu/fmedatastreaming/AirQualityDownload/AQData_Extract.fmw?CountryCode=BE&CityName=&Pollutant=7&Year_from=2016&Year_to=2016&Station=STA-BETN063&Samplingpoint=&Source=E1a&Output=HTML&UpdateDate="
"Belgium","NET-Wallonia","Wallonia","BETN132","43N132 - HABAY-LA-N.","SPO-BETN132_00008_100","NO2","Nitrogen dioxide (air)","P1Y-hr-min","1 year hour min","2016","0.000","ug/m3","96.56","1","Background","Rural","5.6304","49.7193","375.0","","","","E1a/validated data AQ e-Reporting","18/03/2023 22:31:20","http://fme.discomap.eea.europa.eu/fmedatastreaming/AirQualityDownload/AQData_Extract.fmw?CountryCode=BE&CityName=&Pollutant=8&Year_from=2016&Year_to=2016&Station=STA-BETN132&Samplingpoint=&Source=E1a&Output=HTML&UpdateDate="
"Belgium","NET-Wallonia","Wallonia","BETN067","43N067 - MEMBACH","SPO-BETN067_06001_100","PM2.5","Particulate matter < 2.5 µm (aerosol)","P1Y-day-per50","1 year 50 %ile of daily values in a year","2016","6.184","ug/m3","100.00","1","Background","Suburban","5.9928","50.6123","0.0","","","","E1a/validated data AQ e-Reporting","18/03/2023 22:11:51","http://fme.discomap.eea.europa.eu/fmedatastreaming/AirQualityDownload/AQData_Extract.fmw?CountryCode=BE&CityName=&Pollutant=6001&Year_from=2016&Year_to=2016&Station=STA-BETN067&Samplingpoint=&Source=E1a&Output=HTML&UpdateDate="
"Belgium","NET-Flanders","Flanders","BETR740","44R740 - ST.KRUIS-WI","SPO-BETR740_06001_100","PM2.5","Particulate matter < 2.5 µm (aerosol)","P1Y-hr-max","1 year hour max","2016","136.500","ug/m3","99.80","1","Industrial","Rural","3.8087","51.1501","5.0","Gent                                                                            ","BE003C1                                           ","263687","E1a/validated data AQ e-Reporting","18/03/2023 21:57:02","http://fme.discomap.eea.europa.eu/fmedatastreaming/AirQualityDownload/AQData_Extract.fmw?CountryCode=BE&CityName=&Pollutant=6001&Year_from=2016&Year_to=2016&Station=STA-BETR740&Samplingpoint=&Source=E1a&Output=HTML&UpdateDate="
"Belgium","NET-Wallonia","Wallonia","BETN063","43N063 - CORROY L.G.","SPO-BETN063_00007_100","O3","Ozone (air)","P3Y-dmaxAbove120","Daymax exceed 120 averaged over 3 consecutive years","2016","6.333","count","100.00","1","Background","Rural","4.6683","50.6554","145.0","","","","E1a/validated data AQ e-Reporting","18/03/2023 22:34:54","http://fme.discomap.eea.europa.eu/fmedatastreaming/AirQualityDownload/AQData_Extract.fmw?CountryCode=BE&CityName=&Pollutant=7&Year_from=2016&Year_to=2016&Station=STA-BETN063&Samplingpoint=&Source=E1a&Output=HTML&UpdateDate="
"Belgium","NET-Flanders","Flanders","BETR801","42R801 - BORGERHOUT","SPO-BETR801_00001_100","SO2","Sulphur dioxide (air)","P1Y-day-max","1 year day max","2016","17.438","ug/m3","99.45","1","Background","Urban","4.4318","51.2097","6.0","Antwerpen                                                                       ","BE002C1                                           ","530014","E1a/validated data AQ e-Reporting","18/03/2023 21:42:48","http://fme.discomap.eea.europa.eu/fmedatastreaming/AirQualityDownload/AQData_Extract.fmw?CountryCode=BE&CityName=&Pollutant=1&Year_from=2016&Year_to=2016&Station=STA-BETR801&Samplingpoint=&Source=E1a&Output=HTML&UpdateDate="
"Belgium","NET-Flanders","Flanders","BETR801","42R801 - BORGERHOUT","SPO-BETR801_00005_100","PM10","Particulate matter < 10 µm (aerosol)","P1Y-P1D-per90.4","1 year 90.4 percentile - COMPLIANCE","2016","36.746","ug/m3","100.00","1","Background","Urban","4.4318","51.2097","6.0","Antwerpen                                                                       ","BE002C1                                           ","530014","E1a/validated data AQ e-Reporting","18/03/2023 22:08:35","http://fme.discomap.eea.europa.eu/fmedatastreaming/AirQualityDownload/AQData_Extract.fmw?CountryCode=BE&CityName=&Pollutant=5&Year_from=2016&Year_to=2016&Station=STA-BETR801&Samplingpoint=&Source=E1a&Output=HTML&UpdateDate="
"Belgium","NET-Flanders","Flanders","BETR801","42R801 - BORGERHOUT","SPO-BETR801_00007_100","O3","Ozone (air)","P1Y","Annual mean / 1 calendar year","2016","28.960","ug/m3","94.02","1","Background","Urban","4.4318","51.2097","6.0","Antwerpen                                                                       ","BE002C1                                           ","530014","E1a/validated data AQ e-Reporting","18/03/2023 21:08:58","http://fme.discomap.eea.europa.eu/fmedatastreaming/AirQualityDownload/AQData_Extract.fmw?CountryCode=BE&CityName=&Pollutant=7&Year_from=2016&Year_to=2016&Station=STA-BETR801&Samplingpoint=&Source=E1a&Output=HTML&UpdateDate="
"Belgium","NET-Wallonia","Wallonia","BETN063","43N063 - CORROY L.G.","SPO-BETN063_00001_100","SO2","Sulphur dioxide (air)","P1Y-hr-max25","1 year hour max 25","2016","4.500","ug/m3","92.54","1","Background","Rural","4.6683","50.6554","145.0","","","","E1a/validated data AQ e-Reporting","18/03/2023 22:33:20","http://fme.discomap.eea.europa.eu/fmedatastreaming/AirQualityDownload/AQData_Extract.fmw?CountryCode=BE&CityName=&Pollutant=1&Year_from=2016&Year_to=2016&Station=STA-BETN063&Samplingpoint=&Source=E1a&Output=HTML&UpdateDate="
"Belgium","NET-Flanders","Flanders","BETM705","44M705 - ROESELARE","SPO-BETM705_00007_100","O3","Ozone (air)","summer-avg","Summer mean","2016","52.318","ug/m3","96.86","1","Industrial","Suburban","3.1524","50.9454","19.0","","","","E1a/validated data AQ e-Reporting","18/03/2023 22:50:22","http://fme.discomap.eea.europa.eu/fmedatastreaming/AirQualityDownload/AQData_Extract.fmw?CountryCode=BE&CityName=&Pollutant=7&Year_from=2016&Year_to=2016&Station=STA-BETM705&Samplingpoint=&Source=E1a&Output=HTML&UpdateDate="
"Belgium","NET-Flanders","Flanders","BETM802","42M802 - ANTWERPEN","SPO-BETM802_00001_100","SO2","Sulphur dioxide (air)","winter-avg","Winter mean","2016","2.534","ug/m3","97.50","1","Industrial","Suburban","4.4244","51.2610","3.0","Antwerpen                                                                       ","BE002C1                                           ","530014","E1a/validated data AQ e-Reporting","18/03/2023 22:50:43","http://fme.discomap.eea.europa.eu/fmedatastreaming/AirQualityDownload/AQData_Extract.fmw?CountryCode=BE&CityName=&Pollutant=1&Year_from=2016&Year_to=2016&Station=STA-BETM802&Samplingpoint=&Source=E1a&Output=HTML&UpdateDate="
"Belgium","NET-Wallonia","Wallonia","BETN060","43N060 - HAVINNES","SPO-BETN060_06001_100","PM2.5","Particulate matter < 2.5 µm (aerosol)","P1Y-P1D-per99","1 year 99 percentile of daily means (P1D) or .../aq/primaryObservation/day","2016","43.066","ug/m3","100.00","1","Background","Rural","3.4576","50.6167","0.0","","","","E1a/validated data AQ e-Reporting","18/03/2023 22:10:03","http://fme.discomap.eea.europa.eu/fmedatastreaming/AirQualityDownload/AQData_Extract.fmw?CountryCode=BE&CityName=&Pollutant=6001&Year_from=2016&Year_to=2016&Station=STA-BETN060&Samplingpoint=&Source=E1a&Output=HTML&UpdateDate="
"Belgium","NET-Wallonia","Wallonia","BETN063","43N063 - CORROY L.G.","SPO-BETN063_00001_100","SO2","Sulphur dioxide (air)","P1Y-day-min","1 year day min","2016","0.000","ug/m3","95.08","1","Background","Rural","4.6683","50.6554","145.0","","","","E1a/validated data AQ e-Reporting","18/03/2023 21:54:56","http://fme.discomap.eea.europa.eu/fmedatastreaming/AirQualityDownload/AQData_Extract.fmw?CountryCode=BE&CityName=&Pollutant=1&Year_from=2016&Year_to=2016&Station=STA-BETN063&Samplingpoint=&Source=E1a&Output=HTML&UpdateDate="
"Belgium","NET-Wallonia","Wallonia","BETN085","43N085 - VIELSALM","SPO-BETN085_04013_100","Hg0","Elemental Gaseous Mercury (air+aerosol)","P1Y-hr-max","1 year hour max","2016","6.700","ng/m3","80.68","1","Background","Rural","6.0017","50.3032","490.0","","","","E1a/validated data AQ e-Reporting","18/03/2023 21:57:02","http://fme.discomap.eea.europa.eu/fmedatastreaming/AirQualityDownload/AQData_Extract.fmw?CountryCode=BE&CityName=&Pollutant=4013&Year_from=2016&Year_to=2016&Station=STA-BETN085&Samplingpoint=&Source=E1a&Output=HTML&UpdateDate="
"Belgium","NET-Wallonia","Wallonia","BETN085","43N085 - VIELSALM","SPO-BETN085_06001_100","PM2.5","Particulate matter < 2.5 µm (aerosol)","P1Y","Annual mean / 1 calendar year","2016","5.352","ug/m3","98.95","1","Background","Rural","6.0017","50.3032","490.0","","","","E1a/validated data AQ e-Reporting","18/03/2023 21:08:58","http://fme.discomap.eea.europa.eu/fmedatastreaming/AirQualityDownload/AQData_Extract.fmw?CountryCode=BE&CityName=&Pollutant=6001&Year_from=2016&Year_to=2016&Station=STA-BETN085&Samplingpoint=&Source=E1a&Output=HTML&UpdateDate="
"Belgium","NET-Wallonia","Wallonia","BETN060","43N060 - HAVINNES","SPO-BETN060_00010_100","CO","Carbon monoxide (air)","P1Y-P1D-per99","1 year 99 percentile of daily means (P1D) or .../aq/primaryObservation/day","2016","0.514","mg/m3","87.70","1","Background","Rural","3.4576","50.6167","0.0","","","","E1a/validated data AQ e-Reporting","18/03/2023 22:11:26","http://fme.discomap.eea.europa.eu/fmedatastreaming/AirQualityDownload/AQData_Extract.fmw?CountryCode=BE&CityName=&Pollutant=10&Year_from=2016&Year_to=2016&Station=STA-BETN060&Samplingpoint=&Source=E1a&Output=HTML&UpdateDate="
"Belgium","NET-Flanders","Flanders","BETR802","42R802 - BORGERHOUT","SPO-BETR802_00005_100","PM10","Particulate matter < 10 µm (aerosol)","P1Y-hr-per50","1 year 50 percentile","2016","20.100","ug/m3","99.06","1","Traffic","Urban","4.4318","51.2095","6.0","Antwerpen                                                                       ","BE002C1                                           ","530014","E1a/validated data AQ e-Reporting","18/03/2023 22:05:49","http://fme.discomap.eea.europa.eu/fmedatastreaming/AirQualityDownload/AQData_Extract.fmw?CountryCode=BE&CityName=&Pollutant=5&Year_from=2016&Year_to=2016&Station=STA-BETR802&Samplingpoint=&Source=E1a&Output=HTML&UpdateDate="
"Belgium","NET-Wallonia","Wallonia","BETN063","43N063 - CORROY L.G.","SPO-BETN063_00007_100","O3","Ozone (air)","P1Y-day-max","1 year day max","2016","111.435","ug/m3","96.45","1","Background","Rural","4.6683","50.6554","145.0","","","","E1a/validated data AQ e-Reporting","18/03/2023 21:44:13","http://fme.discomap.eea.europa.eu/fmedatastreaming/AirQualityDownload/AQData_Extract.fmw?CountryCode=BE&CityName=&Pollutant=7&Year_from=2016&Year_to=2016&Station=STA-BETN063&Samplingpoint=&Source=E1a&Output=HTML&UpdateDate="
"Belgium","NET-Wallonia","Wallonia","BETR240","43R240 - ENGIS","SPO-BETR240_00001_100","SO2","Sulphur dioxide (air)","P1Y-P1D-per99","1 year 99 percentile of daily means (P1D) or .../aq/primaryObservation/day","2016","10.646","ug/m3","96.45","1","Industrial","Suburban","5.3975","50.5836","135.0","","","","E1a/validated data AQ e-Reporting","18/03/2023 22:11:00","http://fme.discomap.eea.europa.eu/fmedatastreaming/AirQualityDownload/AQData_Extract.fmw?CountryCode=BE&CityName=&Pollutant=1&Year_from=2016&Year_to=2016&Station=STA-BETR240&Samplingpoint=&Source=E1a&Output=HTML&UpdateDate="
"Belgium","NET-Wallonia","Wallonia","BETR221","43R221 - LIEGE","SPO-BETR221_00008_100","NO2","Nitrogen dioxide (air)","P1Y","Annual mean / 1 calendar year","2016","26.901","ug/m3","97.02","1","Background","Urban","5.6278","50.6584","65.0","Liège                                                                           ","BE005C1                                           ","383700","E1a/validated data AQ e-Reporting","18/03/2023 21:08:58","http://fme.discomap.eea.europa.eu/fmedatastreaming/AirQualityDownload/AQData_Extract.fmw?CountryCode=BE&CityName=&Pollutant=8&Year_from=2016&Year_to=2016&Station=STA-BETR221&Samplingpoint=&Source=E1a&Output=HTML&UpdateDate="
"Belgium","NET-Flanders","Flanders","BETR830","42R830 - DOEL","SPO-BETR830_00001_100","SO2","Sulphur dioxide (air)","P1Y","Annual mean / 1 calendar year","2016","2.609","ug/m3","97.24","1","Industrial","Rural","4.2626","51.3182","5.0","","","","E1a/validated data AQ e-Reporting","18/03/2023 21:08:58","http://fme.discomap.eea.europa.eu/fmedatastreaming/AirQualityDownload/AQData_Extract.fmw?CountryCode=BE&CityName=&Pollutant=1&Year_from=2016&Year_to=2016&Station=STA-BETR830&Samplingpoint=&Source=E1a&Output=HTML&UpdateDate="
"Belgium","NET-Wallonia","Wallonia","BETN085","43N085 - VIELSALM","SPO-BETN085_00008_100","NO2","Nitrogen dioxide (air)","P1Y-hr-per50","1 year 50 percentile","2016","5.000","ug/m3","95.73","1","Background","Rural","6.0017","50.3032","490.0","","","","E1a/validated data AQ e-Reporting","18/03/2023 22:05:49","http://fme.discomap.eea.europa.eu/fmedatastreaming/AirQualityDownload/AQData_Extract.fmw?CountryCode=BE&CityName=&Pollutant=8&Year_from=2016&Year_to=2016&Station=STA-BETN085&Samplingpoint=&Source=E1a&Output=HTML&UpdateDate="
"Belgium","NET-Flanders","Flanders","BETR831","42R831 - BERENDRECHT","SPO-BETR831_00005_100","PM10","Particulate matter < 10 µm (aerosol)","P1Y","Annual mean / 1 calendar year","2016","21.485","ug/m3","97.48","1","Industrial","Rural","4.3397","51.3488","3.0","Antwerpen                                                                       ","BE002C1                                           ","530014","E1a/validated data AQ e-Reporting","18/03/2023 21:08:58","http://fme.discomap.eea.europa.eu/fmedatastreaming/AirQualityDownload/AQData_Extract.fmw?CountryCode=BE&CityName=&Pollutant=5&Year_from=2016&Year_to=2016&Station=STA-BETR831&Samplingpoint=&Source=E1a&Output=HTML&UpdateDate="
"Belgium","NET-Flanders","Flanders","BETR831","42R831 - BERENDRECHT","SPO-BETR831_00005_100","PM10","Particulate matter < 10 µm (aerosol)","P1Y-day-max36","1 year day max 36","2016","35.500","ug/m3","97.81","1","Industrial","Rural","4.3397","51.3488","3.0","Antwerpen                                                                       ","BE002C1                                           ","530014","E1a/validated data AQ e-Reporting","18/03/2023 22:32:47","http://fme.discomap.eea.europa.eu/fmedatastreaming/AirQualityDownload/AQData_Extract.fmw?CountryCode=BE&CityName=&Pollutant=5&Year_from=2016&Year_to=2016&Station=STA-BETR831&Samplingpoint=&Source=E1a&Output=HTML&UpdateDate="
"Belgium","NET-Wallonia","Wallonia","BETR222","43R222 - SERAING","SPO-BETR222_00010_100","CO","Carbon monoxide (air)","P1Y-hr-min","1 year hour min","2016","0.070","mg/m3","90.72","1","Background","Suburban","5.5702","50.6134","65.0","Liège                                                                           ","BE005C1                                           ","383700","E1a/validated data AQ e-Reporting","18/03/2023 22:31:20","http://fme.discomap.eea.europa.eu/fmedatastreaming/AirQualityDownload/AQData_Extract.fmw?CountryCode=BE&CityName=&Pollutant=10&Year_from=2016&Year_to=2016&Station=STA-BETR222&Samplingpoint=&Source=E1a&Output=HTML&UpdateDate="
"Belgium","NET-Wallonia","Wallonia","BETN132","43N132 - HABAY-LA-N.","SPO-BETN132_00008_100","NO2","Nitrogen dioxide (air)","P1Y-3hAbove400","3 consecutive hours in exceedance of 400","2016","0.000","count","96.56","1","Background","Rural","5.6304","49.7193","375.0","","","","E1a/validated data AQ e-Reporting","18/03/2023 22:22:30","http://fme.discomap.eea.europa.eu/fmedatastreaming/AirQualityDownload/AQData_Extract.fmw?CountryCode=BE&CityName=&Pollutant=8&Year_from=2016&Year_to=2016&Station=STA-BETN132&Samplingpoint=&Source=E1a&Output=HTML&UpdateDate="
"Belgium","NET-Wallonia","Wallonia","BETR222","43R222 - SERAING","SPO-BETR222_06001_100","PM2.5","Particulate matter < 2.5 µm (aerosol)","P1Y-day-per50","1 year 50 %ile of daily values in a year","2016","8.596","ug/m3","96.99","1","Background","Suburban","5.5702","50.6134","65.0","Liège                                                                           ","BE005C1                                           ","383700","E1a/validated data AQ e-Reporting","18/03/2023 22:11:51","http://fme.discomap.eea.europa.eu/fmedatastreaming/AirQualityDownload/AQData_Extract.fmw?CountryCode=BE&CityName=&Pollutant=6001&Year_from=2016&Year_to=2016&Station=STA-BETR222&Samplingpoint=&Source=E1a&Output=HTML&UpdateDate="
"Belgium","NET-Wallonia","Wallonia","BETN093","43N093 - SINSIN","SPO-BETN093_00001_100","SO2","Sulphur dioxide (air)","P1Y-day-max","1 year day max","2016","2.688","ug/m3","96.17","1","Background","Rural","5.2352","50.2745","265.0","","","","E1a/validated data AQ e-Reporting","18/03/2023 21:42:48","http://fme.discomap.eea.europa.eu/fmedatastreaming/AirQualityDownload/AQData_Extract.fmw?CountryCode=BE&CityName=&Pollutant=1&Year_from=2016&Year_to=2016&Station=STA-BETN093&Samplingpoint=&Source=E1a&Output=HTML&UpdateDate="
"Belgium","NET-Flanders","Flanders","BETR811","42R811 - SCHOTEN","SPO-BETR811_00007_100","O3","Ozone (air)","P3Y-dmaxAbove120","Daymax exceed 120 averaged over 3 consecutive years","2016","12.667","count","100.00","1","Background","Suburban","4.4914","51.2521","8.0","","","","E1a/validated data AQ e-Reporting","18/03/2023 22:34:54","http://fme.discomap.eea.europa.eu/fmedatastreaming/AirQualityDownload/AQData_Extract.fmw?CountryCode=BE&CityName=&Pollutant=7&Year_from=2016&Year_to=2016&Station=STA-BETR811&Samplingpoint=&Source=E1a&Output=HTML&UpdateDate="
"Belgium","NET-Wallonia","Wallonia","BEMAND1","0AND01 - ANDENNE","SPO-BEMAND1_05015_100","Ni in PM10","Nickel in PM10 (aerosol)","P1Y","Annual mean / 1 calendar year","2016","2.010","ng/m3","98.35","1","Industrial","Suburban","5.0420","50.4972","90.0","","","","E1a/validated data AQ e-Reporting","18/03/2023 21:08:58","http://fme.discomap.eea.europa.eu/fmedatastreaming/AirQualityDownload/AQData_Extract.fmw?CountryCode=BE&CityName=&Pollutant=5015&Year_from=2016&Year_to=2016&Station=STA-BEMAND1&Samplingpoint=&Source=E1a&Output=HTML&UpdateDate="
"Belgium","NET-Wallonia","Wallonia","BETN073","43N073 - VEZIN","SPO-BETN073_00007_100","O3","Ozone (air)","AOT40cmeasured","AOT40c UNCORRECTED for data capture","2016","7355.000","ug/m3","96.47","1","Background","Rural","4.9884","50.5027","160.0","","","","E1a/validated data AQ e-Reporting","18/03/2023 23:01:40","http://fme.discomap.eea.europa.eu/fmedatastreaming/AirQualityDownload/AQData_Extract.fmw?CountryCode=BE&CityName=&Pollutant=7&Year_from=2016&Year_to=2016&Station=STA-BETN073&Samplingpoint=&Source=E1a&Output=HTML&UpdateDate="
"Belgium","NET-Flanders","Flanders","BETR834","42R834 - Boom","SPO-BETR834_00008_100","NO2","Nitrogen dioxide (air)","P1Y-day-min","1 year day min","2016","4.542","ug/m3","98.91","1","Background","Suburban","4.3801","51.0920","0.0","","","","E1a/validated data AQ e-Reporting","18/03/2023 21:56:03","http://fme.discomap.eea.europa.eu/fmedatastreaming/AirQualityDownload/AQData_Extract.fmw?CountryCode=BE&CityName=&Pollutant=8&Year_from=2016&Year_to=2016&Station=STA-BETR834&Samplingpoint=&Source=E1a&Output=HTML&UpdateDate="
"Belgium","NET-Wallonia","Wallonia","BETN073","43N073 - VEZIN","SPO-BETN073_00007_100","O3","Ozone (air)","P3Y","3 subsequent calendar years mean","2016","44.588","ug/m3","94.31","1","Background","Rural","4.9884","50.5027","160.0","","","","E1a/validated data AQ e-Reporting","18/03/2023 21:36:00","http://fme.discomap.eea.europa.eu/fmedatastreaming/AirQualityDownload/AQData_Extract.fmw?CountryCode=BE&CityName=&Pollutant=7&Year_from=2016&Year_to=2016&Station=STA-BETN073&Samplingpoint=&Source=E1a&Output=HTML&UpdateDate="
"Belgium","NET-Flanders","Flanders","BETR802","42R802 - BORGERHOUT","SPO-BETR802_06001_100","PM2.5","Particulate matter < 2.5 µm (aerosol)","P1Y-day-per50","1 year 50 %ile of daily values in a year","2016","10.938","ug/m3","98.91","1","Traffic","Urban","4.4318","51.2095","6.0","Antwerpen                                                                       ","BE002C1                                           ","530014","E1a/validated data AQ e-Reporting","18/03/2023 22:11:51","http://fme.discomap.eea.europa.eu/fmedatastreaming/AirQualityDownload/AQData_Extract.fmw?CountryCode=BE&CityName=&Pollutant=6001&Year_from=2016&Year_to=2016&Station=STA-BETR802&Samplingpoint=&Source=E1a&Output=HTML&UpdateDate="
"Belgium","NET-Wallonia","Wallonia","BETN100","43N100 - DOURBES","SPO-BETN100_06001_100","PM2.5","Particulate matter < 2.5 µm (aerosol)","P1Y-day-min","1 year day min","2016","0.000","ug/m3","99.73","1","Background","Rural","4.5948","50.0957","225.0","","","","E1a/validated data AQ e-Reporting","18/03/2023 21:55:29","http://fme.discomap.eea.europa.eu/fmedatastreaming/AirQualityDownload/AQData_Extract.fmw?CountryCode=BE&CityName=&Pollutant=6001&Year_from=2016&Year_to=2016&Station=STA-BETN100&Samplingpoint=&Source=E1a&Output=HTML&UpdateDate="
"Belgium","NET-Flanders","Flanders","BETR841","42R841 - MECHELEN","SPO-BETR841_00005_100","PM10","Particulate matter < 10 µm (aerosol)","P3Y","3 subsequent calendar years mean","2016","22.089","ug/m3","94.09","1","Background","Suburban","4.4693","51.0025","8.0","Mechelen                                                                        ","BE012C1                                           ","86911","E1a/validated data AQ e-Reporting","18/03/2023 21:36:00","http://fme.discomap.eea.europa.eu/fmedatastreaming/AirQualityDownload/AQData_Extract.fmw?CountryCode=BE&CityName=&Pollutant=5&Year_from=2016&Year_to=2016&Station=STA-BETR841&Samplingpoint=&Source=E1a&Output=HTML&UpdateDate="
"Belgium","NET-Wallonia","Wallonia","BETN113","43N113 - SAINT-ODE","SPO-BETN113_00007_100","O3","Ozone (air)","AOT40cmeasured","AOT40c UNCORRECTED for data capture","2016","6121.500","ug/m3","88.68","1","Background","Rural","5.5930","50.0270","510.0","","","","E1a/validated data AQ e-Reporting","18/03/2023 23:01:40","http://fme.discomap.eea.europa.eu/fmedatastreaming/AirQualityDownload/AQData_Extract.fmw?CountryCode=BE&CityName=&Pollutant=7&Year_from=2016&Year_to=2016&Station=STA-BETN113&Samplingpoint=&Source=E1a&Output=HTML&UpdateDate="
"Belgium","NET-Wallonia","Wallonia","BETN063","43N063 - CORROY L.G.","SPO-BETN063_00005_100","PM10","Particulate matter < 10 µm (aerosol)","P1Y-hr-max","1 year hour max","2016","104.771","ug/m3","99.66","1","Background","Rural","4.6683","50.6554","145.0","","","","E1a/validated data AQ e-Reporting","18/03/2023 21:57:02","http://fme.discomap.eea.europa.eu/fmedatastreaming/AirQualityDownload/AQData_Extract.fmw?CountryCode=BE&CityName=&Pollutant=5&Year_from=2016&Year_to=2016&Station=STA-BETN063&Samplingpoint=&Source=E1a&Output=HTML&UpdateDate="
"Belgium","NET-Wallonia","Wallonia","BETR222","43R222 - SERAING","SPO-BETR222_00007_100","O3","Ozone (air)","P1Y-dmax-per99","1 year 99 percentile daily 8h maximum","2016","123.313","ug/m3","94.81","1","Background","Suburban","5.5702","50.6134","65.0","Liège                                                                           ","BE005C1                                           ","383700","E1a/validated data AQ e-Reporting","18/03/2023 22:13:26","http://fme.discomap.eea.europa.eu/fmedatastreaming/AirQualityDownload/AQData_Extract.fmw?CountryCode=BE&CityName=&Pollutant=7&Year_from=2016&Year_to=2016&Station=STA-BETR222&Samplingpoint=&Source=E1a&Output=HTML&UpdateDate="
"Belgium","NET-Wallonia","Wallonia","BETN063","43N063 - CORROY L.G.","SPO-BETN063_00010_100","CO","Carbon monoxide (air)","P1Y-hr-min","1 year hour min","2016","0.090","mg/m3","97.34","1","Background","Rural","4.6683","50.6554","145.0","","","","E1a/validated data AQ e-Reporting","18/03/2023 22:31:20","http://fme.discomap.eea.europa.eu/fmedatastreaming/AirQualityDownload/AQData_Extract.fmw?CountryCode=BE&CityName=&Pollutant=10&Year_from=2016&Year_to=2016&Station=STA-BETN063&Samplingpoint=&Source=E1a&Output=HTML&UpdateDate="
"Belgium","NET-Wallonia","Wallonia","BETN070","43N070 - MONS","SPO-BETN070_00005_100","PM10","Particulate matter < 10 µm (aerosol)","P3Y","3 subsequent calendar years mean","2016","20.840","ug/m3","99.02","1","Background","Suburban","3.9397","50.4652","30.0","Mons                                                                            ","BE009C1                                           ","95922","E1a/validated data AQ e-Reporting","18/03/2023 21:36:00","http://fme.discomap.eea.europa.eu/fmedatastreaming/AirQualityDownload/AQData_Extract.fmw?CountryCode=BE&CityName=&Pollutant=5&Year_from=2016&Year_to=2016&Station=STA-BETN070&Samplingpoint=&Source=E1a&Output=HTML&UpdateDate="
"Belgium","NET-Wallonia","Wallonia","BEVN073","50N073 - VEZIN","SPO-BEVN073_00451_100","CH2=CH-C(CH3)=CH2","Isoprene (2-methyl-1,3-butadiene) (air)","P1Y","Annual mean / 1 calendar year","2016","0.000","ug/m3","50.00","1","Background","Rural","4.9884","50.5027","160.0","","","","E1a/validated data AQ e-Reporting","18/03/2023 21:08:58","http://fme.discomap.eea.europa.eu/fmedatastreaming/AirQualityDownload/AQData_Extract.fmw?CountryCode=BE&CityName=&Pollutant=451&Year_from=2016&Year_to=2016&Station=STA-BEVN073&Samplingpoint=&Source=E1a&Output=HTML&UpdateDate="
"Belgium","NET-Wallonia","Wallonia","BETN070","43N070 - MONS","SPO-BETN070_00007_100","O3","Ozone (air)","P1Y-dmax-per99","1 year 99 percentile daily 8h maximum","2016","108.250","ug/m3","97.27","1","Background","Suburban","3.9397","50.4652","30.0","Mons                                                                            ","BE009C1                                           ","95922","E1a/validated data AQ e-Reporting","18/03/2023 22:13:26","http://fme.discomap.eea.europa.eu/fmedatastreaming/AirQualityDownload/AQData_Extract.fmw?CountryCode=BE&CityName=&Pollutant=7&Year_from=2016&Year_to=2016&Station=STA-BETN070&Samplingpoint=&Source=E1a&Output=HTML&UpdateDate="
"Belgium","NET-Wallonia","Wallonia","BETN063","43N063 - CORROY L.G.","SPO-BETN063_00007_100","O3","Ozone (air)","P1Y-dx-avg","1 year daymax average","2016","62.597","ug/m3","96.17","1","Background","Rural","4.6683","50.6554","145.0","","","","E1a/validated data AQ e-Reporting","18/03/2023 22:27:48","http://fme.discomap.eea.europa.eu/fmedatastreaming/AirQualityDownload/AQData_Extract.fmw?CountryCode=BE&CityName=&Pollutant=7&Year_from=2016&Year_to=2016&Station=STA-BETN063&Samplingpoint=&Source=E1a&Output=HTML&UpdateDate="
"Belgium","NET-Wallonia","Wallonia","BETN085","43N085 - VIELSALM","SPO-BETN085_00005_100","PM10","Particulate matter < 10 µm (aerosol)","P1Y-P1D-per90.4","1 year 90.4 percentile - COMPLIANCE","2016","15.834","ug/m3","98.63","1","Background","Rural","6.0017","50.3032","490.0","","","","E1a/validated data AQ e-Reporting","18/03/2023 22:08:35","http://fme.discomap.eea.europa.eu/fmedatastreaming/AirQualityDownload/AQData_Extract.fmw?CountryCode=BE&CityName=&Pollutant=5&Year_from=2016&Year_to=2016&Station=STA-BETN085&Samplingpoint=&Source=E1a&Output=HTML&UpdateDate="
"Belgium","NET-Wallonia","Wallonia","BETN121","43N121 - OFFAGNE","SPO-BETN121_00008_100","NO2","Nitrogen dioxide (air)","P1Y-hrsAbove200","1 year hour exceed 200","2016","0.000","count","97.02","1","Background","Rural","5.2024","49.8771","430.0","","","","E1a/validated data AQ e-Reporting","18/03/2023 21:48:42","http://fme.discomap.eea.europa.eu/fmedatastreaming/AirQualityDownload/AQData_Extract.fmw?CountryCode=BE&CityName=&Pollutant=8&Year_from=2016&Year_to=2016&Station=STA-BETN121&Samplingpoint=&Source=E1a&Output=HTML&UpdateDate="
"Belgium","NET-Wallonia","Wallonia","BETR223","43R223 - JEMEPPE","SPO-BETR223_00001_100","SO2","Sulphur dioxide (air)","winter-avg","Winter mean","2016","2.066","ug/m3","94.97","1","Industrial","Suburban","5.5164","50.6207","50.0","Liège                                                                           ","BE005C1                                           ","383700","E1a/validated data AQ e-Reporting","18/03/2023 22:50:43","http://fme.discomap.eea.europa.eu/fmedatastreaming/AirQualityDownload/AQData_Extract.fmw?CountryCode=BE&CityName=&Pollutant=1&Year_from=2016&Year_to=2016&Station=STA-BETR223&Samplingpoint=&Source=E1a&Output=HTML&UpdateDate="
"Belgium","NET-Flanders","Flanders","BETR701","44R701 - GENT","SPO-BETR701_00010_100","CO","Carbon monoxide (air)","P1Y-dx-avg","1 year daymax average","2016","0.322","mg/m3","99.45","1","Background","Urban","3.7293","51.0583","5.0","Gent                                                                            ","BE003C1                                           ","263687","E1a/validated data AQ e-Reporting","18/03/2023 22:27:48","http://fme.discomap.eea.europa.eu/fmedatastreaming/AirQualityDownload/AQData_Extract.fmw?CountryCode=BE&CityName=&Pollutant=10&Year_from=2016&Year_to=2016&Station=STA-BETR701&Samplingpoint=&Source=E1a&Output=HTML&UpdateDate="
"Belgium","NET-Wallonia","Wallonia","BETR510","45R510 - CHATELINEAU","SPO-BETR510_00001_100","SO2","Sulphur dioxide (air)","P1Y-day-max","1 year day max","2016","5.292","ug/m3","99.45","1","Background","Suburban","4.5211","50.4164","118.0","Charleroi                                                                       ","BE004C1                                           ","203314","E1a/validated data AQ e-Reporting","18/03/2023 21:42:48","http://fme.discomap.eea.europa.eu/fmedatastreaming/AirQualityDownload/AQData_Extract.fmw?CountryCode=BE&CityName=&Pollutant=1&Year_from=2016&Year_to=2016&Station=STA-BETR510&Samplingpoint=&Source=E1a&Output=HTML&UpdateDate="
"Belgium","NET-Wallonia","Wallonia","BETN063","43N063 - CORROY L.G.","SPO-BETN063_00008_100","NO2","Nitrogen dioxide (air)","P1Y","Annual mean / 1 calendar year","2016","18.603","ug/m3","97.29","1","Background","Rural","4.6683","50.6554","145.0","","","","E1a/validated data AQ e-Reporting","18/03/2023 21:08:58","http://fme.discomap.eea.europa.eu/fmedatastreaming/AirQualityDownload/AQData_Extract.fmw?CountryCode=BE&CityName=&Pollutant=8&Year_from=2016&Year_to=2016&Station=STA-BETN063&Samplingpoint=&Source=E1a&Output=HTML&UpdateDate="
"Belgium","NET-Wallonia","Wallonia","BETN063","43N063 - CORROY L.G.","SPO-BETN063_00008_100","NO2","Nitrogen dioxide (air)","P3Y","3 subsequent calendar years mean","2016","17.560","ug/m3","97.12","1","Background","Rural","4.6683","50.6554","145.0","","","","E1a/validated data AQ e-Reporting","18/03/2023 21:36:00","http://fme.discomap.eea.europa.eu/fmedatastreaming/AirQualityDownload/AQData_Extract.fmw?CountryCode=BE&CityName=&Pollutant=8&Year_from=2016&Year_to=2016&Station=STA-BETN063&Samplingpoint=&Source=E1a&Output=HTML&UpdateDate="
"Belgium","NET-Wallonia","Wallonia","BETR510","45R510 - CHATELINEAU","SPO-BETR510_06001_100","PM2.5","Particulate matter < 2.5 µm (aerosol)","P1Y-hr-max","1 year hour max","2016","93.068","ug/m3","99.69","1","Background","Suburban","4.5211","50.4164","118.0","Charleroi                                                                       ","BE004C1                                           ","203314","E1a/validated data AQ e-Reporting","18/03/2023 21:57:02","http://fme.discomap.eea.europa.eu/fmedatastreaming/AirQualityDownload/AQData_Extract.fmw?CountryCode=BE&CityName=&Pollutant=6001&Year_from=2016&Year_to=2016&Station=STA-BETR510&Samplingpoint=&Source=E1a&Output=HTML&UpdateDate="
"Belgium","NET-Wallonia","Wallonia","BETN121","43N121 - OFFAGNE","SPO-BETN121_00007_100","O3","Ozone (air)","P1Y-hrsAbove240","1 year hour exceed 240","2016","0.000","count","95.54","1","Background","Rural","5.2024","49.8771","430.0","","","","E1a/validated data AQ e-Reporting","18/03/2023 21:50:25","http://fme.discomap.eea.europa.eu/fmedatastreaming/AirQualityDownload/AQData_Extract.fmw?CountryCode=BE&CityName=&Pollutant=7&Year_from=2016&Year_to=2016&Station=STA-BETN121&Samplingpoint=&Source=E1a&Output=HTML&UpdateDate="
"Belgium","NET-Wallonia","Wallonia","BETN066","43N066 - EUPEN","SPO-BETN066_00007_100","O3","Ozone (air)","AOT40c","AOT40 vegetation protection","2016","7536.764","ug/m3","96.74","1","Background","Rural","6.0023","50.6289","295.0","","","","E1a/validated data AQ e-Reporting","18/03/2023 23:06:29","http://fme.discomap.eea.europa.eu/fmedatastreaming/AirQualityDownload/AQData_Extract.fmw?CountryCode=BE&CityName=&Pollutant=7&Year_from=2016&Year_to=2016&Station=STA-BETN066&Samplingpoint=&Source=E1a&Output=HTML&UpdateDate="
"Belgium","NET-Wallonia","Wallonia","BETN066","43N066 - EUPEN","SPO-BETN066_00007_100","O3","Ozone (air)","P1Y","Annual mean / 1 calendar year","2016","47.885","ug/m3","95.86","1","Background","Rural","6.0023","50.6289","295.0","","","","E1a/validated data AQ e-Reporting","18/03/2023 21:08:58","http://fme.discomap.eea.europa.eu/fmedatastreaming/AirQualityDownload/AQData_Extract.fmw?CountryCode=BE&CityName=&Pollutant=7&Year_from=2016&Year_to=2016&Station=STA-BETN066&Samplingpoint=&Source=E1a&Output=HTML&UpdateDate="
"Belgium","NET-Wallonia","Wallonia","BETH201","43H201 - LIEGE","SPO-BETH201_00001_100","SO2","Sulphur dioxide (air)","P1Y-P1D-per99","1 year 99 percentile of daily means (P1D) or .../aq/primaryObservation/day","2016","2.522","ug/m3","99.45","1","Background","Suburban","5.5475","50.6250","160.0","Liège                                                                           ","BE005C1                                           ","383700","E1a/validated data AQ e-Reporting","18/03/2023 22:11:00","http://fme.discomap.eea.europa.eu/fmedatastreaming/AirQualityDownload/AQData_Extract.fmw?CountryCode=BE&CityName=&Pollutant=1&Year_from=2016&Year_to=2016&Station=STA-BETH201&Samplingpoint=&Source=E1a&Output=HTML&UpdateDate="
"Belgium","NET-Wallonia","Wallonia","BETN063","43N063 - CORROY L.G.","SPO-BETN063_00007_100","O3","Ozone (air)","summer-avg","Summer mean","2016","54.972","ug/m3","93.67","1","Background","Rural","4.6683","50.6554","145.0","","","","E1a/validated data AQ e-Reporting","18/03/2023 22:50:22","http://fme.discomap.eea.europa.eu/fmedatastreaming/AirQualityDownload/AQData_Extract.fmw?CountryCode=BE&CityName=&Pollutant=7&Year_from=2016&Year_to=2016&Station=STA-BETN063&Samplingpoint=&Source=E1a&Output=HTML&UpdateDate="
"Belgium","NET-Wallonia","Wallonia","BETN113","43N113 - SAINT-ODE","SPO-BETN113_06001_100","PM2.5","Particulate matter < 2.5 µm (aerosol)","P1Y-hr-max","1 year hour max","2016","62.124","ug/m3","94.07","1","Background","Rural","5.5930","50.0270","510.0","","","","E1a/validated data AQ e-Reporting","18/03/2023 21:57:02","http://fme.discomap.eea.europa.eu/fmedatastreaming/AirQualityDownload/AQData_Extract.fmw?CountryCode=BE&CityName=&Pollutant=6001&Year_from=2016&Year_to=2016&Station=STA-BETN113&Samplingpoint=&Source=E1a&Output=HTML&UpdateDate="
"Belgium","NET-Wallonia","Wallonia","BETH201","43H201 - LIEGE","SPO-BETH201_06001_100","PM2.5","Particulate matter < 2.5 µm (aerosol)","P1Y-hr-min","1 year hour min","2016","0.000","ug/m3","98.28","1","Background","Suburban","5.5475","50.6250","160.0","Liège                                                                           ","BE005C1                                           ","383700","E1a/validated data AQ e-Reporting","18/03/2023 22:31:20","http://fme.discomap.eea.europa.eu/fmedatastreaming/AirQualityDownload/AQData_Extract.fmw?CountryCode=BE&CityName=&Pollutant=6001&Year_from=2016&Year_to=2016&Station=STA-BETH201&Samplingpoint=&Source=E1a&Output=HTML&UpdateDate="
"Belgium","NET-Flanders","Flanders","BETR801","42R801 - BORGERHOUT","SPO-BETR801_06001_100","PM2.5","Particulate matter < 2.5 µm (aerosol)","P1Y-hr-min","1 year hour min","2016","1.000","ug/m3","99.80","1","Background","Urban","4.4318","51.2097","6.0","Antwerpen                                                                       ","BE002C1                                           ","530014","E1a/validated data AQ e-Reporting","18/03/2023 22:31:20","http://fme.discomap.eea.europa.eu/fmedatastreaming/AirQualityDownload/AQData_Extract.fmw?CountryCode=BE&CityName=&Pollutant=6001&Year_from=2016&Year_to=2016&Station=STA-BETR801&Samplingpoint=&Source=E1a&Output=HTML&UpdateDate="
"Belgium","NET-Flanders","Flanders","BETR721","44R721 - WONDELGEM","SPO-BETR721_00008_100","NO2","Nitrogen dioxide (air)","P1Y-hr-max19","1 year hour max19","2016","84.500","ug/m3","91.84","1","Industrial","Suburban","3.7161","51.0890","6.0","Gent                                                                            ","BE003C1                                           ","263687","E1a/validated data AQ e-Reporting","18/03/2023 22:34:35","http://fme.discomap.eea.europa.eu/fmedatastreaming/AirQualityDownload/AQData_Extract.fmw?CountryCode=BE&CityName=&Pollutant=8&Year_from=2016&Year_to=2016&Station=STA-BETR721&Samplingpoint=&Source=E1a&Output=HTML&UpdateDate="
"Belgium","NET-Flanders","Flanders","BETR721","44R721 - WONDELGEM","SPO-BETR721_00008_100","NO2","Nitrogen dioxide (air)","P1Y-hr-min","1 year hour min","2016","1.000","ug/m3","91.84","1","Industrial","Suburban","3.7161","51.0890","6.0","Gent                                                                            ","BE003C1                                           ","263687","E1a/validated data AQ e-Reporting","18/03/2023 22:31:20","http://fme.discomap.eea.europa.eu/fmedatastreaming/AirQualityDownload/AQData_Extract.fmw?CountryCode=BE&CityName=&Pollutant=8&Year_from=2016&Year_to=2016&Station=STA-BETR721&Samplingpoint=&Source=E1a&Output=HTML&UpdateDate="
"Belgium","NET-Wallonia","Wallonia","BETR240","43R240 - ENGIS","SPO-BETR240_00001_100","SO2","Sulphur dioxide (air)","P1Y-daysAbove125","1 year day exceed 125","2016","0.000","count","96.45","1","Industrial","Suburban","5.3975","50.5836","135.0","","","","E1a/validated data AQ e-Reporting","18/03/2023 22:23:37","http://fme.discomap.eea.europa.eu/fmedatastreaming/AirQualityDownload/AQData_Extract.fmw?CountryCode=BE&CityName=&Pollutant=1&Year_from=2016&Year_to=2016&Station=STA-BETR240&Samplingpoint=&Source=E1a&Output=HTML&UpdateDate="
"Belgium","NET-Wallonia","Wallonia","BETR240","43R240 - ENGIS","SPO-BETR240_00001_100","SO2","Sulphur dioxide (air)","P1Y-hr-per50","1 year 50 percentile","2016","2.000","ug/m3","95.16","1","Industrial","Suburban","5.3975","50.5836","135.0","","","","E1a/validated data AQ e-Reporting","18/03/2023 22:05:49","http://fme.discomap.eea.europa.eu/fmedatastreaming/AirQualityDownload/AQData_Extract.fmw?CountryCode=BE&CityName=&Pollutant=1&Year_from=2016&Year_to=2016&Station=STA-BETR240&Samplingpoint=&Source=E1a&Output=HTML&UpdateDate="
"Belgium","NET-Wallonia","Wallonia","BETR240","43R240 - ENGIS","SPO-BETR240_00001_100","SO2","Sulphur dioxide (air)","winter-avg","Winter mean","2016","2.349","ug/m3","96.81","1","Industrial","Suburban","5.3975","50.5836","135.0","","","","E1a/validated data AQ e-Reporting","18/03/2023 22:50:43","http://fme.discomap.eea.europa.eu/fmedatastreaming/AirQualityDownload/AQData_Extract.fmw?CountryCode=BE&CityName=&Pollutant=1&Year_from=2016&Year_to=2016&Station=STA-BETR240&Samplingpoint=&Source=E1a&Output=HTML&UpdateDate="
"Belgium","NET-Wallonia","Wallonia","BETN063","43N063 - CORROY L.G.","SPO-BETN063_00001_100","SO2","Sulphur dioxide (air)","P1Y","Annual mean / 1 calendar year","2016","0.872","ug/m3","92.54","1","Background","Rural","4.6683","50.6554","145.0","","","","E1a/validated data AQ e-Reporting","18/03/2023 21:08:58","http://fme.discomap.eea.europa.eu/fmedatastreaming/AirQualityDownload/AQData_Extract.fmw?CountryCode=BE&CityName=&Pollutant=1&Year_from=2016&Year_to=2016&Station=STA-BETN063&Samplingpoint=&Source=E1a&Output=HTML&UpdateDate="
"Belgium","NET-Wallonia","Wallonia","BETN063","43N063 - CORROY L.G.","SPO-BETN063_00001_100","SO2","Sulphur dioxide (air)","P1Y-P1D-per99","1 year 99 percentile of daily means (P1D) or .../aq/primaryObservation/day","2016","2.750","ug/m3","95.08","1","Background","Rural","4.6683","50.6554","145.0","","","","E1a/validated data AQ e-Reporting","18/03/2023 22:11:00","http://fme.discomap.eea.europa.eu/fmedatastreaming/AirQualityDownload/AQData_Extract.fmw?CountryCode=BE&CityName=&Pollutant=1&Year_from=2016&Year_to=2016&Station=STA-BETN063&Samplingpoint=&Source=E1a&Output=HTML&UpdateDate="
"Belgium","NET-Wallonia","Wallonia","BETR511","45R511 - MARCINELLE","SPO-BETR511_00005_100","PM10","Particulate matter < 10 µm (aerosol)","P1Y-day-per50","1 year 50 %ile of daily values in a year","2016","15.563","ug/m3","96.99","1","Background","Suburban","4.4247","50.3776","157.0","Charleroi                                                                       ","BE004C1                                           ","203314","E1a/validated data AQ e-Reporting","18/03/2023 22:08:05","http://fme.discomap.eea.europa.eu/fmedatastreaming/AirQualityDownload/AQData_Extract.fmw?CountryCode=BE&CityName=&Pollutant=5&Year_from=2016&Year_to=2016&Station=STA-BETR511&Samplingpoint=&Source=E1a&Output=HTML&UpdateDate="
"Belgium","NET-Wallonia","Wallonia","BETR223","43R223 - JEMEPPE","SPO-BETR223_06001_100","PM2.5","Particulate matter < 2.5 µm (aerosol)","P1Y-hr-max","1 year hour max","2016","118.693","ug/m3","99.53","1","Industrial","Suburban","5.5164","50.6207","50.0","Liège                                                                           ","BE005C1                                           ","383700","E1a/validated data AQ e-Reporting","18/03/2023 21:57:02","http://fme.discomap.eea.europa.eu/fmedatastreaming/AirQualityDownload/AQData_Extract.fmw?CountryCode=BE&CityName=&Pollutant=6001&Year_from=2016&Year_to=2016&Station=STA-BETR223&Samplingpoint=&Source=E1a&Output=HTML&UpdateDate="
"Belgium","NET-Wallonia","Wallonia","BETR512","45R512 - MARCHIENNE","SPO-BETR512_00005_100","PM10","Particulate matter < 10 µm (aerosol)","P1Y","Annual mean / 1 calendar year","2016","25.831","ug/m3","99.27","1","Industrial","Suburban","4.3959","50.4078","107.0","Charleroi                                                                       ","BE004C1                                           ","203314","E1a/validated data AQ e-Reporting","18/03/2023 21:08:58","http://fme.discomap.eea.europa.eu/fmedatastreaming/AirQualityDownload/AQData_Extract.fmw?CountryCode=BE&CityName=&Pollutant=5&Year_from=2016&Year_to=2016&Station=STA-BETR512&Samplingpoint=&Source=E1a&Output=HTML&UpdateDate="
"Belgium","NET-Wallonia","Wallonia","BETR240","43R240 - ENGIS","SPO-BETR240_00001_100","SO2","Sulphur dioxide (air)","P1Y-hr-max-per99.73","1 year 99.73 %ile of hourly values in a given year","2016","26.500","ug/m3","95.16","1","Industrial","Suburban","5.3975","50.5836","135.0","","","","E1a/validated data AQ e-Reporting","18/03/2023 22:06:23","http://fme.discomap.eea.europa.eu/fmedatastreaming/AirQualityDownload/AQData_Extract.fmw?CountryCode=BE&CityName=&Pollutant=1&Year_from=2016&Year_to=2016&Station=STA-BETR240&Samplingpoint=&Source=E1a&Output=HTML&UpdateDate="
"Belgium","NET-Flanders","Flanders","BETR831","42R831 - BERENDRECHT","SPO-BETR831_00007_100","O3","Ozone (air)","SOMO10","Sum of Ozone Means Over 10 ppb","2016","14286.572","ug/m3","95.36","1","Industrial","Rural","4.3397","51.3488","3.0","Antwerpen                                                                       ","BE002C1                                           ","530014","E1a/validated data AQ e-Reporting","18/03/2023 22:59:50","http://fme.discomap.eea.europa.eu/fmedatastreaming/AirQualityDownload/AQData_Extract.fmw?CountryCode=BE&CityName=&Pollutant=7&Year_from=2016&Year_to=2016&Station=STA-BETR831&Samplingpoint=&Source=E1a&Output=HTML&UpdateDate="
"Belgium","NET-Wallonia","Wallonia","BETR240","43R240 - ENGIS","SPO-BETR240_00005_100","PM10","Particulate matter < 10 µm (aerosol)","P3Y","3 subsequent calendar years mean","2016","27.236","ug/m3","97.49","1","Industrial","Suburban","5.3975","50.5836","135.0","","","","E1a/validated data AQ e-Reporting","18/03/2023 21:36:00","http://fme.discomap.eea.europa.eu/fmedatastreaming/AirQualityDownload/AQData_Extract.fmw?CountryCode=BE&CityName=&Pollutant=5&Year_from=2016&Year_to=2016&Station=STA-BETR240&Samplingpoint=&Source=E1a&Output=HTML&UpdateDate="
"Belgium","NET-Wallonia","Wallonia","BETN066","43N066 - EUPEN","SPO-BETN066_00008_100","NO2","Nitrogen dioxide (air)","P1Y","Annual mean / 1 calendar year","2016","10.415","ug/m3","97.47","1","Background","Rural","6.0023","50.6289","295.0","","","","E1a/validated data AQ e-Reporting","18/03/2023 21:08:58","http://fme.discomap.eea.europa.eu/fmedatastreaming/AirQualityDownload/AQData_Extract.fmw?CountryCode=BE&CityName=&Pollutant=8&Year_from=2016&Year_to=2016&Station=STA-BETN066&Samplingpoint=&Source=E1a&Output=HTML&UpdateDate="
"Belgium","NET-Wallonia","Wallonia","BETR240","43R240 - ENGIS","SPO-BETR240_00007_100","O3","Ozone (air)","AOT40f","AOT40 for forest protection","2016","15378.042","ug/m3","91.03","1","Industrial","Suburban","5.3975","50.5836","135.0","","","","E1a/validated data AQ e-Reporting","18/03/2023 23:06:40","http://fme.discomap.eea.europa.eu/fmedatastreaming/AirQualityDownload/AQData_Extract.fmw?CountryCode=BE&CityName=&Pollutant=7&Year_from=2016&Year_to=2016&Station=STA-BETR240&Samplingpoint=&Source=E1a&Output=HTML&UpdateDate="
"Belgium","NET-Wallonia","Wallonia","BETN085","43N085 - VIELSALM","SPO-BETN085_00007_100","O3","Ozone (air)","P1Y-day-max","1 year day max","2016","116.457","ug/m3","96.45","1","Background","Rural","6.0017","50.3032","490.0","","","","E1a/validated data AQ e-Reporting","18/03/2023 21:44:13","http://fme.discomap.eea.europa.eu/fmedatastreaming/AirQualityDownload/AQData_Extract.fmw?CountryCode=BE&CityName=&Pollutant=7&Year_from=2016&Year_to=2016&Station=STA-BETN085&Samplingpoint=&Source=E1a&Output=HTML&UpdateDate="
"Belgium","NET-Flanders","Flanders","BETR750","44R750 - ZELZATE","SPO-BETR750_00001_100","SO2","Sulphur dioxide (air)","P1Y-hr-per50","1 year 50 percentile","2016","1.000","ug/m3","96.46","1","Industrial","Rural","3.8229","51.1961","6.0","","","","E1a/validated data AQ e-Reporting","18/03/2023 22:05:49","http://fme.discomap.eea.europa.eu/fmedatastreaming/AirQualityDownload/AQData_Extract.fmw?CountryCode=BE&CityName=&Pollutant=1&Year_from=2016&Year_to=2016&Station=STA-BETR750&Samplingpoint=&Source=E1a&Output=HTML&UpdateDate="
"Belgium","NET-Wallonia","Wallonia","BETN093","43N093 - SINSIN","SPO-BETN093_00008_100","NO2","Nitrogen dioxide (air)","P1Y-day-min","1 year day min","2016","0.958","ug/m3","96.99","1","Background","Rural","5.2352","50.2745","265.0","","","","E1a/validated data AQ e-Reporting","18/03/2023 21:56:03","http://fme.discomap.eea.europa.eu/fmedatastreaming/AirQualityDownload/AQData_Extract.fmw?CountryCode=BE&CityName=&Pollutant=8&Year_from=2016&Year_to=2016&Station=STA-BETN093&Samplingpoint=&Source=E1a&Output=HTML&UpdateDate="
"Belgium","NET-Wallonia","Wallonia","BEMNM01","00NM01 - NAMUR","SPO-BEMNM01_05018_100","As in PM10","Arsenic in PM10 (aerosol)","P1Y","Annual mean / 1 calendar year","2016","0.318","ng/m3","95.34","1","Background","Urban","4.8724","50.4632","85.0","Namur                                                                           ","BE007C1                                           ","112125","E1a/validated data AQ e-Reporting","18/03/2023 21:08:58","http://fme.discomap.eea.europa.eu/fmedatastreaming/AirQualityDownload/AQData_Extract.fmw?CountryCode=BE&CityName=&Pollutant=5018&Year_from=2016&Year_to=2016&Station=STA-BEMNM01&Samplingpoint=&Source=E1a&Output=HTML&UpdateDate="
"Belgium","NET-Wallonia","Wallonia","BETN132","43N132 - HABAY-LA-N.","SPO-BETN132_00008_100","NO2","Nitrogen dioxide (air)","P1Y-hr-max19","1 year hour max19","2016","49.500","ug/m3","96.56","1","Background","Rural","5.6304","49.7193","375.0","","","","E1a/validated data AQ e-Reporting","18/03/2023 22:34:35","http://fme.discomap.eea.europa.eu/fmedatastreaming/AirQualityDownload/AQData_Extract.fmw?CountryCode=BE&CityName=&Pollutant=8&Year_from=2016&Year_to=2016&Station=STA-BETN132&Samplingpoint=&Source=E1a&Output=HTML&UpdateDate="
"Belgium","NET-Flanders","Flanders","BETR841","42R841 - MECHELEN","SPO-BETR841_00007_100","O3","Ozone (air)","P1Y-hrsAbove240","1 year hour exceed 240","2016","0.000","count","93.94","1","Background","Suburban","4.4693","51.0025","8.0","Mechelen                                                                        ","BE012C1                                           ","86911","E1a/validated data AQ e-Reporting","18/03/2023 21:50:25","http://fme.discomap.eea.europa.eu/fmedatastreaming/AirQualityDownload/AQData_Extract.fmw?CountryCode=BE&CityName=&Pollutant=7&Year_from=2016&Year_to=2016&Station=STA-BETR841&Samplingpoint=&Source=E1a&Output=HTML&UpdateDate="
"Belgium","NET-Flanders","Flanders","BETM802","42M802 - ANTWERPEN","SPO-BETM802_06001_100","PM2.5","Particulate matter < 2.5 µm (aerosol)","P1Y-day-max","1 year day max","2016","59.792","ug/m3","98.09","1","Industrial","Suburban","4.4244","51.2610","3.0","Antwerpen                                                                       ","BE002C1                                           ","530014","E1a/validated data AQ e-Reporting","18/03/2023 21:43:22","http://fme.discomap.eea.europa.eu/fmedatastreaming/AirQualityDownload/AQData_Extract.fmw?CountryCode=BE&CityName=&Pollutant=6001&Year_from=2016&Year_to=2016&Station=STA-BETM802&Samplingpoint=&Source=E1a&Output=HTML&UpdateDate="
"Belgium","NET-Wallonia","Wallonia","BETR240","43R240 - ENGIS","SPO-BETR240_00007_100","O3","Ozone (air)","P1Y-dx-max","1 year day max max","2016","193.563","ug/m3","92.90","1","Industrial","Suburban","5.3975","50.5836","135.0","","","","E1a/validated data AQ e-Reporting","18/03/2023 21:44:39","http://fme.discomap.eea.europa.eu/fmedatastreaming/AirQualityDownload/AQData_Extract.fmw?CountryCode=BE&CityName=&Pollutant=7&Year_from=2016&Year_to=2016&Station=STA-BETR240&Samplingpoint=&Source=E1a&Output=HTML&UpdateDate="
"Belgium","NET-Wallonia","Wallonia","BETN066","43N066 - EUPEN","SPO-BETN066_00008_100","NO2","Nitrogen dioxide (air)","P1Y-day-min","1 year day min","2016","1.646","ug/m3","100.00","1","Background","Rural","6.0023","50.6289","295.0","","","","E1a/validated data AQ e-Reporting","18/03/2023 21:56:03","http://fme.discomap.eea.europa.eu/fmedatastreaming/AirQualityDownload/AQData_Extract.fmw?CountryCode=BE&CityName=&Pollutant=8&Year_from=2016&Year_to=2016&Station=STA-BETN066&Samplingpoint=&Source=E1a&Output=HTML&UpdateDate="
"Belgium","NET-Wallonia","Wallonia","BETR221","43R221 - LIEGE","SPO-BETR221_00005_100","PM10","Particulate matter < 10 µm (aerosol)","P3Y","3 subsequent calendar years mean","2016","18.818","ug/m3","99.52","1","Background","Urban","5.6278","50.6584","65.0","Liège                                                                           ","BE005C1                                           ","383700","E1a/validated data AQ e-Reporting","18/03/2023 21:36:00","http://fme.discomap.eea.europa.eu/fmedatastreaming/AirQualityDownload/AQData_Extract.fmw?CountryCode=BE&CityName=&Pollutant=5&Year_from=2016&Year_to=2016&Station=STA-BETR221&Samplingpoint=&Source=E1a&Output=HTML&UpdateDate="
"Belgium","NET-Wallonia","Wallonia","BETN070","43N070 - MONS","SPO-BETN070_00007_100","O3","Ozone (air)","AOT40cmeasured","AOT40c UNCORRECTED for data capture","2016","3157.500","ug/m3","96.38","1","Background","Suburban","3.9397","50.4652","30.0","Mons                                                                            ","BE009C1                                           ","95922","E1a/validated data AQ e-Reporting","18/03/2023 23:01:40","http://fme.discomap.eea.europa.eu/fmedatastreaming/AirQualityDownload/AQData_Extract.fmw?CountryCode=BE&CityName=&Pollutant=7&Year_from=2016&Year_to=2016&Station=STA-BETN070&Samplingpoint=&Source=E1a&Output=HTML&UpdateDate="
"Belgium","NET-Flanders","Flanders","BETR892","42R892 - KALLO","SPO-BETR892_00001_100","SO2","Sulphur dioxide (air)","P1Y","Annual mean / 1 calendar year","2016","2.828","ug/m3","95.78","1","Industrial","Rural","4.2789","51.2630","9.0","","","","E1a/validated data AQ e-Reporting","18/03/2023 21:08:58","http://fme.discomap.eea.europa.eu/fmedatastreaming/AirQualityDownload/AQData_Extract.fmw?CountryCode=BE&CityName=&Pollutant=1&Year_from=2016&Year_to=2016&Station=STA-BETR892&Samplingpoint=&Source=E1a&Output=HTML&UpdateDate="
"Belgium","NET-Wallonia","Wallonia","BETR501","45R501 - CHARLEROI","SPO-BETR501_00005_100","PM10","Particulate matter < 10 µm (aerosol)","P1Y-day-max","1 year day max","2016","70.792","ug/m3","100.00","1","Background","Urban","4.4522","50.4093","115.0","Charleroi                                                                       ","BE004C1                                           ","203314","E1a/validated data AQ e-Reporting","18/03/2023 21:43:06","http://fme.discomap.eea.europa.eu/fmedatastreaming/AirQualityDownload/AQData_Extract.fmw?CountryCode=BE&CityName=&Pollutant=5&Year_from=2016&Year_to=2016&Station=STA-BETR501&Samplingpoint=&Source=E1a&Output=HTML&UpdateDate="
"Belgium","NET-Flanders","Flanders","BETR897","42R897 - ANTWERPEN","SPO-BETR897_00001_100","SO2","Sulphur dioxide (air)","P1Y-hr-max","1 year hour max","2016","232.000","ug/m3","97.20","1","Industrial","Suburban","4.3421","51.2501","5.0","Antwerpen                                                                       ","BE002C1                                           ","530014","E1a/validated data AQ e-Reporting","18/03/2023 21:57:02","http://fme.discomap.eea.europa.eu/fmedatastreaming/AirQualityDownload/AQData_Extract.fmw?CountryCode=BE&CityName=&Pollutant=1&Year_from=2016&Year_to=2016&Station=STA-BETR897&Samplingpoint=&Source=E1a&Output=HTML&UpdateDate="
"Belgium","NET-Wallonia","Wallonia","BETN060","43N060 - HAVINNES","SPO-BETN060_00007_100","O3","Ozone (air)","AOT40c","AOT40 vegetation protection","2016","5636.183","ug/m3","96.83","1","Background","Rural","3.4576","50.6167","0.0","","","","E1a/validated data AQ e-Reporting","18/03/2023 23:06:29","http://fme.discomap.eea.europa.eu/fmedatastreaming/AirQualityDownload/AQData_Extract.fmw?CountryCode=BE&CityName=&Pollutant=7&Year_from=2016&Year_to=2016&Station=STA-BETN060&Samplingpoint=&Source=E1a&Output=HTML&UpdateDate="
"Belgium","NET-Wallonia","Wallonia","BETN073","43N073 - VEZIN","SPO-BETN073_00008_100","NO2","Nitrogen dioxide (air)","P1Y-P1D-per99","1 year 99 percentile of daily means (P1D) or .../aq/primaryObservation/day","2016","37.696","ug/m3","100.00","1","Background","Rural","4.9884","50.5027","160.0","","","","E1a/validated data AQ e-Reporting","18/03/2023 22:10:34","http://fme.discomap.eea.europa.eu/fmedatastreaming/AirQualityDownload/AQData_Extract.fmw?CountryCode=BE&CityName=&Pollutant=8&Year_from=2016&Year_to=2016&Station=STA-BETN073&Samplingpoint=&Source=E1a&Output=HTML&UpdateDate="
"Belgium","NET-Wallonia","Wallonia","BEVN093","50N093 - SINSIN","SPO-BEVN093_00020_100","C6H6","Benzene (air)","P1Y-day-min","1 year day min","2016","0.110","ug/m3","42.35","1","Background","Rural","5.2352","50.2745","265.0","","","","E1a/validated data AQ e-Reporting","18/03/2023 21:55:46","http://fme.discomap.eea.europa.eu/fmedatastreaming/AirQualityDownload/AQData_Extract.fmw?CountryCode=BE&CityName=&Pollutant=20&Year_from=2016&Year_to=2016&Station=STA-BEVN093&Samplingpoint=&Source=E1a&Output=HTML&UpdateDate="
"Belgium","NET-Wallonia","Wallonia","BEVN093","50N093 - SINSIN","SPO-BEVN093_00443_100","C6H14","n-Hexane (air)","P1Y","Annual mean / 1 calendar year","2016","0.000","ug/m3","42.35","1","Background","Rural","5.2352","50.2745","265.0","","","","E1a/validated data AQ e-Reporting","18/03/2023 21:08:58","http://fme.discomap.eea.europa.eu/fmedatastreaming/AirQualityDownload/AQData_Extract.fmw?CountryCode=BE&CityName=&Pollutant=443&Year_from=2016&Year_to=2016&Station=STA-BEVN093&Samplingpoint=&Source=E1a&Output=HTML&UpdateDate="
"Belgium","NET-Wallonia","Wallonia","BETR222","43R222 - SERAING","SPO-BETR222_00005_100","PM10","Particulate matter < 10 µm (aerosol)","P1Y-P1D-per90.4","1 year 90.4 percentile - COMPLIANCE","2016","36.667","ug/m3","96.99","1","Background","Suburban","5.5702","50.6134","65.0","Liège                                                                           ","BE005C1                                           ","383700","E1a/validated data AQ e-Reporting","18/03/2023 22:08:35","http://fme.discomap.eea.europa.eu/fmedatastreaming/AirQualityDownload/AQData_Extract.fmw?CountryCode=BE&CityName=&Pollutant=5&Year_from=2016&Year_to=2016&Station=STA-BETR222&Samplingpoint=&Source=E1a&Output=HTML&UpdateDate="
"Belgium","NET-Wallonia","Wallonia","BETN093","43N093 - SINSIN","SPO-BETN093_00007_100","O3","Ozone (air)","P1Y-dx-avg","1 year daymax average","2016","64.024","ug/m3","93.72","1","Background","Rural","5.2352","50.2745","265.0","","","","E1a/validated data AQ e-Reporting","18/03/2023 22:27:48","http://fme.discomap.eea.europa.eu/fmedatastreaming/AirQualityDownload/AQData_Extract.fmw?CountryCode=BE&CityName=&Pollutant=7&Year_from=2016&Year_to=2016&Station=STA-BETN093&Samplingpoint=&Source=E1a&Output=HTML&UpdateDate="
"Belgium","NET-Wallonia","Wallonia","BETR501","45R501 - CHARLEROI","SPO-BETR501_00005_100","PM10","Particulate matter < 10 µm (aerosol)","P1Y","Annual mean / 1 calendar year","2016","22.468","ug/m3","99.68","1","Background","Urban","4.4522","50.4093","115.0","Charleroi                                                                       ","BE004C1                                           ","203314","E1a/validated data AQ e-Reporting","18/03/2023 21:08:58","http://fme.discomap.eea.europa.eu/fmedatastreaming/AirQualityDownload/AQData_Extract.fmw?CountryCode=BE&CityName=&Pollutant=5&Year_from=2016&Year_to=2016&Station=STA-BETR501&Samplingpoint=&Source=E1a&Output=HTML&UpdateDate="
"Belgium","NET-Wallonia","Wallonia","BEVMOU1","5MOU01 - MOUSCRON","SPO-BEVMOU1_00464_100","m,p-C6H4(CH3)2","m,p-Xylene (air)","P1Y","Annual mean / 1 calendar year","2016","0.001","ug/m3","49.73","1","Industrial","Suburban","3.2414","50.7532","42.0","Mouscron                                                                        ","BE013C1                                           ","58862","E1a/validated data AQ e-Reporting","18/03/2023 21:08:58","http://fme.discomap.eea.europa.eu/fmedatastreaming/AirQualityDownload/AQData_Extract.fmw?CountryCode=BE&CityName=&Pollutant=464&Year_from=2016&Year_to=2016&Station=STA-BEVMOU1&Samplingpoint=&Source=E1a&Output=HTML&UpdateDate="
"Belgium","NET-Wallonia","Wallonia","BETR511","45R511 - MARCINELLE","SPO-BETR511_06001_100","PM2.5","Particulate matter < 2.5 µm (aerosol)","P1Y-hr-max","1 year hour max","2016","146.253","ug/m3","97.64","1","Background","Suburban","4.4247","50.3776","157.0","Charleroi                                                                       ","BE004C1                                           ","203314","E1a/validated data AQ e-Reporting","18/03/2023 21:57:02","http://fme.discomap.eea.europa.eu/fmedatastreaming/AirQualityDownload/AQData_Extract.fmw?CountryCode=BE&CityName=&Pollutant=6001&Year_from=2016&Year_to=2016&Station=STA-BETR511&Samplingpoint=&Source=E1a&Output=HTML&UpdateDate="
"Belgium","NET-Wallonia","Wallonia","BEVN063","50N063 - CORROY L.G.","SPO-BEVN063_00486_100","H3C-(CH2)3-CH3","n-Pentane (air)","P1Y","Annual mean / 1 calendar year","2016","0.000","ug/m3","44.81","1","Background","Rural","4.6683","50.6554","145.0","","","","E1a/validated data AQ e-Reporting","18/03/2023 21:08:58","http://fme.discomap.eea.europa.eu/fmedatastreaming/AirQualityDownload/AQData_Extract.fmw?CountryCode=BE&CityName=&Pollutant=486&Year_from=2016&Year_to=2016&Station=STA-BEVN063&Samplingpoint=&Source=E1a&Output=HTML&UpdateDate="
"Belgium","NET-Wallonia","Wallonia","BEVMOU1","5MOU01 - MOUSCRON","SPO-BEVMOU1_06006_100","trans-H3C-CH=CH-CH3","trans-2-Butene (air)","P1Y","Annual mean / 1 calendar year","2016","0.000","ug/m3","49.73","1","Industrial","Suburban","3.2414","50.7532","42.0","Mouscron                                                                        ","BE013C1                                           ","58862","E1a/validated data AQ e-Reporting","18/03/2023 21:08:58","http://fme.discomap.eea.europa.eu/fmedatastreaming/AirQualityDownload/AQData_Extract.fmw?CountryCode=BE&CityName=&Pollutant=6006&Year_from=2016&Year_to=2016&Station=STA-BEVMOU1&Samplingpoint=&Source=E1a&Output=HTML&UpdateDate="
"Belgium","NET-Wallonia","Wallonia","BEVMOU1","5MOU01 - MOUSCRON","SPO-BEVMOU1_06011_100","1,2,4-C6H3(CH3)3","1,2,4-Trimethylbenzene (air)","P1Y","Annual mean / 1 calendar year","2016","0.000","ug/m3","49.73","1","Industrial","Suburban","3.2414","50.7532","42.0","Mouscron                                                                        ","BE013C1                                           ","58862","E1a/validated data AQ e-Reporting","18/03/2023 21:08:58","http://fme.discomap.eea.europa.eu/fmedatastreaming/AirQualityDownload/AQData_Extract.fmw?CountryCode=BE&CityName=&Pollutant=6011&Year_from=2016&Year_to=2016&Station=STA-BEVMOU1&Samplingpoint=&Source=E1a&Output=HTML&UpdateDate="
"Belgium","NET-Wallonia","Wallonia","BETR512","45R512 - MARCHIENNE","SPO-BETR512_00008_100","NO2","Nitrogen dioxide (air)","P1Y-day-max","1 year day max","2016","59.167","ug/m3","100.00","1","Industrial","Suburban","4.3959","50.4078","107.0","Charleroi                                                                       ","BE004C1                                           ","203314","E1a/validated data AQ e-Reporting","18/03/2023 21:43:56","http://fme.discomap.eea.europa.eu/fmedatastreaming/AirQualityDownload/AQData_Extract.fmw?CountryCode=BE&CityName=&Pollutant=8&Year_from=2016&Year_to=2016&Station=STA-BETR512&Samplingpoint=&Source=E1a&Output=HTML&UpdateDate="
"Belgium","NET-Flanders","Flanders","BETR831","42R831 - BERENDRECHT","SPO-BETR831_00001_100","SO2","Sulphur dioxide (air)","P1Y-hr-per50","1 year 50 percentile","2016","1.000","ug/m3","97.13","1","Industrial","Rural","4.3397","51.3488","3.0","Antwerpen                                                                       ","BE002C1                                           ","530014","E1a/validated data AQ e-Reporting","18/03/2023 22:05:49","http://fme.discomap.eea.europa.eu/fmedatastreaming/AirQualityDownload/AQData_Extract.fmw?CountryCode=BE&CityName=&Pollutant=1&Year_from=2016&Year_to=2016&Station=STA-BETR831&Samplingpoint=&Source=E1a&Output=HTML&UpdateDate="
"Belgium","NET-Wallonia","Wallonia","BETN132","43N132 - HABAY-LA-N.","SPO-BETN132_00007_100","O3","Ozone (air)","P1Y-hrsAbove240","1 year hour exceed 240","2016","0.000","count","95.17","1","Background","Rural","5.6304","49.7193","375.0","","","","E1a/validated data AQ e-Reporting","18/03/2023 21:50:25","http://fme.discomap.eea.europa.eu/fmedatastreaming/AirQualityDownload/AQData_Extract.fmw?CountryCode=BE&CityName=&Pollutant=7&Year_from=2016&Year_to=2016&Station=STA-BETN132&Samplingpoint=&Source=E1a&Output=HTML&UpdateDate="
"Belgium","NET-Wallonia","Wallonia","BEVR240","50R240 - ENGIS","SPO-BEVR240_00486_100","H3C-(CH2)3-CH3","n-Pentane (air)","P1Y","Annual mean / 1 calendar year","2016","0.000","ug/m3","46.72","1","Industrial","Suburban","5.3975","50.5836","135.0","","","","E1a/validated data AQ e-Reporting","18/03/2023 21:08:58","http://fme.discomap.eea.europa.eu/fmedatastreaming/AirQualityDownload/AQData_Extract.fmw?CountryCode=BE&CityName=&Pollutant=486&Year_from=2016&Year_to=2016&Station=STA-BEVR240&Samplingpoint=&Source=E1a&Output=HTML&UpdateDate="
"Belgium","NET-Wallonia","Wallonia","BETN113","43N113 - SAINT-ODE","SPO-BETN113_00008_100","NO2","Nitrogen dioxide (air)","P1Y-hr-per50","1 year 50 percentile","2016","6.000","ug/m3","91.55","1","Background","Rural","5.5930","50.0270","510.0","","","","E1a/validated data AQ e-Reporting","18/03/2023 22:05:49","http://fme.discomap.eea.europa.eu/fmedatastreaming/AirQualityDownload/AQData_Extract.fmw?CountryCode=BE&CityName=&Pollutant=8&Year_from=2016&Year_to=2016&Station=STA-BETN113&Samplingpoint=&Source=E1a&Output=HTML&UpdateDate="
"Belgium","NET-Flanders","Flanders","BETR897","42R897 - ANTWERPEN","SPO-BETR897_00001_100","SO2","Sulphur dioxide (air)","P1Y-day-min","1 year day min","2016","1.000","ug/m3","99.45","1","Industrial","Suburban","4.3421","51.2501","5.0","Antwerpen                                                                       ","BE002C1                                           ","530014","E1a/validated data AQ e-Reporting","18/03/2023 21:54:56","http://fme.discomap.eea.europa.eu/fmedatastreaming/AirQualityDownload/AQData_Extract.fmw?CountryCode=BE&CityName=&Pollutant=1&Year_from=2016&Year_to=2016&Station=STA-BETR897&Samplingpoint=&Source=E1a&Output=HTML&UpdateDate="
"Belgium","NET-Wallonia","Wallonia","BEVR522","50R222 - SERAING","SPO-BEVR522_00020_100","C6H6","Benzene (air)","P1Y-day-min","1 year day min","2016","0.190","ug/m3","47.81","1","Background","Suburban","5.5713","50.6105","62.0","Liège                                                                           ","BE005C1                                           ","383700","E1a/validated data AQ e-Reporting","18/03/2023 21:55:46","http://fme.discomap.eea.europa.eu/fmedatastreaming/AirQualityDownload/AQData_Extract.fmw?CountryCode=BE&CityName=&Pollutant=20&Year_from=2016&Year_to=2016&Station=STA-BEVR522&Samplingpoint=&Source=E1a&Output=HTML&UpdateDate="
"Belgium","NET-Wallonia","Wallonia","BETR502","45R502 - LODELINSART","SPO-BETR502_00005_100","PM10","Particulate matter < 10 µm (aerosol)","P1Y-hr-max","1 year hour max","2016","188.771","ug/m3","99.77","1","Background","Suburban","4.4587","50.4290","135.0","Charleroi                                                                       ","BE004C1                                           ","203314","E1a/validated data AQ e-Reporting","18/03/2023 21:57:02","http://fme.discomap.eea.europa.eu/fmedatastreaming/AirQualityDownload/AQData_Extract.fmw?CountryCode=BE&CityName=&Pollutant=5&Year_from=2016&Year_to=2016&Station=STA-BETR502&Samplingpoint=&Source=E1a&Output=HTML&UpdateDate="
"Belgium","NET-Wallonia","Wallonia","BEVR522","50R222 - SERAING","SPO-BEVR522_06008_100","H2C=CH-CH2-CH2-CH3","1-Pentene (air)","P1Y","Annual mean / 1 calendar year","2016","0.000","ug/m3","49.18","1","Background","Suburban","5.5713","50.6105","62.0","Liège                                                                           ","BE005C1                                           ","383700","E1a/validated data AQ e-Reporting","18/03/2023 21:08:58","http://fme.discomap.eea.europa.eu/fmedatastreaming/AirQualityDownload/AQData_Extract.fmw?CountryCode=BE&CityName=&Pollutant=6008&Year_from=2016&Year_to=2016&Station=STA-BEVR522&Samplingpoint=&Source=E1a&Output=HTML&UpdateDate="
"Belgium","NET-Flanders","Flanders","BETR897","42R897 - ANTWERPEN","SPO-BETR897_00008_100","NO2","Nitrogen dioxide (air)","P3Y","3 subsequent calendar years mean","2016","34.195","ug/m3","95.80","1","Industrial","Suburban","4.3421","51.2501","5.0","Antwerpen                                                                       ","BE002C1                                           ","530014","E1a/validated data AQ e-Reporting","18/03/2023 21:36:00","http://fme.discomap.eea.europa.eu/fmedatastreaming/AirQualityDownload/AQData_Extract.fmw?CountryCode=BE&CityName=&Pollutant=8&Year_from=2016&Year_to=2016&Station=STA-BETR897&Samplingpoint=&Source=E1a&Output=HTML&UpdateDate="
"Belgium","NET-Wallonia","Wallonia","BETR502","45R502 - LODELINSART","SPO-BETR502_00007_100","O3","Ozone (air)","P3Y","3 subsequent calendar years mean","2016","36.643","ug/m3","95.38","1","Background","Suburban","4.4587","50.4290","135.0","Charleroi                                                                       ","BE004C1                                           ","203314","E1a/validated data AQ e-Reporting","18/03/2023 21:36:00","http://fme.discomap.eea.europa.eu/fmedatastreaming/AirQualityDownload/AQData_Extract.fmw?CountryCode=BE&CityName=&Pollutant=7&Year_from=2016&Year_to=2016&Station=STA-BETR502&Samplingpoint=&Source=E1a&Output=HTML&UpdateDate="
"Belgium","NET-Wallonia","Wallonia","BETR222","43R222 - SERAING","SPO-BETR222_06001_100","PM2.5","Particulate matter < 2.5 µm (aerosol)","P1Y-P1D-per99","1 year 99 percentile of daily means (P1D) or .../aq/primaryObservation/day","2016","36.599","ug/m3","96.99","1","Background","Suburban","5.5702","50.6134","65.0","Liège                                                                           ","BE005C1                                           ","383700","E1a/validated data AQ e-Reporting","18/03/2023 22:10:03","http://fme.discomap.eea.europa.eu/fmedatastreaming/AirQualityDownload/AQData_Extract.fmw?CountryCode=BE&CityName=&Pollutant=6001&Year_from=2016&Year_to=2016&Station=STA-BETR222&Samplingpoint=&Source=E1a&Output=HTML&UpdateDate="
"Belgium","NET-Wallonia","Wallonia","BEVN113","50N113 - SAINT-ODE","SPO-BEVN113_00486_100","H3C-(CH2)3-CH3","n-Pentane (air)","P1Y","Annual mean / 1 calendar year","2016","0.000","ug/m3","42.90","1","Background","Rural","5.5930","50.0270","510.0","","","","E1a/validated data AQ e-Reporting","18/03/2023 21:08:58","http://fme.discomap.eea.europa.eu/fmedatastreaming/AirQualityDownload/AQData_Extract.fmw?CountryCode=BE&CityName=&Pollutant=486&Year_from=2016&Year_to=2016&Station=STA-BEVN113&Samplingpoint=&Source=E1a&Output=HTML&UpdateDate="
"Belgium","NET-Wallonia","Wallonia","BETR222","43R222 - SERAING","SPO-BETR222_00001_100","SO2","Sulphur dioxide (air)","P1Y-P1D-per99","1 year 99 percentile of daily means (P1D) or .../aq/primaryObservation/day","2016","3.313","ug/m3","91.26","1","Background","Suburban","5.5702","50.6134","65.0","Liège                                                                           ","BE005C1                                           ","383700","E1a/validated data AQ e-Reporting","18/03/2023 22:11:00","http://fme.discomap.eea.europa.eu/fmedatastreaming/AirQualityDownload/AQData_Extract.fmw?CountryCode=BE&CityName=&Pollutant=1&Year_from=2016&Year_to=2016&Station=STA-BETR222&Samplingpoint=&Source=E1a&Output=HTML&UpdateDate="
"Belgium","NET-Wallonia","Wallonia","BETN121","43N121 - OFFAGNE","SPO-BETN121_00005_100","PM10","Particulate matter < 10 µm (aerosol)","P1Y-P1D-per99","1 year 99 percentile of daily means (P1D) or .../aq/primaryObservation/day","2016","30.854","ug/m3","98.09","1","Background","Rural","5.2024","49.8771","430.0","","","","E1a/validated data AQ e-Reporting","18/03/2023 22:09:38","http://fme.discomap.eea.europa.eu/fmedatastreaming/AirQualityDownload/AQData_Extract.fmw?CountryCode=BE&CityName=&Pollutant=5&Year_from=2016&Year_to=2016&Station=STA-BETN121&Samplingpoint=&Source=E1a&Output=HTML&UpdateDate="
"Belgium","NET-Wallonia","Wallonia","BETR221","43R221 - LIEGE","SPO-BETR221_00391_100","Black Carbon","black_carbon (aerosol)","P1Y-hr-min","1 year hour min","2016","0.000","ug/m3","85.17","1","Background","Urban","5.6278","50.6584","65.0","Liège                                                                           ","BE005C1                                           ","383700","E1a/validated data AQ e-Reporting","18/03/2023 22:31:20","http://fme.discomap.eea.europa.eu/fmedatastreaming/AirQualityDownload/AQData_Extract.fmw?CountryCode=BE&CityName=&Pollutant=391&Year_from=2016&Year_to=2016&Station=STA-BETR221&Samplingpoint=&Source=E1a&Output=HTML&UpdateDate="
"Belgium","NET-Wallonia","Wallonia","BETR223","43R223 - JEMEPPE","SPO-BETR223_00001_100","SO2","Sulphur dioxide (air)","P1Y-day-min","1 year day min","2016","0.000","ug/m3","95.08","1","Industrial","Suburban","5.5164","50.6207","50.0","Liège                                                                           ","BE005C1                                           ","383700","E1a/validated data AQ e-Reporting","18/03/2023 21:54:56","http://fme.discomap.eea.europa.eu/fmedatastreaming/AirQualityDownload/AQData_Extract.fmw?CountryCode=BE&CityName=&Pollutant=1&Year_from=2016&Year_to=2016&Station=STA-BETR223&Samplingpoint=&Source=E1a&Output=HTML&UpdateDate="
"Belgium","NET-Wallonia","Wallonia","BETN073","43N073 - VEZIN","SPO-BETN073_06001_100","PM2.5","Particulate matter < 2.5 µm (aerosol)","P1Y-day-min","1 year day min","2016","0.000","ug/m3","100.00","1","Background","Rural","4.9884","50.5027","160.0","","","","E1a/validated data AQ e-Reporting","18/03/2023 21:55:29","http://fme.discomap.eea.europa.eu/fmedatastreaming/AirQualityDownload/AQData_Extract.fmw?CountryCode=BE&CityName=&Pollutant=6001&Year_from=2016&Year_to=2016&Station=STA-BETN073&Samplingpoint=&Source=E1a&Output=HTML&UpdateDate="
"Belgium","NET-Wallonia","Wallonia","BETN085","43N085 - VIELSALM","SPO-BETN085_00007_100","O3","Ozone (air)","SOMO10","Sum of Ozone Means Over 10 ppb","2016","15269.084","ug/m3","96.17","1","Background","Rural","6.0017","50.3032","490.0","","","","E1a/validated data AQ e-Reporting","18/03/2023 22:59:50","http://fme.discomap.eea.europa.eu/fmedatastreaming/AirQualityDownload/AQData_Extract.fmw?CountryCode=BE&CityName=&Pollutant=7&Year_from=2016&Year_to=2016&Station=STA-BETN085&Samplingpoint=&Source=E1a&Output=HTML&UpdateDate="
"Belgium","NET-Wallonia","Wallonia","BETR512","45R512 - MARCHIENNE","SPO-BETR512_00008_100","NO2","Nitrogen dioxide (air)","P1Y-hr-max19","1 year hour max19","2016","83.500","ug/m3","97.43","1","Industrial","Suburban","4.3959","50.4078","107.0","Charleroi                                                                       ","BE004C1                                           ","203314","E1a/validated data AQ e-Reporting","18/03/2023 22:34:35","http://fme.discomap.eea.europa.eu/fmedatastreaming/AirQualityDownload/AQData_Extract.fmw?CountryCode=BE&CityName=&Pollutant=8&Year_from=2016&Year_to=2016&Station=STA-BETR512&Samplingpoint=&Source=E1a&Output=HTML&UpdateDate="
"Belgium","NET-Wallonia","Wallonia","BETN070","43N070 - MONS","SPO-BETN070_00005_100","PM10","Particulate matter < 10 µm (aerosol)","P1Y-daysAbove50","1 year day exceed 50","2016","12.000","count","100.00","1","Background","Suburban","3.9397","50.4652","30.0","Mons                                                                            ","BE009C1                                           ","95922","E1a/validated data AQ e-Reporting","18/03/2023 22:27:00","http://fme.discomap.eea.europa.eu/fmedatastreaming/AirQualityDownload/AQData_Extract.fmw?CountryCode=BE&CityName=&Pollutant=5&Year_from=2016&Year_to=2016&Station=STA-BETN070&Samplingpoint=&Source=E1a&Output=HTML&UpdateDate="
"Belgium","NET-Wallonia","Wallonia","BETN100","43N100 - DOURBES","SPO-BETN100_00001_100","SO2","Sulphur dioxide (air)","P1Y-day-per50","1 year 50 %ile of daily values in a year","2016","0.065","ug/m3","98.09","1","Background","Rural","4.5948","50.0957","225.0","","","","E1a/validated data AQ e-Reporting","18/03/2023 22:14:46","http://fme.discomap.eea.europa.eu/fmedatastreaming/AirQualityDownload/AQData_Extract.fmw?CountryCode=BE&CityName=&Pollutant=1&Year_from=2016&Year_to=2016&Station=STA-BETN100&Samplingpoint=&Source=E1a&Output=HTML&UpdateDate="
"Belgium","NET-Wallonia","Wallonia","BETN070","43N070 - MONS","SPO-BETN070_00008_100","NO2","Nitrogen dioxide (air)","P1Y-hr-max-per99.79","1 year 99.79 %ile of hourly values in a given year","2016","93.500","ug/m3","97.34","1","Background","Suburban","3.9397","50.4652","30.0","Mons                                                                            ","BE009C1                                           ","95922","E1a/validated data AQ e-Reporting","18/03/2023 22:07:35","http://fme.discomap.eea.europa.eu/fmedatastreaming/AirQualityDownload/AQData_Extract.fmw?CountryCode=BE&CityName=&Pollutant=8&Year_from=2016&Year_to=2016&Station=STA-BETN070&Samplingpoint=&Source=E1a&Output=HTML&UpdateDate="
"Belgium","NET-Wallonia","Wallonia","BETR510","45R510 - CHATELINEAU","SPO-BETR510_00005_100","PM10","Particulate matter < 10 µm (aerosol)","P1Y-hr-per50","1 year 50 percentile","2016","15.271","ug/m3","99.69","1","Background","Suburban","4.5211","50.4164","118.0","Charleroi                                                                       ","BE004C1                                           ","203314","E1a/validated data AQ e-Reporting","18/03/2023 22:05:49","http://fme.discomap.eea.europa.eu/fmedatastreaming/AirQualityDownload/AQData_Extract.fmw?CountryCode=BE&CityName=&Pollutant=5&Year_from=2016&Year_to=2016&Station=STA-BETR510&Samplingpoint=&Source=E1a&Output=HTML&UpdateDate="
"Belgium","NET-Wallonia","Wallonia","BEVN100","50N100 - DOURBES","SPO-BEVN100_00024_100","CH2=CH-CH=CH2","1.3 Butadiene (air)","P1Y","Annual mean / 1 calendar year","2016","0.000","ug/m3","48.36","1","Background","Rural","4.5948","50.0957","225.0","","","","E1a/validated data AQ e-Reporting","18/03/2023 21:08:58","http://fme.discomap.eea.europa.eu/fmedatastreaming/AirQualityDownload/AQData_Extract.fmw?CountryCode=BE&CityName=&Pollutant=24&Year_from=2016&Year_to=2016&Station=STA-BEVN100&Samplingpoint=&Source=E1a&Output=HTML&UpdateDate="
"Belgium","NET-Wallonia","Wallonia","BEVN520","50N520 - PERUWELZ","SPO-BEVN520_00475_100","C8H18","n-Octane (air)","P1Y","Annual mean / 1 calendar year","2016","0.000","ug/m3","48.09","1","Background","Suburban","3.5943","50.5055","30.0","","","","E1a/validated data AQ e-Reporting","18/03/2023 21:08:58","http://fme.discomap.eea.europa.eu/fmedatastreaming/AirQualityDownload/AQData_Extract.fmw?CountryCode=BE&CityName=&Pollutant=475&Year_from=2016&Year_to=2016&Station=STA-BEVN520&Samplingpoint=&Source=E1a&Output=HTML&UpdateDate="
"Belgium","NET-Wallonia","Wallonia","BETR511","45R511 - MARCINELLE","SPO-BETR511_06001_100","PM2.5","Particulate matter < 2.5 µm (aerosol)","P3Y","3 subsequent calendar years mean","2016","11.237","ug/m3","98.97","1","Background","Suburban","4.4247","50.3776","157.0","Charleroi                                                                       ","BE004C1                                           ","203314","E1a/validated data AQ e-Reporting","18/03/2023 21:36:00","http://fme.discomap.eea.europa.eu/fmedatastreaming/AirQualityDownload/AQData_Extract.fmw?CountryCode=BE&CityName=&Pollutant=6001&Year_from=2016&Year_to=2016&Station=STA-BETR511&Samplingpoint=&Source=E1a&Output=HTML&UpdateDate="
"Belgium","NET-Wallonia","Wallonia","BETR501","45R501 - CHARLEROI","SPO-BETR501_06001_100","PM2.5","Particulate matter < 2.5 µm (aerosol)","P1Y-day-per50","1 year 50 %ile of daily values in a year","2016","9.382","ug/m3","100.00","1","Background","Urban","4.4522","50.4093","115.0","Charleroi                                                                       ","BE004C1                                           ","203314","E1a/validated data AQ e-Reporting","18/03/2023 22:11:51","http://fme.discomap.eea.europa.eu/fmedatastreaming/AirQualityDownload/AQData_Extract.fmw?CountryCode=BE&CityName=&Pollutant=6001&Year_from=2016&Year_to=2016&Station=STA-BETR501&Samplingpoint=&Source=E1a&Output=HTML&UpdateDate="
"Belgium","NET-Wallonia","Wallonia","BEVN132","50N132 - HABAY-LA-N.","SPO-BEVN132_00441_100","C7H16","n-Heptane (air)","P1Y","Annual mean / 1 calendar year","2016","0.000","ug/m3","47.27","1","Background","Rural","5.6304","49.7193","375.0","","","","E1a/validated data AQ e-Reporting","18/03/2023 21:08:58","http://fme.discomap.eea.europa.eu/fmedatastreaming/AirQualityDownload/AQData_Extract.fmw?CountryCode=BE&CityName=&Pollutant=441&Year_from=2016&Year_to=2016&Station=STA-BEVN132&Samplingpoint=&Source=E1a&Output=HTML&UpdateDate="
"Belgium","NET-Flanders","Flanders","BETR831","42R831 - BERENDRECHT","SPO-BETR831_00008_100","NO2","Nitrogen dioxide (air)","P1Y-hr-per50","1 year 50 percentile","2016","24.500","ug/m3","88.85","1","Industrial","Rural","4.3397","51.3488","3.0","Antwerpen                                                                       ","BE002C1                                           ","530014","E1a/validated data AQ e-Reporting","18/03/2023 22:05:49","http://fme.discomap.eea.europa.eu/fmedatastreaming/AirQualityDownload/AQData_Extract.fmw?CountryCode=BE&CityName=&Pollutant=8&Year_from=2016&Year_to=2016&Station=STA-BETR831&Samplingpoint=&Source=E1a&Output=HTML&UpdateDate="
"Belgium","NET-Flanders","Flanders","BETR841","42R841 - MECHELEN","SPO-BETR841_00005_100","PM10","Particulate matter < 10 µm (aerosol)","P1Y-P1D-per90.41","1 year 90.41 percentile","2016","35.350","ug/m3","98.09","1","Background","Suburban","4.4693","51.0025","8.0","Mechelen                                                                        ","BE012C1                                           ","86911","E1a/validated data AQ e-Reporting","18/03/2023 22:09:05","http://fme.discomap.eea.europa.eu/fmedatastreaming/AirQualityDownload/AQData_Extract.fmw?CountryCode=BE&CityName=&Pollutant=5&Year_from=2016&Year_to=2016&Station=STA-BETR841&Samplingpoint=&Source=E1a&Output=HTML&UpdateDate="
"Belgium","NET-Wallonia","Wallonia","BETN113","43N113 - SAINT-ODE","SPO-BETN113_00007_100","O3","Ozone (air)","P1Y-dx-avg","1 year daymax average","2016","68.195","ug/m3","88.52","1","Background","Rural","5.5930","50.0270","510.0","","","","E1a/validated data AQ e-Reporting","18/03/2023 22:27:48","http://fme.discomap.eea.europa.eu/fmedatastreaming/AirQualityDownload/AQData_Extract.fmw?CountryCode=BE&CityName=&Pollutant=7&Year_from=2016&Year_to=2016&Station=STA-BETN113&Samplingpoint=&Source=E1a&Output=HTML&UpdateDate="
"Belgium","NET-Wallonia","Wallonia","BEVN063","50N063 - CORROY L.G.","SPO-BEVN063_06011_100","1,2,4-C6H3(CH3)3","1,2,4-Trimethylbenzene (air)","P1Y","Annual mean / 1 calendar year","2016","0.000","ug/m3","46.45","1","Background","Rural","4.6683","50.6554","145.0","","","","E1a/validated data AQ e-Reporting","18/03/2023 21:08:58","http://fme.discomap.eea.europa.eu/fmedatastreaming/AirQualityDownload/AQData_Extract.fmw?CountryCode=BE&CityName=&Pollutant=6011&Year_from=2016&Year_to=2016&Station=STA-BEVN063&Samplingpoint=&Source=E1a&Output=HTML&UpdateDate="
"Belgium","NET-Wallonia","Wallonia","BEVN066","50N066 - EUPEN","SPO-BEVN066_00316_100","(CH3)2-CH-CH2-CH2-CH3","i-Hexane (2-methylpentane) (air)","P1Y","Annual mean / 1 calendar year","2016","0.000","ug/m3","48.63","1","Background","Rural","6.0023","50.6289","295.0","","","","E1a/validated data AQ e-Reporting","18/03/2023 21:08:58","http://fme.discomap.eea.europa.eu/fmedatastreaming/AirQualityDownload/AQData_Extract.fmw?CountryCode=BE&CityName=&Pollutant=316&Year_from=2016&Year_to=2016&Station=STA-BEVN066&Samplingpoint=&Source=E1a&Output=HTML&UpdateDate="
"Belgium","NET-Wallonia","Wallonia","BEVN063","50N063 - CORROY L.G.","SPO-BEVN063_00450_100","H3C-CH2-CH(CH3)2","i-Pentane (2-methylbutane) (air)","P1Y","Annual mean / 1 calendar year","2016","0.000","ug/m3","44.81","1","Background","Rural","4.6683","50.6554","145.0","","","","E1a/validated data AQ e-Reporting","18/03/2023 21:08:58","http://fme.discomap.eea.europa.eu/fmedatastreaming/AirQualityDownload/AQData_Extract.fmw?CountryCode=BE&CityName=&Pollutant=450&Year_from=2016&Year_to=2016&Station=STA-BEVN063&Samplingpoint=&Source=E1a&Output=HTML&UpdateDate="
"Belgium","NET-Wallonia","Wallonia","BEVN073","50N073 - VEZIN","SPO-BEVN073_00024_100","CH2=CH-CH=CH2","1.3 Butadiene (air)","P1Y","Annual mean / 1 calendar year","2016","0.000","ug/m3","50.00","1","Background","Rural","4.9884","50.5027","160.0","","","","E1a/validated data AQ e-Reporting","18/03/2023 21:08:58","http://fme.discomap.eea.europa.eu/fmedatastreaming/AirQualityDownload/AQData_Extract.fmw?CountryCode=BE&CityName=&Pollutant=24&Year_from=2016&Year_to=2016&Station=STA-BEVN073&Samplingpoint=&Source=E1a&Output=HTML&UpdateDate="
"Belgium","NET-Wallonia","Wallonia","BEVN070","50N070 - MONS","SPO-BEVN070_00020_100","C6H6","Benzene (air)","P1Y-day-per50","1 year 50 %ile of daily values in a year","2016","0.450","ug/m3","47.81","1","Background","Suburban","3.9397","50.4652","30.0","Mons                                                                            ","BE009C1                                           ","95922","E1a/validated data AQ e-Reporting","18/03/2023 22:13:51","http://fme.discomap.eea.europa.eu/fmedatastreaming/AirQualityDownload/AQData_Extract.fmw?CountryCode=BE&CityName=&Pollutant=20&Year_from=2016&Year_to=2016&Station=STA-BEVN070&Samplingpoint=&Source=E1a&Output=HTML&UpdateDate="
"Belgium","NET-Wallonia","Wallonia","BETR502","45R502 - LODELINSART","SPO-BETR502_06001_100","PM2.5","Particulate matter < 2.5 µm (aerosol)","P1Y-hr-max","1 year hour max","2016","119.177","ug/m3","99.77","1","Background","Suburban","4.4587","50.4290","135.0","Charleroi                                                                       ","BE004C1                                           ","203314","E1a/validated data AQ e-Reporting","18/03/2023 21:57:02","http://fme.discomap.eea.europa.eu/fmedatastreaming/AirQualityDownload/AQData_Extract.fmw?CountryCode=BE&CityName=&Pollutant=6001&Year_from=2016&Year_to=2016&Station=STA-BETR502&Samplingpoint=&Source=E1a&Output=HTML&UpdateDate="
"Belgium","NET-Wallonia","Wallonia","BETR502","45R502 - LODELINSART","SPO-BETR502_00007_100","O3","Ozone (air)","summer-avg","Summer mean","2016","46.269","ug/m3","95.45","1","Background","Suburban","4.4587","50.4290","135.0","Charleroi                                                                       ","BE004C1                                           ","203314","E1a/validated data AQ e-Reporting","18/03/2023 22:50:22","http://fme.discomap.eea.europa.eu/fmedatastreaming/AirQualityDownload/AQData_Extract.fmw?CountryCode=BE&CityName=&Pollutant=7&Year_from=2016&Year_to=2016&Station=STA-BETR502&Samplingpoint=&Source=E1a&Output=HTML&UpdateDate="
"Belgium","NET-Wallonia","Wallonia","BEVR240","50R240 - ENGIS","SPO-BEVR240_00316_100","(CH3)2-CH-CH2-CH2-CH3","i-Hexane (2-methylpentane) (air)","P1Y","Annual mean / 1 calendar year","2016","0.000","ug/m3","46.99","1","Industrial","Suburban","5.3975","50.5836","135.0","","","","E1a/validated data AQ e-Reporting","18/03/2023 21:08:58","http://fme.discomap.eea.europa.eu/fmedatastreaming/AirQualityDownload/AQData_Extract.fmw?CountryCode=BE&CityName=&Pollutant=316&Year_from=2016&Year_to=2016&Station=STA-BEVR240&Samplingpoint=&Source=E1a&Output=HTML&UpdateDate="
"Belgium","NET-Wallonia","Wallonia","BEVR240","50R240 - ENGIS","SPO-BEVR240_00024_100","CH2=CH-CH=CH2","1.3 Butadiene (air)","P1Y","Annual mean / 1 calendar year","2016","0.000","ug/m3","48.63","1","Industrial","Suburban","5.3975","50.5836","135.0","","","","E1a/validated data AQ e-Reporting","18/03/2023 21:08:58","http://fme.discomap.eea.europa.eu/fmedatastreaming/AirQualityDownload/AQData_Extract.fmw?CountryCode=BE&CityName=&Pollutant=24&Year_from=2016&Year_to=2016&Station=STA-BEVR240&Samplingpoint=&Source=E1a&Output=HTML&UpdateDate="
"Belgium","NET-Wallonia","Wallonia","BEVR221","50R221 - LIEGE","SPO-BEVR221_00024_100","CH2=CH-CH=CH2","1.3 Butadiene (air)","P1Y","Annual mean / 1 calendar year","2016","0.000","ug/m3","47.27","1","Background","Urban","5.6278","50.6584","65.0","Liège                                                                           ","BE005C1                                           ","383700","E1a/validated data AQ e-Reporting","18/03/2023 21:08:58","http://fme.discomap.eea.europa.eu/fmedatastreaming/AirQualityDownload/AQData_Extract.fmw?CountryCode=BE&CityName=&Pollutant=24&Year_from=2016&Year_to=2016&Station=STA-BEVR221&Samplingpoint=&Source=E1a&Output=HTML&UpdateDate="
"Belgium","NET-Wallonia","Wallonia","BEVR221","50R221 - LIEGE","SPO-BEVR221_06011_100","1,2,4-C6H3(CH3)3","1,2,4-Trimethylbenzene (air)","P1Y","Annual mean / 1 calendar year","2016","0.000","ug/m3","45.90","1","Background","Urban","5.6278","50.6584","65.0","Liège                                                                           ","BE005C1                                           ","383700","E1a/validated data AQ e-Reporting","18/03/2023 21:08:58","http://fme.discomap.eea.europa.eu/fmedatastreaming/AirQualityDownload/AQData_Extract.fmw?CountryCode=BE&CityName=&Pollutant=6011&Year_from=2016&Year_to=2016&Station=STA-BEVR221&Samplingpoint=&Source=E1a&Output=HTML&UpdateDate="
"Belgium","NET-Wallonia","Wallonia","BEVN085","50N085 - VIELSALM","SPO-BEVN085_06007_100","cis-H3C-CH=CH-CH3","cis-2-Butene (air)","P1Y","Annual mean / 1 calendar year","2016","0.000","ug/m3","47.27","1","Background","Rural","6.0017","50.3032","490.0","","","","E1a/validated data AQ e-Reporting","18/03/2023 21:08:58","http://fme.discomap.eea.europa.eu/fmedatastreaming/AirQualityDownload/AQData_Extract.fmw?CountryCode=BE&CityName=&Pollutant=6007&Year_from=2016&Year_to=2016&Station=STA-BEVN085&Samplingpoint=&Source=E1a&Output=HTML&UpdateDate="
"Belgium","NET-Brussels","Brussels","BETWOL1","41WOL1 - WOL.ST.L.","SPO-BETWOL1_00008_100","NO2","Nitrogen dioxide (air)","P1Y-hr-max19","1 year hour max19","2016","97.500","ug/m3","96.81","1","Traffic","Suburban","4.4258","50.8567","78.0","Bruxelles / Brussel                                                             ","BE001C1                                           ","1223364","E1a/validated data AQ e-Reporting","18/03/2023 22:34:35","http://fme.discomap.eea.europa.eu/fmedatastreaming/AirQualityDownload/AQData_Extract.fmw?CountryCode=BE&CityName=&Pollutant=8&Year_from=2016&Year_to=2016&Station=STA-BETWOL1&Samplingpoint=&Source=E1a&Output=HTML&UpdateDate="
"Belgium","NET-Brussels","Brussels","BEVR001","51R001 - MOLENBEEK","SPO-BEVR001_00020_100","C6H6","Benzene (air)","P1Y-day-max","1 year day max","2016","1.500","ug/m3","95.63","1","Background","Urban","4.3338","50.8497","15.0","Bruxelles / Brussel                                                             ","BE001C1                                           ","1223364","E1a/validated data AQ e-Reporting","18/03/2023 21:43:39","http://fme.discomap.eea.europa.eu/fmedatastreaming/AirQualityDownload/AQData_Extract.fmw?CountryCode=BE&CityName=&Pollutant=20&Year_from=2016&Year_to=2016&Station=STA-BEVR001&Samplingpoint=&Source=E1a&Output=HTML&UpdateDate="
"Belgium","NET-Brussels","Brussels","BEVR001","51R001 - MOLENBEEK","SPO-BEVR001_00020_100","C6H6","Benzene (air)","P1Y-day-min","1 year day min","2016","0.300","ug/m3","95.63","1","Background","Urban","4.3338","50.8497","15.0","Bruxelles / Brussel                                                             ","BE001C1                                           ","1223364","E1a/validated data AQ e-Reporting","18/03/2023 21:55:46","http://fme.discomap.eea.europa.eu/fmedatastreaming/AirQualityDownload/AQData_Extract.fmw?CountryCode=BE&CityName=&Pollutant=20&Year_from=2016&Year_to=2016&Station=STA-BEVR001&Samplingpoint=&Source=E1a&Output=HTML&UpdateDate="
"Belgium","NET-Brussels","Brussels","BEVR001","51R001 - MOLENBEEK","SPO-BEVR001_00475_100","C8H18","n-Octane (air)","P1Y","Annual mean / 1 calendar year","2016","0.000","ug/m3","95.63","1","Background","Urban","4.3338","50.8497","15.0","Bruxelles / Brussel                                                             ","BE001C1                                           ","1223364","E1a/validated data AQ e-Reporting","18/03/2023 21:08:58","http://fme.discomap.eea.europa.eu/fmedatastreaming/AirQualityDownload/AQData_Extract.fmw?CountryCode=BE&CityName=&Pollutant=475&Year_from=2016&Year_to=2016&Station=STA-BEVR001&Samplingpoint=&Source=E1a&Output=HTML&UpdateDate="
"Belgium","NET-Brussels","Brussels","BEVWOL1","51WOL1 - WOL.ST.L.","SPO-BEVWOL1_00020_100","C6H6","Benzene (air)","P1Y-day-per50","1 year 50 %ile of daily values in a year","2016","0.408","ug/m3","94.54","1","Background","Suburban","4.4257","50.8566","77.0","Bruxelles / Brussel                                                             ","BE001C1                                           ","1223364","E1a/validated data AQ e-Reporting","18/03/2023 22:13:51","http://fme.discomap.eea.europa.eu/fmedatastreaming/AirQualityDownload/AQData_Extract.fmw?CountryCode=BE&CityName=&Pollutant=20&Year_from=2016&Year_to=2016&Station=STA-BEVWOL1&Samplingpoint=&Source=E1a&Output=HTML&UpdateDate="
"Belgium","NET-Flanders","Flanders","BETE811","47E811 - DIEPENBEEK","SPO-BETE811_00001_100","SO2","Sulphur dioxide (air)","P1Y-day-max-per99.18","1 year 99.18 percentile of daily maximum","2016","4.587","ug/m3","46.99","1","Industrial","Rural","5.4182","50.8969","59.0","","","","E1a/validated data AQ e-Reporting","18/03/2023 22:12:16","http://fme.discomap.eea.europa.eu/fmedatastreaming/AirQualityDownload/AQData_Extract.fmw?CountryCode=BE&CityName=&Pollutant=1&Year_from=2016&Year_to=2016&Station=STA-BETE811&Samplingpoint=&Source=E1a&Output=HTML&UpdateDate="
"Belgium","NET-Flanders","Flanders","BEDNE02","65NE02 - NIEL
","SPO-BEDNE02_00717_100","Pyrene","pyrene (precip+dry_dep)","P1Y","Annual mean / 1 calendar year","2016","25.147","ng/m2/day","22.95","1","Background","Rural","4.3353","51.0990","0.0","","","","E1a/validated data AQ e-Reporting","18/03/2023 21:08:58","http://fme.discomap.eea.europa.eu/fmedatastreaming/AirQualityDownload/AQData_Extract.fmw?CountryCode=BE&CityName=&Pollutant=717&Year_from=2016&Year_to=2016&Station=STA-BEDNE02&Samplingpoint=&Source=E1a&Output=HTML&UpdateDate="
"Belgium","NET-Flanders","Flanders","BEDNE02","65NE02 - NIEL
","SPO-BEDNE02_07435_100","Fluorene","Fluorene (precip+dry_dep)","P1Y","Annual mean / 1 calendar year","2016","8.943","ng/m2/day","22.95","1","Background","Rural","4.3353","51.0990","0.0","","","","E1a/validated data AQ e-Reporting","18/03/2023 21:08:58","http://fme.discomap.eea.europa.eu/fmedatastreaming/AirQualityDownload/AQData_Extract.fmw?CountryCode=BE&CityName=&Pollutant=7435&Year_from=2016&Year_to=2016&Station=STA-BEDNE02&Samplingpoint=&Source=E1a&Output=HTML&UpdateDate="
"Belgium","NET-Brussels","Brussels","BETMEU1","41MEU1 - MEUDON","SPO-BETMEU1_00005_100","PM10","Particulate matter < 10 µm (aerosol)","P1Y-day-min","1 year day min","2016","5.292","ug/m3","92.35","1","Background","Suburban","4.3957","50.8950","34.0","Bruxelles / Brussel                                                             ","BE001C1                                           ","1223364","E1a/validated data AQ e-Reporting","18/03/2023 21:55:13","http://fme.discomap.eea.europa.eu/fmedatastreaming/AirQualityDownload/AQData_Extract.fmw?CountryCode=BE&CityName=&Pollutant=5&Year_from=2016&Year_to=2016&Station=STA-BETMEU1&Samplingpoint=&Source=E1a&Output=HTML&UpdateDate="
"Belgium","NET-Flanders","Flanders","BELAB02","40AB02 - BERENDRECHT","SPO-BELAB02_06001_100","PM2.5","Particulate matter < 2.5 µm (aerosol)","P1Y-day-max","1 year day max","2016","58.688","ug/m3","100.00","1","Background","Suburban","4.3218","51.3407","10.0","Antwerpen                                                                       ","BE002C1                                           ","530014","E1a/validated data AQ e-Reporting","18/03/2023 21:43:22","http://fme.discomap.eea.europa.eu/fmedatastreaming/AirQualityDownload/AQData_Extract.fmw?CountryCode=BE&CityName=&Pollutant=6001&Year_from=2016&Year_to=2016&Station=STA-BELAB02&Samplingpoint=&Source=E1a&Output=HTML&UpdateDate="
"Belgium","NET-Flanders","Flanders","BELAL03","40AL03 - BEVEREN","SPO-BELAL03_06001_100","PM2.5","Particulate matter < 2.5 µm (aerosol)","P1Y","Annual mean / 1 calendar year","2016","16.436","ug/m3","99.37","1","Industrial","Rural","4.2015","51.2540","4.0","","","","E1a/validated data AQ e-Reporting","18/03/2023 21:08:58","http://fme.discomap.eea.europa.eu/fmedatastreaming/AirQualityDownload/AQData_Extract.fmw?CountryCode=BE&CityName=&Pollutant=6001&Year_from=2016&Year_to=2016&Station=STA-BELAL03&Samplingpoint=&Source=E1a&Output=HTML&UpdateDate="
"Belgium","NET-Flanders","Flanders","BELSA04","40SA04 - Hoevenen","SPO-BELSA04_00008_100","NO2","Nitrogen dioxide (air)","P3Y","3 subsequent calendar years mean","2016","27.048","ug/m3","92.21","1","Industrial","Rural","4.4039","51.3139","6.0","","","","E1a/validated data AQ e-Reporting","18/03/2023 21:36:00","http://fme.discomap.eea.europa.eu/fmedatastreaming/AirQualityDownload/AQData_Extract.fmw?CountryCode=BE&CityName=&Pollutant=8&Year_from=2016&Year_to=2016&Station=STA-BELSA04&Samplingpoint=&Source=E1a&Output=HTML&UpdateDate="
"Belgium","NET-Flanders","Flanders","BELSZ02","40SZ02 - STEENOKKERZ","SPO-BELSZ02_00001_100","SO2","Sulphur dioxide (air)","P1Y-hr-max","1 year hour max","2016","16.000","ug/m3","96.88","1","Industrial","Rural","4.5122","50.9130","15.0","","","","E1a/validated data AQ e-Reporting","18/03/2023 21:57:02","http://fme.discomap.eea.europa.eu/fmedatastreaming/AirQualityDownload/AQData_Extract.fmw?CountryCode=BE&CityName=&Pollutant=1&Year_from=2016&Year_to=2016&Station=STA-BELSZ02&Samplingpoint=&Source=E1a&Output=HTML&UpdateDate="
"Belgium","NET-Flanders","Flanders","BELSZ02","40SZ02 - STEENOKKERZ","SPO-BELSZ02_06001_100","PM2.5","Particulate matter < 2.5 µm (aerosol)","P1Y-P1D-per99","1 year 99 percentile of daily means (P1D) or .../aq/primaryObservation/day","2016","46.271","ug/m3","98.63","1","Industrial","Rural","4.5122","50.9130","15.0","","","","E1a/validated data AQ e-Reporting","18/03/2023 22:10:03","http://fme.discomap.eea.europa.eu/fmedatastreaming/AirQualityDownload/AQData_Extract.fmw?CountryCode=BE&CityName=&Pollutant=6001&Year_from=2016&Year_to=2016&Station=STA-BELSZ02&Samplingpoint=&Source=E1a&Output=HTML&UpdateDate="
"Belgium","NET-Flanders","Flanders","BELR833","40R833 - STABROEK","SPO-BELR833_00008_100","NO2","Nitrogen dioxide (air)","P1Y-day-max","1 year day max","2016","69.271","ug/m3","98.09","1","Industrial","Rural","4.3623","51.3277","5.0","","","","E1a/validated data AQ e-Reporting","18/03/2023 21:43:56","http://fme.discomap.eea.europa.eu/fmedatastreaming/AirQualityDownload/AQData_Extract.fmw?CountryCode=BE&CityName=&Pollutant=8&Year_from=2016&Year_to=2016&Station=STA-BELR833&Samplingpoint=&Source=E1a&Output=HTML&UpdateDate="
"Belgium","NET-Flanders","Flanders","BELRB01","40RB01 - RUISBROEK","SPO-BELRB01_00005_100","PM10","Particulate matter < 10 µm (aerosol)","P1Y-P1D-per90.4","1 year 90.4 percentile - COMPLIANCE","2016","42.683","ug/m3","8.47","1","Industrial","Suburban","4.3312","51.0894","0.0","","","","E1a/validated data AQ e-Reporting","18/03/2023 22:08:35","http://fme.discomap.eea.europa.eu/fmedatastreaming/AirQualityDownload/AQData_Extract.fmw?CountryCode=BE&CityName=&Pollutant=5&Year_from=2016&Year_to=2016&Station=STA-BELRB01&Samplingpoint=&Source=E1a&Output=HTML&UpdateDate="
"Belgium","NET-Brussels","Brussels","BETB004","41B004 - STE.CATHERI","SPO-BETB004_00010_100","CO","Carbon monoxide (air)","P1Y-hr-min","1 year hour min","2016","0.110","mg/m3","90.68","1","Background","Urban","4.3478","50.8521","17.0","Bruxelles / Brussel                                                             ","BE001C1                                           ","1223364","E1a/validated data AQ e-Reporting","18/03/2023 22:31:20","http://fme.discomap.eea.europa.eu/fmedatastreaming/AirQualityDownload/AQData_Extract.fmw?CountryCode=BE&CityName=&Pollutant=10&Year_from=2016&Year_to=2016&Station=STA-BETB004&Samplingpoint=&Source=E1a&Output=HTML&UpdateDate="
"Belgium","NET-Brussels","Brussels","BETB006","41B006 - PARL.EUROPE","SPO-BETB006_00010_100","CO","Carbon monoxide (air)","P1Y-dx-max","1 year day max max","2016","0.374","mg/m3","49.73","1","Background","Urban","4.3744","50.8386","67.0","Bruxelles / Brussel                                                             ","BE001C1                                           ","1223364","E1a/validated data AQ e-Reporting","18/03/2023 21:44:39","http://fme.discomap.eea.europa.eu/fmedatastreaming/AirQualityDownload/AQData_Extract.fmw?CountryCode=BE&CityName=&Pollutant=10&Year_from=2016&Year_to=2016&Station=STA-BETB006&Samplingpoint=&Source=E1a&Output=HTML&UpdateDate="
"Belgium","NET-Flanders","Flanders","BETE007","47E007 - Sint-Pieters-Leeuw","SPO-BETE007_00008_100","NO2","Nitrogen dioxide (air)","P1Y","Annual mean / 1 calendar year","2016","19.552","ug/m3","96.97","1","Industrial","Rural","4.2526","50.7953","54.0","","","","E1a/validated data AQ e-Reporting","18/03/2023 21:08:58","http://fme.discomap.eea.europa.eu/fmedatastreaming/AirQualityDownload/AQData_Extract.fmw?CountryCode=BE&CityName=&Pollutant=8&Year_from=2016&Year_to=2016&Station=STA-BETE007&Samplingpoint=&Source=E1a&Output=HTML&UpdateDate="
"Belgium","NET-Brussels","Brussels","BETR001","41R001 - MOLENBEEK","SPO-BETR001_06001_100","PM2.5","Particulate matter < 2.5 µm (aerosol)","P1Y-day-min","1 year day min","2016","3.329","ug/m3","84.15","1","Background","Urban","4.3341","50.8497","20.0","Bruxelles / Brussel                                                             ","BE001C1                                           ","1223364","E1a/validated data AQ e-Reporting","18/03/2023 21:55:29","http://fme.discomap.eea.europa.eu/fmedatastreaming/AirQualityDownload/AQData_Extract.fmw?CountryCode=BE&CityName=&Pollutant=6001&Year_from=2016&Year_to=2016&Station=STA-BETR001&Samplingpoint=&Source=E1a&Output=HTML&UpdateDate="
"Belgium","NET-Flanders","Flanders","BETE715","47E715 - ZUIENKERKE","SPO-BETE715_00008_100","NO2","Nitrogen dioxide (air)","P1Y-hrsAbove200","1 year hour exceed 200","2016","0.000","count","96.56","1","Industrial","Rural","3.1750","51.2459","4.0","","","","E1a/validated data AQ e-Reporting","18/03/2023 21:48:42","http://fme.discomap.eea.europa.eu/fmedatastreaming/AirQualityDownload/AQData_Extract.fmw?CountryCode=BE&CityName=&Pollutant=8&Year_from=2016&Year_to=2016&Station=STA-BETE715&Samplingpoint=&Source=E1a&Output=HTML&UpdateDate="
"Belgium","NET-Flanders","Flanders","BELMN01","40MN01 - MENEN","SPO-BELMN01_06001_100","PM2.5","Particulate matter < 2.5 µm (aerosol)","P1Y-day-min","1 year day min","2016","2.333","ug/m3","97.81","1","Industrial","Rural","3.1096","50.7935","10.0","","","","E1a/validated data AQ e-Reporting","18/03/2023 21:55:29","http://fme.discomap.eea.europa.eu/fmedatastreaming/AirQualityDownload/AQData_Extract.fmw?CountryCode=BE&CityName=&Pollutant=6001&Year_from=2016&Year_to=2016&Station=STA-BELMN01&Samplingpoint=&Source=E1a&Output=HTML&UpdateDate="
"Belgium","NET-Flanders","Flanders","BESN029","59N029 - VEURNE","SPO-BESN029_00020_100","C6H6","Benzene (air)","P1Y-day-min","1 year day min","2016","0.260","ug/m3","87.98","1","Background","Suburban","2.5823","51.0163","0.0","","","","E1a/validated data AQ e-Reporting","18/03/2023 21:55:46","http://fme.discomap.eea.europa.eu/fmedatastreaming/AirQualityDownload/AQData_Extract.fmw?CountryCode=BE&CityName=&Pollutant=20&Year_from=2016&Year_to=2016&Station=STA-BESN029&Samplingpoint=&Source=E1a&Output=HTML&UpdateDate="
"Belgium","NET-Flanders","Flanders","BELMN01","40MN01 - MENEN","SPO-BELMN01_06001_100","PM2.5","Particulate matter < 2.5 µm (aerosol)","P1Y-day-per50","1 year 50 %ile of daily values in a year","2016","10.646","ug/m3","97.81","1","Industrial","Rural","3.1096","50.7935","10.0","","","","E1a/validated data AQ e-Reporting","18/03/2023 22:11:51","http://fme.discomap.eea.europa.eu/fmedatastreaming/AirQualityDownload/AQData_Extract.fmw?CountryCode=BE&CityName=&Pollutant=6001&Year_from=2016&Year_to=2016&Station=STA-BELMN01&Samplingpoint=&Source=E1a&Output=HTML&UpdateDate="
"Belgium","NET-Flanders","Flanders","BELMN01","40MN01 - MENEN","SPO-BELMN01_06001_100","PM2.5","Particulate matter < 2.5 µm (aerosol)","P1Y-hr-max","1 year hour max","2016","112.500","ug/m3","98.36","1","Industrial","Rural","3.1096","50.7935","10.0","","","","E1a/validated data AQ e-Reporting","18/03/2023 21:57:02","http://fme.discomap.eea.europa.eu/fmedatastreaming/AirQualityDownload/AQData_Extract.fmw?CountryCode=BE&CityName=&Pollutant=6001&Year_from=2016&Year_to=2016&Station=STA-BELMN01&Samplingpoint=&Source=E1a&Output=HTML&UpdateDate="
"Belgium","NET-Flanders","Flanders","BETM802","42M802 - ANTWERPEN","SPO-BETM802_00005_100","PM10","Particulate matter < 10 µm (aerosol)","P1Y","Annual mean / 1 calendar year","2016","23.687","ug/m3","98.57","1","Industrial","Suburban","4.4244","51.2610","3.0","Antwerpen                                                                       ","BE002C1                                           ","530014","E1a/validated data AQ e-Reporting","18/03/2023 21:08:58","http://fme.discomap.eea.europa.eu/fmedatastreaming/AirQualityDownload/AQData_Extract.fmw?CountryCode=BE&CityName=&Pollutant=5&Year_from=2016&Year_to=2016&Station=STA-BETM802&Samplingpoint=&Source=E1a&Output=HTML&UpdateDate="
"Belgium","NET-Brussels","Brussels","BEVR012","51R012 - UCCLE","SPO-BEVR012_00486_100","H3C-(CH2)3-CH3","n-Pentane (air)","P1Y","Annual mean / 1 calendar year","2016","0.001","ug/m3","84.97","1","Background","Suburban","4.3585","50.7966","100.0","Bruxelles / Brussel                                                             ","BE001C1                                           ","1223364","E1a/validated data AQ e-Reporting","18/03/2023 21:08:58","http://fme.discomap.eea.europa.eu/fmedatastreaming/AirQualityDownload/AQData_Extract.fmw?CountryCode=BE&CityName=&Pollutant=486&Year_from=2016&Year_to=2016&Station=STA-BEVR012&Samplingpoint=&Source=E1a&Output=HTML&UpdateDate="
"Belgium","NET-Flanders","Flanders","BEDGI05","65GI05 - GRIMBERGEN
","SPO-BEDGI05_00645_100","Fluoranthene","fluoranthene (precip+dry_dep)","P1Y","Annual mean / 1 calendar year","2016","124.077","ng/m2/day","22.95","1","Background","Suburban","4.4189","50.9482","0.0","","","","E1a/validated data AQ e-Reporting","18/03/2023 21:08:58","http://fme.discomap.eea.europa.eu/fmedatastreaming/AirQualityDownload/AQData_Extract.fmw?CountryCode=BE&CityName=&Pollutant=645&Year_from=2016&Year_to=2016&Station=STA-BEDGI05&Samplingpoint=&Source=E1a&Output=HTML&UpdateDate="
"Belgium","NET-Flanders","Flanders","BETN016","42N016 - DESSEL","SPO-BETN016_00007_100","O3","Ozone (air)","SOMO10","Sum of Ozone Means Over 10 ppb","2016","15769.132","ug/m3","95.63","1","Background","Rural","5.1640","51.2337","30.0","","","","E1a/validated data AQ e-Reporting","18/03/2023 22:59:50","http://fme.discomap.eea.europa.eu/fmedatastreaming/AirQualityDownload/AQData_Extract.fmw?CountryCode=BE&CityName=&Pollutant=7&Year_from=2016&Year_to=2016&Station=STA-BETN016&Samplingpoint=&Source=E1a&Output=HTML&UpdateDate="
"Belgium","NET-Flanders","Flanders","BELSA04","40SA04 - Hoevenen","SPO-BELSA04_00005_100","PM10","Particulate matter < 10 µm (aerosol)","P3Y","3 subsequent calendar years mean","2016","22.438","ug/m3","95.72","1","Industrial","Rural","4.4039","51.3139","6.0","","","","E1a/validated data AQ e-Reporting","18/03/2023 21:36:00","http://fme.discomap.eea.europa.eu/fmedatastreaming/AirQualityDownload/AQData_Extract.fmw?CountryCode=BE&CityName=&Pollutant=5&Year_from=2016&Year_to=2016&Station=STA-BELSA04&Samplingpoint=&Source=E1a&Output=HTML&UpdateDate="
"Belgium","NET-Flanders","Flanders","BEDGN78","65GN78 - GENT
","SPO-BEDGN78_00717_100","Pyrene","pyrene (precip+dry_dep)","P1Y","Annual mean / 1 calendar year","2016","693.047","ng/m2/day","22.95","1","Background","Urban","3.7264","51.0857","0.0","Gent                                                                            ","BE003C1                                           ","263687","E1a/validated data AQ e-Reporting","18/03/2023 21:08:58","http://fme.discomap.eea.europa.eu/fmedatastreaming/AirQualityDownload/AQData_Extract.fmw?CountryCode=BE&CityName=&Pollutant=717&Year_from=2016&Year_to=2016&Station=STA-BEDGN78&Samplingpoint=&Source=E1a&Output=HTML&UpdateDate="
"Belgium","NET-Flanders","Flanders","BEMR802","00R802 - BORGERHOUT","SPO-BEMR802_05015_100","Ni in PM10","Nickel in PM10 (aerosol)","P1Y","Annual mean / 1 calendar year","2016","0.884","ng/m3","97.27","1","Traffic","Urban","4.4318","51.2097","5.0","Antwerpen                                                                       ","BE002C1                                           ","530014","E1a/validated data AQ e-Reporting","18/03/2023 21:08:58","http://fme.discomap.eea.europa.eu/fmedatastreaming/AirQualityDownload/AQData_Extract.fmw?CountryCode=BE&CityName=&Pollutant=5015&Year_from=2016&Year_to=2016&Station=STA-BEMR802&Samplingpoint=&Source=E1a&Output=HTML&UpdateDate="
"Belgium","NET-Flanders","Flanders","BETM802","42M802 - ANTWERPEN","SPO-BETM802_00001_100","SO2","Sulphur dioxide (air)","P1Y-3hAbove500","3 consecutive hours in exceedance of 500","2016","0.000","count","96.02","1","Industrial","Suburban","4.4244","51.2610","3.0","Antwerpen                                                                       ","BE002C1                                           ","530014","E1a/validated data AQ e-Reporting","18/03/2023 22:18:09","http://fme.discomap.eea.europa.eu/fmedatastreaming/AirQualityDownload/AQData_Extract.fmw?CountryCode=BE&CityName=&Pollutant=1&Year_from=2016&Year_to=2016&Station=STA-BETM802&Samplingpoint=&Source=E1a&Output=HTML&UpdateDate="
"Belgium","NET-Flanders","Flanders","BESN035","59N035 - AARSCHOT","SPO-BESN035_00450_100","H3C-CH2-CH(CH3)2","i-Pentane (2-methylbutane) (air)","P1Y","Annual mean / 1 calendar year","2016","0.000","ug/m3","84.16","1","Background","Suburban","4.8376","50.9776","0.0","","","","E1a/validated data AQ e-Reporting","18/03/2023 21:08:58","http://fme.discomap.eea.europa.eu/fmedatastreaming/AirQualityDownload/AQData_Extract.fmw?CountryCode=BE&CityName=&Pollutant=450&Year_from=2016&Year_to=2016&Station=STA-BESN035&Samplingpoint=&Source=E1a&Output=HTML&UpdateDate="
"Belgium","NET-Flanders","Flanders","BELSZ02","40SZ02 - STEENOKKERZ","SPO-BELSZ02_06001_100","PM2.5","Particulate matter < 2.5 µm (aerosol)","P1Y-hr-min","1 year hour min","2016","1.000","ug/m3","98.84","1","Industrial","Rural","4.5122","50.9130","15.0","","","","E1a/validated data AQ e-Reporting","18/03/2023 22:31:20","http://fme.discomap.eea.europa.eu/fmedatastreaming/AirQualityDownload/AQData_Extract.fmw?CountryCode=BE&CityName=&Pollutant=6001&Year_from=2016&Year_to=2016&Station=STA-BELSZ02&Samplingpoint=&Source=E1a&Output=HTML&UpdateDate="
"Belgium","NET-Flanders","Flanders","BETE715","47E715 - ZUIENKERKE","SPO-BETE715_00008_100","NO2","Nitrogen dioxide (air)","P1Y-day-max","1 year day max","2016","52.152","ug/m3","98.63","1","Industrial","Rural","3.1750","51.2459","4.0","","","","E1a/validated data AQ e-Reporting","18/03/2023 21:43:56","http://fme.discomap.eea.europa.eu/fmedatastreaming/AirQualityDownload/AQData_Extract.fmw?CountryCode=BE&CityName=&Pollutant=8&Year_from=2016&Year_to=2016&Station=STA-BETE715&Samplingpoint=&Source=E1a&Output=HTML&UpdateDate="
"Belgium","NET-Flanders","Flanders","BEMBE01","00BE01 - BEERSE","SPO-BEMBE01_05014_100","Cd in PM10","Cadmium in PM10 (aerosol)","P1Y","Annual mean / 1 calendar year","2016","6.902","ng/m3","99.73","1","Industrial","Suburban","4.8213","51.3240","29.0","","","","E1a/validated data AQ e-Reporting","18/03/2023 21:08:58","http://fme.discomap.eea.europa.eu/fmedatastreaming/AirQualityDownload/AQData_Extract.fmw?CountryCode=BE&CityName=&Pollutant=5014&Year_from=2016&Year_to=2016&Station=STA-BEMBE01&Samplingpoint=&Source=E1a&Output=HTML&UpdateDate="
"Belgium","NET-Flanders","Flanders","BETE812","47E812 - GENK","SPO-BETE812_00008_100","NO2","Nitrogen dioxide (air)","P1Y-hr-min","1 year hour min","2016","1.000","ug/m3","54.46","1","Industrial","Suburban","5.5377","50.9680","82.0","","","","E1a/validated data AQ e-Reporting","18/03/2023 22:31:20","http://fme.discomap.eea.europa.eu/fmedatastreaming/AirQualityDownload/AQData_Extract.fmw?CountryCode=BE&CityName=&Pollutant=8&Year_from=2016&Year_to=2016&Station=STA-BETE812&Samplingpoint=&Source=E1a&Output=HTML&UpdateDate="
"Belgium","NET-Flanders","Flanders","BETN045","42N045 - HASSELT","SPO-BETN045_00001_100","SO2","Sulphur dioxide (air)","P1Y-day-max","1 year day max","2016","4.208","ug/m3","98.36","1","Background","Suburban","5.3684","50.9397","41.0","","","","E1a/validated data AQ e-Reporting","18/03/2023 21:42:48","http://fme.discomap.eea.europa.eu/fmedatastreaming/AirQualityDownload/AQData_Extract.fmw?CountryCode=BE&CityName=&Pollutant=1&Year_from=2016&Year_to=2016&Station=STA-BETN045&Samplingpoint=&Source=E1a&Output=HTML&UpdateDate="
"Belgium","NET-Flanders","Flanders","BEPR750","60R750 - ZELZATE","SPO-BEPR750_05029_100","BaP in PM10","Benzo(a)pyrene in PM10 (aerosol)","P3Y","3 subsequent calendar years mean","2016","0.213","ng/m3","32.76","1","Industrial","Suburban","3.8229","51.1961","6.0","","","","E1a/validated data AQ e-Reporting","18/03/2023 21:36:00","http://fme.discomap.eea.europa.eu/fmedatastreaming/AirQualityDownload/AQData_Extract.fmw?CountryCode=BE&CityName=&Pollutant=5029&Year_from=2016&Year_to=2016&Station=STA-BEPR750&Samplingpoint=&Source=E1a&Output=HTML&UpdateDate="
"Belgium","NET-Flanders","Flanders","BEDHZ02","65HZ02 - HEUZDEN-ZOLDER
","SPO-BEDHZ02_00611_100","Benzo(a)anthracene","Benzo(a)anthracene (precip+dry_dep)","P1Y","Annual mean / 1 calendar year","2016","11.737","ng/m2/day","22.95","1","Industrial","Suburban","5.2477","50.9943","0.0","","","","E1a/validated data AQ e-Reporting","18/03/2023 21:08:58","http://fme.discomap.eea.europa.eu/fmedatastreaming/AirQualityDownload/AQData_Extract.fmw?CountryCode=BE&CityName=&Pollutant=611&Year_from=2016&Year_to=2016&Station=STA-BEDHZ02&Samplingpoint=&Source=E1a&Output=HTML&UpdateDate="
"Belgium","NET-Flanders","Flanders","BEDHZ02","65HZ02 - HEUZDEN-ZOLDER
","SPO-BEDHZ02_00656_100","Indeno-(1,2,3-cd)pyrene","indeno_123cd_pyrene (precip+dry_dep)","P1Y","Annual mean / 1 calendar year","2016","15.650","ng/m2/day","22.95","1","Industrial","Suburban","5.2477","50.9943","0.0","","","","E1a/validated data AQ e-Reporting","18/03/2023 21:08:58","http://fme.discomap.eea.europa.eu/fmedatastreaming/AirQualityDownload/AQData_Extract.fmw?CountryCode=BE&CityName=&Pollutant=656&Year_from=2016&Year_to=2016&Station=STA-BEDHZ02&Samplingpoint=&Source=E1a&Output=HTML&UpdateDate="
"Belgium","NET-Flanders","Flanders","BETN046","42N046 - GELLIK","SPO-BETN046_00007_100","O3","Ozone (air)","P1Y-dx-avg","1 year daymax average","2016","64.063","ug/m3","92.62","1","Background","Rural","5.6189","50.8823","70.0","","","","E1a/validated data AQ e-Reporting","18/03/2023 22:27:48","http://fme.discomap.eea.europa.eu/fmedatastreaming/AirQualityDownload/AQData_Extract.fmw?CountryCode=BE&CityName=&Pollutant=7&Year_from=2016&Year_to=2016&Station=STA-BETN046&Samplingpoint=&Source=E1a&Output=HTML&UpdateDate="
"Belgium","NET-Flanders","Flanders","BEDN029","65N029 - HOUTEM
","SPO-BEDN029_07351_100","Acenaphthene","Acenaphthene (precip+dry_dep)","P1Y","Annual mean / 1 calendar year","2016","4.182","ng/m2/day","92.62","1","Background","Rural","2.5823","51.0163","0.0","","","","E1a/validated data AQ e-Reporting","18/03/2023 21:08:58","http://fme.discomap.eea.europa.eu/fmedatastreaming/AirQualityDownload/AQData_Extract.fmw?CountryCode=BE&CityName=&Pollutant=7351&Year_from=2016&Year_to=2016&Station=STA-BEDN029&Samplingpoint=&Source=E1a&Output=HTML&UpdateDate="
"Belgium","NET-Flanders","Flanders","BETE812","47E812 - GENK","SPO-BETE812_00001_100","SO2","Sulphur dioxide (air)","P1Y-hr-per50","1 year 50 percentile","2016","1.000","ug/m3","46.22","1","Industrial","Suburban","5.5377","50.9680","82.0","","","","E1a/validated data AQ e-Reporting","18/03/2023 22:05:49","http://fme.discomap.eea.europa.eu/fmedatastreaming/AirQualityDownload/AQData_Extract.fmw?CountryCode=BE&CityName=&Pollutant=1&Year_from=2016&Year_to=2016&Station=STA-BETE812&Samplingpoint=&Source=E1a&Output=HTML&UpdateDate="
"Belgium","NET-Flanders","Flanders","BEDNE02","65NE02 - NIEL
","SPO-BEDNE02_07352_100","Acenaphthylene","Acenaphthylene (precip+dry_dep)","P1Y","Annual mean / 1 calendar year","2016","10.620","ng/m2/day","22.95","1","Background","Rural","4.3353","51.0990","0.0","","","","E1a/validated data AQ e-Reporting","18/03/2023 21:08:58","http://fme.discomap.eea.europa.eu/fmedatastreaming/AirQualityDownload/AQData_Extract.fmw?CountryCode=BE&CityName=&Pollutant=7352&Year_from=2016&Year_to=2016&Station=STA-BEDNE02&Samplingpoint=&Source=E1a&Output=HTML&UpdateDate="
"Belgium","NET-Flanders","Flanders","BETN054","42N054 - WALSHOUTEM","SPO-BETN054_00008_100","NO2","Nitrogen dioxide (air)","P1Y","Annual mean / 1 calendar year","2016","16.889","ug/m3","94.35","1","Background","Rural","5.1032","50.7117","135.0","","","","E1a/validated data AQ e-Reporting","18/03/2023 21:08:58","http://fme.discomap.eea.europa.eu/fmedatastreaming/AirQualityDownload/AQData_Extract.fmw?CountryCode=BE&CityName=&Pollutant=8&Year_from=2016&Year_to=2016&Station=STA-BETN054&Samplingpoint=&Source=E1a&Output=HTML&UpdateDate="
"Belgium","NET-Flanders","Flanders","BETN029","44N029 - HOUTEM","SPO-BETN029_00020_100","C6H6","Benzene (air)","P1Y-hr-max","1 year hour max","2016","4.640","ug/m3","6.40","1","Background","Rural","2.5823","51.0163","2.0","","","","E1a/validated data AQ e-Reporting","18/03/2023 21:57:02","http://fme.discomap.eea.europa.eu/fmedatastreaming/AirQualityDownload/AQData_Extract.fmw?CountryCode=BE&CityName=&Pollutant=20&Year_from=2016&Year_to=2016&Station=STA-BETN029&Samplingpoint=&Source=E1a&Output=HTML&UpdateDate="
"Belgium","NET-Flanders","Flanders","BELAL01","40AL01 - LINKEROEVER","SPO-BELAL01_00391_100","Black Carbon","black_carbon (aerosol)","P1Y-hr-max","1 year hour max","2016","13.055","ug/m3","92.09","1","Industrial","Suburban","4.3852","51.2362","10.0","Antwerpen                                                                       ","BE002C1                                           ","530014","E1a/validated data AQ e-Reporting","18/03/2023 21:57:02","http://fme.discomap.eea.europa.eu/fmedatastreaming/AirQualityDownload/AQData_Extract.fmw?CountryCode=BE&CityName=&Pollutant=391&Year_from=2016&Year_to=2016&Station=STA-BELAL01&Samplingpoint=&Source=E1a&Output=HTML&UpdateDate="
"Belgium","NET-Flanders","Flanders","BELWZ02","40WZ02 - MOL","SPO-BELWZ02_00001_100","SO2","Sulphur dioxide (air)","P1Y-hr-max","1 year hour max","2016","466.500","ug/m3","97.42","1","Industrial","Rural","5.2215","51.1928","40.0","","","","E1a/validated data AQ e-Reporting","18/03/2023 21:57:02","http://fme.discomap.eea.europa.eu/fmedatastreaming/AirQualityDownload/AQData_Extract.fmw?CountryCode=BE&CityName=&Pollutant=1&Year_from=2016&Year_to=2016&Station=STA-BELWZ02&Samplingpoint=&Source=E1a&Output=HTML&UpdateDate="
"Belgium","NET-Brussels","Brussels","BETR012","41R012 - UCCLE","SPO-BETR012_00007_100","O3","Ozone (air)","AOT40cmeasured","AOT40c UNCORRECTED for data capture","2016","6391.500","ug/m3","96.29","1","Background","Suburban","4.3586","50.7966","101.0","Bruxelles / Brussel                                                             ","BE001C1                                           ","1223364","E1a/validated data AQ e-Reporting","18/03/2023 23:01:40","http://fme.discomap.eea.europa.eu/fmedatastreaming/AirQualityDownload/AQData_Extract.fmw?CountryCode=BE&CityName=&Pollutant=7&Year_from=2016&Year_to=2016&Station=STA-BETR012&Samplingpoint=&Source=E1a&Output=HTML&UpdateDate="
"Belgium","NET-Flanders","Flanders","BEMGK11","00GK11 - GENK","SPO-BEMGK11_05018_100","As in PM10","Arsenic in PM10 (aerosol)","P1Y","Annual mean / 1 calendar year","2016","-0.009","ng/m3","99.45","1","Industrial","Suburban","5.5204","50.9316","45.0","","","","E1a/validated data AQ e-Reporting","18/03/2023 21:08:58","http://fme.discomap.eea.europa.eu/fmedatastreaming/AirQualityDownload/AQData_Extract.fmw?CountryCode=BE&CityName=&Pollutant=5018&Year_from=2016&Year_to=2016&Station=STA-BEMGK11&Samplingpoint=&Source=E1a&Output=HTML&UpdateDate="
"Belgium","NET-Flanders","Flanders","BELSZ02","40SZ02 - STEENOKKERZ","SPO-BELSZ02_00008_100","NO2","Nitrogen dioxide (air)","P1Y-3hAbove400","3 consecutive hours in exceedance of 400","2016","0.000","count","96.47","1","Industrial","Rural","4.5122","50.9130","15.0","","","","E1a/validated data AQ e-Reporting","18/03/2023 22:22:30","http://fme.discomap.eea.europa.eu/fmedatastreaming/AirQualityDownload/AQData_Extract.fmw?CountryCode=BE&CityName=&Pollutant=8&Year_from=2016&Year_to=2016&Station=STA-BELSZ02&Samplingpoint=&Source=E1a&Output=HTML&UpdateDate="
"Belgium","NET-Flanders","Flanders","BELTS12","40TS12 - TESSENDERLO","SPO-BELTS12_00020_100","C6H6","Benzene (air)","P1Y-hr-max","1 year hour max","2016","5.550","ug/m3","95.59","1","Industrial","Suburban","5.0939","51.0634","32.0","","","","E1a/validated data AQ e-Reporting","18/03/2023 21:57:02","http://fme.discomap.eea.europa.eu/fmedatastreaming/AirQualityDownload/AQData_Extract.fmw?CountryCode=BE&CityName=&Pollutant=20&Year_from=2016&Year_to=2016&Station=STA-BELTS12&Samplingpoint=&Source=E1a&Output=HTML&UpdateDate="
"Belgium","NET-Flanders","Flanders","BETN045","42N045 - HASSELT","SPO-BETN045_00007_100","O3","Ozone (air)","AOT40c","AOT40 vegetation protection","2016","12421.028","ug/m3","97.28","1","Background","Suburban","5.3684","50.9397","41.0","","","","E1a/validated data AQ e-Reporting","18/03/2023 23:06:29","http://fme.discomap.eea.europa.eu/fmedatastreaming/AirQualityDownload/AQData_Extract.fmw?CountryCode=BE&CityName=&Pollutant=7&Year_from=2016&Year_to=2016&Station=STA-BETN045&Samplingpoint=&Source=E1a&Output=HTML&UpdateDate="
"Belgium","NET-Flanders","Flanders","BETN027","42N027 - BREE","SPO-BETN027_00007_100","O3","Ozone (air)","P1Y","Annual mean / 1 calendar year","2016","45.144","ug/m3","93.66","1","Background","Rural","5.6067","51.1337","48.0","","","","E1a/validated data AQ e-Reporting","18/03/2023 21:08:58","http://fme.discomap.eea.europa.eu/fmedatastreaming/AirQualityDownload/AQData_Extract.fmw?CountryCode=BE&CityName=&Pollutant=7&Year_from=2016&Year_to=2016&Station=STA-BETN027&Samplingpoint=&Source=E1a&Output=HTML&UpdateDate="
"Belgium","NET-Flanders","Flanders","BELLD01","40LD01 - LAAKDAL","SPO-BELLD01_00008_100","NO2","Nitrogen dioxide (air)","P1Y-hrsAbove200","1 year hour exceed 200","2016","0.000","count","95.49","1","Industrial","Rural","5.0049","51.1100","20.0","","","","E1a/validated data AQ e-Reporting","18/03/2023 21:48:42","http://fme.discomap.eea.europa.eu/fmedatastreaming/AirQualityDownload/AQData_Extract.fmw?CountryCode=BE&CityName=&Pollutant=8&Year_from=2016&Year_to=2016&Station=STA-BELLD01&Samplingpoint=&Source=E1a&Output=HTML&UpdateDate="
"Belgium","NET-Flanders","Flanders","BETN029","44N029 - HOUTEM","SPO-BETN029_00005_100","PM10","Particulate matter < 10 µm (aerosol)","P1Y-hr-max","1 year hour max","2016","99.100","ug/m3","99.29","1","Background","Rural","2.5823","51.0163","2.0","","","","E1a/validated data AQ e-Reporting","18/03/2023 21:57:02","http://fme.discomap.eea.europa.eu/fmedatastreaming/AirQualityDownload/AQData_Extract.fmw?CountryCode=BE&CityName=&Pollutant=5&Year_from=2016&Year_to=2016&Station=STA-BETN029&Samplingpoint=&Source=E1a&Output=HTML&UpdateDate="
"Belgium","NET-Flanders","Flanders","BELSZ02","40SZ02 - STEENOKKERZ","SPO-BELSZ02_00001_100","SO2","Sulphur dioxide (air)","P1Y-day-max4","1 year day max 4","2016","4.696","ug/m3","98.36","1","Industrial","Rural","4.5122","50.9130","15.0","","","","E1a/validated data AQ e-Reporting","18/03/2023 22:31:46","http://fme.discomap.eea.europa.eu/fmedatastreaming/AirQualityDownload/AQData_Extract.fmw?CountryCode=BE&CityName=&Pollutant=1&Year_from=2016&Year_to=2016&Station=STA-BELSZ02&Samplingpoint=&Source=E1a&Output=HTML&UpdateDate="
"Belgium","NET-Flanders","Flanders","BETN040","42N040 - ST.P.LEEUWG","SPO-BETN040_00008_100","NO2","Nitrogen dioxide (air)","P1Y-day-min","1 year day min","2016","1.304","ug/m3","98.36","1","Background","Rural","4.2252","50.7681","20.0","","","","E1a/validated data AQ e-Reporting","18/03/2023 21:56:03","http://fme.discomap.eea.europa.eu/fmedatastreaming/AirQualityDownload/AQData_Extract.fmw?CountryCode=BE&CityName=&Pollutant=8&Year_from=2016&Year_to=2016&Station=STA-BETN040&Samplingpoint=&Source=E1a&Output=HTML&UpdateDate="
"Belgium","NET-Flanders","Flanders","BELRL01","40RL01 - ROESELARE","SPO-BELRL01_00005_100","PM10","Particulate matter < 10 µm (aerosol)","P1Y-hr-max","1 year hour max","2016","119.100","ug/m3","99.90","1","Background","Urban","3.1212","50.9532","20.0","","","","E1a/validated data AQ e-Reporting","18/03/2023 21:57:02","http://fme.discomap.eea.europa.eu/fmedatastreaming/AirQualityDownload/AQData_Extract.fmw?CountryCode=BE&CityName=&Pollutant=5&Year_from=2016&Year_to=2016&Station=STA-BELRL01&Samplingpoint=&Source=E1a&Output=HTML&UpdateDate="
"Belgium","NET-Flanders","Flanders","BELRL01","40RL01 - ROESELARE","SPO-BELRL01_00005_100","PM10","Particulate matter < 10 µm (aerosol)","P1Y-P1D-per90.41","1 year 90.41 percentile","2016","39.267","ug/m3","100.00","1","Background","Urban","3.1212","50.9532","20.0","","","","E1a/validated data AQ e-Reporting","18/03/2023 22:09:05","http://fme.discomap.eea.europa.eu/fmedatastreaming/AirQualityDownload/AQData_Extract.fmw?CountryCode=BE&CityName=&Pollutant=5&Year_from=2016&Year_to=2016&Station=STA-BELRL01&Samplingpoint=&Source=E1a&Output=HTML&UpdateDate="
"Belgium","NET-Flanders","Flanders","BETE703","47E703 - OOSTEEKLO","SPO-BETE703_00001_100","SO2","Sulphur dioxide (air)","winter-avg","Winter mean","2016","1.309","ug/m3","48.91","1","Industrial","Rural","3.6873","51.1903","0.0","","","","E1a/validated data AQ e-Reporting","18/03/2023 22:50:43","http://fme.discomap.eea.europa.eu/fmedatastreaming/AirQualityDownload/AQData_Extract.fmw?CountryCode=BE&CityName=&Pollutant=1&Year_from=2016&Year_to=2016&Station=STA-BETE703&Samplingpoint=&Source=E1a&Output=HTML&UpdateDate="
"Belgium","NET-Flanders","Flanders","BETN052","44N052 - ZWEVEGEM","SPO-BETN052_00008_100","NO2","Nitrogen dioxide (air)","P1Y-3hAbove400","3 consecutive hours in exceedance of 400","2016","0.000","count","94.73","1","Background","Suburban","3.3225","50.8149","27.0","","","","E1a/validated data AQ e-Reporting","18/03/2023 22:22:30","http://fme.discomap.eea.europa.eu/fmedatastreaming/AirQualityDownload/AQData_Extract.fmw?CountryCode=BE&CityName=&Pollutant=8&Year_from=2016&Year_to=2016&Station=STA-BETN052&Samplingpoint=&Source=E1a&Output=HTML&UpdateDate="
"Belgium","NET-Flanders","Flanders","BETN052","44N052 - ZWEVEGEM","SPO-BETN052_00005_100","PM10","Particulate matter < 10 µm (aerosol)","P1Y-day-max36","1 year day max 36","2016","38.413","ug/m3","99.18","1","Background","Suburban","3.3225","50.8149","27.0","","","","E1a/validated data AQ e-Reporting","18/03/2023 22:32:47","http://fme.discomap.eea.europa.eu/fmedatastreaming/AirQualityDownload/AQData_Extract.fmw?CountryCode=BE&CityName=&Pollutant=5&Year_from=2016&Year_to=2016&Station=STA-BETN052&Samplingpoint=&Source=E1a&Output=HTML&UpdateDate="
"Belgium","NET-Flanders","Flanders","BETM702","44M702 - ERTVELDE","SPO-BETM702_00008_100","NO2","Nitrogen dioxide (air)","P1Y-P1D-per99","1 year 99 percentile of daily means (P1D) or .../aq/primaryObservation/day","2016","58.182","ug/m3","97.27","1","Industrial","Rural","3.7621","51.1660","5.0","","","","E1a/validated data AQ e-Reporting","18/03/2023 22:10:34","http://fme.discomap.eea.europa.eu/fmedatastreaming/AirQualityDownload/AQData_Extract.fmw?CountryCode=BE&CityName=&Pollutant=8&Year_from=2016&Year_to=2016&Station=STA-BETM702&Samplingpoint=&Source=E1a&Output=HTML&UpdateDate="
"Belgium","NET-Flanders","Flanders","BELSA04","40SA04 - Hoevenen","SPO-BELSA04_00008_100","NO2","Nitrogen dioxide (air)","P1Y-hr-min","1 year hour min","2016","1.000","ug/m3","93.76","1","Industrial","Rural","4.4039","51.3139","6.0","","","","E1a/validated data AQ e-Reporting","18/03/2023 22:31:20","http://fme.discomap.eea.europa.eu/fmedatastreaming/AirQualityDownload/AQData_Extract.fmw?CountryCode=BE&CityName=&Pollutant=8&Year_from=2016&Year_to=2016&Station=STA-BELSA04&Samplingpoint=&Source=E1a&Output=HTML&UpdateDate="
"Belgium","NET-Flanders","Flanders","BELSA04","40SA04 - Hoevenen","SPO-BELSA04_00008_100","NO2","Nitrogen dioxide (air)","P1Y-hr-per50","1 year 50 percentile","2016","24.000","ug/m3","93.76","1","Industrial","Rural","4.4039","51.3139","6.0","","","","E1a/validated data AQ e-Reporting","18/03/2023 22:05:49","http://fme.discomap.eea.europa.eu/fmedatastreaming/AirQualityDownload/AQData_Extract.fmw?CountryCode=BE&CityName=&Pollutant=8&Year_from=2016&Year_to=2016&Station=STA-BELSA04&Samplingpoint=&Source=E1a&Output=HTML&UpdateDate="
"Belgium","NET-Flanders","Flanders","BETN016","42N016 - DESSEL","SPO-BETN016_00007_100","O3","Ozone (air)","P1Y-hrsAbove240","1 year hour exceed 240","2016","0.000","count","93.83","1","Background","Rural","5.1640","51.2337","30.0","","","","E1a/validated data AQ e-Reporting","18/03/2023 21:50:25","http://fme.discomap.eea.europa.eu/fmedatastreaming/AirQualityDownload/AQData_Extract.fmw?CountryCode=BE&CityName=&Pollutant=7&Year_from=2016&Year_to=2016&Station=STA-BETN016&Samplingpoint=&Source=E1a&Output=HTML&UpdateDate="
"Belgium","NET-Flanders","Flanders","BETN016","42N016 - DESSEL","SPO-BETN016_00008_100","NO2","Nitrogen dioxide (air)","P1Y-hr-max-per99.79","1 year 99.79 %ile of hourly values in a given year","2016","63.000","ug/m3","97.20","1","Background","Rural","5.1640","51.2337","30.0","","","","E1a/validated data AQ e-Reporting","18/03/2023 22:07:35","http://fme.discomap.eea.europa.eu/fmedatastreaming/AirQualityDownload/AQData_Extract.fmw?CountryCode=BE&CityName=&Pollutant=8&Year_from=2016&Year_to=2016&Station=STA-BETN016&Samplingpoint=&Source=E1a&Output=HTML&UpdateDate="
"Belgium","NET-Flanders","Flanders","BETE703","47E703 - OOSTEEKLO","SPO-BETE703_00008_100","NO2","Nitrogen dioxide (air)","P1Y","Annual mean / 1 calendar year","2016","17.879","ug/m3","93.21","1","Industrial","Rural","3.6873","51.1903","0.0","","","","E1a/validated data AQ e-Reporting","18/03/2023 21:08:58","http://fme.discomap.eea.europa.eu/fmedatastreaming/AirQualityDownload/AQData_Extract.fmw?CountryCode=BE&CityName=&Pollutant=8&Year_from=2016&Year_to=2016&Station=STA-BETE703&Samplingpoint=&Source=E1a&Output=HTML&UpdateDate="
"Belgium","NET-Flanders","Flanders","BEMKK01","00KK01 - KOKSIJDE","SPO-BEMKK01_05015_100","Ni in PM10","Nickel in PM10 (aerosol)","P1Y","Annual mean / 1 calendar year","2016","1.865","ng/m3","68.04","1","Background","Rural","2.6585","51.1209","6.0","","","","E1a/validated data AQ e-Reporting","18/03/2023 21:08:58","http://fme.discomap.eea.europa.eu/fmedatastreaming/AirQualityDownload/AQData_Extract.fmw?CountryCode=BE&CityName=&Pollutant=5015&Year_from=2016&Year_to=2016&Station=STA-BEMKK01&Samplingpoint=&Source=E1a&Output=HTML&UpdateDate="
"Belgium","NET-Flanders","Flanders","BETN035","42N035 - AARSCHOT","SPO-BETN035_00005_100","PM10","Particulate matter < 10 µm (aerosol)","P3Y","3 subsequent calendar years mean","2016","20.386","ug/m3","96.78","1","Background","Rural","4.8376","50.9775","55.0","","","","E1a/validated data AQ e-Reporting","18/03/2023 21:36:00","http://fme.discomap.eea.europa.eu/fmedatastreaming/AirQualityDownload/AQData_Extract.fmw?CountryCode=BE&CityName=&Pollutant=5&Year_from=2016&Year_to=2016&Station=STA-BETN035&Samplingpoint=&Source=E1a&Output=HTML&UpdateDate="
"Belgium","NET-Flanders","Flanders","BETR801","42R801 - BORGERHOUT","SPO-BETR801_00001_100","SO2","Sulphur dioxide (air)","P1Y-day-max4","1 year day max 4","2016","8.333","ug/m3","99.45","1","Background","Urban","4.4318","51.2097","6.0","Antwerpen                                                                       ","BE002C1                                           ","530014","E1a/validated data AQ e-Reporting","18/03/2023 22:31:46","http://fme.discomap.eea.europa.eu/fmedatastreaming/AirQualityDownload/AQData_Extract.fmw?CountryCode=BE&CityName=&Pollutant=1&Year_from=2016&Year_to=2016&Station=STA-BETR801&Samplingpoint=&Source=E1a&Output=HTML&UpdateDate="
"Belgium","NET-Flanders","Flanders","BETM702","44M702 - ERTVELDE","SPO-BETM702_00008_100","NO2","Nitrogen dioxide (air)","P1Y-day-per50","1 year 50 %ile of daily values in a year","2016","19.313","ug/m3","97.27","1","Industrial","Rural","3.7621","51.1660","5.0","","","","E1a/validated data AQ e-Reporting","18/03/2023 22:14:21","http://fme.discomap.eea.europa.eu/fmedatastreaming/AirQualityDownload/AQData_Extract.fmw?CountryCode=BE&CityName=&Pollutant=8&Year_from=2016&Year_to=2016&Station=STA-BETM702&Samplingpoint=&Source=E1a&Output=HTML&UpdateDate="
"Belgium","NET-Flanders","Flanders","BEMGK05","00GK05 - GENK","SPO-BEMGK05_05014_100","Cd in PM10","Cadmium in PM10 (aerosol)","P1Y","Annual mean / 1 calendar year","2016","0.200","ng/m3","0.01","1","Industrial","Suburban","5.5268","50.9405","83.0","","","","E1a/validated data AQ e-Reporting","18/03/2023 21:08:58","http://fme.discomap.eea.europa.eu/fmedatastreaming/AirQualityDownload/AQData_Extract.fmw?CountryCode=BE&CityName=&Pollutant=5014&Year_from=2016&Year_to=2016&Station=STA-BEMGK05&Samplingpoint=&Source=E1a&Output=HTML&UpdateDate="
"Belgium","NET-Wallonia","Wallonia","BETN085","43N085 - VIELSALM","SPO-BETN085_00005_100","PM10","Particulate matter < 10 µm (aerosol)","P1Y-daysAbove50","1 year day exceed 50","2016","0.000","count","98.63","1","Background","Rural","6.0017","50.3032","490.0","","","","E1a/validated data AQ e-Reporting","18/03/2023 22:27:00","http://fme.discomap.eea.europa.eu/fmedatastreaming/AirQualityDownload/AQData_Extract.fmw?CountryCode=BE&CityName=&Pollutant=5&Year_from=2016&Year_to=2016&Station=STA-BETN085&Samplingpoint=&Source=E1a&Output=HTML&UpdateDate="
"Belgium","NET-Wallonia","Wallonia","BEVMOU1","5MOU01 - MOUSCRON","SPO-BEVMOU1_00431_100","C6H5-C2H5","Ethyl benzene (air)","P1Y","Annual mean / 1 calendar year","2016","0.000","ug/m3","49.73","1","Industrial","Suburban","3.2414","50.7532","42.0","Mouscron                                                                        ","BE013C1                                           ","58862","E1a/validated data AQ e-Reporting","18/03/2023 21:08:58","http://fme.discomap.eea.europa.eu/fmedatastreaming/AirQualityDownload/AQData_Extract.fmw?CountryCode=BE&CityName=&Pollutant=431&Year_from=2016&Year_to=2016&Station=STA-BEVMOU1&Samplingpoint=&Source=E1a&Output=HTML&UpdateDate="
"Belgium","NET-Wallonia","Wallonia","BEVMOU1","5MOU01 - MOUSCRON","SPO-BEVMOU1_00482_100","o-C6H4-(CH3)2","o-Xylene (air)","P1Y","Annual mean / 1 calendar year","2016","0.000","ug/m3","49.73","1","Industrial","Suburban","3.2414","50.7532","42.0","Mouscron                                                                        ","BE013C1                                           ","58862","E1a/validated data AQ e-Reporting","18/03/2023 21:08:58","http://fme.discomap.eea.europa.eu/fmedatastreaming/AirQualityDownload/AQData_Extract.fmw?CountryCode=BE&CityName=&Pollutant=482&Year_from=2016&Year_to=2016&Station=STA-BEVMOU1&Samplingpoint=&Source=E1a&Output=HTML&UpdateDate="
"Belgium","NET-Wallonia","Wallonia","BEVN132","50N132 - HABAY-LA-N.","SPO-BEVN132_06008_100","H2C=CH-CH2-CH2-CH3","1-Pentene (air)","P1Y","Annual mean / 1 calendar year","2016","0.000","ug/m3","47.27","1","Background","Rural","5.6304","49.7193","375.0","","","","E1a/validated data AQ e-Reporting","18/03/2023 21:08:58","http://fme.discomap.eea.europa.eu/fmedatastreaming/AirQualityDownload/AQData_Extract.fmw?CountryCode=BE&CityName=&Pollutant=6008&Year_from=2016&Year_to=2016&Station=STA-BEVN132&Samplingpoint=&Source=E1a&Output=HTML&UpdateDate="
"Belgium","NET-Wallonia","Wallonia","BEVN520","50N520 - PERUWELZ","SPO-BEVN520_06013_100","1,3,5-C6H3(CH3)3","1,3,5-Trimethylbenzene (air)","P1Y","Annual mean / 1 calendar year","2016","0.000","ug/m3","48.09","1","Background","Suburban","3.5943","50.5055","30.0","","","","E1a/validated data AQ e-Reporting","18/03/2023 21:08:58","http://fme.discomap.eea.europa.eu/fmedatastreaming/AirQualityDownload/AQData_Extract.fmw?CountryCode=BE&CityName=&Pollutant=6013&Year_from=2016&Year_to=2016&Station=STA-BEVN520&Samplingpoint=&Source=E1a&Output=HTML&UpdateDate="
"Belgium","NET-Wallonia","Wallonia","BETN085","43N085 - VIELSALM","SPO-BETN085_00008_100","NO2","Nitrogen dioxide (air)","P1Y-hr-min","1 year hour min","2016","0.000","ug/m3","95.73","1","Background","Rural","6.0017","50.3032","490.0","","","","E1a/validated data AQ e-Reporting","18/03/2023 22:31:20","http://fme.discomap.eea.europa.eu/fmedatastreaming/AirQualityDownload/AQData_Extract.fmw?CountryCode=BE&CityName=&Pollutant=8&Year_from=2016&Year_to=2016&Station=STA-BETN085&Samplingpoint=&Source=E1a&Output=HTML&UpdateDate="
"Belgium","NET-Flanders","Flanders","BETE811","47E811 - DIEPENBEEK","SPO-BETE811_00001_100","SO2","Sulphur dioxide (air)","P1Y-day-max","1 year day max","2016","4.979","ug/m3","46.99","1","Industrial","Rural","5.4182","50.8969","59.0","","","","E1a/validated data AQ e-Reporting","18/03/2023 21:42:48","http://fme.discomap.eea.europa.eu/fmedatastreaming/AirQualityDownload/AQData_Extract.fmw?CountryCode=BE&CityName=&Pollutant=1&Year_from=2016&Year_to=2016&Station=STA-BETE811&Samplingpoint=&Source=E1a&Output=HTML&UpdateDate="
"Belgium","NET-Flanders","Flanders","BETE811","47E811 - DIEPENBEEK","SPO-BETE811_00001_100","SO2","Sulphur dioxide (air)","P1Y-hrsAbove350","1 year hour exceed 350","2016","0.000","count","45.92","1","Industrial","Rural","5.4182","50.8969","59.0","","","","E1a/validated data AQ e-Reporting","18/03/2023 21:52:12","http://fme.discomap.eea.europa.eu/fmedatastreaming/AirQualityDownload/AQData_Extract.fmw?CountryCode=BE&CityName=&Pollutant=1&Year_from=2016&Year_to=2016&Station=STA-BETE811&Samplingpoint=&Source=E1a&Output=HTML&UpdateDate="
"Belgium","NET-Flanders","Flanders","BETE811","47E811 - DIEPENBEEK","SPO-BETE811_00001_100","SO2","Sulphur dioxide (air)","P1Y-P1D-per99","1 year 99 percentile of daily means (P1D) or .../aq/primaryObservation/day","2016","4.500","ug/m3","46.99","1","Industrial","Rural","5.4182","50.8969","59.0","","","","E1a/validated data AQ e-Reporting","18/03/2023 22:11:00","http://fme.discomap.eea.europa.eu/fmedatastreaming/AirQualityDownload/AQData_Extract.fmw?CountryCode=BE&CityName=&Pollutant=1&Year_from=2016&Year_to=2016&Station=STA-BETE811&Samplingpoint=&Source=E1a&Output=HTML&UpdateDate="
"Belgium","NET-Flanders","Flanders","BETN054","42N054 - WALSHOUTEM","SPO-BETN054_06001_100","PM2.5","Particulate matter < 2.5 µm (aerosol)","P3Y","3 subsequent calendar years mean","2016","13.107","ug/m3","78.83","1","Background","Rural","5.1032","50.7117","135.0","","","","E1a/validated data AQ e-Reporting","18/03/2023 21:36:00","http://fme.discomap.eea.europa.eu/fmedatastreaming/AirQualityDownload/AQData_Extract.fmw?CountryCode=BE&CityName=&Pollutant=6001&Year_from=2016&Year_to=2016&Station=STA-BETN054&Samplingpoint=&Source=E1a&Output=HTML&UpdateDate="
"Belgium","NET-Flanders","Flanders","BETN045","42N045 - HASSELT","SPO-BETN045_00007_100","O3","Ozone (air)","P1Y-maxP6M-P8H-dmax","Yearly highest six monthly average of daily maximum 8-hour mean concentration","2016","83.856","ug/m3","100.00","1","Background","Suburban","5.3684","50.9397","41.0","","","","E1a/validated data AQ e-Reporting","18/03/2023 22:58:54","http://fme.discomap.eea.europa.eu/fmedatastreaming/AirQualityDownload/AQData_Extract.fmw?CountryCode=BE&CityName=&Pollutant=7&Year_from=2016&Year_to=2016&Station=STA-BETN045&Samplingpoint=&Source=E1a&Output=HTML&UpdateDate="
"Belgium","NET-Flanders","Flanders","BETN045","42N045 - HASSELT","SPO-BETN045_06001_100","PM2.5","Particulate matter < 2.5 µm (aerosol)","P1Y-day-min","1 year day min","2016","1.646","ug/m3","99.45","1","Background","Suburban","5.3684","50.9397","41.0","","","","E1a/validated data AQ e-Reporting","18/03/2023 21:55:29","http://fme.discomap.eea.europa.eu/fmedatastreaming/AirQualityDownload/AQData_Extract.fmw?CountryCode=BE&CityName=&Pollutant=6001&Year_from=2016&Year_to=2016&Station=STA-BETN045&Samplingpoint=&Source=E1a&Output=HTML&UpdateDate="
"Belgium","NET-Wallonia","Wallonia","BEVN066","50N066 - EUPEN","SPO-BEVN066_00486_100","H3C-(CH2)3-CH3","n-Pentane (air)","P1Y","Annual mean / 1 calendar year","2016","0.000","ug/m3","48.09","1","Background","Rural","6.0023","50.6289","295.0","","","","E1a/validated data AQ e-Reporting","18/03/2023 21:08:58","http://fme.discomap.eea.europa.eu/fmedatastreaming/AirQualityDownload/AQData_Extract.fmw?CountryCode=BE&CityName=&Pollutant=486&Year_from=2016&Year_to=2016&Station=STA-BEVN066&Samplingpoint=&Source=E1a&Output=HTML&UpdateDate="
"Belgium","NET-Wallonia","Wallonia","BEVN073","50N073 - VEZIN","SPO-BEVN073_06007_100","cis-H3C-CH=CH-CH3","cis-2-Butene (air)","P1Y","Annual mean / 1 calendar year","2016","0.000","ug/m3","50.00","1","Background","Rural","4.9884","50.5027","160.0","","","","E1a/validated data AQ e-Reporting","18/03/2023 21:08:58","http://fme.discomap.eea.europa.eu/fmedatastreaming/AirQualityDownload/AQData_Extract.fmw?CountryCode=BE&CityName=&Pollutant=6007&Year_from=2016&Year_to=2016&Station=STA-BEVN073&Samplingpoint=&Source=E1a&Output=HTML&UpdateDate="
"Belgium","NET-Wallonia","Wallonia","BEVN085","50N085 - VIELSALM","SPO-BEVN085_00082_100","trans-H3C-HC=CH-CH2-CH3","trans-2-Pentene (air)","P1Y","Annual mean / 1 calendar year","2016","0.000","ug/m3","47.27","1","Background","Rural","6.0017","50.3032","490.0","","","","E1a/validated data AQ e-Reporting","18/03/2023 21:08:58","http://fme.discomap.eea.europa.eu/fmedatastreaming/AirQualityDownload/AQData_Extract.fmw?CountryCode=BE&CityName=&Pollutant=82&Year_from=2016&Year_to=2016&Station=STA-BEVN085&Samplingpoint=&Source=E1a&Output=HTML&UpdateDate="
"Belgium","NET-Wallonia","Wallonia","BEVN085","50N085 - VIELSALM","SPO-BEVN085_00431_100","C6H5-C2H5","Ethyl benzene (air)","P1Y","Annual mean / 1 calendar year","2016","0.000","ug/m3","46.99","1","Background","Rural","6.0017","50.3032","490.0","","","","E1a/validated data AQ e-Reporting","18/03/2023 21:08:58","http://fme.discomap.eea.europa.eu/fmedatastreaming/AirQualityDownload/AQData_Extract.fmw?CountryCode=BE&CityName=&Pollutant=431&Year_from=2016&Year_to=2016&Station=STA-BEVN085&Samplingpoint=&Source=E1a&Output=HTML&UpdateDate="
"Belgium","NET-Wallonia","Wallonia","BEVR231","50R231 - ANS","SPO-BEVR231_00450_100","H3C-CH2-CH(CH3)2","i-Pentane (2-methylbutane) (air)","P1Y","Annual mean / 1 calendar year","2016","0.001","ug/m3","44.81","1","Background","Urban","5.5294","50.6601","160.0","Liège                                                                           ","BE005C1                                           ","383700","E1a/validated data AQ e-Reporting","18/03/2023 21:08:58","http://fme.discomap.eea.europa.eu/fmedatastreaming/AirQualityDownload/AQData_Extract.fmw?CountryCode=BE&CityName=&Pollutant=450&Year_from=2016&Year_to=2016&Station=STA-BEVR231&Samplingpoint=&Source=E1a&Output=HTML&UpdateDate="
"Belgium","NET-Wallonia","Wallonia","BEVR501","50R501 - CHARLEROI","SPO-BEVR501_00020_100","C6H6","Benzene (air)","P1Y-day-min","1 year day min","2016","0.110","ug/m3","48.36","1","Background","Urban","4.4522","50.4093","115.0","Charleroi                                                                       ","BE004C1                                           ","203314","E1a/validated data AQ e-Reporting","18/03/2023 21:55:46","http://fme.discomap.eea.europa.eu/fmedatastreaming/AirQualityDownload/AQData_Extract.fmw?CountryCode=BE&CityName=&Pollutant=20&Year_from=2016&Year_to=2016&Station=STA-BEVR501&Samplingpoint=&Source=E1a&Output=HTML&UpdateDate="
"Belgium","NET-Flanders","Flanders","BETN054","42N054 - WALSHOUTEM","SPO-BETN054_00007_100","O3","Ozone (air)","AOT40c","AOT40 vegetation protection","2016","8650.257","ug/m3","96.01","1","Background","Rural","5.1032","50.7117","135.0","","","","E1a/validated data AQ e-Reporting","18/03/2023 23:06:29","http://fme.discomap.eea.europa.eu/fmedatastreaming/AirQualityDownload/AQData_Extract.fmw?CountryCode=BE&CityName=&Pollutant=7&Year_from=2016&Year_to=2016&Station=STA-BETN054&Samplingpoint=&Source=E1a&Output=HTML&UpdateDate="
"Belgium","NET-Flanders","Flanders","BETN012","44N012 - MOERKERKE","SPO-BETN012_00008_100","NO2","Nitrogen dioxide (air)","P1Y-hrsAbove400","1 year hour exceed 400","2016","0.000","count","94.24","1","Background","Rural","3.3625","51.2546","3.0","","","","E1a/validated data AQ e-Reporting","18/03/2023 21:54:38","http://fme.discomap.eea.europa.eu/fmedatastreaming/AirQualityDownload/AQData_Extract.fmw?CountryCode=BE&CityName=&Pollutant=8&Year_from=2016&Year_to=2016&Station=STA-BETN012&Samplingpoint=&Source=E1a&Output=HTML&UpdateDate="
"Belgium","NET-Brussels","Brussels","BETWOL1","41WOL1 - WOL.ST.L.","SPO-BETWOL1_00001_100","SO2","Sulphur dioxide (air)","P1Y-hr-max","1 year hour max","2016","10.550","ug/m3","92.32","1","Traffic","Suburban","4.4258","50.8567","78.0","Bruxelles / Brussel                                                             ","BE001C1                                           ","1223364","E1a/validated data AQ e-Reporting","18/03/2023 21:57:02","http://fme.discomap.eea.europa.eu/fmedatastreaming/AirQualityDownload/AQData_Extract.fmw?CountryCode=BE&CityName=&Pollutant=1&Year_from=2016&Year_to=2016&Station=STA-BETWOL1&Samplingpoint=&Source=E1a&Output=HTML&UpdateDate="
"Belgium","NET-Brussels","Brussels","BETWOL1","41WOL1 - WOL.ST.L.","SPO-BETWOL1_00001_100","SO2","Sulphur dioxide (air)","P1Y-hrsAbove350","1 year hour exceed 350","2016","0.000","count","92.32","1","Traffic","Suburban","4.4258","50.8567","78.0","Bruxelles / Brussel                                                             ","BE001C1                                           ","1223364","E1a/validated data AQ e-Reporting","18/03/2023 21:52:12","http://fme.discomap.eea.europa.eu/fmedatastreaming/AirQualityDownload/AQData_Extract.fmw?CountryCode=BE&CityName=&Pollutant=1&Year_from=2016&Year_to=2016&Station=STA-BETWOL1&Samplingpoint=&Source=E1a&Output=HTML&UpdateDate="
"Belgium","NET-Flanders","Flanders","BETN035","42N035 - AARSCHOT","SPO-BETN035_00008_100","NO2","Nitrogen dioxide (air)","P3Y","3 subsequent calendar years mean","2016","19.192","ug/m3","95.08","1","Background","Rural","4.8376","50.9775","55.0","","","","E1a/validated data AQ e-Reporting","18/03/2023 21:36:00","http://fme.discomap.eea.europa.eu/fmedatastreaming/AirQualityDownload/AQData_Extract.fmw?CountryCode=BE&CityName=&Pollutant=8&Year_from=2016&Year_to=2016&Station=STA-BETN035&Samplingpoint=&Source=E1a&Output=HTML&UpdateDate="
"Belgium","NET-Flanders","Flanders","BETR750","44R750 - ZELZATE","SPO-BETR750_00005_100","PM10","Particulate matter < 10 µm (aerosol)","P1Y-daysAbove50","1 year day exceed 50","2016","13.000","count","98.36","1","Industrial","Rural","3.8229","51.1961","6.0","","","","E1a/validated data AQ e-Reporting","18/03/2023 22:27:00","http://fme.discomap.eea.europa.eu/fmedatastreaming/AirQualityDownload/AQData_Extract.fmw?CountryCode=BE&CityName=&Pollutant=5&Year_from=2016&Year_to=2016&Station=STA-BETR750&Samplingpoint=&Source=E1a&Output=HTML&UpdateDate="
"Belgium","NET-Flanders","Flanders","BETN012","44N012 - MOERKERKE","SPO-BETN012_00008_100","NO2","Nitrogen dioxide (air)","P1Y-hr-min","1 year hour min","2016","1.000","ug/m3","94.24","1","Background","Rural","3.3625","51.2546","3.0","","","","E1a/validated data AQ e-Reporting","18/03/2023 22:31:20","http://fme.discomap.eea.europa.eu/fmedatastreaming/AirQualityDownload/AQData_Extract.fmw?CountryCode=BE&CityName=&Pollutant=8&Year_from=2016&Year_to=2016&Station=STA-BETN012&Samplingpoint=&Source=E1a&Output=HTML&UpdateDate="
"Belgium","NET-Flanders","Flanders","BETR750","44R750 - ZELZATE","SPO-BETR750_06001_100","PM2.5","Particulate matter < 2.5 µm (aerosol)","P1Y-hr-per50","1 year 50 percentile","2016","11.000","ug/m3","98.74","1","Industrial","Rural","3.8229","51.1961","6.0","","","","E1a/validated data AQ e-Reporting","18/03/2023 22:05:49","http://fme.discomap.eea.europa.eu/fmedatastreaming/AirQualityDownload/AQData_Extract.fmw?CountryCode=BE&CityName=&Pollutant=6001&Year_from=2016&Year_to=2016&Station=STA-BETR750&Samplingpoint=&Source=E1a&Output=HTML&UpdateDate="
"Belgium","NET-Flanders","Flanders","BESR893","59N893 - ANTWERPEN","SPO-BESR893_00021_100","C6H5-CH3","Toluene (air)","P1Y","Annual mean / 1 calendar year","2016","0.002","ug/m3","87.98","1","Background","Suburban","3.8084","51.2032","0.0","","","","E1a/validated data AQ e-Reporting","18/03/2023 21:08:58","http://fme.discomap.eea.europa.eu/fmedatastreaming/AirQualityDownload/AQData_Extract.fmw?CountryCode=BE&CityName=&Pollutant=21&Year_from=2016&Year_to=2016&Station=STA-BESR893&Samplingpoint=&Source=E1a&Output=HTML&UpdateDate="
"Belgium","NET-Flanders","Flanders","BETN046","42N046 - GELLIK","SPO-BETN046_00008_100","NO2","Nitrogen dioxide (air)","P1Y-3hAbove400","3 consecutive hours in exceedance of 400","2016","0.000","count","94.64","1","Background","Rural","5.6189","50.8823","70.0","","","","E1a/validated data AQ e-Reporting","18/03/2023 22:22:30","http://fme.discomap.eea.europa.eu/fmedatastreaming/AirQualityDownload/AQData_Extract.fmw?CountryCode=BE&CityName=&Pollutant=8&Year_from=2016&Year_to=2016&Station=STA-BETN046&Samplingpoint=&Source=E1a&Output=HTML&UpdateDate="
"Belgium","NET-Flanders","Flanders","BETR710","44R710 - DESTELBERGE","SPO-BETR710_00008_100","NO2","Nitrogen dioxide (air)","P1Y-day-max","1 year day max","2016","68.739","ug/m3","97.27","1","Background","Suburban","3.7753","51.0613","6.0","","","","E1a/validated data AQ e-Reporting","18/03/2023 21:43:56","http://fme.discomap.eea.europa.eu/fmedatastreaming/AirQualityDownload/AQData_Extract.fmw?CountryCode=BE&CityName=&Pollutant=8&Year_from=2016&Year_to=2016&Station=STA-BETR710&Samplingpoint=&Source=E1a&Output=HTML&UpdateDate="
"Belgium","NET-Flanders","Flanders","BETR731","44R731 - EVERGEM","SPO-BETR731_00008_100","NO2","Nitrogen dioxide (air)","P1Y-hr-max","1 year hour max","2016","96.500","ug/m3","93.78","1","Industrial","Rural","3.7395","51.1247","6.0","","","","E1a/validated data AQ e-Reporting","18/03/2023 21:57:02","http://fme.discomap.eea.europa.eu/fmedatastreaming/AirQualityDownload/AQData_Extract.fmw?CountryCode=BE&CityName=&Pollutant=8&Year_from=2016&Year_to=2016&Station=STA-BETR731&Samplingpoint=&Source=E1a&Output=HTML&UpdateDate="
"Belgium","NET-Wallonia","Wallonia","BETR222","43R222 - SERAING","SPO-BETR222_00007_100","O3","Ozone (air)","AOT40c","AOT40 vegetation protection","2016","6484.449","ug/m3","96.74","1","Background","Suburban","5.5702","50.6134","65.0","Liège                                                                           ","BE005C1                                           ","383700","E1a/validated data AQ e-Reporting","18/03/2023 23:06:29","http://fme.discomap.eea.europa.eu/fmedatastreaming/AirQualityDownload/AQData_Extract.fmw?CountryCode=BE&CityName=&Pollutant=7&Year_from=2016&Year_to=2016&Station=STA-BETR222&Samplingpoint=&Source=E1a&Output=HTML&UpdateDate="
"Belgium","NET-Wallonia","Wallonia","BETR222","43R222 - SERAING","SPO-BETR222_00007_100","O3","Ozone (air)","P1Y-dx-max26","1 year daymax max 26","2016","99.313","ug/m3","94.81","1","Background","Suburban","5.5702","50.6134","65.0","Liège                                                                           ","BE005C1                                           ","383700","E1a/validated data AQ e-Reporting","18/03/2023 22:32:17","http://fme.discomap.eea.europa.eu/fmedatastreaming/AirQualityDownload/AQData_Extract.fmw?CountryCode=BE&CityName=&Pollutant=7&Year_from=2016&Year_to=2016&Station=STA-BETR222&Samplingpoint=&Source=E1a&Output=HTML&UpdateDate="
"Belgium","NET-Wallonia","Wallonia","BETR222","43R222 - SERAING","SPO-BETR222_00007_100","O3","Ozone (air)","P1Y-hrsAbove180","1 year hour exceed 180","2016","1.000","count","94.17","1","Background","Suburban","5.5702","50.6134","65.0","Liège                                                                           ","BE005C1                                           ","383700","E1a/validated data AQ e-Reporting","18/03/2023 21:46:37","http://fme.discomap.eea.europa.eu/fmedatastreaming/AirQualityDownload/AQData_Extract.fmw?CountryCode=BE&CityName=&Pollutant=7&Year_from=2016&Year_to=2016&Station=STA-BETR222&Samplingpoint=&Source=E1a&Output=HTML&UpdateDate="
"Belgium","NET-Wallonia","Wallonia","BETN100","43N100 - DOURBES","SPO-BETN100_00008_100","NO2","Nitrogen dioxide (air)","P1Y-hr-max19","1 year hour max19","2016","42.000","ug/m3","97.32","1","Background","Rural","4.5948","50.0957","225.0","","","","E1a/validated data AQ e-Reporting","18/03/2023 22:34:35","http://fme.discomap.eea.europa.eu/fmedatastreaming/AirQualityDownload/AQData_Extract.fmw?CountryCode=BE&CityName=&Pollutant=8&Year_from=2016&Year_to=2016&Station=STA-BETN100&Samplingpoint=&Source=E1a&Output=HTML&UpdateDate="
"Belgium","NET-Wallonia","Wallonia","BETR223","43R223 - JEMEPPE","SPO-BETR223_00008_100","NO2","Nitrogen dioxide (air)","P1Y-hrsAbove200","1 year hour exceed 200","2016","0.000","count","97.01","1","Industrial","Suburban","5.5164","50.6207","50.0","Liège                                                                           ","BE005C1                                           ","383700","E1a/validated data AQ e-Reporting","18/03/2023 21:48:42","http://fme.discomap.eea.europa.eu/fmedatastreaming/AirQualityDownload/AQData_Extract.fmw?CountryCode=BE&CityName=&Pollutant=8&Year_from=2016&Year_to=2016&Station=STA-BETR223&Samplingpoint=&Source=E1a&Output=HTML&UpdateDate="
"Belgium","NET-Wallonia","Wallonia","BEVN520","50N520 - PERUWELZ","SPO-BEVN520_00020_100","C6H6","Benzene (air)","P1Y-day-per50","1 year 50 %ile of daily values in a year","2016","0.410","ug/m3","48.09","1","Background","Suburban","3.5943","50.5055","30.0","","","","E1a/validated data AQ e-Reporting","18/03/2023 22:13:51","http://fme.discomap.eea.europa.eu/fmedatastreaming/AirQualityDownload/AQData_Extract.fmw?CountryCode=BE&CityName=&Pollutant=20&Year_from=2016&Year_to=2016&Station=STA-BEVN520&Samplingpoint=&Source=E1a&Output=HTML&UpdateDate="
"Belgium","NET-Flanders","Flanders","BETN029","44N029 - HOUTEM","SPO-BETN029_06001_100","PM2.5","Particulate matter < 2.5 µm (aerosol)","P1Y-day-max","1 year day max","2016","52.188","ug/m3","99.18","1","Background","Rural","2.5823","51.0163","2.0","","","","E1a/validated data AQ e-Reporting","18/03/2023 21:43:22","http://fme.discomap.eea.europa.eu/fmedatastreaming/AirQualityDownload/AQData_Extract.fmw?CountryCode=BE&CityName=&Pollutant=6001&Year_from=2016&Year_to=2016&Station=STA-BETN029&Samplingpoint=&Source=E1a&Output=HTML&UpdateDate="
"Belgium","NET-Flanders","Flanders","BETN035","42N035 - AARSCHOT","SPO-BETN035_00001_100","SO2","Sulphur dioxide (air)","P1Y-hr-max25","1 year hour max 25","2016","8.500","ug/m3","96.78","1","Background","Rural","4.8376","50.9775","55.0","","","","E1a/validated data AQ e-Reporting","18/03/2023 22:33:20","http://fme.discomap.eea.europa.eu/fmedatastreaming/AirQualityDownload/AQData_Extract.fmw?CountryCode=BE&CityName=&Pollutant=1&Year_from=2016&Year_to=2016&Station=STA-BETN035&Samplingpoint=&Source=E1a&Output=HTML&UpdateDate="
"Belgium","NET-Flanders","Flanders","BETR020","42R020 - VILVOORDE","SPO-BETR020_00001_100","SO2","Sulphur dioxide (air)","P1Y-hr-max-per99.73","1 year 99.73 %ile of hourly values in a given year","2016","7.000","ug/m3","97.30","1","Background","Suburban","4.4367","50.9414","12.0","","","","E1a/validated data AQ e-Reporting","18/03/2023 22:06:23","http://fme.discomap.eea.europa.eu/fmedatastreaming/AirQualityDownload/AQData_Extract.fmw?CountryCode=BE&CityName=&Pollutant=1&Year_from=2016&Year_to=2016&Station=STA-BETR020&Samplingpoint=&Source=E1a&Output=HTML&UpdateDate="
"Belgium","NET-Flanders","Flanders","BETN052","44N052 - ZWEVEGEM","SPO-BETN052_00007_100","O3","Ozone (air)","P1Y-hrsAbove180","1 year hour exceed 180","2016","0.000","count","89.66","1","Background","Suburban","3.3225","50.8149","27.0","","","","E1a/validated data AQ e-Reporting","18/03/2023 21:46:37","http://fme.discomap.eea.europa.eu/fmedatastreaming/AirQualityDownload/AQData_Extract.fmw?CountryCode=BE&CityName=&Pollutant=7&Year_from=2016&Year_to=2016&Station=STA-BETN052&Samplingpoint=&Source=E1a&Output=HTML&UpdateDate="
"Belgium","NET-Flanders","Flanders","BETM705","44M705 - ROESELARE","SPO-BETM705_00007_100","O3","Ozone (air)","P1Y-hrsAbove240","1 year hour exceed 240","2016","0.000","count","92.11","1","Industrial","Suburban","3.1524","50.9454","19.0","","","","E1a/validated data AQ e-Reporting","18/03/2023 21:50:25","http://fme.discomap.eea.europa.eu/fmedatastreaming/AirQualityDownload/AQData_Extract.fmw?CountryCode=BE&CityName=&Pollutant=7&Year_from=2016&Year_to=2016&Station=STA-BETM705&Samplingpoint=&Source=E1a&Output=HTML&UpdateDate="
"Belgium","NET-Flanders","Flanders","BETR831","42R831 - BERENDRECHT","SPO-BETR831_00001_100","SO2","Sulphur dioxide (air)","P1Y-hr-max","1 year hour max","2016","106.000","ug/m3","97.13","1","Industrial","Rural","4.3397","51.3488","3.0","Antwerpen                                                                       ","BE002C1                                           ","530014","E1a/validated data AQ e-Reporting","18/03/2023 21:57:02","http://fme.discomap.eea.europa.eu/fmedatastreaming/AirQualityDownload/AQData_Extract.fmw?CountryCode=BE&CityName=&Pollutant=1&Year_from=2016&Year_to=2016&Station=STA-BETR831&Samplingpoint=&Source=E1a&Output=HTML&UpdateDate="
"Belgium","NET-Wallonia","Wallonia","BETN132","43N132 - HABAY-LA-N.","SPO-BETN132_00005_100","PM10","Particulate matter < 10 µm (aerosol)","P3Y","3 subsequent calendar years mean","2016","12.903","ug/m3","99.48","1","Background","Rural","5.6304","49.7193","375.0","","","","E1a/validated data AQ e-Reporting","18/03/2023 21:36:00","http://fme.discomap.eea.europa.eu/fmedatastreaming/AirQualityDownload/AQData_Extract.fmw?CountryCode=BE&CityName=&Pollutant=5&Year_from=2016&Year_to=2016&Station=STA-BETN132&Samplingpoint=&Source=E1a&Output=HTML&UpdateDate="
"Belgium","NET-Flanders","Flanders","BETR020","42R020 - VILVOORDE","SPO-BETR020_00005_100","PM10","Particulate matter < 10 µm (aerosol)","P3Y","3 subsequent calendar years mean","2016","24.034","ug/m3","96.99","1","Background","Suburban","4.4367","50.9414","12.0","","","","E1a/validated data AQ e-Reporting","18/03/2023 21:36:00","http://fme.discomap.eea.europa.eu/fmedatastreaming/AirQualityDownload/AQData_Extract.fmw?CountryCode=BE&CityName=&Pollutant=5&Year_from=2016&Year_to=2016&Station=STA-BETR020&Samplingpoint=&Source=E1a&Output=HTML&UpdateDate="
"Belgium","NET-Flanders","Flanders","BETN040","42N040 - ST.P.LEEUWG","SPO-BETN040_00007_100","O3","Ozone (air)","P1Y-day-min","1 year day min","2016","1.087","ug/m3","92.35","1","Background","Rural","4.2252","50.7681","20.0","","","","E1a/validated data AQ e-Reporting","18/03/2023 21:56:21","http://fme.discomap.eea.europa.eu/fmedatastreaming/AirQualityDownload/AQData_Extract.fmw?CountryCode=BE&CityName=&Pollutant=7&Year_from=2016&Year_to=2016&Station=STA-BETN040&Samplingpoint=&Source=E1a&Output=HTML&UpdateDate="
"Belgium","NET-Flanders","Flanders","BETN040","42N040 - ST.P.LEEUWG","SPO-BETN040_00007_100","O3","Ozone (air)","P1Y-dx-avg","1 year daymax average","2016","64.547","ug/m3","92.62","1","Background","Rural","4.2252","50.7681","20.0","","","","E1a/validated data AQ e-Reporting","18/03/2023 22:27:48","http://fme.discomap.eea.europa.eu/fmedatastreaming/AirQualityDownload/AQData_Extract.fmw?CountryCode=BE&CityName=&Pollutant=7&Year_from=2016&Year_to=2016&Station=STA-BETN040&Samplingpoint=&Source=E1a&Output=HTML&UpdateDate="
"Belgium","NET-Wallonia","Wallonia","BETN070","43N070 - MONS","SPO-BETN070_00001_100","SO2","Sulphur dioxide (air)","P1Y-hr-max25","1 year hour max 25","2016","4.000","ug/m3","97.36","1","Background","Suburban","3.9397","50.4652","30.0","Mons                                                                            ","BE009C1                                           ","95922","E1a/validated data AQ e-Reporting","18/03/2023 22:33:20","http://fme.discomap.eea.europa.eu/fmedatastreaming/AirQualityDownload/AQData_Extract.fmw?CountryCode=BE&CityName=&Pollutant=1&Year_from=2016&Year_to=2016&Station=STA-BETN070&Samplingpoint=&Source=E1a&Output=HTML&UpdateDate="
"Belgium","NET-Flanders","Flanders","BETR701","44R701 - GENT","SPO-BETR701_00007_100","O3","Ozone (air)","P1Y-dmax-per93.15","1 year 93.15 percentile daily 8h maximum","2016","96.375","ug/m3","89.34","1","Background","Urban","3.7293","51.0583","5.0","Gent                                                                            ","BE003C1                                           ","263687","E1a/validated data AQ e-Reporting","18/03/2023 22:12:55","http://fme.discomap.eea.europa.eu/fmedatastreaming/AirQualityDownload/AQData_Extract.fmw?CountryCode=BE&CityName=&Pollutant=7&Year_from=2016&Year_to=2016&Station=STA-BETR701&Samplingpoint=&Source=E1a&Output=HTML&UpdateDate="
"Belgium","NET-Flanders","Flanders","BETR701","44R701 - GENT","SPO-BETR701_00007_100","O3","Ozone (air)","P1Y-dx-max","1 year day max max","2016","141.750","ug/m3","89.34","1","Background","Urban","3.7293","51.0583","5.0","Gent                                                                            ","BE003C1                                           ","263687","E1a/validated data AQ e-Reporting","18/03/2023 21:44:39","http://fme.discomap.eea.europa.eu/fmedatastreaming/AirQualityDownload/AQData_Extract.fmw?CountryCode=BE&CityName=&Pollutant=7&Year_from=2016&Year_to=2016&Station=STA-BETR701&Samplingpoint=&Source=E1a&Output=HTML&UpdateDate="
"Belgium","NET-Wallonia","Wallonia","BETN070","43N070 - MONS","SPO-BETN070_00007_100","O3","Ozone (air)","P1Y-dx-avg","1 year daymax average","2016","50.717","ug/m3","97.27","1","Background","Suburban","3.9397","50.4652","30.0","Mons                                                                            ","BE009C1                                           ","95922","E1a/validated data AQ e-Reporting","18/03/2023 22:27:48","http://fme.discomap.eea.europa.eu/fmedatastreaming/AirQualityDownload/AQData_Extract.fmw?CountryCode=BE&CityName=&Pollutant=7&Year_from=2016&Year_to=2016&Station=STA-BETN070&Samplingpoint=&Source=E1a&Output=HTML&UpdateDate="
"Belgium","NET-Flanders","Flanders","BETR710","44R710 - DESTELBERGE","SPO-BETR710_00005_100","PM10","Particulate matter < 10 µm (aerosol)","P1Y-hr-min","1 year hour min","2016","4.600","ug/m3","99.42","1","Background","Suburban","3.7753","51.0613","6.0","","","","E1a/validated data AQ e-Reporting","18/03/2023 22:31:20","http://fme.discomap.eea.europa.eu/fmedatastreaming/AirQualityDownload/AQData_Extract.fmw?CountryCode=BE&CityName=&Pollutant=5&Year_from=2016&Year_to=2016&Station=STA-BETR710&Samplingpoint=&Source=E1a&Output=HTML&UpdateDate="
"Belgium","NET-Wallonia","Wallonia","BETR222","43R222 - SERAING","SPO-BETR222_00008_100","NO2","Nitrogen dioxide (air)","P1Y-P1D-per99","1 year 99 percentile of daily means (P1D) or .../aq/primaryObservation/day","2016","58.250","ug/m3","94.54","1","Background","Suburban","5.5702","50.6134","65.0","Liège                                                                           ","BE005C1                                           ","383700","E1a/validated data AQ e-Reporting","18/03/2023 22:10:34","http://fme.discomap.eea.europa.eu/fmedatastreaming/AirQualityDownload/AQData_Extract.fmw?CountryCode=BE&CityName=&Pollutant=8&Year_from=2016&Year_to=2016&Station=STA-BETR222&Samplingpoint=&Source=E1a&Output=HTML&UpdateDate="
"Belgium","NET-Wallonia","Wallonia","BETR512","45R512 - MARCHIENNE","SPO-BETR512_00001_100","SO2","Sulphur dioxide (air)","winter-avg","Winter mean","2016","1.147","ug/m3","96.36","1","Industrial","Suburban","4.3959","50.4078","107.0","Charleroi                                                                       ","BE004C1                                           ","203314","E1a/validated data AQ e-Reporting","18/03/2023 22:50:43","http://fme.discomap.eea.europa.eu/fmedatastreaming/AirQualityDownload/AQData_Extract.fmw?CountryCode=BE&CityName=&Pollutant=1&Year_from=2016&Year_to=2016&Station=STA-BETR512&Samplingpoint=&Source=E1a&Output=HTML&UpdateDate="
"Belgium","NET-Wallonia","Wallonia","BEVR240","50R240 - ENGIS","SPO-BEVR240_00443_100","C6H14","n-Hexane (air)","P1Y","Annual mean / 1 calendar year","2016","0.000","ug/m3","46.99","1","Industrial","Suburban","5.3975","50.5836","135.0","","","","E1a/validated data AQ e-Reporting","18/03/2023 21:08:58","http://fme.discomap.eea.europa.eu/fmedatastreaming/AirQualityDownload/AQData_Extract.fmw?CountryCode=BE&CityName=&Pollutant=443&Year_from=2016&Year_to=2016&Station=STA-BEVR240&Samplingpoint=&Source=E1a&Output=HTML&UpdateDate="
"Belgium","NET-Wallonia","Wallonia","BETR240","43R240 - ENGIS","SPO-BETR240_00008_100","NO2","Nitrogen dioxide (air)","P1Y-day-max","1 year day max","2016","57.542","ug/m3","96.72","1","Industrial","Suburban","5.3975","50.5836","135.0","","","","E1a/validated data AQ e-Reporting","18/03/2023 21:43:56","http://fme.discomap.eea.europa.eu/fmedatastreaming/AirQualityDownload/AQData_Extract.fmw?CountryCode=BE&CityName=&Pollutant=8&Year_from=2016&Year_to=2016&Station=STA-BETR240&Samplingpoint=&Source=E1a&Output=HTML&UpdateDate="
"Belgium","NET-Wallonia","Wallonia","BETN113","43N113 - SAINT-ODE","SPO-BETN113_00009_100","NOX as NO2","Nitrogen oxides (air)","P1Y-hr-per50","1 year 50 percentile","2016","6.000","ug/m3","91.55","1","Background","Rural","5.5930","50.0270","510.0","","","","E1a/validated data AQ e-Reporting","18/03/2023 22:05:49","http://fme.discomap.eea.europa.eu/fmedatastreaming/AirQualityDownload/AQData_Extract.fmw?CountryCode=BE&CityName=&Pollutant=9&Year_from=2016&Year_to=2016&Station=STA-BETN113&Samplingpoint=&Source=E1a&Output=HTML&UpdateDate="
"Belgium","NET-Wallonia","Wallonia","BEVN070","50N070 - MONS","SPO-BEVN070_06011_100","1,2,4-C6H3(CH3)3","1,2,4-Trimethylbenzene (air)","P1Y","Annual mean / 1 calendar year","2016","0.000","ug/m3","47.80","1","Background","Suburban","3.9397","50.4652","30.0","Mons                                                                            ","BE009C1                                           ","95922","E1a/validated data AQ e-Reporting","18/03/2023 21:08:58","http://fme.discomap.eea.europa.eu/fmedatastreaming/AirQualityDownload/AQData_Extract.fmw?CountryCode=BE&CityName=&Pollutant=6011&Year_from=2016&Year_to=2016&Station=STA-BEVN070&Samplingpoint=&Source=E1a&Output=HTML&UpdateDate="
"Belgium","NET-Wallonia","Wallonia","BEVN073","50N073 - VEZIN","SPO-BEVN073_00082_100","trans-H3C-HC=CH-CH2-CH3","trans-2-Pentene (air)","P1Y","Annual mean / 1 calendar year","2016","0.000","ug/m3","50.00","1","Background","Rural","4.9884","50.5027","160.0","","","","E1a/validated data AQ e-Reporting","18/03/2023 21:08:58","http://fme.discomap.eea.europa.eu/fmedatastreaming/AirQualityDownload/AQData_Extract.fmw?CountryCode=BE&CityName=&Pollutant=82&Year_from=2016&Year_to=2016&Station=STA-BEVN073&Samplingpoint=&Source=E1a&Output=HTML&UpdateDate="
"Belgium","NET-Wallonia","Wallonia","BEVN073","50N073 - VEZIN","SPO-BEVN073_06008_100","H2C=CH-CH2-CH2-CH3","1-Pentene (air)","P1Y","Annual mean / 1 calendar year","2016","0.000","ug/m3","50.00","1","Background","Rural","4.9884","50.5027","160.0","","","","E1a/validated data AQ e-Reporting","18/03/2023 21:08:58","http://fme.discomap.eea.europa.eu/fmedatastreaming/AirQualityDownload/AQData_Extract.fmw?CountryCode=BE&CityName=&Pollutant=6008&Year_from=2016&Year_to=2016&Station=STA-BEVN073&Samplingpoint=&Source=E1a&Output=HTML&UpdateDate="
"Belgium","NET-Flanders","Flanders","BETR815","42R815 - ZWIJNDRECHT","SPO-BETR815_00008_100","NO2","Nitrogen dioxide (air)","P1Y-3hAbove400","3 consecutive hours in exceedance of 400","2016","0.000","count","95.82","1","Industrial","Suburban","4.3322","51.2147","7.0","","","","E1a/validated data AQ e-Reporting","18/03/2023 22:22:30","http://fme.discomap.eea.europa.eu/fmedatastreaming/AirQualityDownload/AQData_Extract.fmw?CountryCode=BE&CityName=&Pollutant=8&Year_from=2016&Year_to=2016&Station=STA-BETR815&Samplingpoint=&Source=E1a&Output=HTML&UpdateDate="
"Belgium","NET-Flanders","Flanders","BETR710","44R710 - DESTELBERGE","SPO-BETR710_00007_100","O3","Ozone (air)","SOMO35","Sum of Ozone Means Over 35 ppb","2016","2234.195","ug/m3","89.89","1","Background","Suburban","3.7753","51.0613","6.0","","","","E1a/validated data AQ e-Reporting","18/03/2023 22:59:23","http://fme.discomap.eea.europa.eu/fmedatastreaming/AirQualityDownload/AQData_Extract.fmw?CountryCode=BE&CityName=&Pollutant=7&Year_from=2016&Year_to=2016&Station=STA-BETR710&Samplingpoint=&Source=E1a&Output=HTML&UpdateDate="
"Belgium","NET-Flanders","Flanders","BETR710","44R710 - DESTELBERGE","SPO-BETR710_06001_100","PM2.5","Particulate matter < 2.5 µm (aerosol)","P1Y-day-max","1 year day max","2016","57.583","ug/m3","99.45","1","Background","Suburban","3.7753","51.0613","6.0","","","","E1a/validated data AQ e-Reporting","18/03/2023 21:43:22","http://fme.discomap.eea.europa.eu/fmedatastreaming/AirQualityDownload/AQData_Extract.fmw?CountryCode=BE&CityName=&Pollutant=6001&Year_from=2016&Year_to=2016&Station=STA-BETR710&Samplingpoint=&Source=E1a&Output=HTML&UpdateDate="
"Belgium","NET-Flanders","Flanders","BETR750","44R750 - ZELZATE","SPO-BETR750_00001_100","SO2","Sulphur dioxide (air)","P1Y-day-max-per99.18","1 year 99.18 percentile of daily maximum","2016","29.739","ug/m3","98.36","1","Industrial","Rural","3.8229","51.1961","6.0","","","","E1a/validated data AQ e-Reporting","18/03/2023 22:12:16","http://fme.discomap.eea.europa.eu/fmedatastreaming/AirQualityDownload/AQData_Extract.fmw?CountryCode=BE&CityName=&Pollutant=1&Year_from=2016&Year_to=2016&Station=STA-BETR750&Samplingpoint=&Source=E1a&Output=HTML&UpdateDate="
"Belgium","NET-Wallonia","Wallonia","BEMCHA2","0CHA02 - LODELINSART","SPO-BEMCHA2_05012_100","Pb in PM10","Lead in PM10 (aerosol)","P1Y","Annual mean / 1 calendar year","2016","0.013","ug/m3","62.83","1","Background","Suburban","4.4587","50.4290","135.0","Charleroi                                                                       ","BE004C1                                           ","203314","E1a/validated data AQ e-Reporting","18/03/2023 21:08:58","http://fme.discomap.eea.europa.eu/fmedatastreaming/AirQualityDownload/AQData_Extract.fmw?CountryCode=BE&CityName=&Pollutant=5012&Year_from=2016&Year_to=2016&Station=STA-BEMCHA2&Samplingpoint=&Source=E1a&Output=HTML&UpdateDate="
"Belgium","NET-Flanders","Flanders","BETR750","44R750 - ZELZATE","SPO-BETR750_00001_100","SO2","Sulphur dioxide (air)","P1Y-day-min","1 year day min","2016","1.000","ug/m3","98.36","1","Industrial","Rural","3.8229","51.1961","6.0","","","","E1a/validated data AQ e-Reporting","18/03/2023 21:54:56","http://fme.discomap.eea.europa.eu/fmedatastreaming/AirQualityDownload/AQData_Extract.fmw?CountryCode=BE&CityName=&Pollutant=1&Year_from=2016&Year_to=2016&Station=STA-BETR750&Samplingpoint=&Source=E1a&Output=HTML&UpdateDate="
"Belgium","NET-Wallonia","Wallonia","BEMAND1","0AND01 - ANDENNE","SPO-BEMAND1_05012_100","Pb in PM10","Lead in PM10 (aerosol)","P1Y","Annual mean / 1 calendar year","2016","0.014","ug/m3","98.35","1","Industrial","Suburban","5.0420","50.4972","90.0","","","","E1a/validated data AQ e-Reporting","18/03/2023 21:08:58","http://fme.discomap.eea.europa.eu/fmedatastreaming/AirQualityDownload/AQData_Extract.fmw?CountryCode=BE&CityName=&Pollutant=5012&Year_from=2016&Year_to=2016&Station=STA-BEMAND1&Samplingpoint=&Source=E1a&Output=HTML&UpdateDate="
"Belgium","NET-Wallonia","Wallonia","BETN067","43N067 - MEMBACH","SPO-BETN067_00005_100","PM10","Particulate matter < 10 µm (aerosol)","P1Y-hr-min","1 year hour min","2016","0.000","ug/m3","99.80","1","Background","Suburban","5.9928","50.6123","0.0","","","","E1a/validated data AQ e-Reporting","18/03/2023 22:31:20","http://fme.discomap.eea.europa.eu/fmedatastreaming/AirQualityDownload/AQData_Extract.fmw?CountryCode=BE&CityName=&Pollutant=5&Year_from=2016&Year_to=2016&Station=STA-BETN067&Samplingpoint=&Source=E1a&Output=HTML&UpdateDate="
"Belgium","NET-Flanders","Flanders","BETR740","44R740 - ST.KRUIS-WI","SPO-BETR740_06001_100","PM2.5","Particulate matter < 2.5 µm (aerosol)","P3Y","3 subsequent calendar years mean","2016","15.218","ug/m3","85.23","1","Industrial","Rural","3.8087","51.1501","5.0","Gent                                                                            ","BE003C1                                           ","263687","E1a/validated data AQ e-Reporting","18/03/2023 21:36:00","http://fme.discomap.eea.europa.eu/fmedatastreaming/AirQualityDownload/AQData_Extract.fmw?CountryCode=BE&CityName=&Pollutant=6001&Year_from=2016&Year_to=2016&Station=STA-BETR740&Samplingpoint=&Source=E1a&Output=HTML&UpdateDate="
"Belgium","NET-Wallonia","Wallonia","BETN070","43N070 - MONS","SPO-BETN070_00007_100","O3","Ozone (air)","P1Y-day-max","1 year day max","2016","82.854","ug/m3","98.63","1","Background","Suburban","3.9397","50.4652","30.0","Mons                                                                            ","BE009C1                                           ","95922","E1a/validated data AQ e-Reporting","18/03/2023 21:44:13","http://fme.discomap.eea.europa.eu/fmedatastreaming/AirQualityDownload/AQData_Extract.fmw?CountryCode=BE&CityName=&Pollutant=7&Year_from=2016&Year_to=2016&Station=STA-BETN070&Samplingpoint=&Source=E1a&Output=HTML&UpdateDate="
"Belgium","NET-Flanders","Flanders","BETR750","44R750 - ZELZATE","SPO-BETR750_00008_100","NO2","Nitrogen dioxide (air)","P1Y-day-min","1 year day min","2016","4.545","ug/m3","97.81","1","Industrial","Rural","3.8229","51.1961","6.0","","","","E1a/validated data AQ e-Reporting","18/03/2023 21:56:03","http://fme.discomap.eea.europa.eu/fmedatastreaming/AirQualityDownload/AQData_Extract.fmw?CountryCode=BE&CityName=&Pollutant=8&Year_from=2016&Year_to=2016&Station=STA-BETR750&Samplingpoint=&Source=E1a&Output=HTML&UpdateDate="
"Belgium","NET-Wallonia","Wallonia","BEVN132","50N132 - HABAY-LA-N.","SPO-BEVN132_00020_100","C6H6","Benzene (air)","P1Y-day-min","1 year day min","2016","0.090","ug/m3","47.27","1","Background","Rural","5.6304","49.7193","375.0","","","","E1a/validated data AQ e-Reporting","18/03/2023 21:55:46","http://fme.discomap.eea.europa.eu/fmedatastreaming/AirQualityDownload/AQData_Extract.fmw?CountryCode=BE&CityName=&Pollutant=20&Year_from=2016&Year_to=2016&Station=STA-BEVN132&Samplingpoint=&Source=E1a&Output=HTML&UpdateDate="
"Belgium","NET-Wallonia","Wallonia","BETR221","43R221 - LIEGE","SPO-BETR221_06001_100","PM2.5","Particulate matter < 2.5 µm (aerosol)","P1Y-day-max","1 year day max","2016","43.871","ug/m3","100.00","1","Background","Urban","5.6278","50.6584","65.0","Liège                                                                           ","BE005C1                                           ","383700","E1a/validated data AQ e-Reporting","18/03/2023 21:43:22","http://fme.discomap.eea.europa.eu/fmedatastreaming/AirQualityDownload/AQData_Extract.fmw?CountryCode=BE&CityName=&Pollutant=6001&Year_from=2016&Year_to=2016&Station=STA-BETR221&Samplingpoint=&Source=E1a&Output=HTML&UpdateDate="
"Belgium","NET-Wallonia","Wallonia","BETR501","45R501 - CHARLEROI","SPO-BETR501_00008_100","NO2","Nitrogen dioxide (air)","P1Y-hr-max19","1 year hour max19","2016","105.500","ug/m3","97.37","1","Background","Urban","4.4522","50.4093","115.0","Charleroi                                                                       ","BE004C1                                           ","203314","E1a/validated data AQ e-Reporting","18/03/2023 22:34:35","http://fme.discomap.eea.europa.eu/fmedatastreaming/AirQualityDownload/AQData_Extract.fmw?CountryCode=BE&CityName=&Pollutant=8&Year_from=2016&Year_to=2016&Station=STA-BETR501&Samplingpoint=&Source=E1a&Output=HTML&UpdateDate="
"Belgium","NET-Wallonia","Wallonia","BETR502","45R502 - LODELINSART","SPO-BETR502_06001_100","PM2.5","Particulate matter < 2.5 µm (aerosol)","P1Y-hr-per50","1 year 50 percentile","2016","8.939","ug/m3","99.77","1","Background","Suburban","4.4587","50.4290","135.0","Charleroi                                                                       ","BE004C1                                           ","203314","E1a/validated data AQ e-Reporting","18/03/2023 22:05:49","http://fme.discomap.eea.europa.eu/fmedatastreaming/AirQualityDownload/AQData_Extract.fmw?CountryCode=BE&CityName=&Pollutant=6001&Year_from=2016&Year_to=2016&Station=STA-BETR502&Samplingpoint=&Source=E1a&Output=HTML&UpdateDate="
"Belgium","NET-Flanders","Flanders","BETR740","44R740 - ST.KRUIS-WI","SPO-BETR740_00001_100","SO2","Sulphur dioxide (air)","P1Y-hr-max25","1 year hour max 25","2016","24.000","ug/m3","97.11","1","Industrial","Rural","3.8087","51.1501","5.0","Gent                                                                            ","BE003C1                                           ","263687","E1a/validated data AQ e-Reporting","18/03/2023 22:33:20","http://fme.discomap.eea.europa.eu/fmedatastreaming/AirQualityDownload/AQData_Extract.fmw?CountryCode=BE&CityName=&Pollutant=1&Year_from=2016&Year_to=2016&Station=STA-BETR740&Samplingpoint=&Source=E1a&Output=HTML&UpdateDate="
"Belgium","NET-Wallonia","Wallonia","BETN093","43N093 - SINSIN","SPO-BETN093_00007_100","O3","Ozone (air)","P1Y-dmaxAbove120","1 year daymax exceed 120","2016","5.000","count","93.72","1","Background","Rural","5.2352","50.2745","265.0","","","","E1a/validated data AQ e-Reporting","18/03/2023 22:25:06","http://fme.discomap.eea.europa.eu/fmedatastreaming/AirQualityDownload/AQData_Extract.fmw?CountryCode=BE&CityName=&Pollutant=7&Year_from=2016&Year_to=2016&Station=STA-BETN093&Samplingpoint=&Source=E1a&Output=HTML&UpdateDate="
"Belgium","NET-Wallonia","Wallonia","BETN060","43N060 - HAVINNES","SPO-BETN060_06001_100","PM2.5","Particulate matter < 2.5 µm (aerosol)","P1Y-hr-min","1 year hour min","2016","0.000","ug/m3","99.60","1","Background","Rural","3.4576","50.6167","0.0","","","","E1a/validated data AQ e-Reporting","18/03/2023 22:31:20","http://fme.discomap.eea.europa.eu/fmedatastreaming/AirQualityDownload/AQData_Extract.fmw?CountryCode=BE&CityName=&Pollutant=6001&Year_from=2016&Year_to=2016&Station=STA-BETN060&Samplingpoint=&Source=E1a&Output=HTML&UpdateDate="
"Belgium","NET-Wallonia","Wallonia","BETN093","43N093 - SINSIN","SPO-BETN093_00007_100","O3","Ozone (air)","P3Y","3 subsequent calendar years mean","2016","48.174","ug/m3","94.38","1","Background","Rural","5.2352","50.2745","265.0","","","","E1a/validated data AQ e-Reporting","18/03/2023 21:36:00","http://fme.discomap.eea.europa.eu/fmedatastreaming/AirQualityDownload/AQData_Extract.fmw?CountryCode=BE&CityName=&Pollutant=7&Year_from=2016&Year_to=2016&Station=STA-BETN093&Samplingpoint=&Source=E1a&Output=HTML&UpdateDate="
"Belgium","NET-Wallonia","Wallonia","BETN060","43N060 - HAVINNES","SPO-BETN060_00010_100","CO","Carbon monoxide (air)","P1Y-dx-avg","1 year daymax average","2016","0.266","mg/m3","87.98","1","Background","Rural","3.4576","50.6167","0.0","","","","E1a/validated data AQ e-Reporting","18/03/2023 22:27:48","http://fme.discomap.eea.europa.eu/fmedatastreaming/AirQualityDownload/AQData_Extract.fmw?CountryCode=BE&CityName=&Pollutant=10&Year_from=2016&Year_to=2016&Station=STA-BETN060&Samplingpoint=&Source=E1a&Output=HTML&UpdateDate="
"Belgium","NET-Wallonia","Wallonia","BEMN093","00N093 - SINSIN","SPO-BEMN093_05012_100","Pb in PM10","Lead in PM10 (aerosol)","P1Y","Annual mean / 1 calendar year","2016","0.003","ug/m3","91.52","1","Background","Rural","5.2352","50.2745","265.0","","","","E1a/validated data AQ e-Reporting","18/03/2023 21:08:58","http://fme.discomap.eea.europa.eu/fmedatastreaming/AirQualityDownload/AQData_Extract.fmw?CountryCode=BE&CityName=&Pollutant=5012&Year_from=2016&Year_to=2016&Station=STA-BEMN093&Samplingpoint=&Source=E1a&Output=HTML&UpdateDate="
"Belgium","NET-Wallonia","Wallonia","BETR223","43R223 - JEMEPPE","SPO-BETR223_00005_100","PM10","Particulate matter < 10 µm (aerosol)","P1Y-hr-max","1 year hour max","2016","193.271","ug/m3","99.51","1","Industrial","Suburban","5.5164","50.6207","50.0","Liège                                                                           ","BE005C1                                           ","383700","E1a/validated data AQ e-Reporting","18/03/2023 21:57:02","http://fme.discomap.eea.europa.eu/fmedatastreaming/AirQualityDownload/AQData_Extract.fmw?CountryCode=BE&CityName=&Pollutant=5&Year_from=2016&Year_to=2016&Station=STA-BETR223&Samplingpoint=&Source=E1a&Output=HTML&UpdateDate="
"Belgium","NET-Wallonia","Wallonia","BETN093","43N093 - SINSIN","SPO-BETN093_00005_100","PM10","Particulate matter < 10 µm (aerosol)","P1Y-day-min","1 year day min","2016","0.076","ug/m3","97.27","1","Background","Rural","5.2352","50.2745","265.0","","","","E1a/validated data AQ e-Reporting","18/03/2023 21:55:13","http://fme.discomap.eea.europa.eu/fmedatastreaming/AirQualityDownload/AQData_Extract.fmw?CountryCode=BE&CityName=&Pollutant=5&Year_from=2016&Year_to=2016&Station=STA-BETN093&Samplingpoint=&Source=E1a&Output=HTML&UpdateDate="
"Belgium","NET-Flanders","Flanders","BETR823","42R823 - BEVEREN","SPO-BETR823_00001_100","SO2","Sulphur dioxide (air)","P1Y-day-max","1 year day max","2016","13.652","ug/m3","99.45","1","Background","Suburban","4.2399","51.2133","0.0","","","","E1a/validated data AQ e-Reporting","18/03/2023 21:42:48","http://fme.discomap.eea.europa.eu/fmedatastreaming/AirQualityDownload/AQData_Extract.fmw?CountryCode=BE&CityName=&Pollutant=1&Year_from=2016&Year_to=2016&Station=STA-BETR823&Samplingpoint=&Source=E1a&Output=HTML&UpdateDate="
"Belgium","NET-Wallonia","Wallonia","BETN093","43N093 - SINSIN","SPO-BETN093_00005_100","PM10","Particulate matter < 10 µm (aerosol)","P3Y","3 subsequent calendar years mean","2016","13.617","ug/m3","98.29","1","Background","Rural","5.2352","50.2745","265.0","","","","E1a/validated data AQ e-Reporting","18/03/2023 21:36:00","http://fme.discomap.eea.europa.eu/fmedatastreaming/AirQualityDownload/AQData_Extract.fmw?CountryCode=BE&CityName=&Pollutant=5&Year_from=2016&Year_to=2016&Station=STA-BETN093&Samplingpoint=&Source=E1a&Output=HTML&UpdateDate="
"Belgium","NET-Wallonia","Wallonia","BETN093","43N093 - SINSIN","SPO-BETN093_00009_100","NOX as NO2","Nitrogen oxides (air)","P3Y","3 subsequent calendar years mean","2016","13.045","ug/m3","95.73","1","Background","Rural","5.2352","50.2745","265.0","","","","E1a/validated data AQ e-Reporting","18/03/2023 21:36:00","http://fme.discomap.eea.europa.eu/fmedatastreaming/AirQualityDownload/AQData_Extract.fmw?CountryCode=BE&CityName=&Pollutant=9&Year_from=2016&Year_to=2016&Station=STA-BETN093&Samplingpoint=&Source=E1a&Output=HTML&UpdateDate="
"Belgium","NET-Flanders","Flanders","BETR823","42R823 - BEVEREN","SPO-BETR823_06001_100","PM2.5","Particulate matter < 2.5 µm (aerosol)","P1Y-P1D-per99","1 year 99 percentile of daily means (P1D) or .../aq/primaryObservation/day","2016","48.125","ug/m3","100.00","1","Background","Suburban","4.2399","51.2133","0.0","","","","E1a/validated data AQ e-Reporting","18/03/2023 22:10:03","http://fme.discomap.eea.europa.eu/fmedatastreaming/AirQualityDownload/AQData_Extract.fmw?CountryCode=BE&CityName=&Pollutant=6001&Year_from=2016&Year_to=2016&Station=STA-BETR823&Samplingpoint=&Source=E1a&Output=HTML&UpdateDate="
"Belgium","NET-Wallonia","Wallonia","BETR221","43R221 - LIEGE","SPO-BETR221_00007_100","O3","Ozone (air)","P1Y-maxP6M-P8H-dmax","Yearly highest six monthly average of daily maximum 8-hour mean concentration","2016","68.119","ug/m3","100.00","1","Background","Urban","5.6278","50.6584","65.0","Liège                                                                           ","BE005C1                                           ","383700","E1a/validated data AQ e-Reporting","18/03/2023 22:58:54","http://fme.discomap.eea.europa.eu/fmedatastreaming/AirQualityDownload/AQData_Extract.fmw?CountryCode=BE&CityName=&Pollutant=7&Year_from=2016&Year_to=2016&Station=STA-BETR221&Samplingpoint=&Source=E1a&Output=HTML&UpdateDate="
"Belgium","NET-Wallonia","Wallonia","BETN132","43N132 - HABAY-LA-N.","SPO-BETN132_00007_100","O3","Ozone (air)","P3Y-dmaxAbove120","Daymax exceed 120 averaged over 3 consecutive years","2016","12.333","count","100.00","1","Background","Rural","5.6304","49.7193","375.0","","","","E1a/validated data AQ e-Reporting","18/03/2023 22:34:54","http://fme.discomap.eea.europa.eu/fmedatastreaming/AirQualityDownload/AQData_Extract.fmw?CountryCode=BE&CityName=&Pollutant=7&Year_from=2016&Year_to=2016&Station=STA-BETN132&Samplingpoint=&Source=E1a&Output=HTML&UpdateDate="
"Belgium","NET-Wallonia","Wallonia","BETR222","43R222 - SERAING","SPO-BETR222_00008_100","NO2","Nitrogen dioxide (air)","P1Y-hr-max-per99.79","1 year 99.79 %ile of hourly values in a given year","2016","86.000","ug/m3","93.59","1","Background","Suburban","5.5702","50.6134","65.0","Liège                                                                           ","BE005C1                                           ","383700","E1a/validated data AQ e-Reporting","18/03/2023 22:07:35","http://fme.discomap.eea.europa.eu/fmedatastreaming/AirQualityDownload/AQData_Extract.fmw?CountryCode=BE&CityName=&Pollutant=8&Year_from=2016&Year_to=2016&Station=STA-BETR222&Samplingpoint=&Source=E1a&Output=HTML&UpdateDate="
"Belgium","NET-Flanders","Flanders","BETR740","44R740 - ST.KRUIS-WI","SPO-BETR740_00008_100","NO2","Nitrogen dioxide (air)","P1Y-hrsAbove200","1 year hour exceed 200","2016","0.000","count","96.32","1","Industrial","Rural","3.8087","51.1501","5.0","Gent                                                                            ","BE003C1                                           ","263687","E1a/validated data AQ e-Reporting","18/03/2023 21:48:42","http://fme.discomap.eea.europa.eu/fmedatastreaming/AirQualityDownload/AQData_Extract.fmw?CountryCode=BE&CityName=&Pollutant=8&Year_from=2016&Year_to=2016&Station=STA-BETR740&Samplingpoint=&Source=E1a&Output=HTML&UpdateDate="
"Belgium","NET-Wallonia","Wallonia","BETN093","43N093 - SINSIN","SPO-BETN093_00007_100","O3","Ozone (air)","AOT40cmeasured","AOT40c UNCORRECTED for data capture","2016","6634.000","ug/m3","96.56","1","Background","Rural","5.2352","50.2745","265.0","","","","E1a/validated data AQ e-Reporting","18/03/2023 23:01:40","http://fme.discomap.eea.europa.eu/fmedatastreaming/AirQualityDownload/AQData_Extract.fmw?CountryCode=BE&CityName=&Pollutant=7&Year_from=2016&Year_to=2016&Station=STA-BETN093&Samplingpoint=&Source=E1a&Output=HTML&UpdateDate="
"Belgium","NET-Wallonia","Wallonia","BETR240","43R240 - ENGIS","SPO-BETR240_00005_100","PM10","Particulate matter < 10 µm (aerosol)","P1Y-day-max36","1 year day max 36","2016","42.917","ug/m3","96.72","1","Industrial","Suburban","5.3975","50.5836","135.0","","","","E1a/validated data AQ e-Reporting","18/03/2023 22:32:47","http://fme.discomap.eea.europa.eu/fmedatastreaming/AirQualityDownload/AQData_Extract.fmw?CountryCode=BE&CityName=&Pollutant=5&Year_from=2016&Year_to=2016&Station=STA-BETR240&Samplingpoint=&Source=E1a&Output=HTML&UpdateDate="
"Belgium","NET-Wallonia","Wallonia","BETN060","43N060 - HAVINNES","SPO-BETN060_00007_100","O3","Ozone (air)","P1Y-day-min","1 year day min","2016","0.000","ug/m3","98.36","1","Background","Rural","3.4576","50.6167","0.0","","","","E1a/validated data AQ e-Reporting","18/03/2023 21:56:21","http://fme.discomap.eea.europa.eu/fmedatastreaming/AirQualityDownload/AQData_Extract.fmw?CountryCode=BE&CityName=&Pollutant=7&Year_from=2016&Year_to=2016&Station=STA-BETN060&Samplingpoint=&Source=E1a&Output=HTML&UpdateDate="
"Belgium","NET-Flanders","Flanders","BETR893","42R893 - ANTWERPEN","SPO-BETR893_00001_100","SO2","Sulphur dioxide (air)","P1Y-hrsAbove350","1 year hour exceed 350","2016","0.000","count","96.89","1","Industrial","Suburban","4.3858","51.2814","6.0","Antwerpen                                                                       ","BE002C1                                           ","530014","E1a/validated data AQ e-Reporting","18/03/2023 21:52:12","http://fme.discomap.eea.europa.eu/fmedatastreaming/AirQualityDownload/AQData_Extract.fmw?CountryCode=BE&CityName=&Pollutant=1&Year_from=2016&Year_to=2016&Station=STA-BETR893&Samplingpoint=&Source=E1a&Output=HTML&UpdateDate="
"Belgium","NET-Flanders","Flanders","BETR893","42R893 - ANTWERPEN","SPO-BETR893_00001_100","SO2","Sulphur dioxide (air)","P1Y-P1D-per99","1 year 99 percentile of daily means (P1D) or .../aq/primaryObservation/day","2016","11.979","ug/m3","98.91","1","Industrial","Suburban","4.3858","51.2814","6.0","Antwerpen                                                                       ","BE002C1                                           ","530014","E1a/validated data AQ e-Reporting","18/03/2023 22:11:00","http://fme.discomap.eea.europa.eu/fmedatastreaming/AirQualityDownload/AQData_Extract.fmw?CountryCode=BE&CityName=&Pollutant=1&Year_from=2016&Year_to=2016&Station=STA-BETR893&Samplingpoint=&Source=E1a&Output=HTML&UpdateDate="
"Belgium","NET-Wallonia","Wallonia","BETR511","45R511 - MARCINELLE","SPO-BETR511_00005_100","PM10","Particulate matter < 10 µm (aerosol)","P1Y-day-max36","1 year day max 36","2016","34.500","ug/m3","96.99","1","Background","Suburban","4.4247","50.3776","157.0","Charleroi                                                                       ","BE004C1                                           ","203314","E1a/validated data AQ e-Reporting","18/03/2023 22:32:47","http://fme.discomap.eea.europa.eu/fmedatastreaming/AirQualityDownload/AQData_Extract.fmw?CountryCode=BE&CityName=&Pollutant=5&Year_from=2016&Year_to=2016&Station=STA-BETR511&Samplingpoint=&Source=E1a&Output=HTML&UpdateDate="
"Belgium","NET-Flanders","Flanders","BETR897","42R897 - ANTWERPEN","SPO-BETR897_00008_100","NO2","Nitrogen dioxide (air)","P1Y-3hAbove400","3 consecutive hours in exceedance of 400","2016","0.000","count","96.27","1","Industrial","Suburban","4.3421","51.2501","5.0","Antwerpen                                                                       ","BE002C1                                           ","530014","E1a/validated data AQ e-Reporting","18/03/2023 22:22:30","http://fme.discomap.eea.europa.eu/fmedatastreaming/AirQualityDownload/AQData_Extract.fmw?CountryCode=BE&CityName=&Pollutant=8&Year_from=2016&Year_to=2016&Station=STA-BETR897&Samplingpoint=&Source=E1a&Output=HTML&UpdateDate="
"Belgium","NET-Flanders","Flanders","BETR897","42R897 - ANTWERPEN","SPO-BETR897_00008_100","NO2","Nitrogen dioxide (air)","P1Y-day-max","1 year day max","2016","92.022","ug/m3","98.36","1","Industrial","Suburban","4.3421","51.2501","5.0","Antwerpen                                                                       ","BE002C1                                           ","530014","E1a/validated data AQ e-Reporting","18/03/2023 21:43:56","http://fme.discomap.eea.europa.eu/fmedatastreaming/AirQualityDownload/AQData_Extract.fmw?CountryCode=BE&CityName=&Pollutant=8&Year_from=2016&Year_to=2016&Station=STA-BETR897&Samplingpoint=&Source=E1a&Output=HTML&UpdateDate="
"Belgium","NET-Wallonia","Wallonia","BETH201","43H201 - LIEGE","SPO-BETH201_00001_100","SO2","Sulphur dioxide (air)","P1Y-hr-per50","1 year 50 percentile","2016","0.000","ug/m3","96.81","1","Background","Suburban","5.5475","50.6250","160.0","Liège                                                                           ","BE005C1                                           ","383700","E1a/validated data AQ e-Reporting","18/03/2023 22:05:49","http://fme.discomap.eea.europa.eu/fmedatastreaming/AirQualityDownload/AQData_Extract.fmw?CountryCode=BE&CityName=&Pollutant=1&Year_from=2016&Year_to=2016&Station=STA-BETH201&Samplingpoint=&Source=E1a&Output=HTML&UpdateDate="
"Belgium","NET-Wallonia","Wallonia","BETN085","43N085 - VIELSALM","SPO-BETN085_00009_100","NOX as NO2","Nitrogen oxides (air)","P1Y-hr-per50","1 year 50 percentile","2016","5.000","ug/m3","95.72","1","Background","Rural","6.0017","50.3032","490.0","","","","E1a/validated data AQ e-Reporting","18/03/2023 22:05:49","http://fme.discomap.eea.europa.eu/fmedatastreaming/AirQualityDownload/AQData_Extract.fmw?CountryCode=BE&CityName=&Pollutant=9&Year_from=2016&Year_to=2016&Station=STA-BETN085&Samplingpoint=&Source=E1a&Output=HTML&UpdateDate="
"Belgium","NET-Wallonia","Wallonia","BETM204","43M204 - ANGLEUR","SPO-BETM204_06001_100","PM2.5","Particulate matter < 2.5 µm (aerosol)","P1Y-P1D-per99","1 year 99 percentile of daily means (P1D) or .../aq/primaryObservation/day","2016","35.450","ug/m3","98.09","1","Background","Suburban","5.6112","50.6119","70.0","Liège                                                                           ","BE005C1                                           ","383700","E1a/validated data AQ e-Reporting","18/03/2023 22:10:03","http://fme.discomap.eea.europa.eu/fmedatastreaming/AirQualityDownload/AQData_Extract.fmw?CountryCode=BE&CityName=&Pollutant=6001&Year_from=2016&Year_to=2016&Station=STA-BETM204&Samplingpoint=&Source=E1a&Output=HTML&UpdateDate="
"Belgium","NET-Wallonia","Wallonia","BETN063","43N063 - CORROY L.G.","SPO-BETN063_00008_100","NO2","Nitrogen dioxide (air)","P1Y-day-max","1 year day max","2016","54.042","ug/m3","100.00","1","Background","Rural","4.6683","50.6554","145.0","","","","E1a/validated data AQ e-Reporting","18/03/2023 21:43:56","http://fme.discomap.eea.europa.eu/fmedatastreaming/AirQualityDownload/AQData_Extract.fmw?CountryCode=BE&CityName=&Pollutant=8&Year_from=2016&Year_to=2016&Station=STA-BETN063&Samplingpoint=&Source=E1a&Output=HTML&UpdateDate="
"Belgium","NET-Wallonia","Wallonia","BETR222","43R222 - SERAING","SPO-BETR222_00007_100","O3","Ozone (air)","P1Y-dx-max","1 year day max max","2016","129.071","ug/m3","94.81","1","Background","Suburban","5.5702","50.6134","65.0","Liège                                                                           ","BE005C1                                           ","383700","E1a/validated data AQ e-Reporting","18/03/2023 21:44:39","http://fme.discomap.eea.europa.eu/fmedatastreaming/AirQualityDownload/AQData_Extract.fmw?CountryCode=BE&CityName=&Pollutant=7&Year_from=2016&Year_to=2016&Station=STA-BETR222&Samplingpoint=&Source=E1a&Output=HTML&UpdateDate="
"Belgium","NET-Wallonia","Wallonia","BETR221","43R221 - LIEGE","SPO-BETR221_00001_100","SO2","Sulphur dioxide (air)","P1Y-3hAbove500","3 consecutive hours in exceedance of 500","2016","0.000","count","85.80","1","Background","Urban","5.6278","50.6584","65.0","Liège                                                                           ","BE005C1                                           ","383700","E1a/validated data AQ e-Reporting","18/03/2023 22:18:09","http://fme.discomap.eea.europa.eu/fmedatastreaming/AirQualityDownload/AQData_Extract.fmw?CountryCode=BE&CityName=&Pollutant=1&Year_from=2016&Year_to=2016&Station=STA-BETR221&Samplingpoint=&Source=E1a&Output=HTML&UpdateDate="
"Belgium","NET-Wallonia","Wallonia","BETR221","43R221 - LIEGE","SPO-BETR221_00001_100","SO2","Sulphur dioxide (air)","P1Y-day-max","1 year day max","2016","7.833","ug/m3","87.98","1","Background","Urban","5.6278","50.6584","65.0","Liège                                                                           ","BE005C1                                           ","383700","E1a/validated data AQ e-Reporting","18/03/2023 21:42:48","http://fme.discomap.eea.europa.eu/fmedatastreaming/AirQualityDownload/AQData_Extract.fmw?CountryCode=BE&CityName=&Pollutant=1&Year_from=2016&Year_to=2016&Station=STA-BETR221&Samplingpoint=&Source=E1a&Output=HTML&UpdateDate="
"Belgium","NET-Wallonia","Wallonia","BETN063","43N063 - CORROY L.G.","SPO-BETN063_00005_100","PM10","Particulate matter < 10 µm (aerosol)","P1Y-day-max","1 year day max","2016","53.250","ug/m3","100.00","1","Background","Rural","4.6683","50.6554","145.0","","","","E1a/validated data AQ e-Reporting","18/03/2023 21:43:06","http://fme.discomap.eea.europa.eu/fmedatastreaming/AirQualityDownload/AQData_Extract.fmw?CountryCode=BE&CityName=&Pollutant=5&Year_from=2016&Year_to=2016&Station=STA-BETN063&Samplingpoint=&Source=E1a&Output=HTML&UpdateDate="
"Belgium","NET-Wallonia","Wallonia","BETN060","43N060 - HAVINNES","SPO-BETN060_00008_100","NO2","Nitrogen dioxide (air)","P1Y-hrsAbove400","1 year hour exceed 400","2016","0.000","count","97.29","1","Background","Rural","3.4576","50.6167","0.0","","","","E1a/validated data AQ e-Reporting","18/03/2023 21:54:38","http://fme.discomap.eea.europa.eu/fmedatastreaming/AirQualityDownload/AQData_Extract.fmw?CountryCode=BE&CityName=&Pollutant=8&Year_from=2016&Year_to=2016&Station=STA-BETN060&Samplingpoint=&Source=E1a&Output=HTML&UpdateDate="
"Belgium","NET-Wallonia","Wallonia","BETN063","43N063 - CORROY L.G.","SPO-BETN063_00007_100","O3","Ozone (air)","P3Y","3 subsequent calendar years mean","2016","46.994","ug/m3","95.15","1","Background","Rural","4.6683","50.6554","145.0","","","","E1a/validated data AQ e-Reporting","18/03/2023 21:36:00","http://fme.discomap.eea.europa.eu/fmedatastreaming/AirQualityDownload/AQData_Extract.fmw?CountryCode=BE&CityName=&Pollutant=7&Year_from=2016&Year_to=2016&Station=STA-BETN063&Samplingpoint=&Source=E1a&Output=HTML&UpdateDate="
"Belgium","NET-Wallonia","Wallonia","BETN070","43N070 - MONS","SPO-BETN070_00007_100","O3","Ozone (air)","P1Y-hrsAbove240","1 year hour exceed 240","2016","0.000","count","96.33","1","Background","Suburban","3.9397","50.4652","30.0","Mons                                                                            ","BE009C1                                           ","95922","E1a/validated data AQ e-Reporting","18/03/2023 21:50:25","http://fme.discomap.eea.europa.eu/fmedatastreaming/AirQualityDownload/AQData_Extract.fmw?CountryCode=BE&CityName=&Pollutant=7&Year_from=2016&Year_to=2016&Station=STA-BETN070&Samplingpoint=&Source=E1a&Output=HTML&UpdateDate="
"Belgium","NET-Flanders","Flanders","BETR820","42R820 - KAPELLEN","SPO-BETR820_00008_100","NO2","Nitrogen dioxide (air)","P1Y-hr-per50","1 year 50 percentile","2016","18.000","ug/m3","96.49","1","Background","Suburban","4.4448","51.3204","11.0","","","","E1a/validated data AQ e-Reporting","18/03/2023 22:05:49","http://fme.discomap.eea.europa.eu/fmedatastreaming/AirQualityDownload/AQData_Extract.fmw?CountryCode=BE&CityName=&Pollutant=8&Year_from=2016&Year_to=2016&Station=STA-BETR820&Samplingpoint=&Source=E1a&Output=HTML&UpdateDate="
"Belgium","NET-Flanders","Flanders","BETR892","42R892 - KALLO","SPO-BETR892_00001_100","SO2","Sulphur dioxide (air)","P1Y-hr-max","1 year hour max","2016","157.000","ug/m3","95.78","1","Industrial","Rural","4.2789","51.2630","9.0","","","","E1a/validated data AQ e-Reporting","18/03/2023 21:57:02","http://fme.discomap.eea.europa.eu/fmedatastreaming/AirQualityDownload/AQData_Extract.fmw?CountryCode=BE&CityName=&Pollutant=1&Year_from=2016&Year_to=2016&Station=STA-BETR892&Samplingpoint=&Source=E1a&Output=HTML&UpdateDate="
"Belgium","NET-Wallonia","Wallonia","BETN132","43N132 - HABAY-LA-N.","SPO-BETN132_00005_100","PM10","Particulate matter < 10 µm (aerosol)","P1Y-day-min","1 year day min","2016","0.208","ug/m3","99.45","1","Background","Rural","5.6304","49.7193","375.0","","","","E1a/validated data AQ e-Reporting","18/03/2023 21:55:13","http://fme.discomap.eea.europa.eu/fmedatastreaming/AirQualityDownload/AQData_Extract.fmw?CountryCode=BE&CityName=&Pollutant=5&Year_from=2016&Year_to=2016&Station=STA-BETN132&Samplingpoint=&Source=E1a&Output=HTML&UpdateDate="
"Belgium","NET-Wallonia","Wallonia","BETR221","43R221 - LIEGE","SPO-BETR221_00007_100","O3","Ozone (air)","P1Y-hrsAbove180","1 year hour exceed 180","2016","4.000","count","95.81","1","Background","Urban","5.6278","50.6584","65.0","Liège                                                                           ","BE005C1                                           ","383700","E1a/validated data AQ e-Reporting","18/03/2023 21:46:37","http://fme.discomap.eea.europa.eu/fmedatastreaming/AirQualityDownload/AQData_Extract.fmw?CountryCode=BE&CityName=&Pollutant=7&Year_from=2016&Year_to=2016&Station=STA-BETR221&Samplingpoint=&Source=E1a&Output=HTML&UpdateDate="
"Belgium","NET-Wallonia","Wallonia","BEVN520","50N520 - PERUWELZ","SPO-BEVN520_00020_100","C6H6","Benzene (air)","P1Y","Annual mean / 1 calendar year","2016","0.514","ug/m3","48.09","1","Background","Suburban","3.5943","50.5055","30.0","","","","E1a/validated data AQ e-Reporting","18/03/2023 21:08:58","http://fme.discomap.eea.europa.eu/fmedatastreaming/AirQualityDownload/AQData_Extract.fmw?CountryCode=BE&CityName=&Pollutant=20&Year_from=2016&Year_to=2016&Station=STA-BEVN520&Samplingpoint=&Source=E1a&Output=HTML&UpdateDate="
"Belgium","NET-Wallonia","Wallonia","BEVN093","50N093 - SINSIN","SPO-BEVN093_00020_100","C6H6","Benzene (air)","P1Y-day-max","1 year day max","2016","1.420","ug/m3","42.35","1","Background","Rural","5.2352","50.2745","265.0","","","","E1a/validated data AQ e-Reporting","18/03/2023 21:43:39","http://fme.discomap.eea.europa.eu/fmedatastreaming/AirQualityDownload/AQData_Extract.fmw?CountryCode=BE&CityName=&Pollutant=20&Year_from=2016&Year_to=2016&Station=STA-BEVN093&Samplingpoint=&Source=E1a&Output=HTML&UpdateDate="
"Belgium","NET-Wallonia","Wallonia","BEVR501","50R501 - CHARLEROI","SPO-BEVR501_00316_100","(CH3)2-CH-CH2-CH2-CH3","i-Hexane (2-methylpentane) (air)","P1Y","Annual mean / 1 calendar year","2016","0.000","ug/m3","48.36","1","Background","Urban","4.4522","50.4093","115.0","Charleroi                                                                       ","BE004C1                                           ","203314","E1a/validated data AQ e-Reporting","18/03/2023 21:08:58","http://fme.discomap.eea.europa.eu/fmedatastreaming/AirQualityDownload/AQData_Extract.fmw?CountryCode=BE&CityName=&Pollutant=316&Year_from=2016&Year_to=2016&Station=STA-BEVR501&Samplingpoint=&Source=E1a&Output=HTML&UpdateDate="
"Belgium","NET-Wallonia","Wallonia","BEVR501","50R501 - CHARLEROI","SPO-BEVR501_06008_100","H2C=CH-CH2-CH2-CH3","1-Pentene (air)","P1Y","Annual mean / 1 calendar year","2016","0.000","ug/m3","48.36","1","Background","Urban","4.4522","50.4093","115.0","Charleroi                                                                       ","BE004C1                                           ","203314","E1a/validated data AQ e-Reporting","18/03/2023 21:08:58","http://fme.discomap.eea.europa.eu/fmedatastreaming/AirQualityDownload/AQData_Extract.fmw?CountryCode=BE&CityName=&Pollutant=6008&Year_from=2016&Year_to=2016&Station=STA-BEVR501&Samplingpoint=&Source=E1a&Output=HTML&UpdateDate="
"Belgium","NET-Wallonia","Wallonia","BETR221","43R221 - LIEGE","SPO-BETR221_00005_100","PM10","Particulate matter < 10 µm (aerosol)","P1Y-hr-max","1 year hour max","2016","511.771","ug/m3","99.48","1","Background","Urban","5.6278","50.6584","65.0","Liège                                                                           ","BE005C1                                           ","383700","E1a/validated data AQ e-Reporting","18/03/2023 21:57:02","http://fme.discomap.eea.europa.eu/fmedatastreaming/AirQualityDownload/AQData_Extract.fmw?CountryCode=BE&CityName=&Pollutant=5&Year_from=2016&Year_to=2016&Station=STA-BETR221&Samplingpoint=&Source=E1a&Output=HTML&UpdateDate="
"Belgium","NET-Wallonia","Wallonia","BEVN520","50N520 - PERUWELZ","SPO-BEVN520_00482_100","o-C6H4-(CH3)2","o-Xylene (air)","P1Y","Annual mean / 1 calendar year","2016","0.000","ug/m3","48.09","1","Background","Suburban","3.5943","50.5055","30.0","","","","E1a/validated data AQ e-Reporting","18/03/2023 21:08:58","http://fme.discomap.eea.europa.eu/fmedatastreaming/AirQualityDownload/AQData_Extract.fmw?CountryCode=BE&CityName=&Pollutant=482&Year_from=2016&Year_to=2016&Station=STA-BEVN520&Samplingpoint=&Source=E1a&Output=HTML&UpdateDate="
"Belgium","NET-Wallonia","Wallonia","BETR221","43R221 - LIEGE","SPO-BETR221_00007_100","O3","Ozone (air)","P1Y-day-per50","1 year 50 %ile of daily values in a year","2016","34.667","ug/m3","98.36","1","Background","Urban","5.6278","50.6584","65.0","Liège                                                                           ","BE005C1                                           ","383700","E1a/validated data AQ e-Reporting","18/03/2023 22:15:13","http://fme.discomap.eea.europa.eu/fmedatastreaming/AirQualityDownload/AQData_Extract.fmw?CountryCode=BE&CityName=&Pollutant=7&Year_from=2016&Year_to=2016&Station=STA-BETR221&Samplingpoint=&Source=E1a&Output=HTML&UpdateDate="
"Belgium","NET-Flanders","Flanders","BETR892","42R892 - KALLO","SPO-BETR892_00008_100","NO2","Nitrogen dioxide (air)","P3Y","3 subsequent calendar years mean","2016","33.951","ug/m3","96.80","1","Industrial","Rural","4.2789","51.2630","9.0","","","","E1a/validated data AQ e-Reporting","18/03/2023 21:36:00","http://fme.discomap.eea.europa.eu/fmedatastreaming/AirQualityDownload/AQData_Extract.fmw?CountryCode=BE&CityName=&Pollutant=8&Year_from=2016&Year_to=2016&Station=STA-BETR892&Samplingpoint=&Source=E1a&Output=HTML&UpdateDate="
"Belgium","NET-Wallonia","Wallonia","BETR221","43R221 - LIEGE","SPO-BETR221_00007_100","O3","Ozone (air)","P1Y-dx-avg","1 year daymax average","2016","51.953","ug/m3","96.45","1","Background","Urban","5.6278","50.6584","65.0","Liège                                                                           ","BE005C1                                           ","383700","E1a/validated data AQ e-Reporting","18/03/2023 22:27:48","http://fme.discomap.eea.europa.eu/fmedatastreaming/AirQualityDownload/AQData_Extract.fmw?CountryCode=BE&CityName=&Pollutant=7&Year_from=2016&Year_to=2016&Station=STA-BETR221&Samplingpoint=&Source=E1a&Output=HTML&UpdateDate="
"Belgium","NET-Wallonia","Wallonia","BETR223","43R223 - JEMEPPE","SPO-BETR223_00005_100","PM10","Particulate matter < 10 µm (aerosol)","P1Y-day-per50","1 year 50 %ile of daily values in a year","2016","18.771","ug/m3","99.73","1","Industrial","Suburban","5.5164","50.6207","50.0","Liège                                                                           ","BE005C1                                           ","383700","E1a/validated data AQ e-Reporting","18/03/2023 22:08:05","http://fme.discomap.eea.europa.eu/fmedatastreaming/AirQualityDownload/AQData_Extract.fmw?CountryCode=BE&CityName=&Pollutant=5&Year_from=2016&Year_to=2016&Station=STA-BETR223&Samplingpoint=&Source=E1a&Output=HTML&UpdateDate="
"Belgium","NET-Wallonia","Wallonia","BETN113","43N113 - SAINT-ODE","SPO-BETN113_06001_100","PM2.5","Particulate matter < 2.5 µm (aerosol)","P1Y-day-max","1 year day max","2016","32.157","ug/m3","92.08","1","Background","Rural","5.5930","50.0270","510.0","","","","E1a/validated data AQ e-Reporting","18/03/2023 21:43:22","http://fme.discomap.eea.europa.eu/fmedatastreaming/AirQualityDownload/AQData_Extract.fmw?CountryCode=BE&CityName=&Pollutant=6001&Year_from=2016&Year_to=2016&Station=STA-BETN113&Samplingpoint=&Source=E1a&Output=HTML&UpdateDate="
"Belgium","NET-Wallonia","Wallonia","BETN100","43N100 - DOURBES","SPO-BETN100_00005_100","PM10","Particulate matter < 10 µm (aerosol)","P1Y-day-per50","1 year 50 %ile of daily values in a year","2016","10.807","ug/m3","99.73","1","Background","Rural","4.5948","50.0957","225.0","","","","E1a/validated data AQ e-Reporting","18/03/2023 22:08:05","http://fme.discomap.eea.europa.eu/fmedatastreaming/AirQualityDownload/AQData_Extract.fmw?CountryCode=BE&CityName=&Pollutant=5&Year_from=2016&Year_to=2016&Station=STA-BETN100&Samplingpoint=&Source=E1a&Output=HTML&UpdateDate="
"Belgium","NET-Wallonia","Wallonia","BETN066","43N066 - EUPEN","SPO-BETN066_00007_100","O3","Ozone (air)","P1Y-dmaxAbove120","1 year daymax exceed 120","2016","8.000","count","97.54","1","Background","Rural","6.0023","50.6289","295.0","","","","E1a/validated data AQ e-Reporting","18/03/2023 22:25:06","http://fme.discomap.eea.europa.eu/fmedatastreaming/AirQualityDownload/AQData_Extract.fmw?CountryCode=BE&CityName=&Pollutant=7&Year_from=2016&Year_to=2016&Station=STA-BETN066&Samplingpoint=&Source=E1a&Output=HTML&UpdateDate="
"Belgium","NET-Wallonia","Wallonia","BETN100","43N100 - DOURBES","SPO-BETN100_00007_100","O3","Ozone (air)","AOT40cmeasured","AOT40c UNCORRECTED for data capture","2016","8358.500","ug/m3","96.92","1","Background","Rural","4.5948","50.0957","225.0","","","","E1a/validated data AQ e-Reporting","18/03/2023 23:01:40","http://fme.discomap.eea.europa.eu/fmedatastreaming/AirQualityDownload/AQData_Extract.fmw?CountryCode=BE&CityName=&Pollutant=7&Year_from=2016&Year_to=2016&Station=STA-BETN100&Samplingpoint=&Source=E1a&Output=HTML&UpdateDate="
"Belgium","NET-Wallonia","Wallonia","BETM204","43M204 - ANGLEUR","SPO-BETM204_00005_100","PM10","Particulate matter < 10 µm (aerosol)","P1Y-P1D-per90.4","1 year 90.4 percentile - COMPLIANCE","2016","35.521","ug/m3","98.09","1","Background","Suburban","5.6112","50.6119","70.0","Liège                                                                           ","BE005C1                                           ","383700","E1a/validated data AQ e-Reporting","18/03/2023 22:08:35","http://fme.discomap.eea.europa.eu/fmedatastreaming/AirQualityDownload/AQData_Extract.fmw?CountryCode=BE&CityName=&Pollutant=5&Year_from=2016&Year_to=2016&Station=STA-BETM204&Samplingpoint=&Source=E1a&Output=HTML&UpdateDate="
"Belgium","NET-Wallonia","Wallonia","BETN063","43N063 - CORROY L.G.","SPO-BETN063_00008_100","NO2","Nitrogen dioxide (air)","P1Y-hr-per50","1 year 50 percentile","2016","15.000","ug/m3","97.29","1","Background","Rural","4.6683","50.6554","145.0","","","","E1a/validated data AQ e-Reporting","18/03/2023 22:05:49","http://fme.discomap.eea.europa.eu/fmedatastreaming/AirQualityDownload/AQData_Extract.fmw?CountryCode=BE&CityName=&Pollutant=8&Year_from=2016&Year_to=2016&Station=STA-BETN063&Samplingpoint=&Source=E1a&Output=HTML&UpdateDate="
"Belgium","NET-Wallonia","Wallonia","BETR223","43R223 - JEMEPPE","SPO-BETR223_00010_100","CO","Carbon monoxide (air)","P1Y-dx-avg","1 year daymax average","2016","0.343","mg/m3","99.73","1","Industrial","Suburban","5.5164","50.6207","50.0","Liège                                                                           ","BE005C1                                           ","383700","E1a/validated data AQ e-Reporting","18/03/2023 22:27:48","http://fme.discomap.eea.europa.eu/fmedatastreaming/AirQualityDownload/AQData_Extract.fmw?CountryCode=BE&CityName=&Pollutant=10&Year_from=2016&Year_to=2016&Station=STA-BETR223&Samplingpoint=&Source=E1a&Output=HTML&UpdateDate="
"Belgium","NET-Wallonia","Wallonia","BETN063","43N063 - CORROY L.G.","SPO-BETN063_00010_100","CO","Carbon monoxide (air)","P1Y-hr-per50","1 year 50 percentile","2016","0.195","mg/m3","97.34","1","Background","Rural","4.6683","50.6554","145.0","","","","E1a/validated data AQ e-Reporting","18/03/2023 22:05:49","http://fme.discomap.eea.europa.eu/fmedatastreaming/AirQualityDownload/AQData_Extract.fmw?CountryCode=BE&CityName=&Pollutant=10&Year_from=2016&Year_to=2016&Station=STA-BETN063&Samplingpoint=&Source=E1a&Output=HTML&UpdateDate="
"Belgium","NET-Wallonia","Wallonia","BEMENG1","0ENG01 - ENGIS","SPO-BEMENG1_05012_100","Pb in PM10","Lead in PM10 (aerosol)","P1Y","Annual mean / 1 calendar year","2016","0.015","ug/m3","87.69","1","Industrial","Suburban","5.3975","50.5836","135.0","","","","E1a/validated data AQ e-Reporting","18/03/2023 21:08:58","http://fme.discomap.eea.europa.eu/fmedatastreaming/AirQualityDownload/AQData_Extract.fmw?CountryCode=BE&CityName=&Pollutant=5012&Year_from=2016&Year_to=2016&Station=STA-BEMENG1&Samplingpoint=&Source=E1a&Output=HTML&UpdateDate="
"Belgium","NET-Wallonia","Wallonia","BEMM522","00M522 - MONS","SPO-BEMM522_05012_100","Pb in PM10","Lead in PM10 (aerosol)","P1Y","Annual mean / 1 calendar year","2016","0.006","ug/m3","95.34","1","Background","Urban","3.9390","50.4651","56.0","Mons                                                                            ","BE009C1                                           ","95922","E1a/validated data AQ e-Reporting","18/03/2023 21:08:58","http://fme.discomap.eea.europa.eu/fmedatastreaming/AirQualityDownload/AQData_Extract.fmw?CountryCode=BE&CityName=&Pollutant=5012&Year_from=2016&Year_to=2016&Station=STA-BEMM522&Samplingpoint=&Source=E1a&Output=HTML&UpdateDate="
"Belgium","NET-Wallonia","Wallonia","BETR502","45R502 - LODELINSART","SPO-BETR502_00007_100","O3","Ozone (air)","P1Y-maxP6M-P8H-dmax","Yearly highest six monthly average of daily maximum 8-hour mean concentration","2016","69.373","ug/m3","100.00","1","Background","Suburban","4.4587","50.4290","135.0","Charleroi                                                                       ","BE004C1                                           ","203314","E1a/validated data AQ e-Reporting","18/03/2023 22:58:54","http://fme.discomap.eea.europa.eu/fmedatastreaming/AirQualityDownload/AQData_Extract.fmw?CountryCode=BE&CityName=&Pollutant=7&Year_from=2016&Year_to=2016&Station=STA-BETR502&Samplingpoint=&Source=E1a&Output=HTML&UpdateDate="
"Belgium","NET-Wallonia","Wallonia","BEVR501","50R501 - CHARLEROI","SPO-BEVR501_06013_100","1,3,5-C6H3(CH3)3","1,3,5-Trimethylbenzene (air)","P1Y","Annual mean / 1 calendar year","2016","0.000","ug/m3","48.36","1","Background","Urban","4.4522","50.4093","115.0","Charleroi                                                                       ","BE004C1                                           ","203314","E1a/validated data AQ e-Reporting","18/03/2023 21:08:58","http://fme.discomap.eea.europa.eu/fmedatastreaming/AirQualityDownload/AQData_Extract.fmw?CountryCode=BE&CityName=&Pollutant=6013&Year_from=2016&Year_to=2016&Station=STA-BEVR501&Samplingpoint=&Source=E1a&Output=HTML&UpdateDate="
"Belgium","NET-Wallonia","Wallonia","BEVR522","50R222 - SERAING","SPO-BEVR522_00024_100","CH2=CH-CH=CH2","1.3 Butadiene (air)","P1Y","Annual mean / 1 calendar year","2016","0.000","ug/m3","49.73","1","Background","Suburban","5.5713","50.6105","62.0","Liège                                                                           ","BE005C1                                           ","383700","E1a/validated data AQ e-Reporting","18/03/2023 21:08:58","http://fme.discomap.eea.europa.eu/fmedatastreaming/AirQualityDownload/AQData_Extract.fmw?CountryCode=BE&CityName=&Pollutant=24&Year_from=2016&Year_to=2016&Station=STA-BEVR522&Samplingpoint=&Source=E1a&Output=HTML&UpdateDate="
"Belgium","NET-Wallonia","Wallonia","BETR240","43R240 - ENGIS","SPO-BETR240_00005_100","PM10","Particulate matter < 10 µm (aerosol)","P1Y-hr-min","1 year hour min","2016","0.000","ug/m3","97.70","1","Industrial","Suburban","5.3975","50.5836","135.0","","","","E1a/validated data AQ e-Reporting","18/03/2023 22:31:20","http://fme.discomap.eea.europa.eu/fmedatastreaming/AirQualityDownload/AQData_Extract.fmw?CountryCode=BE&CityName=&Pollutant=5&Year_from=2016&Year_to=2016&Station=STA-BETR240&Samplingpoint=&Source=E1a&Output=HTML&UpdateDate="
"Belgium","NET-Wallonia","Wallonia","BETN066","43N066 - EUPEN","SPO-BETN066_00001_100","SO2","Sulphur dioxide (air)","P1Y-hrsAbove350","1 year hour exceed 350","2016","0.000","count","95.99","1","Background","Rural","6.0023","50.6289","295.0","","","","E1a/validated data AQ e-Reporting","18/03/2023 21:52:12","http://fme.discomap.eea.europa.eu/fmedatastreaming/AirQualityDownload/AQData_Extract.fmw?CountryCode=BE&CityName=&Pollutant=1&Year_from=2016&Year_to=2016&Station=STA-BETN066&Samplingpoint=&Source=E1a&Output=HTML&UpdateDate="
"Belgium","NET-Wallonia","Wallonia","BETR510","45R510 - CHATELINEAU","SPO-BETR510_00005_100","PM10","Particulate matter < 10 µm (aerosol)","P1Y-hr-max","1 year hour max","2016","105.271","ug/m3","99.69","1","Background","Suburban","4.5211","50.4164","118.0","Charleroi                                                                       ","BE004C1                                           ","203314","E1a/validated data AQ e-Reporting","18/03/2023 21:57:02","http://fme.discomap.eea.europa.eu/fmedatastreaming/AirQualityDownload/AQData_Extract.fmw?CountryCode=BE&CityName=&Pollutant=5&Year_from=2016&Year_to=2016&Station=STA-BETR510&Samplingpoint=&Source=E1a&Output=HTML&UpdateDate="
"Belgium","NET-Flanders","Flanders","BETR823","42R823 - BEVEREN","SPO-BETR823_00008_100","NO2","Nitrogen dioxide (air)","P1Y-hr-max-per99.79","1 year 99.79 %ile of hourly values in a given year","2016","83.000","ug/m3","97.12","1","Background","Suburban","4.2399","51.2133","0.0","","","","E1a/validated data AQ e-Reporting","18/03/2023 22:07:35","http://fme.discomap.eea.europa.eu/fmedatastreaming/AirQualityDownload/AQData_Extract.fmw?CountryCode=BE&CityName=&Pollutant=8&Year_from=2016&Year_to=2016&Station=STA-BETR823&Samplingpoint=&Source=E1a&Output=HTML&UpdateDate="
"Belgium","NET-Flanders","Flanders","BETR823","42R823 - BEVEREN","SPO-BETR823_06001_100","PM2.5","Particulate matter < 2.5 µm (aerosol)","P1Y-hr-per50","1 year 50 percentile","2016","10.500","ug/m3","99.83","1","Background","Suburban","4.2399","51.2133","0.0","","","","E1a/validated data AQ e-Reporting","18/03/2023 22:05:49","http://fme.discomap.eea.europa.eu/fmedatastreaming/AirQualityDownload/AQData_Extract.fmw?CountryCode=BE&CityName=&Pollutant=6001&Year_from=2016&Year_to=2016&Station=STA-BETR823&Samplingpoint=&Source=E1a&Output=HTML&UpdateDate="
"Belgium","NET-Wallonia","Wallonia","BETR512","45R512 - MARCHIENNE","SPO-BETR512_00001_100","SO2","Sulphur dioxide (air)","P1Y-P1D-per99","1 year 99 percentile of daily means (P1D) or .../aq/primaryObservation/day","2016","5.435","ug/m3","91.26","1","Industrial","Suburban","4.3959","50.4078","107.0","Charleroi                                                                       ","BE004C1                                           ","203314","E1a/validated data AQ e-Reporting","18/03/2023 22:11:00","http://fme.discomap.eea.europa.eu/fmedatastreaming/AirQualityDownload/AQData_Extract.fmw?CountryCode=BE&CityName=&Pollutant=1&Year_from=2016&Year_to=2016&Station=STA-BETR512&Samplingpoint=&Source=E1a&Output=HTML&UpdateDate="
"Belgium","NET-Wallonia","Wallonia","BETN093","43N093 - SINSIN","SPO-BETN093_00007_100","O3","Ozone (air)","P1Y-dx-max","1 year day max max","2016","129.429","ug/m3","93.72","1","Background","Rural","5.2352","50.2745","265.0","","","","E1a/validated data AQ e-Reporting","18/03/2023 21:44:39","http://fme.discomap.eea.europa.eu/fmedatastreaming/AirQualityDownload/AQData_Extract.fmw?CountryCode=BE&CityName=&Pollutant=7&Year_from=2016&Year_to=2016&Station=STA-BETN093&Samplingpoint=&Source=E1a&Output=HTML&UpdateDate="
"Belgium","NET-Wallonia","Wallonia","BETN093","43N093 - SINSIN","SPO-BETN093_00008_100","NO2","Nitrogen dioxide (air)","P1Y-hr-max-per99.79","1 year 99.79 %ile of hourly values in a given year","2016","52.000","ug/m3","95.36","1","Background","Rural","5.2352","50.2745","265.0","","","","E1a/validated data AQ e-Reporting","18/03/2023 22:07:35","http://fme.discomap.eea.europa.eu/fmedatastreaming/AirQualityDownload/AQData_Extract.fmw?CountryCode=BE&CityName=&Pollutant=8&Year_from=2016&Year_to=2016&Station=STA-BETN093&Samplingpoint=&Source=E1a&Output=HTML&UpdateDate="
"Belgium","NET-Wallonia","Wallonia","BETN085","43N085 - VIELSALM","SPO-BETN085_00007_100","O3","Ozone (air)","P1Y-hr-per50","1 year 50 percentile","2016","43.000","ug/m3","94.87","1","Background","Rural","6.0017","50.3032","490.0","","","","E1a/validated data AQ e-Reporting","18/03/2023 22:05:49","http://fme.discomap.eea.europa.eu/fmedatastreaming/AirQualityDownload/AQData_Extract.fmw?CountryCode=BE&CityName=&Pollutant=7&Year_from=2016&Year_to=2016&Station=STA-BETN085&Samplingpoint=&Source=E1a&Output=HTML&UpdateDate="
"Belgium","NET-Wallonia","Wallonia","BEMM522","00M522 - MONS","SPO-BEMM522_05015_100","Ni in PM10","Nickel in PM10 (aerosol)","P1Y","Annual mean / 1 calendar year","2016","1.226","ng/m3","95.34","1","Background","Urban","3.9390","50.4651","56.0","Mons                                                                            ","BE009C1                                           ","95922","E1a/validated data AQ e-Reporting","18/03/2023 21:08:58","http://fme.discomap.eea.europa.eu/fmedatastreaming/AirQualityDownload/AQData_Extract.fmw?CountryCode=BE&CityName=&Pollutant=5015&Year_from=2016&Year_to=2016&Station=STA-BEMM522&Samplingpoint=&Source=E1a&Output=HTML&UpdateDate="
"Belgium","NET-Wallonia","Wallonia","BETN100","43N100 - DOURBES","SPO-BETN100_00001_100","SO2","Sulphur dioxide (air)","P1Y-daysAbove125","1 year day exceed 125","2016","0.000","count","98.09","1","Background","Rural","4.5948","50.0957","225.0","","","","E1a/validated data AQ e-Reporting","18/03/2023 22:23:37","http://fme.discomap.eea.europa.eu/fmedatastreaming/AirQualityDownload/AQData_Extract.fmw?CountryCode=BE&CityName=&Pollutant=1&Year_from=2016&Year_to=2016&Station=STA-BETN100&Samplingpoint=&Source=E1a&Output=HTML&UpdateDate="
"Belgium","NET-Wallonia","Wallonia","BEVR522","50R222 - SERAING","SPO-BEVR522_00449_100","(CH3)3-C-CH2-CH-(CH3)2","i-Octane (2,2,4-trimethylpentane) (air)","P1Y","Annual mean / 1 calendar year","2016","0.000","ug/m3","47.81","1","Background","Suburban","5.5713","50.6105","62.0","Liège                                                                           ","BE005C1                                           ","383700","E1a/validated data AQ e-Reporting","18/03/2023 21:08:58","http://fme.discomap.eea.europa.eu/fmedatastreaming/AirQualityDownload/AQData_Extract.fmw?CountryCode=BE&CityName=&Pollutant=449&Year_from=2016&Year_to=2016&Station=STA-BEVR522&Samplingpoint=&Source=E1a&Output=HTML&UpdateDate="
"Belgium","NET-Wallonia","Wallonia","BETN070","43N070 - MONS","SPO-BETN070_00008_100","NO2","Nitrogen dioxide (air)","P1Y-P1D-per99","1 year 99 percentile of daily means (P1D) or .../aq/primaryObservation/day","2016","55.500","ug/m3","100.00","1","Background","Suburban","3.9397","50.4652","30.0","Mons                                                                            ","BE009C1                                           ","95922","E1a/validated data AQ e-Reporting","18/03/2023 22:10:34","http://fme.discomap.eea.europa.eu/fmedatastreaming/AirQualityDownload/AQData_Extract.fmw?CountryCode=BE&CityName=&Pollutant=8&Year_from=2016&Year_to=2016&Station=STA-BETN070&Samplingpoint=&Source=E1a&Output=HTML&UpdateDate="
"Belgium","NET-Wallonia","Wallonia","BETN073","43N073 - VEZIN","SPO-BETN073_00005_100","PM10","Particulate matter < 10 µm (aerosol)","P1Y-hr-per50","1 year 50 percentile","2016","12.771","ug/m3","99.67","1","Background","Rural","4.9884","50.5027","160.0","","","","E1a/validated data AQ e-Reporting","18/03/2023 22:05:49","http://fme.discomap.eea.europa.eu/fmedatastreaming/AirQualityDownload/AQData_Extract.fmw?CountryCode=BE&CityName=&Pollutant=5&Year_from=2016&Year_to=2016&Station=STA-BETN073&Samplingpoint=&Source=E1a&Output=HTML&UpdateDate="
"Belgium","NET-Wallonia","Wallonia","BETN073","43N073 - VEZIN","SPO-BETN073_00008_100","NO2","Nitrogen dioxide (air)","P1Y-hr-max-per99.79","1 year 99.79 %ile of hourly values in a given year","2016","53.000","ug/m3","97.44","1","Background","Rural","4.9884","50.5027","160.0","","","","E1a/validated data AQ e-Reporting","18/03/2023 22:07:35","http://fme.discomap.eea.europa.eu/fmedatastreaming/AirQualityDownload/AQData_Extract.fmw?CountryCode=BE&CityName=&Pollutant=8&Year_from=2016&Year_to=2016&Station=STA-BETN073&Samplingpoint=&Source=E1a&Output=HTML&UpdateDate="
"Belgium","NET-Wallonia","Wallonia","BETR240","43R240 - ENGIS","SPO-BETR240_00008_100","NO2","Nitrogen dioxide (air)","P1Y-hr-max","1 year hour max","2016","127.000","ug/m3","95.54","1","Industrial","Suburban","5.3975","50.5836","135.0","","","","E1a/validated data AQ e-Reporting","18/03/2023 21:57:02","http://fme.discomap.eea.europa.eu/fmedatastreaming/AirQualityDownload/AQData_Extract.fmw?CountryCode=BE&CityName=&Pollutant=8&Year_from=2016&Year_to=2016&Station=STA-BETR240&Samplingpoint=&Source=E1a&Output=HTML&UpdateDate="
"Belgium","NET-Wallonia","Wallonia","BEVN063","50N063 - CORROY L.G.","SPO-BEVN063_00449_100","(CH3)3-C-CH2-CH-(CH3)2","i-Octane (2,2,4-trimethylpentane) (air)","P1Y","Annual mean / 1 calendar year","2016","0.000","ug/m3","46.17","1","Background","Rural","4.6683","50.6554","145.0","","","","E1a/validated data AQ e-Reporting","18/03/2023 21:08:58","http://fme.discomap.eea.europa.eu/fmedatastreaming/AirQualityDownload/AQData_Extract.fmw?CountryCode=BE&CityName=&Pollutant=449&Year_from=2016&Year_to=2016&Station=STA-BEVN063&Samplingpoint=&Source=E1a&Output=HTML&UpdateDate="
"Belgium","NET-Wallonia","Wallonia","BEVR240","50R240 - ENGIS","SPO-BEVR240_00441_100","C7H16","n-Heptane (air)","P1Y","Annual mean / 1 calendar year","2016","0.000","ug/m3","47.27","1","Industrial","Suburban","5.3975","50.5836","135.0","","","","E1a/validated data AQ e-Reporting","18/03/2023 21:08:58","http://fme.discomap.eea.europa.eu/fmedatastreaming/AirQualityDownload/AQData_Extract.fmw?CountryCode=BE&CityName=&Pollutant=441&Year_from=2016&Year_to=2016&Station=STA-BEVR240&Samplingpoint=&Source=E1a&Output=HTML&UpdateDate="
"Belgium","NET-Wallonia","Wallonia","BEVR522","50R222 - SERAING","SPO-BEVR522_00486_100","H3C-(CH2)3-CH3","n-Pentane (air)","P1Y","Annual mean / 1 calendar year","2016","0.001","ug/m3","47.81","1","Background","Suburban","5.5713","50.6105","62.0","Liège                                                                           ","BE005C1                                           ","383700","E1a/validated data AQ e-Reporting","18/03/2023 21:08:58","http://fme.discomap.eea.europa.eu/fmedatastreaming/AirQualityDownload/AQData_Extract.fmw?CountryCode=BE&CityName=&Pollutant=486&Year_from=2016&Year_to=2016&Station=STA-BEVR522&Samplingpoint=&Source=E1a&Output=HTML&UpdateDate="
"Belgium","NET-Wallonia","Wallonia","BETR221","43R221 - LIEGE","SPO-BETR221_00008_100","NO2","Nitrogen dioxide (air)","P1Y-hrsAbove200","1 year hour exceed 200","2016","0.000","count","97.02","1","Background","Urban","5.6278","50.6584","65.0","Liège                                                                           ","BE005C1                                           ","383700","E1a/validated data AQ e-Reporting","18/03/2023 21:48:42","http://fme.discomap.eea.europa.eu/fmedatastreaming/AirQualityDownload/AQData_Extract.fmw?CountryCode=BE&CityName=&Pollutant=8&Year_from=2016&Year_to=2016&Station=STA-BETR221&Samplingpoint=&Source=E1a&Output=HTML&UpdateDate="
"Belgium","NET-Wallonia","Wallonia","BETR221","43R221 - LIEGE","SPO-BETR221_00391_100","Black Carbon","black_carbon (aerosol)","P1Y","Annual mean / 1 calendar year","2016","1.158","ug/m3","85.17","1","Background","Urban","5.6278","50.6584","65.0","Liège                                                                           ","BE005C1                                           ","383700","E1a/validated data AQ e-Reporting","18/03/2023 21:08:58","http://fme.discomap.eea.europa.eu/fmedatastreaming/AirQualityDownload/AQData_Extract.fmw?CountryCode=BE&CityName=&Pollutant=391&Year_from=2016&Year_to=2016&Station=STA-BETR221&Samplingpoint=&Source=E1a&Output=HTML&UpdateDate="
"Belgium","NET-Flanders","Flanders","BETR834","42R834 - Boom","SPO-BETR834_00008_100","NO2","Nitrogen dioxide (air)","P1Y-hrsAbove400","1 year hour exceed 400","2016","0.000","count","94.79","1","Background","Suburban","4.3801","51.0920","0.0","","","","E1a/validated data AQ e-Reporting","18/03/2023 21:54:38","http://fme.discomap.eea.europa.eu/fmedatastreaming/AirQualityDownload/AQData_Extract.fmw?CountryCode=BE&CityName=&Pollutant=8&Year_from=2016&Year_to=2016&Station=STA-BETR834&Samplingpoint=&Source=E1a&Output=HTML&UpdateDate="
"Belgium","NET-Wallonia","Wallonia","BETR222","43R222 - SERAING","SPO-BETR222_00001_100","SO2","Sulphur dioxide (air)","P1Y","Annual mean / 1 calendar year","2016","0.767","ug/m3","90.63","1","Background","Suburban","5.5702","50.6134","65.0","Liège                                                                           ","BE005C1                                           ","383700","E1a/validated data AQ e-Reporting","18/03/2023 21:08:58","http://fme.discomap.eea.europa.eu/fmedatastreaming/AirQualityDownload/AQData_Extract.fmw?CountryCode=BE&CityName=&Pollutant=1&Year_from=2016&Year_to=2016&Station=STA-BETR222&Samplingpoint=&Source=E1a&Output=HTML&UpdateDate="
"Belgium","NET-Wallonia","Wallonia","BETN132","43N132 - HABAY-LA-N.","SPO-BETN132_00007_100","O3","Ozone (air)","P1Y-maxP6M-P8H-dmax","Yearly highest six monthly average of daily maximum 8-hour mean concentration","2016","79.719","ug/m3","100.00","1","Background","Rural","5.6304","49.7193","375.0","","","","E1a/validated data AQ e-Reporting","18/03/2023 22:58:54","http://fme.discomap.eea.europa.eu/fmedatastreaming/AirQualityDownload/AQData_Extract.fmw?CountryCode=BE&CityName=&Pollutant=7&Year_from=2016&Year_to=2016&Station=STA-BETN132&Samplingpoint=&Source=E1a&Output=HTML&UpdateDate="
"Belgium","NET-Flanders","Flanders","BETR750","44R750 - ZELZATE","SPO-BETR750_00010_100","CO","Carbon monoxide (air)","P1Y-P1D-per99","1 year 99 percentile of daily means (P1D) or .../aq/primaryObservation/day","2016","1.044","mg/m3","98.36","1","Industrial","Rural","3.8229","51.1961","6.0","","","","E1a/validated data AQ e-Reporting","18/03/2023 22:11:26","http://fme.discomap.eea.europa.eu/fmedatastreaming/AirQualityDownload/AQData_Extract.fmw?CountryCode=BE&CityName=&Pollutant=10&Year_from=2016&Year_to=2016&Station=STA-BETR750&Samplingpoint=&Source=E1a&Output=HTML&UpdateDate="
"Belgium","NET-Wallonia","Wallonia","BETN132","43N132 - HABAY-LA-N.","SPO-BETN132_00008_100","NO2","Nitrogen dioxide (air)","P1Y-hr-per50","1 year 50 percentile","2016","7.000","ug/m3","96.56","1","Background","Rural","5.6304","49.7193","375.0","","","","E1a/validated data AQ e-Reporting","18/03/2023 22:05:49","http://fme.discomap.eea.europa.eu/fmedatastreaming/AirQualityDownload/AQData_Extract.fmw?CountryCode=BE&CityName=&Pollutant=8&Year_from=2016&Year_to=2016&Station=STA-BETN132&Samplingpoint=&Source=E1a&Output=HTML&UpdateDate="
"Belgium","NET-Wallonia","Wallonia","BETN066","43N066 - EUPEN","SPO-BETN066_00007_100","O3","Ozone (air)","P1Y-dx-avg","1 year daymax average","2016","64.029","ug/m3","97.54","1","Background","Rural","6.0023","50.6289","295.0","","","","E1a/validated data AQ e-Reporting","18/03/2023 22:27:48","http://fme.discomap.eea.europa.eu/fmedatastreaming/AirQualityDownload/AQData_Extract.fmw?CountryCode=BE&CityName=&Pollutant=7&Year_from=2016&Year_to=2016&Station=STA-BETN066&Samplingpoint=&Source=E1a&Output=HTML&UpdateDate="
"Belgium","NET-Wallonia","Wallonia","BETR240","43R240 - ENGIS","SPO-BETR240_00008_100","NO2","Nitrogen dioxide (air)","P1Y-hr-min","1 year hour min","2016","1.500","ug/m3","95.54","1","Industrial","Suburban","5.3975","50.5836","135.0","","","","E1a/validated data AQ e-Reporting","18/03/2023 22:31:20","http://fme.discomap.eea.europa.eu/fmedatastreaming/AirQualityDownload/AQData_Extract.fmw?CountryCode=BE&CityName=&Pollutant=8&Year_from=2016&Year_to=2016&Station=STA-BETR240&Samplingpoint=&Source=E1a&Output=HTML&UpdateDate="
"Belgium","NET-Wallonia","Wallonia","BETN066","43N066 - EUPEN","SPO-BETN066_00008_100","NO2","Nitrogen dioxide (air)","P1Y-day-max","1 year day max","2016","36.333","ug/m3","100.00","1","Background","Rural","6.0023","50.6289","295.0","","","","E1a/validated data AQ e-Reporting","18/03/2023 21:43:56","http://fme.discomap.eea.europa.eu/fmedatastreaming/AirQualityDownload/AQData_Extract.fmw?CountryCode=BE&CityName=&Pollutant=8&Year_from=2016&Year_to=2016&Station=STA-BETN066&Samplingpoint=&Source=E1a&Output=HTML&UpdateDate="
"Belgium","NET-Wallonia","Wallonia","BEVN085","50N085 - VIELSALM","SPO-BEVN085_00441_100","C7H16","n-Heptane (air)","P1Y","Annual mean / 1 calendar year","2016","0.000","ug/m3","47.27","1","Background","Rural","6.0017","50.3032","490.0","","","","E1a/validated data AQ e-Reporting","18/03/2023 21:08:58","http://fme.discomap.eea.europa.eu/fmedatastreaming/AirQualityDownload/AQData_Extract.fmw?CountryCode=BE&CityName=&Pollutant=441&Year_from=2016&Year_to=2016&Station=STA-BEVN085&Samplingpoint=&Source=E1a&Output=HTML&UpdateDate="
"Belgium","NET-Wallonia","Wallonia","BEVN085","50N085 - VIELSALM","SPO-BEVN085_00451_100","CH2=CH-C(CH3)=CH2","Isoprene (2-methyl-1,3-butadiene) (air)","P1Y","Annual mean / 1 calendar year","2016","0.000","ug/m3","47.27","1","Background","Rural","6.0017","50.3032","490.0","","","","E1a/validated data AQ e-Reporting","18/03/2023 21:08:58","http://fme.discomap.eea.europa.eu/fmedatastreaming/AirQualityDownload/AQData_Extract.fmw?CountryCode=BE&CityName=&Pollutant=451&Year_from=2016&Year_to=2016&Station=STA-BEVN085&Samplingpoint=&Source=E1a&Output=HTML&UpdateDate="
"Belgium","NET-Wallonia","Wallonia","BEVN060","50N060 - HAVINNES","SPO-BEVN060_00482_100","o-C6H4-(CH3)2","o-Xylene (air)","P1Y","Annual mean / 1 calendar year","2016","0.000","ug/m3","49.73","1","Background","Suburban","3.4576","50.6167","0.0","","","","E1a/validated data AQ e-Reporting","18/03/2023 21:08:58","http://fme.discomap.eea.europa.eu/fmedatastreaming/AirQualityDownload/AQData_Extract.fmw?CountryCode=BE&CityName=&Pollutant=482&Year_from=2016&Year_to=2016&Station=STA-BEVN060&Samplingpoint=&Source=E1a&Output=HTML&UpdateDate="
"Belgium","NET-Wallonia","Wallonia","BEVR522","50R222 - SERAING","SPO-BEVR522_00021_100","C6H5-CH3","Toluene (air)","P1Y","Annual mean / 1 calendar year","2016","0.002","ug/m3","47.81","1","Background","Suburban","5.5713","50.6105","62.0","Liège                                                                           ","BE005C1                                           ","383700","E1a/validated data AQ e-Reporting","18/03/2023 21:08:58","http://fme.discomap.eea.europa.eu/fmedatastreaming/AirQualityDownload/AQData_Extract.fmw?CountryCode=BE&CityName=&Pollutant=21&Year_from=2016&Year_to=2016&Station=STA-BEVR522&Samplingpoint=&Source=E1a&Output=HTML&UpdateDate="
"Belgium","NET-Wallonia","Wallonia","BEVR231","50R231 - ANS","SPO-BEVR231_00464_100","m,p-C6H4(CH3)2","m,p-Xylene (air)","P1Y","Annual mean / 1 calendar year","2016","0.000","ug/m3","44.81","1","Background","Urban","5.5294","50.6601","160.0","Liège                                                                           ","BE005C1                                           ","383700","E1a/validated data AQ e-Reporting","18/03/2023 21:08:58","http://fme.discomap.eea.europa.eu/fmedatastreaming/AirQualityDownload/AQData_Extract.fmw?CountryCode=BE&CityName=&Pollutant=464&Year_from=2016&Year_to=2016&Station=STA-BEVR231&Samplingpoint=&Source=E1a&Output=HTML&UpdateDate="
"Belgium","NET-Wallonia","Wallonia","BEVN113","50N113 - SAINT-ODE","SPO-BEVN113_06007_100","cis-H3C-CH=CH-CH3","cis-2-Butene (air)","P1Y","Annual mean / 1 calendar year","2016","0.000","ug/m3","42.90","1","Background","Rural","5.5930","50.0270","510.0","","","","E1a/validated data AQ e-Reporting","18/03/2023 21:08:58","http://fme.discomap.eea.europa.eu/fmedatastreaming/AirQualityDownload/AQData_Extract.fmw?CountryCode=BE&CityName=&Pollutant=6007&Year_from=2016&Year_to=2016&Station=STA-BEVN113&Samplingpoint=&Source=E1a&Output=HTML&UpdateDate="
"Belgium","NET-Wallonia","Wallonia","BETN066","43N066 - EUPEN","SPO-BETN066_00008_100","NO2","Nitrogen dioxide (air)","P1Y-hr-min","1 year hour min","2016","0.000","ug/m3","97.47","1","Background","Rural","6.0023","50.6289","295.0","","","","E1a/validated data AQ e-Reporting","18/03/2023 22:31:20","http://fme.discomap.eea.europa.eu/fmedatastreaming/AirQualityDownload/AQData_Extract.fmw?CountryCode=BE&CityName=&Pollutant=8&Year_from=2016&Year_to=2016&Station=STA-BETN066&Samplingpoint=&Source=E1a&Output=HTML&UpdateDate="
"Belgium","NET-Wallonia","Wallonia","BETN067","43N067 - MEMBACH","SPO-BETN067_00005_100","PM10","Particulate matter < 10 µm (aerosol)","P3Y","3 subsequent calendar years mean","2016","14.339","ug/m3","98.49","1","Background","Suburban","5.9928","50.6123","0.0","","","","E1a/validated data AQ e-Reporting","18/03/2023 21:36:00","http://fme.discomap.eea.europa.eu/fmedatastreaming/AirQualityDownload/AQData_Extract.fmw?CountryCode=BE&CityName=&Pollutant=5&Year_from=2016&Year_to=2016&Station=STA-BETN067&Samplingpoint=&Source=E1a&Output=HTML&UpdateDate="
"Belgium","NET-Wallonia","Wallonia","BETN070","43N070 - MONS","SPO-BETN070_00007_100","O3","Ozone (air)","P1Y-day-per50","1 year 50 %ile of daily values in a year","2016","33.478","ug/m3","98.63","1","Background","Suburban","3.9397","50.4652","30.0","Mons                                                                            ","BE009C1                                           ","95922","E1a/validated data AQ e-Reporting","18/03/2023 22:15:13","http://fme.discomap.eea.europa.eu/fmedatastreaming/AirQualityDownload/AQData_Extract.fmw?CountryCode=BE&CityName=&Pollutant=7&Year_from=2016&Year_to=2016&Station=STA-BETN070&Samplingpoint=&Source=E1a&Output=HTML&UpdateDate="
"Belgium","NET-Wallonia","Wallonia","BEVN093","50N093 - SINSIN","SPO-BEVN093_00020_100","C6H6","Benzene (air)","P1Y","Annual mean / 1 calendar year","2016","0.375","ug/m3","42.35","1","Background","Rural","5.2352","50.2745","265.0","","","","E1a/validated data AQ e-Reporting","18/03/2023 21:08:58","http://fme.discomap.eea.europa.eu/fmedatastreaming/AirQualityDownload/AQData_Extract.fmw?CountryCode=BE&CityName=&Pollutant=20&Year_from=2016&Year_to=2016&Station=STA-BEVN093&Samplingpoint=&Source=E1a&Output=HTML&UpdateDate="
"Belgium","NET-Wallonia","Wallonia","BETH201","43H201 - LIEGE","SPO-BETH201_00005_100","PM10","Particulate matter < 10 µm (aerosol)","P1Y-hr-min","1 year hour min","2016","0.000","ug/m3","98.27","1","Background","Suburban","5.5475","50.6250","160.0","Liège                                                                           ","BE005C1                                           ","383700","E1a/validated data AQ e-Reporting","18/03/2023 22:31:20","http://fme.discomap.eea.europa.eu/fmedatastreaming/AirQualityDownload/AQData_Extract.fmw?CountryCode=BE&CityName=&Pollutant=5&Year_from=2016&Year_to=2016&Station=STA-BETH201&Samplingpoint=&Source=E1a&Output=HTML&UpdateDate="
"Belgium","NET-Flanders","Flanders","BETR897","42R897 - ANTWERPEN","SPO-BETR897_00001_100","SO2","Sulphur dioxide (air)","P1Y-hr-per50","1 year 50 percentile","2016","1.000","ug/m3","97.20","1","Industrial","Suburban","4.3421","51.2501","5.0","Antwerpen                                                                       ","BE002C1                                           ","530014","E1a/validated data AQ e-Reporting","18/03/2023 22:05:49","http://fme.discomap.eea.europa.eu/fmedatastreaming/AirQualityDownload/AQData_Extract.fmw?CountryCode=BE&CityName=&Pollutant=1&Year_from=2016&Year_to=2016&Station=STA-BETR897&Samplingpoint=&Source=E1a&Output=HTML&UpdateDate="
"Belgium","NET-Wallonia","Wallonia","BETN100","43N100 - DOURBES","SPO-BETN100_06001_100","PM2.5","Particulate matter < 2.5 µm (aerosol)","P1Y-hr-min","1 year hour min","2016","0.000","ug/m3","99.57","1","Background","Rural","4.5948","50.0957","225.0","","","","E1a/validated data AQ e-Reporting","18/03/2023 22:31:20","http://fme.discomap.eea.europa.eu/fmedatastreaming/AirQualityDownload/AQData_Extract.fmw?CountryCode=BE&CityName=&Pollutant=6001&Year_from=2016&Year_to=2016&Station=STA-BETN100&Samplingpoint=&Source=E1a&Output=HTML&UpdateDate="
"Belgium","NET-Wallonia","Wallonia","BETN060","43N060 - HAVINNES","SPO-BETN060_00001_100","SO2","Sulphur dioxide (air)","P1Y-P1D-per99","1 year 99 percentile of daily means (P1D) or .../aq/primaryObservation/day","2016","4.978","ug/m3","97.81","1","Background","Rural","3.4576","50.6167","0.0","","","","E1a/validated data AQ e-Reporting","18/03/2023 22:11:00","http://fme.discomap.eea.europa.eu/fmedatastreaming/AirQualityDownload/AQData_Extract.fmw?CountryCode=BE&CityName=&Pollutant=1&Year_from=2016&Year_to=2016&Station=STA-BETN060&Samplingpoint=&Source=E1a&Output=HTML&UpdateDate="
"Belgium","NET-Wallonia","Wallonia","BETN060","43N060 - HAVINNES","SPO-BETN060_00005_100","PM10","Particulate matter < 10 µm (aerosol)","P1Y-P1D-per90.41","1 year 90.41 percentile","2016","37.521","ug/m3","100.00","1","Background","Rural","3.4576","50.6167","0.0","","","","E1a/validated data AQ e-Reporting","18/03/2023 22:09:05","http://fme.discomap.eea.europa.eu/fmedatastreaming/AirQualityDownload/AQData_Extract.fmw?CountryCode=BE&CityName=&Pollutant=5&Year_from=2016&Year_to=2016&Station=STA-BETN060&Samplingpoint=&Source=E1a&Output=HTML&UpdateDate="
"Belgium","NET-Wallonia","Wallonia","BETN060","43N060 - HAVINNES","SPO-BETN060_00007_100","O3","Ozone (air)","P1Y-dmax-per99","1 year 99 percentile daily 8h maximum","2016","123.938","ug/m3","97.27","1","Background","Rural","3.4576","50.6167","0.0","","","","E1a/validated data AQ e-Reporting","18/03/2023 22:13:26","http://fme.discomap.eea.europa.eu/fmedatastreaming/AirQualityDownload/AQData_Extract.fmw?CountryCode=BE&CityName=&Pollutant=7&Year_from=2016&Year_to=2016&Station=STA-BETN060&Samplingpoint=&Source=E1a&Output=HTML&UpdateDate="
"Belgium","NET-Wallonia","Wallonia","BETN121","43N121 - OFFAGNE","SPO-BETN121_00005_100","PM10","Particulate matter < 10 µm (aerosol)","P1Y-P1D-per90.41","1 year 90.41 percentile","2016","24.250","ug/m3","98.09","1","Background","Rural","5.2024","49.8771","430.0","","","","E1a/validated data AQ e-Reporting","18/03/2023 22:09:05","http://fme.discomap.eea.europa.eu/fmedatastreaming/AirQualityDownload/AQData_Extract.fmw?CountryCode=BE&CityName=&Pollutant=5&Year_from=2016&Year_to=2016&Station=STA-BETN121&Samplingpoint=&Source=E1a&Output=HTML&UpdateDate="
"Belgium","NET-Wallonia","Wallonia","BETN132","43N132 - HABAY-LA-N.","SPO-BETN132_00001_100","SO2","Sulphur dioxide (air)","P1Y-hr-max","1 year hour max","2016","5.500","ug/m3","97.04","1","Background","Rural","5.6304","49.7193","375.0","","","","E1a/validated data AQ e-Reporting","18/03/2023 21:57:02","http://fme.discomap.eea.europa.eu/fmedatastreaming/AirQualityDownload/AQData_Extract.fmw?CountryCode=BE&CityName=&Pollutant=1&Year_from=2016&Year_to=2016&Station=STA-BETN132&Samplingpoint=&Source=E1a&Output=HTML&UpdateDate="
"Belgium","NET-Wallonia","Wallonia","BETR240","43R240 - ENGIS","SPO-BETR240_00007_100","O3","Ozone (air)","P3Y","3 subsequent calendar years mean","2016","42.711","ug/m3","94.00","1","Industrial","Suburban","5.3975","50.5836","135.0","","","","E1a/validated data AQ e-Reporting","18/03/2023 21:36:00","http://fme.discomap.eea.europa.eu/fmedatastreaming/AirQualityDownload/AQData_Extract.fmw?CountryCode=BE&CityName=&Pollutant=7&Year_from=2016&Year_to=2016&Station=STA-BETR240&Samplingpoint=&Source=E1a&Output=HTML&UpdateDate="
"Belgium","NET-Wallonia","Wallonia","BETN093","43N093 - SINSIN","SPO-BETN093_00007_100","O3","Ozone (air)","P1Y-dx-max26","1 year daymax max 26","2016","100.214","ug/m3","93.72","1","Background","Rural","5.2352","50.2745","265.0","","","","E1a/validated data AQ e-Reporting","18/03/2023 22:32:17","http://fme.discomap.eea.europa.eu/fmedatastreaming/AirQualityDownload/AQData_Extract.fmw?CountryCode=BE&CityName=&Pollutant=7&Year_from=2016&Year_to=2016&Station=STA-BETN093&Samplingpoint=&Source=E1a&Output=HTML&UpdateDate="
"Belgium","NET-Wallonia","Wallonia","BETN073","43N073 - VEZIN","SPO-BETN073_06001_100","PM2.5","Particulate matter < 2.5 µm (aerosol)","P1Y-P1D-per99","1 year 99 percentile of daily means (P1D) or .../aq/primaryObservation/day","2016","31.663","ug/m3","100.00","1","Background","Rural","4.9884","50.5027","160.0","","","","E1a/validated data AQ e-Reporting","18/03/2023 22:10:03","http://fme.discomap.eea.europa.eu/fmedatastreaming/AirQualityDownload/AQData_Extract.fmw?CountryCode=BE&CityName=&Pollutant=6001&Year_from=2016&Year_to=2016&Station=STA-BETN073&Samplingpoint=&Source=E1a&Output=HTML&UpdateDate="
"Belgium","NET-Wallonia","Wallonia","BETN093","43N093 - SINSIN","SPO-BETN093_00008_100","NO2","Nitrogen dioxide (air)","P1Y-hr-max","1 year hour max","2016","72.500","ug/m3","95.36","1","Background","Rural","5.2352","50.2745","265.0","","","","E1a/validated data AQ e-Reporting","18/03/2023 21:57:02","http://fme.discomap.eea.europa.eu/fmedatastreaming/AirQualityDownload/AQData_Extract.fmw?CountryCode=BE&CityName=&Pollutant=8&Year_from=2016&Year_to=2016&Station=STA-BETN093&Samplingpoint=&Source=E1a&Output=HTML&UpdateDate="
"Belgium","NET-Wallonia","Wallonia","BETR501","45R501 - CHARLEROI","SPO-BETR501_00005_100","PM10","Particulate matter < 10 µm (aerosol)","P1Y-day-min","1 year day min","2016","0.455","ug/m3","100.00","1","Background","Urban","4.4522","50.4093","115.0","Charleroi                                                                       ","BE004C1                                           ","203314","E1a/validated data AQ e-Reporting","18/03/2023 21:55:13","http://fme.discomap.eea.europa.eu/fmedatastreaming/AirQualityDownload/AQData_Extract.fmw?CountryCode=BE&CityName=&Pollutant=5&Year_from=2016&Year_to=2016&Station=STA-BETR501&Samplingpoint=&Source=E1a&Output=HTML&UpdateDate="
"Belgium","NET-Wallonia","Wallonia","BETR221","43R221 - LIEGE","SPO-BETR221_00005_100","PM10","Particulate matter < 10 µm (aerosol)","P1Y-hr-min","1 year hour min","2016","0.000","ug/m3","99.48","1","Background","Urban","5.6278","50.6584","65.0","Liège                                                                           ","BE005C1                                           ","383700","E1a/validated data AQ e-Reporting","18/03/2023 22:31:20","http://fme.discomap.eea.europa.eu/fmedatastreaming/AirQualityDownload/AQData_Extract.fmw?CountryCode=BE&CityName=&Pollutant=5&Year_from=2016&Year_to=2016&Station=STA-BETR221&Samplingpoint=&Source=E1a&Output=HTML&UpdateDate="
"Belgium","NET-Wallonia","Wallonia","BETR221","43R221 - LIEGE","SPO-BETR221_00005_100","PM10","Particulate matter < 10 µm (aerosol)","P1Y-hr-per50","1 year 50 percentile","2016","15.271","ug/m3","99.48","1","Background","Urban","5.6278","50.6584","65.0","Liège                                                                           ","BE005C1                                           ","383700","E1a/validated data AQ e-Reporting","18/03/2023 22:05:49","http://fme.discomap.eea.europa.eu/fmedatastreaming/AirQualityDownload/AQData_Extract.fmw?CountryCode=BE&CityName=&Pollutant=5&Year_from=2016&Year_to=2016&Station=STA-BETR221&Samplingpoint=&Source=E1a&Output=HTML&UpdateDate="
"Belgium","NET-Wallonia","Wallonia","BETR511","45R511 - MARCINELLE","SPO-BETR511_00005_100","PM10","Particulate matter < 10 µm (aerosol)","P1Y-P1D-per99","1 year 99 percentile of daily means (P1D) or .../aq/primaryObservation/day","2016","50.850","ug/m3","96.99","1","Background","Suburban","4.4247","50.3776","157.0","Charleroi                                                                       ","BE004C1                                           ","203314","E1a/validated data AQ e-Reporting","18/03/2023 22:09:38","http://fme.discomap.eea.europa.eu/fmedatastreaming/AirQualityDownload/AQData_Extract.fmw?CountryCode=BE&CityName=&Pollutant=5&Year_from=2016&Year_to=2016&Station=STA-BETR511&Samplingpoint=&Source=E1a&Output=HTML&UpdateDate="
"Belgium","NET-Wallonia","Wallonia","BEVR231","50R231 - ANS","SPO-BEVR231_00024_100","CH2=CH-CH=CH2","1.3 Butadiene (air)","P1Y","Annual mean / 1 calendar year","2016","0.000","ug/m3","44.81","1","Background","Urban","5.5294","50.6601","160.0","Liège                                                                           ","BE005C1                                           ","383700","E1a/validated data AQ e-Reporting","18/03/2023 21:08:58","http://fme.discomap.eea.europa.eu/fmedatastreaming/AirQualityDownload/AQData_Extract.fmw?CountryCode=BE&CityName=&Pollutant=24&Year_from=2016&Year_to=2016&Station=STA-BEVR231&Samplingpoint=&Source=E1a&Output=HTML&UpdateDate="
"Belgium","NET-Flanders","Flanders","BETR831","42R831 - BERENDRECHT","SPO-BETR831_00008_100","NO2","Nitrogen dioxide (air)","P1Y","Annual mean / 1 calendar year","2016","27.527","ug/m3","88.85","1","Industrial","Rural","4.3397","51.3488","3.0","Antwerpen                                                                       ","BE002C1                                           ","530014","E1a/validated data AQ e-Reporting","18/03/2023 21:08:58","http://fme.discomap.eea.europa.eu/fmedatastreaming/AirQualityDownload/AQData_Extract.fmw?CountryCode=BE&CityName=&Pollutant=8&Year_from=2016&Year_to=2016&Station=STA-BETR831&Samplingpoint=&Source=E1a&Output=HTML&UpdateDate="
"Belgium","NET-Flanders","Flanders","BETR831","42R831 - BERENDRECHT","SPO-BETR831_00008_100","NO2","Nitrogen dioxide (air)","P1Y-day-per50","1 year 50 %ile of daily values in a year","2016","25.826","ug/m3","90.98","1","Industrial","Rural","4.3397","51.3488","3.0","Antwerpen                                                                       ","BE002C1                                           ","530014","E1a/validated data AQ e-Reporting","18/03/2023 22:14:21","http://fme.discomap.eea.europa.eu/fmedatastreaming/AirQualityDownload/AQData_Extract.fmw?CountryCode=BE&CityName=&Pollutant=8&Year_from=2016&Year_to=2016&Station=STA-BETR831&Samplingpoint=&Source=E1a&Output=HTML&UpdateDate="
"Belgium","NET-Wallonia","Wallonia","BETN113","43N113 - SAINT-ODE","SPO-BETN113_00005_100","PM10","Particulate matter < 10 µm (aerosol)","P1Y-day-min","1 year day min","2016","0.017","ug/m3","92.08","1","Background","Rural","5.5930","50.0270","510.0","","","","E1a/validated data AQ e-Reporting","18/03/2023 21:55:13","http://fme.discomap.eea.europa.eu/fmedatastreaming/AirQualityDownload/AQData_Extract.fmw?CountryCode=BE&CityName=&Pollutant=5&Year_from=2016&Year_to=2016&Station=STA-BETN113&Samplingpoint=&Source=E1a&Output=HTML&UpdateDate="
"Belgium","NET-Wallonia","Wallonia","BETN121","43N121 - OFFAGNE","SPO-BETN121_00005_100","PM10","Particulate matter < 10 µm (aerosol)","P1Y-hr-max","1 year hour max","2016","84.271","ug/m3","98.50","1","Background","Rural","5.2024","49.8771","430.0","","","","E1a/validated data AQ e-Reporting","18/03/2023 21:57:02","http://fme.discomap.eea.europa.eu/fmedatastreaming/AirQualityDownload/AQData_Extract.fmw?CountryCode=BE&CityName=&Pollutant=5&Year_from=2016&Year_to=2016&Station=STA-BETN121&Samplingpoint=&Source=E1a&Output=HTML&UpdateDate="
"Belgium","NET-Wallonia","Wallonia","BETN132","43N132 - HABAY-LA-N.","SPO-BETN132_00008_100","NO2","Nitrogen dioxide (air)","P1Y-day-min","1 year day min","2016","1.000","ug/m3","98.63","1","Background","Rural","5.6304","49.7193","375.0","","","","E1a/validated data AQ e-Reporting","18/03/2023 21:56:03","http://fme.discomap.eea.europa.eu/fmedatastreaming/AirQualityDownload/AQData_Extract.fmw?CountryCode=BE&CityName=&Pollutant=8&Year_from=2016&Year_to=2016&Station=STA-BETN132&Samplingpoint=&Source=E1a&Output=HTML&UpdateDate="
"Belgium","NET-Wallonia","Wallonia","BETR223","43R223 - JEMEPPE","SPO-BETR223_00001_100","SO2","Sulphur dioxide (air)","P1Y-3hAbove500","3 consecutive hours in exceedance of 500","2016","0.000","count","92.60","1","Industrial","Suburban","5.5164","50.6207","50.0","Liège                                                                           ","BE005C1                                           ","383700","E1a/validated data AQ e-Reporting","18/03/2023 22:18:09","http://fme.discomap.eea.europa.eu/fmedatastreaming/AirQualityDownload/AQData_Extract.fmw?CountryCode=BE&CityName=&Pollutant=1&Year_from=2016&Year_to=2016&Station=STA-BETR223&Samplingpoint=&Source=E1a&Output=HTML&UpdateDate="
"Belgium","NET-Wallonia","Wallonia","BETR221","43R221 - LIEGE","SPO-BETR221_06001_100","PM2.5","Particulate matter < 2.5 µm (aerosol)","P1Y-P1D-per99","1 year 99 percentile of daily means (P1D) or .../aq/primaryObservation/day","2016","38.754","ug/m3","100.00","1","Background","Urban","5.6278","50.6584","65.0","Liège                                                                           ","BE005C1                                           ","383700","E1a/validated data AQ e-Reporting","18/03/2023 22:10:03","http://fme.discomap.eea.europa.eu/fmedatastreaming/AirQualityDownload/AQData_Extract.fmw?CountryCode=BE&CityName=&Pollutant=6001&Year_from=2016&Year_to=2016&Station=STA-BETR221&Samplingpoint=&Source=E1a&Output=HTML&UpdateDate="
"Belgium","NET-Wallonia","Wallonia","BETR221","43R221 - LIEGE","SPO-BETR221_00001_100","SO2","Sulphur dioxide (air)","P1Y-hr-min","1 year hour min","2016","0.000","ug/m3","85.80","1","Background","Urban","5.6278","50.6584","65.0","Liège                                                                           ","BE005C1                                           ","383700","E1a/validated data AQ e-Reporting","18/03/2023 22:31:20","http://fme.discomap.eea.europa.eu/fmedatastreaming/AirQualityDownload/AQData_Extract.fmw?CountryCode=BE&CityName=&Pollutant=1&Year_from=2016&Year_to=2016&Station=STA-BETR221&Samplingpoint=&Source=E1a&Output=HTML&UpdateDate="
"Belgium","NET-Wallonia","Wallonia","BETN070","43N070 - MONS","SPO-BETN070_00007_100","O3","Ozone (air)","P1Y-dx-max26","1 year daymax max 26","2016","84.438","ug/m3","97.27","1","Background","Suburban","3.9397","50.4652","30.0","Mons                                                                            ","BE009C1                                           ","95922","E1a/validated data AQ e-Reporting","18/03/2023 22:32:17","http://fme.discomap.eea.europa.eu/fmedatastreaming/AirQualityDownload/AQData_Extract.fmw?CountryCode=BE&CityName=&Pollutant=7&Year_from=2016&Year_to=2016&Station=STA-BETN070&Samplingpoint=&Source=E1a&Output=HTML&UpdateDate="
"Belgium","NET-Wallonia","Wallonia","BETN060","43N060 - HAVINNES","SPO-BETN060_06001_100","PM2.5","Particulate matter < 2.5 µm (aerosol)","P1Y-day-min","1 year day min","2016","0.015","ug/m3","100.00","1","Background","Rural","3.4576","50.6167","0.0","","","","E1a/validated data AQ e-Reporting","18/03/2023 21:55:29","http://fme.discomap.eea.europa.eu/fmedatastreaming/AirQualityDownload/AQData_Extract.fmw?CountryCode=BE&CityName=&Pollutant=6001&Year_from=2016&Year_to=2016&Station=STA-BETN060&Samplingpoint=&Source=E1a&Output=HTML&UpdateDate="
"Belgium","NET-Wallonia","Wallonia","BEVN093","50N093 - SINSIN","SPO-BEVN093_00020_100","C6H6","Benzene (air)","P1Y-day-per50","1 year 50 %ile of daily values in a year","2016","0.290","ug/m3","42.35","1","Background","Rural","5.2352","50.2745","265.0","","","","E1a/validated data AQ e-Reporting","18/03/2023 22:13:51","http://fme.discomap.eea.europa.eu/fmedatastreaming/AirQualityDownload/AQData_Extract.fmw?CountryCode=BE&CityName=&Pollutant=20&Year_from=2016&Year_to=2016&Station=STA-BEVN093&Samplingpoint=&Source=E1a&Output=HTML&UpdateDate="
"Belgium","NET-Wallonia","Wallonia","BETN063","43N063 - CORROY L.G.","SPO-BETN063_00007_100","O3","Ozone (air)","P1Y-dx-max26","1 year daymax max 26","2016","101.429","ug/m3","96.17","1","Background","Rural","4.6683","50.6554","145.0","","","","E1a/validated data AQ e-Reporting","18/03/2023 22:32:17","http://fme.discomap.eea.europa.eu/fmedatastreaming/AirQualityDownload/AQData_Extract.fmw?CountryCode=BE&CityName=&Pollutant=7&Year_from=2016&Year_to=2016&Station=STA-BETN063&Samplingpoint=&Source=E1a&Output=HTML&UpdateDate="
"Belgium","NET-Wallonia","Wallonia","BEVN100","50N100 - DOURBES","SPO-BEVN100_06007_100","cis-H3C-CH=CH-CH3","cis-2-Butene (air)","P1Y","Annual mean / 1 calendar year","2016","0.000","ug/m3","48.36","1","Background","Rural","4.5948","50.0957","225.0","","","","E1a/validated data AQ e-Reporting","18/03/2023 21:08:58","http://fme.discomap.eea.europa.eu/fmedatastreaming/AirQualityDownload/AQData_Extract.fmw?CountryCode=BE&CityName=&Pollutant=6007&Year_from=2016&Year_to=2016&Station=STA-BEVN100&Samplingpoint=&Source=E1a&Output=HTML&UpdateDate="
"Belgium","NET-Wallonia","Wallonia","BETR501","45R501 - CHARLEROI","SPO-BETR501_00005_100","PM10","Particulate matter < 10 µm (aerosol)","P1Y-hr-min","1 year hour min","2016","0.000","ug/m3","99.68","1","Background","Urban","4.4522","50.4093","115.0","Charleroi                                                                       ","BE004C1                                           ","203314","E1a/validated data AQ e-Reporting","18/03/2023 22:31:20","http://fme.discomap.eea.europa.eu/fmedatastreaming/AirQualityDownload/AQData_Extract.fmw?CountryCode=BE&CityName=&Pollutant=5&Year_from=2016&Year_to=2016&Station=STA-BETR501&Samplingpoint=&Source=E1a&Output=HTML&UpdateDate="
"Belgium","NET-Wallonia","Wallonia","BETR222","43R222 - SERAING","SPO-BETR222_00007_100","O3","Ozone (air)","P1Y-hr-min","1 year hour min","2016","0.500","ug/m3","94.17","1","Background","Suburban","5.5702","50.6134","65.0","Liège                                                                           ","BE005C1                                           ","383700","E1a/validated data AQ e-Reporting","18/03/2023 22:31:20","http://fme.discomap.eea.europa.eu/fmedatastreaming/AirQualityDownload/AQData_Extract.fmw?CountryCode=BE&CityName=&Pollutant=7&Year_from=2016&Year_to=2016&Station=STA-BETR222&Samplingpoint=&Source=E1a&Output=HTML&UpdateDate="
"Belgium","NET-Wallonia","Wallonia","BEVMOU1","5MOU01 - MOUSCRON","SPO-BEVMOU1_00449_100","(CH3)3-C-CH2-CH-(CH3)2","i-Octane (2,2,4-trimethylpentane) (air)","P1Y","Annual mean / 1 calendar year","2016","0.000","ug/m3","49.73","1","Industrial","Suburban","3.2414","50.7532","42.0","Mouscron                                                                        ","BE013C1                                           ","58862","E1a/validated data AQ e-Reporting","18/03/2023 21:08:58","http://fme.discomap.eea.europa.eu/fmedatastreaming/AirQualityDownload/AQData_Extract.fmw?CountryCode=BE&CityName=&Pollutant=449&Year_from=2016&Year_to=2016&Station=STA-BEVMOU1&Samplingpoint=&Source=E1a&Output=HTML&UpdateDate="
"Belgium","NET-Wallonia","Wallonia","BEVN113","50N113 - SAINT-ODE","SPO-BEVN113_00482_100","o-C6H4-(CH3)2","o-Xylene (air)","P1Y","Annual mean / 1 calendar year","2016","0.000","ug/m3","42.62","1","Background","Rural","5.5930","50.0270","510.0","","","","E1a/validated data AQ e-Reporting","18/03/2023 21:08:58","http://fme.discomap.eea.europa.eu/fmedatastreaming/AirQualityDownload/AQData_Extract.fmw?CountryCode=BE&CityName=&Pollutant=482&Year_from=2016&Year_to=2016&Station=STA-BEVN113&Samplingpoint=&Source=E1a&Output=HTML&UpdateDate="
"Belgium","NET-Wallonia","Wallonia","BEVN132","50N132 - HABAY-LA-N.","SPO-BEVN132_00394_100","H3C-CH2-CH2-CH3","n-Butane (air)","P1Y","Annual mean / 1 calendar year","2016","0.001","ug/m3","47.27","1","Background","Rural","5.6304","49.7193","375.0","","","","E1a/validated data AQ e-Reporting","18/03/2023 21:08:58","http://fme.discomap.eea.europa.eu/fmedatastreaming/AirQualityDownload/AQData_Extract.fmw?CountryCode=BE&CityName=&Pollutant=394&Year_from=2016&Year_to=2016&Station=STA-BEVN132&Samplingpoint=&Source=E1a&Output=HTML&UpdateDate="
"Belgium","NET-Wallonia","Wallonia","BETN073","43N073 - VEZIN","SPO-BETN073_06001_100","PM2.5","Particulate matter < 2.5 µm (aerosol)","P1Y-day-per50","1 year 50 %ile of daily values in a year","2016","6.970","ug/m3","100.00","1","Background","Rural","4.9884","50.5027","160.0","","","","E1a/validated data AQ e-Reporting","18/03/2023 22:11:51","http://fme.discomap.eea.europa.eu/fmedatastreaming/AirQualityDownload/AQData_Extract.fmw?CountryCode=BE&CityName=&Pollutant=6001&Year_from=2016&Year_to=2016&Station=STA-BETN073&Samplingpoint=&Source=E1a&Output=HTML&UpdateDate="
"Belgium","NET-Wallonia","Wallonia","BEVR221","50R221 - LIEGE","SPO-BEVR221_00486_100","H3C-(CH2)3-CH3","n-Pentane (air)","P1Y","Annual mean / 1 calendar year","2016","0.001","ug/m3","45.63","1","Background","Urban","5.6278","50.6584","65.0","Liège                                                                           ","BE005C1                                           ","383700","E1a/validated data AQ e-Reporting","18/03/2023 21:08:58","http://fme.discomap.eea.europa.eu/fmedatastreaming/AirQualityDownload/AQData_Extract.fmw?CountryCode=BE&CityName=&Pollutant=486&Year_from=2016&Year_to=2016&Station=STA-BEVR221&Samplingpoint=&Source=E1a&Output=HTML&UpdateDate="
"Belgium","NET-Wallonia","Wallonia","BEVN060","50N060 - HAVINNES","SPO-BEVN060_00020_100","C6H6","Benzene (air)","P1Y-day-min","1 year day min","2016","0.110","ug/m3","49.73","1","Background","Suburban","3.4576","50.6167","0.0","","","","E1a/validated data AQ e-Reporting","18/03/2023 21:55:46","http://fme.discomap.eea.europa.eu/fmedatastreaming/AirQualityDownload/AQData_Extract.fmw?CountryCode=BE&CityName=&Pollutant=20&Year_from=2016&Year_to=2016&Station=STA-BEVN060&Samplingpoint=&Source=E1a&Output=HTML&UpdateDate="
"Belgium","NET-Wallonia","Wallonia","BEVN060","50N060 - HAVINNES","SPO-BEVN060_00475_100","C8H18","n-Octane (air)","P1Y","Annual mean / 1 calendar year","2016","0.000","ug/m3","49.73","1","Background","Suburban","3.4576","50.6167","0.0","","","","E1a/validated data AQ e-Reporting","18/03/2023 21:08:58","http://fme.discomap.eea.europa.eu/fmedatastreaming/AirQualityDownload/AQData_Extract.fmw?CountryCode=BE&CityName=&Pollutant=475&Year_from=2016&Year_to=2016&Station=STA-BEVN060&Samplingpoint=&Source=E1a&Output=HTML&UpdateDate="
"Belgium","NET-Wallonia","Wallonia","BETN070","43N070 - MONS","SPO-BETN070_00001_100","SO2","Sulphur dioxide (air)","P1Y-hr-max","1 year hour max","2016","17.500","ug/m3","97.36","1","Background","Suburban","3.9397","50.4652","30.0","Mons                                                                            ","BE009C1                                           ","95922","E1a/validated data AQ e-Reporting","18/03/2023 21:57:02","http://fme.discomap.eea.europa.eu/fmedatastreaming/AirQualityDownload/AQData_Extract.fmw?CountryCode=BE&CityName=&Pollutant=1&Year_from=2016&Year_to=2016&Station=STA-BETN070&Samplingpoint=&Source=E1a&Output=HTML&UpdateDate="
"Belgium","NET-Wallonia","Wallonia","BETN070","43N070 - MONS","SPO-BETN070_00007_100","O3","Ozone (air)","P1Y-maxP6M-P8H-dmax","Yearly highest six monthly average of daily maximum 8-hour mean concentration","2016","64.020","ug/m3","100.00","1","Background","Suburban","3.9397","50.4652","30.0","Mons                                                                            ","BE009C1                                           ","95922","E1a/validated data AQ e-Reporting","18/03/2023 22:58:54","http://fme.discomap.eea.europa.eu/fmedatastreaming/AirQualityDownload/AQData_Extract.fmw?CountryCode=BE&CityName=&Pollutant=7&Year_from=2016&Year_to=2016&Station=STA-BETN070&Samplingpoint=&Source=E1a&Output=HTML&UpdateDate="
"Belgium","NET-Wallonia","Wallonia","BETN100","43N100 - DOURBES","SPO-BETN100_00007_100","O3","Ozone (air)","P1Y-maxP6M-P8H-dmax","Yearly highest six monthly average of daily maximum 8-hour mean concentration","2016","82.107","ug/m3","100.00","1","Background","Rural","4.5948","50.0957","225.0","","","","E1a/validated data AQ e-Reporting","18/03/2023 22:58:54","http://fme.discomap.eea.europa.eu/fmedatastreaming/AirQualityDownload/AQData_Extract.fmw?CountryCode=BE&CityName=&Pollutant=7&Year_from=2016&Year_to=2016&Station=STA-BETN100&Samplingpoint=&Source=E1a&Output=HTML&UpdateDate="
"Belgium","NET-Wallonia","Wallonia","BETR222","43R222 - SERAING","SPO-BETR222_00008_100","NO2","Nitrogen dioxide (air)","P1Y-hr-min","1 year hour min","2016","0.500","ug/m3","93.59","1","Background","Suburban","5.5702","50.6134","65.0","Liège                                                                           ","BE005C1                                           ","383700","E1a/validated data AQ e-Reporting","18/03/2023 22:31:20","http://fme.discomap.eea.europa.eu/fmedatastreaming/AirQualityDownload/AQData_Extract.fmw?CountryCode=BE&CityName=&Pollutant=8&Year_from=2016&Year_to=2016&Station=STA-BETR222&Samplingpoint=&Source=E1a&Output=HTML&UpdateDate="
"Belgium","NET-Wallonia","Wallonia","BETR511","45R511 - MARCINELLE","SPO-BETR511_06001_100","PM2.5","Particulate matter < 2.5 µm (aerosol)","P1Y-hr-min","1 year hour min","2016","0.000","ug/m3","97.64","1","Background","Suburban","4.4247","50.3776","157.0","Charleroi                                                                       ","BE004C1                                           ","203314","E1a/validated data AQ e-Reporting","18/03/2023 22:31:20","http://fme.discomap.eea.europa.eu/fmedatastreaming/AirQualityDownload/AQData_Extract.fmw?CountryCode=BE&CityName=&Pollutant=6001&Year_from=2016&Year_to=2016&Station=STA-BETR511&Samplingpoint=&Source=E1a&Output=HTML&UpdateDate="
"Belgium","NET-Wallonia","Wallonia","BEVN100","50N100 - DOURBES","SPO-BEVN100_00441_100","C7H16","n-Heptane (air)","P1Y","Annual mean / 1 calendar year","2016","0.000","ug/m3","48.36","1","Background","Rural","4.5948","50.0957","225.0","","","","E1a/validated data AQ e-Reporting","18/03/2023 21:08:58","http://fme.discomap.eea.europa.eu/fmedatastreaming/AirQualityDownload/AQData_Extract.fmw?CountryCode=BE&CityName=&Pollutant=441&Year_from=2016&Year_to=2016&Station=STA-BEVN100&Samplingpoint=&Source=E1a&Output=HTML&UpdateDate="
"Belgium","NET-Wallonia","Wallonia","BETR501","45R501 - CHARLEROI","SPO-BETR501_06001_100","PM2.5","Particulate matter < 2.5 µm (aerosol)","P1Y-day-min","1 year day min","2016","0.000","ug/m3","100.00","1","Background","Urban","4.4522","50.4093","115.0","Charleroi                                                                       ","BE004C1                                           ","203314","E1a/validated data AQ e-Reporting","18/03/2023 21:55:29","http://fme.discomap.eea.europa.eu/fmedatastreaming/AirQualityDownload/AQData_Extract.fmw?CountryCode=BE&CityName=&Pollutant=6001&Year_from=2016&Year_to=2016&Station=STA-BETR501&Samplingpoint=&Source=E1a&Output=HTML&UpdateDate="
"Belgium","NET-Wallonia","Wallonia","BETN066","43N066 - EUPEN","SPO-BETN066_00001_100","SO2","Sulphur dioxide (air)","P1Y-hr-max25","1 year hour max 25","2016","5.000","ug/m3","95.99","1","Background","Rural","6.0023","50.6289","295.0","","","","E1a/validated data AQ e-Reporting","18/03/2023 22:33:20","http://fme.discomap.eea.europa.eu/fmedatastreaming/AirQualityDownload/AQData_Extract.fmw?CountryCode=BE&CityName=&Pollutant=1&Year_from=2016&Year_to=2016&Station=STA-BETN066&Samplingpoint=&Source=E1a&Output=HTML&UpdateDate="
"Belgium","NET-Wallonia","Wallonia","BEVN073","50N073 - VEZIN","SPO-BEVN073_06006_100","trans-H3C-CH=CH-CH3","trans-2-Butene (air)","P1Y","Annual mean / 1 calendar year","2016","0.000","ug/m3","50.00","1","Background","Rural","4.9884","50.5027","160.0","","","","E1a/validated data AQ e-Reporting","18/03/2023 21:08:58","http://fme.discomap.eea.europa.eu/fmedatastreaming/AirQualityDownload/AQData_Extract.fmw?CountryCode=BE&CityName=&Pollutant=6006&Year_from=2016&Year_to=2016&Station=STA-BEVN073&Samplingpoint=&Source=E1a&Output=HTML&UpdateDate="
"Belgium","NET-Wallonia","Wallonia","BETR501","45R501 - CHARLEROI","SPO-BETR501_00010_100","CO","Carbon monoxide (air)","P1Y-dx-avg","1 year daymax average","2016","0.339","mg/m3","98.63","1","Background","Urban","4.4522","50.4093","115.0","Charleroi                                                                       ","BE004C1                                           ","203314","E1a/validated data AQ e-Reporting","18/03/2023 22:27:48","http://fme.discomap.eea.europa.eu/fmedatastreaming/AirQualityDownload/AQData_Extract.fmw?CountryCode=BE&CityName=&Pollutant=10&Year_from=2016&Year_to=2016&Station=STA-BETR501&Samplingpoint=&Source=E1a&Output=HTML&UpdateDate="
"Belgium","NET-Wallonia","Wallonia","BETR221","43R221 - LIEGE","SPO-BETR221_06001_100","PM2.5","Particulate matter < 2.5 µm (aerosol)","P1Y-day-min","1 year day min","2016","0.000","ug/m3","100.00","1","Background","Urban","5.6278","50.6584","65.0","Liège                                                                           ","BE005C1                                           ","383700","E1a/validated data AQ e-Reporting","18/03/2023 21:55:29","http://fme.discomap.eea.europa.eu/fmedatastreaming/AirQualityDownload/AQData_Extract.fmw?CountryCode=BE&CityName=&Pollutant=6001&Year_from=2016&Year_to=2016&Station=STA-BETR221&Samplingpoint=&Source=E1a&Output=HTML&UpdateDate="
"Belgium","NET-Wallonia","Wallonia","BEVN100","50N100 - DOURBES","SPO-BEVN100_00082_100","trans-H3C-HC=CH-CH2-CH3","trans-2-Pentene (air)","P1Y","Annual mean / 1 calendar year","2016","0.000","ug/m3","48.36","1","Background","Rural","4.5948","50.0957","225.0","","","","E1a/validated data AQ e-Reporting","18/03/2023 21:08:58","http://fme.discomap.eea.europa.eu/fmedatastreaming/AirQualityDownload/AQData_Extract.fmw?CountryCode=BE&CityName=&Pollutant=82&Year_from=2016&Year_to=2016&Station=STA-BEVN100&Samplingpoint=&Source=E1a&Output=HTML&UpdateDate="
"Belgium","NET-Wallonia","Wallonia","BETR222","43R222 - SERAING","SPO-BETR222_00007_100","O3","Ozone (air)","AOT40f","AOT40 for forest protection","2016","10543.421","ug/m3","95.40","1","Background","Suburban","5.5702","50.6134","65.0","Liège                                                                           ","BE005C1                                           ","383700","E1a/validated data AQ e-Reporting","18/03/2023 23:06:40","http://fme.discomap.eea.europa.eu/fmedatastreaming/AirQualityDownload/AQData_Extract.fmw?CountryCode=BE&CityName=&Pollutant=7&Year_from=2016&Year_to=2016&Station=STA-BETR222&Samplingpoint=&Source=E1a&Output=HTML&UpdateDate="
"Belgium","NET-Wallonia","Wallonia","BETR502","45R502 - LODELINSART","SPO-BETR502_00008_100","NO2","Nitrogen dioxide (air)","P1Y-day-per50","1 year 50 %ile of daily values in a year","2016","24.783","ug/m3","100.00","1","Background","Suburban","4.4587","50.4290","135.0","Charleroi                                                                       ","BE004C1                                           ","203314","E1a/validated data AQ e-Reporting","18/03/2023 22:14:21","http://fme.discomap.eea.europa.eu/fmedatastreaming/AirQualityDownload/AQData_Extract.fmw?CountryCode=BE&CityName=&Pollutant=8&Year_from=2016&Year_to=2016&Station=STA-BETR502&Samplingpoint=&Source=E1a&Output=HTML&UpdateDate="
"Belgium","NET-Wallonia","Wallonia","BEVR231","50R231 - ANS","SPO-BEVR231_00475_100","C8H18","n-Octane (air)","P1Y","Annual mean / 1 calendar year","2016","0.000","ug/m3","44.81","1","Background","Urban","5.5294","50.6601","160.0","Liège                                                                           ","BE005C1                                           ","383700","E1a/validated data AQ e-Reporting","18/03/2023 21:08:58","http://fme.discomap.eea.europa.eu/fmedatastreaming/AirQualityDownload/AQData_Extract.fmw?CountryCode=BE&CityName=&Pollutant=475&Year_from=2016&Year_to=2016&Station=STA-BEVR231&Samplingpoint=&Source=E1a&Output=HTML&UpdateDate="
"Belgium","NET-Wallonia","Wallonia","BEVR240","50R240 - ENGIS","SPO-BEVR240_00021_100","C6H5-CH3","Toluene (air)","P1Y","Annual mean / 1 calendar year","2016","0.002","ug/m3","46.72","1","Industrial","Suburban","5.3975","50.5836","135.0","","","","E1a/validated data AQ e-Reporting","18/03/2023 21:08:58","http://fme.discomap.eea.europa.eu/fmedatastreaming/AirQualityDownload/AQData_Extract.fmw?CountryCode=BE&CityName=&Pollutant=21&Year_from=2016&Year_to=2016&Station=STA-BEVR240&Samplingpoint=&Source=E1a&Output=HTML&UpdateDate="
"Belgium","NET-Wallonia","Wallonia","BETR240","43R240 - ENGIS","SPO-BETR240_00005_100","PM10","Particulate matter < 10 µm (aerosol)","P1Y","Annual mean / 1 calendar year","2016","23.984","ug/m3","97.70","1","Industrial","Suburban","5.3975","50.5836","135.0","","","","E1a/validated data AQ e-Reporting","18/03/2023 21:08:58","http://fme.discomap.eea.europa.eu/fmedatastreaming/AirQualityDownload/AQData_Extract.fmw?CountryCode=BE&CityName=&Pollutant=5&Year_from=2016&Year_to=2016&Station=STA-BETR240&Samplingpoint=&Source=E1a&Output=HTML&UpdateDate="
"Belgium","NET-Wallonia","Wallonia","BETR512","45R512 - MARCHIENNE","SPO-BETR512_00008_100","NO2","Nitrogen dioxide (air)","P1Y-day-per50","1 year 50 %ile of daily values in a year","2016","21.417","ug/m3","100.00","1","Industrial","Suburban","4.3959","50.4078","107.0","Charleroi                                                                       ","BE004C1                                           ","203314","E1a/validated data AQ e-Reporting","18/03/2023 22:14:21","http://fme.discomap.eea.europa.eu/fmedatastreaming/AirQualityDownload/AQData_Extract.fmw?CountryCode=BE&CityName=&Pollutant=8&Year_from=2016&Year_to=2016&Station=STA-BETR512&Samplingpoint=&Source=E1a&Output=HTML&UpdateDate="
"Belgium","NET-Wallonia","Wallonia","BETR512","45R512 - MARCHIENNE","SPO-BETR512_06001_100","PM2.5","Particulate matter < 2.5 µm (aerosol)","P1Y-day-min","1 year day min","2016","0.065","ug/m3","99.45","1","Industrial","Suburban","4.3959","50.4078","107.0","Charleroi                                                                       ","BE004C1                                           ","203314","E1a/validated data AQ e-Reporting","18/03/2023 21:55:29","http://fme.discomap.eea.europa.eu/fmedatastreaming/AirQualityDownload/AQData_Extract.fmw?CountryCode=BE&CityName=&Pollutant=6001&Year_from=2016&Year_to=2016&Station=STA-BETR512&Samplingpoint=&Source=E1a&Output=HTML&UpdateDate="
"Belgium","NET-Wallonia","Wallonia","BETR512","45R512 - MARCHIENNE","SPO-BETR512_00010_100","CO","Carbon monoxide (air)","P1Y-8hdmxAbove10","1 year daymax exceed 10","2016","0.000","count","99.45","1","Industrial","Suburban","4.3959","50.4078","107.0","Charleroi                                                                       ","BE004C1                                           ","203314","E1a/validated data AQ e-Reporting","18/03/2023 22:27:43","http://fme.discomap.eea.europa.eu/fmedatastreaming/AirQualityDownload/AQData_Extract.fmw?CountryCode=BE&CityName=&Pollutant=10&Year_from=2016&Year_to=2016&Station=STA-BETR512&Samplingpoint=&Source=E1a&Output=HTML&UpdateDate="
"Belgium","NET-Wallonia","Wallonia","BEVN063","50N063 - CORROY L.G.","SPO-BEVN063_00020_100","C6H6","Benzene (air)","P1Y-day-max","1 year day max","2016","1.870","ug/m3","44.81","1","Background","Rural","4.6683","50.6554","145.0","","","","E1a/validated data AQ e-Reporting","18/03/2023 21:43:39","http://fme.discomap.eea.europa.eu/fmedatastreaming/AirQualityDownload/AQData_Extract.fmw?CountryCode=BE&CityName=&Pollutant=20&Year_from=2016&Year_to=2016&Station=STA-BEVN063&Samplingpoint=&Source=E1a&Output=HTML&UpdateDate="
"Belgium","NET-Wallonia","Wallonia","BEVN063","50N063 - CORROY L.G.","SPO-BEVN063_00431_100","C6H5-C2H5","Ethyl benzene (air)","P1Y","Annual mean / 1 calendar year","2016","0.000","ug/m3","46.45","1","Background","Rural","4.6683","50.6554","145.0","","","","E1a/validated data AQ e-Reporting","18/03/2023 21:08:58","http://fme.discomap.eea.europa.eu/fmedatastreaming/AirQualityDownload/AQData_Extract.fmw?CountryCode=BE&CityName=&Pollutant=431&Year_from=2016&Year_to=2016&Station=STA-BEVN063&Samplingpoint=&Source=E1a&Output=HTML&UpdateDate="
"Belgium","NET-Wallonia","Wallonia","BEVN070","50N070 - MONS","SPO-BEVN070_00394_100","H3C-CH2-CH2-CH3","n-Butane (air)","P1Y","Annual mean / 1 calendar year","2016","0.001","ug/m3","47.80","1","Background","Suburban","3.9397","50.4652","30.0","Mons                                                                            ","BE009C1                                           ","95922","E1a/validated data AQ e-Reporting","18/03/2023 21:08:58","http://fme.discomap.eea.europa.eu/fmedatastreaming/AirQualityDownload/AQData_Extract.fmw?CountryCode=BE&CityName=&Pollutant=394&Year_from=2016&Year_to=2016&Station=STA-BEVN070&Samplingpoint=&Source=E1a&Output=HTML&UpdateDate="
"Belgium","NET-Wallonia","Wallonia","BEVN520","50N520 - PERUWELZ","SPO-BEVN520_00021_100","C6H5-CH3","Toluene (air)","P1Y","Annual mean / 1 calendar year","2016","0.001","ug/m3","48.09","1","Background","Suburban","3.5943","50.5055","30.0","","","","E1a/validated data AQ e-Reporting","18/03/2023 21:08:58","http://fme.discomap.eea.europa.eu/fmedatastreaming/AirQualityDownload/AQData_Extract.fmw?CountryCode=BE&CityName=&Pollutant=21&Year_from=2016&Year_to=2016&Station=STA-BEVN520&Samplingpoint=&Source=E1a&Output=HTML&UpdateDate="
"Belgium","NET-Wallonia","Wallonia","BEMNM01","00NM01 - NAMUR","SPO-BEMNM01_05014_100","Cd in PM10","Cadmium in PM10 (aerosol)","P1Y","Annual mean / 1 calendar year","2016","0.158","ng/m3","95.34","1","Background","Urban","4.8724","50.4632","85.0","Namur                                                                           ","BE007C1                                           ","112125","E1a/validated data AQ e-Reporting","18/03/2023 21:08:58","http://fme.discomap.eea.europa.eu/fmedatastreaming/AirQualityDownload/AQData_Extract.fmw?CountryCode=BE&CityName=&Pollutant=5014&Year_from=2016&Year_to=2016&Station=STA-BEMNM01&Samplingpoint=&Source=E1a&Output=HTML&UpdateDate="
"Belgium","NET-Wallonia","Wallonia","BEVR501","50R501 - CHARLEROI","SPO-BEVR501_00450_100","H3C-CH2-CH(CH3)2","i-Pentane (2-methylbutane) (air)","P1Y","Annual mean / 1 calendar year","2016","0.001","ug/m3","48.36","1","Background","Urban","4.4522","50.4093","115.0","Charleroi                                                                       ","BE004C1                                           ","203314","E1a/validated data AQ e-Reporting","18/03/2023 21:08:58","http://fme.discomap.eea.europa.eu/fmedatastreaming/AirQualityDownload/AQData_Extract.fmw?CountryCode=BE&CityName=&Pollutant=450&Year_from=2016&Year_to=2016&Station=STA-BEVR501&Samplingpoint=&Source=E1a&Output=HTML&UpdateDate="
"Belgium","NET-Wallonia","Wallonia","BEVN070","50N070 - MONS","SPO-BEVN070_00486_100","H3C-(CH2)3-CH3","n-Pentane (air)","P1Y","Annual mean / 1 calendar year","2016","0.001","ug/m3","47.80","1","Background","Suburban","3.9397","50.4652","30.0","Mons                                                                            ","BE009C1                                           ","95922","E1a/validated data AQ e-Reporting","18/03/2023 21:08:58","http://fme.discomap.eea.europa.eu/fmedatastreaming/AirQualityDownload/AQData_Extract.fmw?CountryCode=BE&CityName=&Pollutant=486&Year_from=2016&Year_to=2016&Station=STA-BEVN070&Samplingpoint=&Source=E1a&Output=HTML&UpdateDate="
"Belgium","NET-Wallonia","Wallonia","BEVN093","50N093 - SINSIN","SPO-BEVN093_00021_100","C6H5-CH3","Toluene (air)","P1Y","Annual mean / 1 calendar year","2016","0.000","ug/m3","42.35","1","Background","Rural","5.2352","50.2745","265.0","","","","E1a/validated data AQ e-Reporting","18/03/2023 21:08:58","http://fme.discomap.eea.europa.eu/fmedatastreaming/AirQualityDownload/AQData_Extract.fmw?CountryCode=BE&CityName=&Pollutant=21&Year_from=2016&Year_to=2016&Station=STA-BEVN093&Samplingpoint=&Source=E1a&Output=HTML&UpdateDate="
"Belgium","NET-Wallonia","Wallonia","BETN085","43N085 - VIELSALM","SPO-BETN085_00007_100","O3","Ozone (air)","P1Y-dx-max","1 year day max max","2016","148.813","ug/m3","96.17","1","Background","Rural","6.0017","50.3032","490.0","","","","E1a/validated data AQ e-Reporting","18/03/2023 21:44:39","http://fme.discomap.eea.europa.eu/fmedatastreaming/AirQualityDownload/AQData_Extract.fmw?CountryCode=BE&CityName=&Pollutant=7&Year_from=2016&Year_to=2016&Station=STA-BETN085&Samplingpoint=&Source=E1a&Output=HTML&UpdateDate="
"Belgium","NET-Wallonia","Wallonia","BEVN063","50N063 - CORROY L.G.","SPO-BEVN063_06007_100","cis-H3C-CH=CH-CH3","cis-2-Butene (air)","P1Y","Annual mean / 1 calendar year","2016","0.000","ug/m3","46.99","1","Background","Rural","4.6683","50.6554","145.0","","","","E1a/validated data AQ e-Reporting","18/03/2023 21:08:58","http://fme.discomap.eea.europa.eu/fmedatastreaming/AirQualityDownload/AQData_Extract.fmw?CountryCode=BE&CityName=&Pollutant=6007&Year_from=2016&Year_to=2016&Station=STA-BEVN063&Samplingpoint=&Source=E1a&Output=HTML&UpdateDate="
"Belgium","NET-Wallonia","Wallonia","BEVN066","50N066 - EUPEN","SPO-BEVN066_00394_100","H3C-CH2-CH2-CH3","n-Butane (air)","P1Y","Annual mean / 1 calendar year","2016","0.001","ug/m3","48.09","1","Background","Rural","6.0023","50.6289","295.0","","","","E1a/validated data AQ e-Reporting","18/03/2023 21:08:58","http://fme.discomap.eea.europa.eu/fmedatastreaming/AirQualityDownload/AQData_Extract.fmw?CountryCode=BE&CityName=&Pollutant=394&Year_from=2016&Year_to=2016&Station=STA-BEVN066&Samplingpoint=&Source=E1a&Output=HTML&UpdateDate="
"Belgium","NET-Wallonia","Wallonia","BEVR221","50R221 - LIEGE","SPO-BEVR221_00316_100","(CH3)2-CH-CH2-CH2-CH3","i-Hexane (2-methylpentane) (air)","P1Y","Annual mean / 1 calendar year","2016","0.001","ug/m3","45.63","1","Background","Urban","5.6278","50.6584","65.0","Liège                                                                           ","BE005C1                                           ","383700","E1a/validated data AQ e-Reporting","18/03/2023 21:08:58","http://fme.discomap.eea.europa.eu/fmedatastreaming/AirQualityDownload/AQData_Extract.fmw?CountryCode=BE&CityName=&Pollutant=316&Year_from=2016&Year_to=2016&Station=STA-BEVR221&Samplingpoint=&Source=E1a&Output=HTML&UpdateDate="
"Belgium","NET-Wallonia","Wallonia","BEVR231","50R231 - ANS","SPO-BEVR231_00443_100","C6H14","n-Hexane (air)","P1Y","Annual mean / 1 calendar year","2016","0.000","ug/m3","44.81","1","Background","Urban","5.5294","50.6601","160.0","Liège                                                                           ","BE005C1                                           ","383700","E1a/validated data AQ e-Reporting","18/03/2023 21:08:58","http://fme.discomap.eea.europa.eu/fmedatastreaming/AirQualityDownload/AQData_Extract.fmw?CountryCode=BE&CityName=&Pollutant=443&Year_from=2016&Year_to=2016&Station=STA-BEVR231&Samplingpoint=&Source=E1a&Output=HTML&UpdateDate="
"Belgium","NET-Wallonia","Wallonia","BETR222","43R222 - SERAING","SPO-BETR222_00008_100","NO2","Nitrogen dioxide (air)","P1Y-3hAbove400","3 consecutive hours in exceedance of 400","2016","0.000","count","93.59","1","Background","Suburban","5.5702","50.6134","65.0","Liège                                                                           ","BE005C1                                           ","383700","E1a/validated data AQ e-Reporting","18/03/2023 22:22:30","http://fme.discomap.eea.europa.eu/fmedatastreaming/AirQualityDownload/AQData_Extract.fmw?CountryCode=BE&CityName=&Pollutant=8&Year_from=2016&Year_to=2016&Station=STA-BETR222&Samplingpoint=&Source=E1a&Output=HTML&UpdateDate="
"Belgium","NET-Wallonia","Wallonia","BETR223","43R223 - JEMEPPE","SPO-BETR223_00001_100","SO2","Sulphur dioxide (air)","P1Y-day-max-per99.18","1 year 99.18 percentile of daily maximum","2016","4.375","ug/m3","95.08","1","Industrial","Suburban","5.5164","50.6207","50.0","Liège                                                                           ","BE005C1                                           ","383700","E1a/validated data AQ e-Reporting","18/03/2023 22:12:16","http://fme.discomap.eea.europa.eu/fmedatastreaming/AirQualityDownload/AQData_Extract.fmw?CountryCode=BE&CityName=&Pollutant=1&Year_from=2016&Year_to=2016&Station=STA-BETR223&Samplingpoint=&Source=E1a&Output=HTML&UpdateDate="
"Belgium","NET-Wallonia","Wallonia","BETR510","45R510 - CHATELINEAU","SPO-BETR510_06001_100","PM2.5","Particulate matter < 2.5 µm (aerosol)","P1Y-hr-per50","1 year 50 percentile","2016","7.972","ug/m3","99.69","1","Background","Suburban","4.5211","50.4164","118.0","Charleroi                                                                       ","BE004C1                                           ","203314","E1a/validated data AQ e-Reporting","18/03/2023 22:05:49","http://fme.discomap.eea.europa.eu/fmedatastreaming/AirQualityDownload/AQData_Extract.fmw?CountryCode=BE&CityName=&Pollutant=6001&Year_from=2016&Year_to=2016&Station=STA-BETR510&Samplingpoint=&Source=E1a&Output=HTML&UpdateDate="
"Belgium","NET-Wallonia","Wallonia","BETR512","45R512 - MARCHIENNE","SPO-BETR512_00005_100","PM10","Particulate matter < 10 µm (aerosol)","P1Y-hr-max","1 year hour max","2016","304.271","ug/m3","99.27","1","Industrial","Suburban","4.3959","50.4078","107.0","Charleroi                                                                       ","BE004C1                                           ","203314","E1a/validated data AQ e-Reporting","18/03/2023 21:57:02","http://fme.discomap.eea.europa.eu/fmedatastreaming/AirQualityDownload/AQData_Extract.fmw?CountryCode=BE&CityName=&Pollutant=5&Year_from=2016&Year_to=2016&Station=STA-BETR512&Samplingpoint=&Source=E1a&Output=HTML&UpdateDate="
"Belgium","NET-Wallonia","Wallonia","BETR512","45R512 - MARCHIENNE","SPO-BETR512_06001_100","PM2.5","Particulate matter < 2.5 µm (aerosol)","P1Y-day-per50","1 year 50 %ile of daily values in a year","2016","10.349","ug/m3","99.45","1","Industrial","Suburban","4.3959","50.4078","107.0","Charleroi                                                                       ","BE004C1                                           ","203314","E1a/validated data AQ e-Reporting","18/03/2023 22:11:51","http://fme.discomap.eea.europa.eu/fmedatastreaming/AirQualityDownload/AQData_Extract.fmw?CountryCode=BE&CityName=&Pollutant=6001&Year_from=2016&Year_to=2016&Station=STA-BETR512&Samplingpoint=&Source=E1a&Output=HTML&UpdateDate="
"Belgium","NET-Wallonia","Wallonia","BETN113","43N113 - SAINT-ODE","SPO-BETN113_00008_100","NO2","Nitrogen dioxide (air)","P1Y-hr-max19","1 year hour max19","2016","39.000","ug/m3","91.55","1","Background","Rural","5.5930","50.0270","510.0","","","","E1a/validated data AQ e-Reporting","18/03/2023 22:34:35","http://fme.discomap.eea.europa.eu/fmedatastreaming/AirQualityDownload/AQData_Extract.fmw?CountryCode=BE&CityName=&Pollutant=8&Year_from=2016&Year_to=2016&Station=STA-BETN113&Samplingpoint=&Source=E1a&Output=HTML&UpdateDate="
"Belgium","NET-Wallonia","Wallonia","BETN113","43N113 - SAINT-ODE","SPO-BETN113_06001_100","PM2.5","Particulate matter < 2.5 µm (aerosol)","P1Y","Annual mean / 1 calendar year","2016","7.218","ug/m3","94.07","1","Background","Rural","5.5930","50.0270","510.0","","","","E1a/validated data AQ e-Reporting","18/03/2023 21:08:58","http://fme.discomap.eea.europa.eu/fmedatastreaming/AirQualityDownload/AQData_Extract.fmw?CountryCode=BE&CityName=&Pollutant=6001&Year_from=2016&Year_to=2016&Station=STA-BETN113&Samplingpoint=&Source=E1a&Output=HTML&UpdateDate="
"Belgium","NET-Wallonia","Wallonia","BETN121","43N121 - OFFAGNE","SPO-BETN121_00005_100","PM10","Particulate matter < 10 µm (aerosol)","P1Y-day-max","1 year day max","2016","42.292","ug/m3","98.09","1","Background","Rural","5.2024","49.8771","430.0","","","","E1a/validated data AQ e-Reporting","18/03/2023 21:43:06","http://fme.discomap.eea.europa.eu/fmedatastreaming/AirQualityDownload/AQData_Extract.fmw?CountryCode=BE&CityName=&Pollutant=5&Year_from=2016&Year_to=2016&Station=STA-BETN121&Samplingpoint=&Source=E1a&Output=HTML&UpdateDate="
"Belgium","NET-Wallonia","Wallonia","BEVN063","50N063 - CORROY L.G.","SPO-BEVN063_00441_100","C7H16","n-Heptane (air)","P1Y","Annual mean / 1 calendar year","2016","0.000","ug/m3","46.17","1","Background","Rural","4.6683","50.6554","145.0","","","","E1a/validated data AQ e-Reporting","18/03/2023 21:08:58","http://fme.discomap.eea.europa.eu/fmedatastreaming/AirQualityDownload/AQData_Extract.fmw?CountryCode=BE&CityName=&Pollutant=441&Year_from=2016&Year_to=2016&Station=STA-BEVN063&Samplingpoint=&Source=E1a&Output=HTML&UpdateDate="
"Belgium","NET-Wallonia","Wallonia","BETN132","43N132 - HABAY-LA-N.","SPO-BETN132_00007_100","O3","Ozone (air)","AOT40f","AOT40 for forest protection","2016","14727.861","ug/m3","96.17","1","Background","Rural","5.6304","49.7193","375.0","","","","E1a/validated data AQ e-Reporting","18/03/2023 23:06:40","http://fme.discomap.eea.europa.eu/fmedatastreaming/AirQualityDownload/AQData_Extract.fmw?CountryCode=BE&CityName=&Pollutant=7&Year_from=2016&Year_to=2016&Station=STA-BETN132&Samplingpoint=&Source=E1a&Output=HTML&UpdateDate="
"Belgium","NET-Wallonia","Wallonia","BEVN070","50N070 - MONS","SPO-BEVN070_00316_100","(CH3)2-CH-CH2-CH2-CH3","i-Hexane (2-methylpentane) (air)","P1Y","Annual mean / 1 calendar year","2016","0.000","ug/m3","47.80","1","Background","Suburban","3.9397","50.4652","30.0","Mons                                                                            ","BE009C1                                           ","95922","E1a/validated data AQ e-Reporting","18/03/2023 21:08:58","http://fme.discomap.eea.europa.eu/fmedatastreaming/AirQualityDownload/AQData_Extract.fmw?CountryCode=BE&CityName=&Pollutant=316&Year_from=2016&Year_to=2016&Station=STA-BEVN070&Samplingpoint=&Source=E1a&Output=HTML&UpdateDate="
"Belgium","NET-Flanders","Flanders","BETN045","42N045 - HASSELT","SPO-BETN045_00001_100","SO2","Sulphur dioxide (air)","P1Y-P1D-per99","1 year 99 percentile of daily means (P1D) or .../aq/primaryObservation/day","2016","3.261","ug/m3","98.36","1","Background","Suburban","5.3684","50.9397","41.0","","","","E1a/validated data AQ e-Reporting","18/03/2023 22:11:00","http://fme.discomap.eea.europa.eu/fmedatastreaming/AirQualityDownload/AQData_Extract.fmw?CountryCode=BE&CityName=&Pollutant=1&Year_from=2016&Year_to=2016&Station=STA-BETN045&Samplingpoint=&Source=E1a&Output=HTML&UpdateDate="
"Belgium","NET-Flanders","Flanders","BETE715","47E715 - ZUIENKERKE","SPO-BETE715_00008_100","NO2","Nitrogen dioxide (air)","P1Y-hr-min","1 year hour min","2016","1.000","ug/m3","96.56","1","Industrial","Rural","3.1750","51.2459","4.0","","","","E1a/validated data AQ e-Reporting","18/03/2023 22:31:20","http://fme.discomap.eea.europa.eu/fmedatastreaming/AirQualityDownload/AQData_Extract.fmw?CountryCode=BE&CityName=&Pollutant=8&Year_from=2016&Year_to=2016&Station=STA-BETE715&Samplingpoint=&Source=E1a&Output=HTML&UpdateDate="
"Belgium","NET-Flanders","Flanders","BETN045","42N045 - HASSELT","SPO-BETN045_00007_100","O3","Ozone (air)","P1Y-dx-max","1 year day max max","2016","168.313","ug/m3","95.63","1","Background","Suburban","5.3684","50.9397","41.0","","","","E1a/validated data AQ e-Reporting","18/03/2023 21:44:39","http://fme.discomap.eea.europa.eu/fmedatastreaming/AirQualityDownload/AQData_Extract.fmw?CountryCode=BE&CityName=&Pollutant=7&Year_from=2016&Year_to=2016&Station=STA-BETN045&Samplingpoint=&Source=E1a&Output=HTML&UpdateDate="
"Belgium","NET-Flanders","Flanders","BETE716","47E716 - MARIAKERKE","SPO-BETE716_00008_100","NO2","Nitrogen dioxide (air)","P3Y","3 subsequent calendar years mean","2016","21.025","ug/m3","95.28","1","Industrial","Suburban","3.6828","51.0670","8.0","Gent                                                                            ","BE003C1                                           ","263687","E1a/validated data AQ e-Reporting","18/03/2023 21:36:00","http://fme.discomap.eea.europa.eu/fmedatastreaming/AirQualityDownload/AQData_Extract.fmw?CountryCode=BE&CityName=&Pollutant=8&Year_from=2016&Year_to=2016&Station=STA-BETE716&Samplingpoint=&Source=E1a&Output=HTML&UpdateDate="
"Belgium","NET-Flanders","Flanders","BETR815","42R815 - ZWIJNDRECHT","SPO-BETR815_00001_100","SO2","Sulphur dioxide (air)","P1Y-hr-max25","1 year hour max 25","2016","52.500","ug/m3","97.27","1","Industrial","Suburban","4.3322","51.2147","7.0","","","","E1a/validated data AQ e-Reporting","18/03/2023 22:33:20","http://fme.discomap.eea.europa.eu/fmedatastreaming/AirQualityDownload/AQData_Extract.fmw?CountryCode=BE&CityName=&Pollutant=1&Year_from=2016&Year_to=2016&Station=STA-BETR815&Samplingpoint=&Source=E1a&Output=HTML&UpdateDate="
"Belgium","NET-Flanders","Flanders","BETN040","42N040 - ST.P.LEEUWG","SPO-BETN040_00008_100","NO2","Nitrogen dioxide (air)","P3Y","3 subsequent calendar years mean","2016","15.617","ug/m3","95.76","1","Background","Rural","4.2252","50.7681","20.0","","","","E1a/validated data AQ e-Reporting","18/03/2023 21:36:00","http://fme.discomap.eea.europa.eu/fmedatastreaming/AirQualityDownload/AQData_Extract.fmw?CountryCode=BE&CityName=&Pollutant=8&Year_from=2016&Year_to=2016&Station=STA-BETN040&Samplingpoint=&Source=E1a&Output=HTML&UpdateDate="
"Belgium","NET-Flanders","Flanders","BETN045","42N045 - HASSELT","SPO-BETN045_00005_100","PM10","Particulate matter < 10 µm (aerosol)","P1Y-P1D-per99","1 year 99 percentile of daily means (P1D) or .../aq/primaryObservation/day","2016","47.829","ug/m3","99.45","1","Background","Suburban","5.3684","50.9397","41.0","","","","E1a/validated data AQ e-Reporting","18/03/2023 22:09:38","http://fme.discomap.eea.europa.eu/fmedatastreaming/AirQualityDownload/AQData_Extract.fmw?CountryCode=BE&CityName=&Pollutant=5&Year_from=2016&Year_to=2016&Station=STA-BETN045&Samplingpoint=&Source=E1a&Output=HTML&UpdateDate="
"Belgium","NET-Flanders","Flanders","BETM802","42M802 - ANTWERPEN","SPO-BETM802_00008_100","NO2","Nitrogen dioxide (air)","P1Y","Annual mean / 1 calendar year","2016","34.986","ug/m3","94.92","1","Industrial","Suburban","4.4244","51.2610","3.0","Antwerpen                                                                       ","BE002C1                                           ","530014","E1a/validated data AQ e-Reporting","18/03/2023 21:08:58","http://fme.discomap.eea.europa.eu/fmedatastreaming/AirQualityDownload/AQData_Extract.fmw?CountryCode=BE&CityName=&Pollutant=8&Year_from=2016&Year_to=2016&Station=STA-BETM802&Samplingpoint=&Source=E1a&Output=HTML&UpdateDate="
"Belgium","NET-Flanders","Flanders","BETN054","42N054 - WALSHOUTEM","SPO-BETN054_00007_100","O3","Ozone (air)","summer-avg","Summer mean","2016","57.010","ug/m3","96.74","1","Background","Rural","5.1032","50.7117","135.0","","","","E1a/validated data AQ e-Reporting","18/03/2023 22:50:22","http://fme.discomap.eea.europa.eu/fmedatastreaming/AirQualityDownload/AQData_Extract.fmw?CountryCode=BE&CityName=&Pollutant=7&Year_from=2016&Year_to=2016&Station=STA-BETN054&Samplingpoint=&Source=E1a&Output=HTML&UpdateDate="
"Belgium","NET-Flanders","Flanders","BETE812","47E812 - GENK","SPO-BETE812_00008_100","NO2","Nitrogen dioxide (air)","P1Y-P1D-per99","1 year 99 percentile of daily means (P1D) or .../aq/primaryObservation/day","2016","47.432","ug/m3","56.83","1","Industrial","Suburban","5.5377","50.9680","82.0","","","","E1a/validated data AQ e-Reporting","18/03/2023 22:10:34","http://fme.discomap.eea.europa.eu/fmedatastreaming/AirQualityDownload/AQData_Extract.fmw?CountryCode=BE&CityName=&Pollutant=8&Year_from=2016&Year_to=2016&Station=STA-BETE812&Samplingpoint=&Source=E1a&Output=HTML&UpdateDate="
"Belgium","NET-Flanders","Flanders","BETR702","44R702 - Gent (G.Carlierlaan)","SPO-BETR702_06001_100","PM2.5","Particulate matter < 2.5 µm (aerosol)","P3Y","3 subsequent calendar years mean","2016","14.861","ug/m3","98.11","1","Traffic","Urban","3.7350","51.0407","8.0","Gent                                                                            ","BE003C1                                           ","263687","E1a/validated data AQ e-Reporting","18/03/2023 21:36:00","http://fme.discomap.eea.europa.eu/fmedatastreaming/AirQualityDownload/AQData_Extract.fmw?CountryCode=BE&CityName=&Pollutant=6001&Year_from=2016&Year_to=2016&Station=STA-BETR702&Samplingpoint=&Source=E1a&Output=HTML&UpdateDate="
"Belgium","NET-Flanders","Flanders","BETN027","42N027 - BREE","SPO-BETN027_00007_100","O3","Ozone (air)","AOT40cmeasured","AOT40c UNCORRECTED for data capture","2016","10285.500","ug/m3","97.46","1","Background","Rural","5.6067","51.1337","48.0","","","","E1a/validated data AQ e-Reporting","18/03/2023 23:01:40","http://fme.discomap.eea.europa.eu/fmedatastreaming/AirQualityDownload/AQData_Extract.fmw?CountryCode=BE&CityName=&Pollutant=7&Year_from=2016&Year_to=2016&Station=STA-BETN027&Samplingpoint=&Source=E1a&Output=HTML&UpdateDate="
"Belgium","NET-Flanders","Flanders","BETN054","42N054 - WALSHOUTEM","SPO-BETN054_06001_100","PM2.5","Particulate matter < 2.5 µm (aerosol)","P1Y-hr-max","1 year hour max","2016","72.500","ug/m3","98.13","1","Background","Rural","5.1032","50.7117","135.0","","","","E1a/validated data AQ e-Reporting","18/03/2023 21:57:02","http://fme.discomap.eea.europa.eu/fmedatastreaming/AirQualityDownload/AQData_Extract.fmw?CountryCode=BE&CityName=&Pollutant=6001&Year_from=2016&Year_to=2016&Station=STA-BETN054&Samplingpoint=&Source=E1a&Output=HTML&UpdateDate="
"Belgium","NET-Flanders","Flanders","BETE814","47E814 - Ham","SPO-BETE814_00008_100","NO2","Nitrogen dioxide (air)","P1Y-3hAbove400","3 consecutive hours in exceedance of 400","2016","0.000","count","96.31","1","Industrial","Rural","5.1297","51.0822","0.0","","","","E1a/validated data AQ e-Reporting","18/03/2023 22:22:30","http://fme.discomap.eea.europa.eu/fmedatastreaming/AirQualityDownload/AQData_Extract.fmw?CountryCode=BE&CityName=&Pollutant=8&Year_from=2016&Year_to=2016&Station=STA-BETE814&Samplingpoint=&Source=E1a&Output=HTML&UpdateDate="
"Belgium","NET-Flanders","Flanders","BETN012","44N012 - MOERKERKE","SPO-BETN012_00005_100","PM10","Particulate matter < 10 µm (aerosol)","P1Y-P1D-per90.41","1 year 90.41 percentile","2016","33.163","ug/m3","99.45","1","Background","Rural","3.3625","51.2546","3.0","","","","E1a/validated data AQ e-Reporting","18/03/2023 22:09:05","http://fme.discomap.eea.europa.eu/fmedatastreaming/AirQualityDownload/AQData_Extract.fmw?CountryCode=BE&CityName=&Pollutant=5&Year_from=2016&Year_to=2016&Station=STA-BETN012&Samplingpoint=&Source=E1a&Output=HTML&UpdateDate="
"Belgium","NET-Flanders","Flanders","BETN027","42N027 - BREE","SPO-BETN027_00008_100","NO2","Nitrogen dioxide (air)","P3Y","3 subsequent calendar years mean","2016","15.730","ug/m3","96.75","1","Background","Rural","5.6067","51.1337","48.0","","","","E1a/validated data AQ e-Reporting","18/03/2023 21:36:00","http://fme.discomap.eea.europa.eu/fmedatastreaming/AirQualityDownload/AQData_Extract.fmw?CountryCode=BE&CityName=&Pollutant=8&Year_from=2016&Year_to=2016&Station=STA-BETN027&Samplingpoint=&Source=E1a&Output=HTML&UpdateDate="
"Belgium","NET-Flanders","Flanders","BETM702","44M702 - ERTVELDE","SPO-BETM702_00008_100","NO2","Nitrogen dioxide (air)","P3Y","3 subsequent calendar years mean","2016","21.193","ug/m3","91.53","1","Industrial","Rural","3.7621","51.1660","5.0","","","","E1a/validated data AQ e-Reporting","18/03/2023 21:36:00","http://fme.discomap.eea.europa.eu/fmedatastreaming/AirQualityDownload/AQData_Extract.fmw?CountryCode=BE&CityName=&Pollutant=8&Year_from=2016&Year_to=2016&Station=STA-BETM702&Samplingpoint=&Source=E1a&Output=HTML&UpdateDate="
"Belgium","NET-Flanders","Flanders","BETR020","42R020 - VILVOORDE","SPO-BETR020_00008_100","NO2","Nitrogen dioxide (air)","P1Y-hrsAbove200","1 year hour exceed 200","2016","0.000","count","94.13","1","Background","Suburban","4.4367","50.9414","12.0","","","","E1a/validated data AQ e-Reporting","18/03/2023 21:48:42","http://fme.discomap.eea.europa.eu/fmedatastreaming/AirQualityDownload/AQData_Extract.fmw?CountryCode=BE&CityName=&Pollutant=8&Year_from=2016&Year_to=2016&Station=STA-BETR020&Samplingpoint=&Source=E1a&Output=HTML&UpdateDate="
"Belgium","NET-Flanders","Flanders","BETN054","42N054 - WALSHOUTEM","SPO-BETN054_00007_100","O3","Ozone (air)","AOT40f","AOT40 for forest protection","2016","15091.516","ug/m3","96.08","1","Background","Rural","5.1032","50.7117","135.0","","","","E1a/validated data AQ e-Reporting","18/03/2023 23:06:40","http://fme.discomap.eea.europa.eu/fmedatastreaming/AirQualityDownload/AQData_Extract.fmw?CountryCode=BE&CityName=&Pollutant=7&Year_from=2016&Year_to=2016&Station=STA-BETN054&Samplingpoint=&Source=E1a&Output=HTML&UpdateDate="
"Belgium","NET-Flanders","Flanders","BETM802","42M802 - ANTWERPEN","SPO-BETM802_00008_100","NO2","Nitrogen dioxide (air)","P1Y-hr-min","1 year hour min","2016","3.500","ug/m3","94.92","1","Industrial","Suburban","4.4244","51.2610","3.0","Antwerpen                                                                       ","BE002C1                                           ","530014","E1a/validated data AQ e-Reporting","18/03/2023 22:31:20","http://fme.discomap.eea.europa.eu/fmedatastreaming/AirQualityDownload/AQData_Extract.fmw?CountryCode=BE&CityName=&Pollutant=8&Year_from=2016&Year_to=2016&Station=STA-BETM802&Samplingpoint=&Source=E1a&Output=HTML&UpdateDate="
"Belgium","NET-Flanders","Flanders","BELTS12","40TS12 - TESSENDERLO","SPO-BELTS12_00020_100","C6H6","Benzene (air)","P1Y-day-max","1 year day max","2016","1.539","ug/m3","97.81","1","Industrial","Suburban","5.0939","51.0634","32.0","","","","E1a/validated data AQ e-Reporting","18/03/2023 21:43:39","http://fme.discomap.eea.europa.eu/fmedatastreaming/AirQualityDownload/AQData_Extract.fmw?CountryCode=BE&CityName=&Pollutant=20&Year_from=2016&Year_to=2016&Station=STA-BELTS12&Samplingpoint=&Source=E1a&Output=HTML&UpdateDate="
"Belgium","NET-Flanders","Flanders","BETR802","42R802 - BORGERHOUT","SPO-BETR802_00391_100","Black Carbon","black_carbon (aerosol)","P1Y-hr-max","1 year hour max","2016","16.075","ug/m3","98.45","1","Traffic","Urban","4.4318","51.2095","6.0","Antwerpen                                                                       ","BE002C1                                           ","530014","E1a/validated data AQ e-Reporting","18/03/2023 21:57:02","http://fme.discomap.eea.europa.eu/fmedatastreaming/AirQualityDownload/AQData_Extract.fmw?CountryCode=BE&CityName=&Pollutant=391&Year_from=2016&Year_to=2016&Station=STA-BETR802&Samplingpoint=&Source=E1a&Output=HTML&UpdateDate="
"Belgium","NET-Flanders","Flanders","BETR802","42R802 - BORGERHOUT","SPO-BETR802_06001_100","PM2.5","Particulate matter < 2.5 µm (aerosol)","P1Y-hr-max","1 year hour max","2016","110.000","ug/m3","99.06","1","Traffic","Urban","4.4318","51.2095","6.0","Antwerpen                                                                       ","BE002C1                                           ","530014","E1a/validated data AQ e-Reporting","18/03/2023 21:57:02","http://fme.discomap.eea.europa.eu/fmedatastreaming/AirQualityDownload/AQData_Extract.fmw?CountryCode=BE&CityName=&Pollutant=6001&Year_from=2016&Year_to=2016&Station=STA-BETR802&Samplingpoint=&Source=E1a&Output=HTML&UpdateDate="
"Belgium","NET-Flanders","Flanders","BETR803","42R803 - ANTWERPEN","SPO-BETR803_00005_100","PM10","Particulate matter < 10 µm (aerosol)","P1Y-day-min","1 year day min","2016","6.788","ug/m3","95.90","1","Background","Urban","4.4285","51.2286","0.0","Antwerpen                                                                       ","BE002C1                                           ","530014","E1a/validated data AQ e-Reporting","18/03/2023 21:55:13","http://fme.discomap.eea.europa.eu/fmedatastreaming/AirQualityDownload/AQData_Extract.fmw?CountryCode=BE&CityName=&Pollutant=5&Year_from=2016&Year_to=2016&Station=STA-BETR803&Samplingpoint=&Source=E1a&Output=HTML&UpdateDate="
"Belgium","NET-Flanders","Flanders","BETR801","42R801 - BORGERHOUT","SPO-BETR801_00005_100","PM10","Particulate matter < 10 µm (aerosol)","P1Y-day-min","1 year day min","2016","6.642","ug/m3","100.00","1","Background","Urban","4.4318","51.2097","6.0","Antwerpen                                                                       ","BE002C1                                           ","530014","E1a/validated data AQ e-Reporting","18/03/2023 21:55:13","http://fme.discomap.eea.europa.eu/fmedatastreaming/AirQualityDownload/AQData_Extract.fmw?CountryCode=BE&CityName=&Pollutant=5&Year_from=2016&Year_to=2016&Station=STA-BETR801&Samplingpoint=&Source=E1a&Output=HTML&UpdateDate="
"Belgium","NET-Flanders","Flanders","BETN046","42N046 - GELLIK","SPO-BETN046_00007_100","O3","Ozone (air)","P1Y-dmaxAbove120","1 year daymax exceed 120","2016","15.000","count","92.62","1","Background","Rural","5.6189","50.8823","70.0","","","","E1a/validated data AQ e-Reporting","18/03/2023 22:25:06","http://fme.discomap.eea.europa.eu/fmedatastreaming/AirQualityDownload/AQData_Extract.fmw?CountryCode=BE&CityName=&Pollutant=7&Year_from=2016&Year_to=2016&Station=STA-BETN046&Samplingpoint=&Source=E1a&Output=HTML&UpdateDate="
"Belgium","NET-Flanders","Flanders","BETE704","47E704 - WACHTEBEKE","SPO-BETE704_00008_100","NO2","Nitrogen dioxide (air)","P1Y-3hAbove400","3 consecutive hours in exceedance of 400","2016","0.000","count","97.23","1","Industrial","Rural","3.8699","51.1761","0.0","","","","E1a/validated data AQ e-Reporting","18/03/2023 22:22:30","http://fme.discomap.eea.europa.eu/fmedatastreaming/AirQualityDownload/AQData_Extract.fmw?CountryCode=BE&CityName=&Pollutant=8&Year_from=2016&Year_to=2016&Station=STA-BETE704&Samplingpoint=&Source=E1a&Output=HTML&UpdateDate="
"Belgium","NET-Flanders","Flanders","BETN051","44N051 - IDEGEM","SPO-BETN051_00007_100","O3","Ozone (air)","P1Y-maxP6M-P8H-dmax","Yearly highest six monthly average of daily maximum 8-hour mean concentration","2016","78.208","ug/m3","100.00","1","Background","Rural","3.9303","50.7989","15.0","","","","E1a/validated data AQ e-Reporting","18/03/2023 22:58:54","http://fme.discomap.eea.europa.eu/fmedatastreaming/AirQualityDownload/AQData_Extract.fmw?CountryCode=BE&CityName=&Pollutant=7&Year_from=2016&Year_to=2016&Station=STA-BETN051&Samplingpoint=&Source=E1a&Output=HTML&UpdateDate="
"Belgium","NET-Flanders","Flanders","BETR821","42R821 - BEVEREN","SPO-BETR821_00001_100","SO2","Sulphur dioxide (air)","winter-avg","Winter mean","2016","","ug/m3","0.00","3","Background","Suburban","4.2503","51.2155","","","","","E1a/validated data AQ e-Reporting","18/03/2023 22:50:43","http://fme.discomap.eea.europa.eu/fmedatastreaming/AirQualityDownload/AQData_Extract.fmw?CountryCode=BE&CityName=&Pollutant=1&Year_from=2016&Year_to=2016&Station=STA-BETR821&Samplingpoint=&Source=E1a&Output=HTML&UpdateDate="
"Belgium","NET-Flanders","Flanders","BETR831","42R831 - BERENDRECHT","SPO-BETR831_00007_100","O3","Ozone (air)","P3Y-dmaxAbove120","Daymax exceed 120 averaged over 3 consecutive years","2016","8.667","count","100.00","1","Industrial","Rural","4.3397","51.3488","3.0","Antwerpen                                                                       ","BE002C1                                           ","530014","E1a/validated data AQ e-Reporting","18/03/2023 22:34:54","http://fme.discomap.eea.europa.eu/fmedatastreaming/AirQualityDownload/AQData_Extract.fmw?CountryCode=BE&CityName=&Pollutant=7&Year_from=2016&Year_to=2016&Station=STA-BETR831&Samplingpoint=&Source=E1a&Output=HTML&UpdateDate="
"Belgium","NET-Flanders","Flanders","BETN052","44N052 - ZWEVEGEM","SPO-BETN052_00005_100","PM10","Particulate matter < 10 µm (aerosol)","P3Y","3 subsequent calendar years mean","2016","23.185","ug/m3","96.71","1","Background","Suburban","3.3225","50.8149","27.0","","","","E1a/validated data AQ e-Reporting","18/03/2023 21:36:00","http://fme.discomap.eea.europa.eu/fmedatastreaming/AirQualityDownload/AQData_Extract.fmw?CountryCode=BE&CityName=&Pollutant=5&Year_from=2016&Year_to=2016&Station=STA-BETN052&Samplingpoint=&Source=E1a&Output=HTML&UpdateDate="
"Belgium","NET-Flanders","Flanders","BETN045","42N045 - HASSELT","SPO-BETN045_00001_100","SO2","Sulphur dioxide (air)","P1Y-hr-max25","1 year hour max 25","2016","7.000","ug/m3","96.54","1","Background","Suburban","5.3684","50.9397","41.0","","","","E1a/validated data AQ e-Reporting","18/03/2023 22:33:20","http://fme.discomap.eea.europa.eu/fmedatastreaming/AirQualityDownload/AQData_Extract.fmw?CountryCode=BE&CityName=&Pollutant=1&Year_from=2016&Year_to=2016&Station=STA-BETN045&Samplingpoint=&Source=E1a&Output=HTML&UpdateDate="
"Belgium","NET-Flanders","Flanders","BETR830","42R830 - DOEL","SPO-BETR830_00001_100","SO2","Sulphur dioxide (air)","P1Y-hr-min","1 year hour min","2016","1.000","ug/m3","97.24","1","Industrial","Rural","4.2626","51.3182","5.0","","","","E1a/validated data AQ e-Reporting","18/03/2023 22:31:20","http://fme.discomap.eea.europa.eu/fmedatastreaming/AirQualityDownload/AQData_Extract.fmw?CountryCode=BE&CityName=&Pollutant=1&Year_from=2016&Year_to=2016&Station=STA-BETR830&Samplingpoint=&Source=E1a&Output=HTML&UpdateDate="
"Belgium","NET-Flanders","Flanders","BELLM05","40LM05 - LOMMEL","SPO-BELLM05_00001_100","SO2","Sulphur dioxide (air)","P1Y-daysAbove125","1 year day exceed 125","2016","0.000","count","85.79","1","Industrial","Rural","5.2581","51.2151","2.0","","","","E1a/validated data AQ e-Reporting","18/03/2023 22:23:37","http://fme.discomap.eea.europa.eu/fmedatastreaming/AirQualityDownload/AQData_Extract.fmw?CountryCode=BE&CityName=&Pollutant=1&Year_from=2016&Year_to=2016&Station=STA-BELLM05&Samplingpoint=&Source=E1a&Output=HTML&UpdateDate="
"Belgium","NET-Brussels","Brussels","BEVR002","51R002 - IXELLES","SPO-BEVR002_00441_100","C7H16","n-Heptane (air)","P1Y","Annual mean / 1 calendar year","2016","0.000","ug/m3","89.07","1","Traffic","Suburban","4.3847","50.8251","70.0","Bruxelles / Brussel                                                             ","BE001C1                                           ","1223364","E1a/validated data AQ e-Reporting","18/03/2023 21:08:58","http://fme.discomap.eea.europa.eu/fmedatastreaming/AirQualityDownload/AQData_Extract.fmw?CountryCode=BE&CityName=&Pollutant=441&Year_from=2016&Year_to=2016&Station=STA-BEVR002&Samplingpoint=&Source=E1a&Output=HTML&UpdateDate="
"Belgium","NET-Flanders","Flanders","BETN051","44N051 - IDEGEM","SPO-BETN051_00007_100","O3","Ozone (air)","P1Y-dmax-per99","1 year 99 percentile daily 8h maximum","2016","131.125","ug/m3","92.35","1","Background","Rural","3.9303","50.7989","15.0","","","","E1a/validated data AQ e-Reporting","18/03/2023 22:13:26","http://fme.discomap.eea.europa.eu/fmedatastreaming/AirQualityDownload/AQData_Extract.fmw?CountryCode=BE&CityName=&Pollutant=7&Year_from=2016&Year_to=2016&Station=STA-BETN051&Samplingpoint=&Source=E1a&Output=HTML&UpdateDate="
"Belgium","NET-Flanders","Flanders","BETR801","42R801 - BORGERHOUT","SPO-BETR801_00007_100","O3","Ozone (air)","P1Y-hrsAbove240","1 year hour exceed 240","2016","0.000","count","94.02","1","Background","Urban","4.4318","51.2097","6.0","Antwerpen                                                                       ","BE002C1                                           ","530014","E1a/validated data AQ e-Reporting","18/03/2023 21:50:25","http://fme.discomap.eea.europa.eu/fmedatastreaming/AirQualityDownload/AQData_Extract.fmw?CountryCode=BE&CityName=&Pollutant=7&Year_from=2016&Year_to=2016&Station=STA-BETR801&Samplingpoint=&Source=E1a&Output=HTML&UpdateDate="
"Belgium","NET-Flanders","Flanders","BETE009","47E009 - Zemst","SPO-BETE009_00008_100","NO2","Nitrogen dioxide (air)","P1Y-hr-min","1 year hour min","2016","1.000","ug/m3","96.73","1","Industrial","Rural","4.4354","50.9549","43.0","","","","E1a/validated data AQ e-Reporting","18/03/2023 22:31:20","http://fme.discomap.eea.europa.eu/fmedatastreaming/AirQualityDownload/AQData_Extract.fmw?CountryCode=BE&CityName=&Pollutant=8&Year_from=2016&Year_to=2016&Station=STA-BETE009&Samplingpoint=&Source=E1a&Output=HTML&UpdateDate="
"Belgium","NET-Flanders","Flanders","BETN027","42N027 - BREE","SPO-BETN027_00008_100","NO2","Nitrogen dioxide (air)","P1Y-day-min","1 year day min","2016","2.130","ug/m3","98.09","1","Background","Rural","5.6067","51.1337","48.0","","","","E1a/validated data AQ e-Reporting","18/03/2023 21:56:03","http://fme.discomap.eea.europa.eu/fmedatastreaming/AirQualityDownload/AQData_Extract.fmw?CountryCode=BE&CityName=&Pollutant=8&Year_from=2016&Year_to=2016&Station=STA-BETN027&Samplingpoint=&Source=E1a&Output=HTML&UpdateDate="
"Belgium","NET-Flanders","Flanders","BELAL03","40AL03 - BEVEREN","SPO-BELAL03_06001_100","PM2.5","Particulate matter < 2.5 µm (aerosol)","P1Y-hr-per50","1 year 50 percentile","2016","13.000","ug/m3","99.37","1","Industrial","Rural","4.2015","51.2540","4.0","","","","E1a/validated data AQ e-Reporting","18/03/2023 22:05:49","http://fme.discomap.eea.europa.eu/fmedatastreaming/AirQualityDownload/AQData_Extract.fmw?CountryCode=BE&CityName=&Pollutant=6001&Year_from=2016&Year_to=2016&Station=STA-BELAL03&Samplingpoint=&Source=E1a&Output=HTML&UpdateDate="
"Belgium","NET-Flanders","Flanders","BETN045","42N045 - HASSELT","SPO-BETN045_00020_100","C6H6","Benzene (air)","P1Y","Annual mean / 1 calendar year","2016","0.529","ug/m3","8.36","1","Background","Suburban","5.3684","50.9397","41.0","","","","E1a/validated data AQ e-Reporting","18/03/2023 21:08:58","http://fme.discomap.eea.europa.eu/fmedatastreaming/AirQualityDownload/AQData_Extract.fmw?CountryCode=BE&CityName=&Pollutant=20&Year_from=2016&Year_to=2016&Station=STA-BETN045&Samplingpoint=&Source=E1a&Output=HTML&UpdateDate="
"Belgium","NET-Flanders","Flanders","BETR811","42R811 - SCHOTEN","SPO-BETR811_00007_100","O3","Ozone (air)","P1Y-dmax-per99","1 year 99 percentile daily 8h maximum","2016","137.313","ug/m3","95.08","1","Background","Suburban","4.4914","51.2521","8.0","","","","E1a/validated data AQ e-Reporting","18/03/2023 22:13:26","http://fme.discomap.eea.europa.eu/fmedatastreaming/AirQualityDownload/AQData_Extract.fmw?CountryCode=BE&CityName=&Pollutant=7&Year_from=2016&Year_to=2016&Station=STA-BETR811&Samplingpoint=&Source=E1a&Output=HTML&UpdateDate="
"Belgium","NET-Flanders","Flanders","BETR710","44R710 - DESTELBERGE","SPO-BETR710_00007_100","O3","Ozone (air)","P1Y-dmaxAbove120","1 year daymax exceed 120","2016","5.000","count","89.89","1","Background","Suburban","3.7753","51.0613","6.0","","","","E1a/validated data AQ e-Reporting","18/03/2023 22:25:06","http://fme.discomap.eea.europa.eu/fmedatastreaming/AirQualityDownload/AQData_Extract.fmw?CountryCode=BE&CityName=&Pollutant=7&Year_from=2016&Year_to=2016&Station=STA-BETR710&Samplingpoint=&Source=E1a&Output=HTML&UpdateDate="
"Belgium","NET-Flanders","Flanders","BETR805","42R805 - ANTWERPEN","SPO-BETR805_00005_100","PM10","Particulate matter < 10 µm (aerosol)","P1Y-day-min","1 year day min","2016","6.121","ug/m3","98.63","1","Traffic","Urban","4.4216","51.2082","6.0","Antwerpen                                                                       ","BE002C1                                           ","530014","E1a/validated data AQ e-Reporting","18/03/2023 21:55:13","http://fme.discomap.eea.europa.eu/fmedatastreaming/AirQualityDownload/AQData_Extract.fmw?CountryCode=BE&CityName=&Pollutant=5&Year_from=2016&Year_to=2016&Station=STA-BETR805&Samplingpoint=&Source=E1a&Output=HTML&UpdateDate="
"Belgium","NET-Flanders","Flanders","BETR811","42R811 - SCHOTEN","SPO-BETR811_00007_100","O3","Ozone (air)","P1Y-hrsAbove180","1 year hour exceed 180","2016","2.000","count","93.39","1","Background","Suburban","4.4914","51.2521","8.0","","","","E1a/validated data AQ e-Reporting","18/03/2023 21:46:37","http://fme.discomap.eea.europa.eu/fmedatastreaming/AirQualityDownload/AQData_Extract.fmw?CountryCode=BE&CityName=&Pollutant=7&Year_from=2016&Year_to=2016&Station=STA-BETR811&Samplingpoint=&Source=E1a&Output=HTML&UpdateDate="
"Belgium","NET-Flanders","Flanders","BETN035","42N035 - AARSCHOT","SPO-BETN035_00007_100","O3","Ozone (air)","P1Y-hrsAbove240","1 year hour exceed 240","2016","0.000","count","93.53","1","Background","Rural","4.8376","50.9775","55.0","","","","E1a/validated data AQ e-Reporting","18/03/2023 21:50:25","http://fme.discomap.eea.europa.eu/fmedatastreaming/AirQualityDownload/AQData_Extract.fmw?CountryCode=BE&CityName=&Pollutant=7&Year_from=2016&Year_to=2016&Station=STA-BETN035&Samplingpoint=&Source=E1a&Output=HTML&UpdateDate="
"Belgium","NET-Flanders","Flanders","BETR721","44R721 - WONDELGEM","SPO-BETR721_00008_100","NO2","Nitrogen dioxide (air)","P1Y","Annual mean / 1 calendar year","2016","23.806","ug/m3","91.84","1","Industrial","Suburban","3.7161","51.0890","6.0","Gent                                                                            ","BE003C1                                           ","263687","E1a/validated data AQ e-Reporting","18/03/2023 21:08:58","http://fme.discomap.eea.europa.eu/fmedatastreaming/AirQualityDownload/AQData_Extract.fmw?CountryCode=BE&CityName=&Pollutant=8&Year_from=2016&Year_to=2016&Station=STA-BETR721&Samplingpoint=&Source=E1a&Output=HTML&UpdateDate="
"Belgium","NET-Flanders","Flanders","BETR815","42R815 - ZWIJNDRECHT","SPO-BETR815_00001_100","SO2","Sulphur dioxide (air)","P1Y-day-min","1 year day min","2016","1.000","ug/m3","99.45","1","Industrial","Suburban","4.3322","51.2147","7.0","","","","E1a/validated data AQ e-Reporting","18/03/2023 21:54:56","http://fme.discomap.eea.europa.eu/fmedatastreaming/AirQualityDownload/AQData_Extract.fmw?CountryCode=BE&CityName=&Pollutant=1&Year_from=2016&Year_to=2016&Station=STA-BETR815&Samplingpoint=&Source=E1a&Output=HTML&UpdateDate="
"Belgium","NET-Flanders","Flanders","BETR801","42R801 - BORGERHOUT","SPO-BETR801_00005_100","PM10","Particulate matter < 10 µm (aerosol)","P3Y","3 subsequent calendar years mean","2016","23.988","ug/m3","95.27","1","Background","Urban","4.4318","51.2097","6.0","Antwerpen                                                                       ","BE002C1                                           ","530014","E1a/validated data AQ e-Reporting","18/03/2023 21:36:00","http://fme.discomap.eea.europa.eu/fmedatastreaming/AirQualityDownload/AQData_Extract.fmw?CountryCode=BE&CityName=&Pollutant=5&Year_from=2016&Year_to=2016&Station=STA-BETR801&Samplingpoint=&Source=E1a&Output=HTML&UpdateDate="
"Belgium","NET-Flanders","Flanders","BETR731","44R731 - EVERGEM","SPO-BETR731_00001_100","SO2","Sulphur dioxide (air)","P1Y","Annual mean / 1 calendar year","2016","2.268","ug/m3","96.58","1","Industrial","Rural","3.7395","51.1247","6.0","","","","E1a/validated data AQ e-Reporting","18/03/2023 21:08:58","http://fme.discomap.eea.europa.eu/fmedatastreaming/AirQualityDownload/AQData_Extract.fmw?CountryCode=BE&CityName=&Pollutant=1&Year_from=2016&Year_to=2016&Station=STA-BETR731&Samplingpoint=&Source=E1a&Output=HTML&UpdateDate="
"Belgium","NET-Flanders","Flanders","BETM702","44M702 - ERTVELDE","SPO-BETM702_00008_100","NO2","Nitrogen dioxide (air)","P1Y-hrsAbove200","1 year hour exceed 200","2016","0.000","count","93.52","1","Industrial","Rural","3.7621","51.1660","5.0","","","","E1a/validated data AQ e-Reporting","18/03/2023 21:48:42","http://fme.discomap.eea.europa.eu/fmedatastreaming/AirQualityDownload/AQData_Extract.fmw?CountryCode=BE&CityName=&Pollutant=8&Year_from=2016&Year_to=2016&Station=STA-BETM702&Samplingpoint=&Source=E1a&Output=HTML&UpdateDate="
"Belgium","NET-Flanders","Flanders","BETR815","42R815 - ZWIJNDRECHT","SPO-BETR815_06001_100","PM2.5","Particulate matter < 2.5 µm (aerosol)","P1Y-day-max","1 year day max","2016","51.021","ug/m3","100.00","1","Industrial","Suburban","4.3322","51.2147","7.0","","","","E1a/validated data AQ e-Reporting","18/03/2023 21:43:22","http://fme.discomap.eea.europa.eu/fmedatastreaming/AirQualityDownload/AQData_Extract.fmw?CountryCode=BE&CityName=&Pollutant=6001&Year_from=2016&Year_to=2016&Station=STA-BETR815&Samplingpoint=&Source=E1a&Output=HTML&UpdateDate="
"Belgium","NET-Flanders","Flanders","BETR841","42R841 - MECHELEN","SPO-BETR841_00005_100","PM10","Particulate matter < 10 µm (aerosol)","P1Y-day-max","1 year day max","2016","64.913","ug/m3","98.09","1","Background","Suburban","4.4693","51.0025","8.0","Mechelen                                                                        ","BE012C1                                           ","86911","E1a/validated data AQ e-Reporting","18/03/2023 21:43:06","http://fme.discomap.eea.europa.eu/fmedatastreaming/AirQualityDownload/AQData_Extract.fmw?CountryCode=BE&CityName=&Pollutant=5&Year_from=2016&Year_to=2016&Station=STA-BETR841&Samplingpoint=&Source=E1a&Output=HTML&UpdateDate="
"Belgium","NET-Flanders","Flanders","BETR801","42R801 - BORGERHOUT","SPO-BETR801_00008_100","NO2","Nitrogen dioxide (air)","P1Y-hrsAbove400","1 year hour exceed 400","2016","0.000","count","94.97","1","Background","Urban","4.4318","51.2097","6.0","Antwerpen                                                                       ","BE002C1                                           ","530014","E1a/validated data AQ e-Reporting","18/03/2023 21:54:38","http://fme.discomap.eea.europa.eu/fmedatastreaming/AirQualityDownload/AQData_Extract.fmw?CountryCode=BE&CityName=&Pollutant=8&Year_from=2016&Year_to=2016&Station=STA-BETR801&Samplingpoint=&Source=E1a&Output=HTML&UpdateDate="
"Belgium","NET-Flanders","Flanders","BETN046","42N046 - GELLIK","SPO-BETN046_00008_100","NO2","Nitrogen dioxide (air)","P1Y-hr-max-per99.79","1 year 99.79 %ile of hourly values in a given year","2016","65.500","ug/m3","94.64","1","Background","Rural","5.6189","50.8823","70.0","","","","E1a/validated data AQ e-Reporting","18/03/2023 22:07:35","http://fme.discomap.eea.europa.eu/fmedatastreaming/AirQualityDownload/AQData_Extract.fmw?CountryCode=BE&CityName=&Pollutant=8&Year_from=2016&Year_to=2016&Station=STA-BETN046&Samplingpoint=&Source=E1a&Output=HTML&UpdateDate="
"Belgium","NET-Flanders","Flanders","BETR823","42R823 - BEVEREN","SPO-BETR823_00005_100","PM10","Particulate matter < 10 µm (aerosol)","P1Y-day-per50","1 year 50 %ile of daily values in a year","2016","19.204","ug/m3","100.00","1","Background","Suburban","4.2399","51.2133","0.0","","","","E1a/validated data AQ e-Reporting","18/03/2023 22:08:05","http://fme.discomap.eea.europa.eu/fmedatastreaming/AirQualityDownload/AQData_Extract.fmw?CountryCode=BE&CityName=&Pollutant=5&Year_from=2016&Year_to=2016&Station=STA-BETR823&Samplingpoint=&Source=E1a&Output=HTML&UpdateDate="
"Belgium","NET-Flanders","Flanders","BETR823","42R823 - BEVEREN","SPO-BETR823_00008_100","NO2","Nitrogen dioxide (air)","P1Y","Annual mean / 1 calendar year","2016","23.324","ug/m3","97.12","1","Background","Suburban","4.2399","51.2133","0.0","","","","E1a/validated data AQ e-Reporting","18/03/2023 21:08:58","http://fme.discomap.eea.europa.eu/fmedatastreaming/AirQualityDownload/AQData_Extract.fmw?CountryCode=BE&CityName=&Pollutant=8&Year_from=2016&Year_to=2016&Station=STA-BETR823&Samplingpoint=&Source=E1a&Output=HTML&UpdateDate="
"Belgium","NET-Flanders","Flanders","BESR893","59N893 - ANTWERPEN","SPO-BESR893_00461_100","1,2-dichloroethane (air)","1,2-dichloroethane (air)","P1Y","Annual mean / 1 calendar year","2016","0.001","ug/m3","68.85","1","Background","Suburban","3.8084","51.2032","0.0","","","","E1a/validated data AQ e-Reporting","18/03/2023 21:08:58","http://fme.discomap.eea.europa.eu/fmedatastreaming/AirQualityDownload/AQData_Extract.fmw?CountryCode=BE&CityName=&Pollutant=461&Year_from=2016&Year_to=2016&Station=STA-BESR893&Samplingpoint=&Source=E1a&Output=HTML&UpdateDate="
"Belgium","NET-Flanders","Flanders","BETN046","42N046 - GELLIK","SPO-BETN046_00007_100","O3","Ozone (air)","AOT40cmeasured","AOT40c UNCORRECTED for data capture","2016","9146.500","ug/m3","97.74","1","Background","Rural","5.6189","50.8823","70.0","","","","E1a/validated data AQ e-Reporting","18/03/2023 23:01:40","http://fme.discomap.eea.europa.eu/fmedatastreaming/AirQualityDownload/AQData_Extract.fmw?CountryCode=BE&CityName=&Pollutant=7&Year_from=2016&Year_to=2016&Station=STA-BETN046&Samplingpoint=&Source=E1a&Output=HTML&UpdateDate="
"Belgium","NET-Flanders","Flanders","BETN046","42N046 - GELLIK","SPO-BETN046_00007_100","O3","Ozone (air)","P1Y","Annual mean / 1 calendar year","2016","43.796","ug/m3","91.78","1","Background","Rural","5.6189","50.8823","70.0","","","","E1a/validated data AQ e-Reporting","18/03/2023 21:08:58","http://fme.discomap.eea.europa.eu/fmedatastreaming/AirQualityDownload/AQData_Extract.fmw?CountryCode=BE&CityName=&Pollutant=7&Year_from=2016&Year_to=2016&Station=STA-BETN046&Samplingpoint=&Source=E1a&Output=HTML&UpdateDate="
"Belgium","NET-Flanders","Flanders","BETE007","47E007 - Sint-Pieters-Leeuw","SPO-BETE007_00008_100","NO2","Nitrogen dioxide (air)","P1Y-hr-per50","1 year 50 percentile","2016","14.500","ug/m3","96.97","1","Industrial","Rural","4.2526","50.7953","54.0","","","","E1a/validated data AQ e-Reporting","18/03/2023 22:05:49","http://fme.discomap.eea.europa.eu/fmedatastreaming/AirQualityDownload/AQData_Extract.fmw?CountryCode=BE&CityName=&Pollutant=8&Year_from=2016&Year_to=2016&Station=STA-BETE007&Samplingpoint=&Source=E1a&Output=HTML&UpdateDate="
"Belgium","NET-Flanders","Flanders","BETR801","42R801 - BORGERHOUT","SPO-BETR801_00008_100","NO2","Nitrogen dioxide (air)","P1Y-day-per50","1 year 50 %ile of daily values in a year","2016","37.000","ug/m3","99.45","1","Background","Urban","4.4318","51.2097","6.0","Antwerpen                                                                       ","BE002C1                                           ","530014","E1a/validated data AQ e-Reporting","18/03/2023 22:14:21","http://fme.discomap.eea.europa.eu/fmedatastreaming/AirQualityDownload/AQData_Extract.fmw?CountryCode=BE&CityName=&Pollutant=8&Year_from=2016&Year_to=2016&Station=STA-BETR801&Samplingpoint=&Source=E1a&Output=HTML&UpdateDate="
"Belgium","NET-Flanders","Flanders","BETR831","42R831 - BERENDRECHT","SPO-BETR831_00005_100","PM10","Particulate matter < 10 µm (aerosol)","P1Y-day-per50","1 year 50 %ile of daily values in a year","2016","18.896","ug/m3","97.81","1","Industrial","Rural","4.3397","51.3488","3.0","Antwerpen                                                                       ","BE002C1                                           ","530014","E1a/validated data AQ e-Reporting","18/03/2023 22:08:05","http://fme.discomap.eea.europa.eu/fmedatastreaming/AirQualityDownload/AQData_Extract.fmw?CountryCode=BE&CityName=&Pollutant=5&Year_from=2016&Year_to=2016&Station=STA-BETR831&Samplingpoint=&Source=E1a&Output=HTML&UpdateDate="
"Belgium","NET-Flanders","Flanders","BETR740","44R740 - ST.KRUIS-WI","SPO-BETR740_00007_100","O3","Ozone (air)","P1Y-dx-max26","1 year daymax max 26","2016","94.000","ug/m3","90.44","1","Industrial","Rural","3.8087","51.1501","5.0","Gent                                                                            ","BE003C1                                           ","263687","E1a/validated data AQ e-Reporting","18/03/2023 22:32:17","http://fme.discomap.eea.europa.eu/fmedatastreaming/AirQualityDownload/AQData_Extract.fmw?CountryCode=BE&CityName=&Pollutant=7&Year_from=2016&Year_to=2016&Station=STA-BETR740&Samplingpoint=&Source=E1a&Output=HTML&UpdateDate="
"Belgium","NET-Flanders","Flanders","BETR020","42R020 - VILVOORDE","SPO-BETR020_00005_100","PM10","Particulate matter < 10 µm (aerosol)","P1Y-hr-min","1 year hour min","2016","3.600","ug/m3","99.91","1","Background","Suburban","4.4367","50.9414","12.0","","","","E1a/validated data AQ e-Reporting","18/03/2023 22:31:20","http://fme.discomap.eea.europa.eu/fmedatastreaming/AirQualityDownload/AQData_Extract.fmw?CountryCode=BE&CityName=&Pollutant=5&Year_from=2016&Year_to=2016&Station=STA-BETR020&Samplingpoint=&Source=E1a&Output=HTML&UpdateDate="
"Belgium","NET-Flanders","Flanders","BETR740","44R740 - ST.KRUIS-WI","SPO-BETR740_06001_100","PM2.5","Particulate matter < 2.5 µm (aerosol)","P1Y-day-per50","1 year 50 %ile of daily values in a year","2016","11.188","ug/m3","100.00","1","Industrial","Rural","3.8087","51.1501","5.0","Gent                                                                            ","BE003C1                                           ","263687","E1a/validated data AQ e-Reporting","18/03/2023 22:11:51","http://fme.discomap.eea.europa.eu/fmedatastreaming/AirQualityDownload/AQData_Extract.fmw?CountryCode=BE&CityName=&Pollutant=6001&Year_from=2016&Year_to=2016&Station=STA-BETR740&Samplingpoint=&Source=E1a&Output=HTML&UpdateDate="
"Belgium","NET-Flanders","Flanders","BETR834","42R834 - Boom","SPO-BETR834_00008_100","NO2","Nitrogen dioxide (air)","P1Y-hrsAbove200","1 year hour exceed 200","2016","0.000","count","94.79","1","Background","Suburban","4.3801","51.0920","0.0","","","","E1a/validated data AQ e-Reporting","18/03/2023 21:48:42","http://fme.discomap.eea.europa.eu/fmedatastreaming/AirQualityDownload/AQData_Extract.fmw?CountryCode=BE&CityName=&Pollutant=8&Year_from=2016&Year_to=2016&Station=STA-BETR834&Samplingpoint=&Source=E1a&Output=HTML&UpdateDate="
"Belgium","NET-Flanders","Flanders","BETR701","44R701 - GENT","SPO-BETR701_00001_100","SO2","Sulphur dioxide (air)","P1Y","Annual mean / 1 calendar year","2016","1.365","ug/m3","96.88","1","Background","Urban","3.7293","51.0583","5.0","Gent                                                                            ","BE003C1                                           ","263687","E1a/validated data AQ e-Reporting","18/03/2023 21:08:58","http://fme.discomap.eea.europa.eu/fmedatastreaming/AirQualityDownload/AQData_Extract.fmw?CountryCode=BE&CityName=&Pollutant=1&Year_from=2016&Year_to=2016&Station=STA-BETR701&Samplingpoint=&Source=E1a&Output=HTML&UpdateDate="
"Belgium","NET-Flanders","Flanders","BETN016","42N016 - DESSEL","SPO-BETN016_00007_100","O3","Ozone (air)","P1Y-dx-max26","1 year daymax max 26","2016","114.438","ug/m3","95.63","1","Background","Rural","5.1640","51.2337","30.0","","","","E1a/validated data AQ e-Reporting","18/03/2023 22:32:17","http://fme.discomap.eea.europa.eu/fmedatastreaming/AirQualityDownload/AQData_Extract.fmw?CountryCode=BE&CityName=&Pollutant=7&Year_from=2016&Year_to=2016&Station=STA-BETN016&Samplingpoint=&Source=E1a&Output=HTML&UpdateDate="
"Belgium","NET-Flanders","Flanders","BETR702","44R702 - Gent (G.Carlierlaan)","SPO-BETR702_00005_100","PM10","Particulate matter < 10 µm (aerosol)","P1Y-day-min","1 year day min","2016","6.517","ug/m3","100.00","1","Traffic","Urban","3.7350","51.0407","8.0","Gent                                                                            ","BE003C1                                           ","263687","E1a/validated data AQ e-Reporting","18/03/2023 21:55:13","http://fme.discomap.eea.europa.eu/fmedatastreaming/AirQualityDownload/AQData_Extract.fmw?CountryCode=BE&CityName=&Pollutant=5&Year_from=2016&Year_to=2016&Station=STA-BETR702&Samplingpoint=&Source=E1a&Output=HTML&UpdateDate="
"Belgium","NET-Flanders","Flanders","BETR731","44R731 - EVERGEM","SPO-BETR731_00008_100","NO2","Nitrogen dioxide (air)","P3Y","3 subsequent calendar years mean","2016","25.126","ug/m3","93.91","1","Industrial","Rural","3.7395","51.1247","6.0","","","","E1a/validated data AQ e-Reporting","18/03/2023 21:36:00","http://fme.discomap.eea.europa.eu/fmedatastreaming/AirQualityDownload/AQData_Extract.fmw?CountryCode=BE&CityName=&Pollutant=8&Year_from=2016&Year_to=2016&Station=STA-BETR731&Samplingpoint=&Source=E1a&Output=HTML&UpdateDate="
"Belgium","NET-Flanders","Flanders","BETR841","42R841 - MECHELEN","SPO-BETR841_00007_100","O3","Ozone (air)","P1Y-hr-min","1 year hour min","2016","1.000","ug/m3","93.94","1","Background","Suburban","4.4693","51.0025","8.0","Mechelen                                                                        ","BE012C1                                           ","86911","E1a/validated data AQ e-Reporting","18/03/2023 22:31:20","http://fme.discomap.eea.europa.eu/fmedatastreaming/AirQualityDownload/AQData_Extract.fmw?CountryCode=BE&CityName=&Pollutant=7&Year_from=2016&Year_to=2016&Station=STA-BETR841&Samplingpoint=&Source=E1a&Output=HTML&UpdateDate="
"Belgium","NET-Flanders","Flanders","BETR805","42R805 - ANTWERPEN","SPO-BETR805_00008_100","NO2","Nitrogen dioxide (air)","P1Y-hrsAbove400","1 year hour exceed 400","2016","0.000","count","95.46","1","Traffic","Urban","4.4216","51.2082","6.0","Antwerpen                                                                       ","BE002C1                                           ","530014","E1a/validated data AQ e-Reporting","18/03/2023 21:54:38","http://fme.discomap.eea.europa.eu/fmedatastreaming/AirQualityDownload/AQData_Extract.fmw?CountryCode=BE&CityName=&Pollutant=8&Year_from=2016&Year_to=2016&Station=STA-BETR805&Samplingpoint=&Source=E1a&Output=HTML&UpdateDate="
"Belgium","NET-Flanders","Flanders","BETR802","42R802 - BORGERHOUT","SPO-BETR802_00008_100","NO2","Nitrogen dioxide (air)","P1Y-hr-max","1 year hour max","2016","235.000","ug/m3","96.17","1","Traffic","Urban","4.4318","51.2095","6.0","Antwerpen                                                                       ","BE002C1                                           ","530014","E1a/validated data AQ e-Reporting","18/03/2023 21:57:02","http://fme.discomap.eea.europa.eu/fmedatastreaming/AirQualityDownload/AQData_Extract.fmw?CountryCode=BE&CityName=&Pollutant=8&Year_from=2016&Year_to=2016&Station=STA-BETR802&Samplingpoint=&Source=E1a&Output=HTML&UpdateDate="
"Belgium","NET-Flanders","Flanders","BETR831","42R831 - BERENDRECHT","SPO-BETR831_00007_100","O3","Ozone (air)","P1Y-hrsAbove240","1 year hour exceed 240","2016","0.000","count","94.62","1","Industrial","Rural","4.3397","51.3488","3.0","Antwerpen                                                                       ","BE002C1                                           ","530014","E1a/validated data AQ e-Reporting","18/03/2023 21:50:25","http://fme.discomap.eea.europa.eu/fmedatastreaming/AirQualityDownload/AQData_Extract.fmw?CountryCode=BE&CityName=&Pollutant=7&Year_from=2016&Year_to=2016&Station=STA-BETR831&Samplingpoint=&Source=E1a&Output=HTML&UpdateDate="
"Belgium","NET-Flanders","Flanders","BETR801","42R801 - BORGERHOUT","SPO-BETR801_00001_100","SO2","Sulphur dioxide (air)","P1Y-daysAbove125","1 year day exceed 125","2016","0.000","count","99.45","1","Background","Urban","4.4318","51.2097","6.0","Antwerpen                                                                       ","BE002C1                                           ","530014","E1a/validated data AQ e-Reporting","18/03/2023 22:23:37","http://fme.discomap.eea.europa.eu/fmedatastreaming/AirQualityDownload/AQData_Extract.fmw?CountryCode=BE&CityName=&Pollutant=1&Year_from=2016&Year_to=2016&Station=STA-BETR801&Samplingpoint=&Source=E1a&Output=HTML&UpdateDate="
"Belgium","NET-Flanders","Flanders","BELR833","40R833 - STABROEK","SPO-BELR833_00020_100","C6H6","Benzene (air)","P1Y-day-per50","1 year 50 %ile of daily values in a year","2016","0.619","ug/m3","95.90","1","Industrial","Rural","4.3623","51.3277","5.0","","","","E1a/validated data AQ e-Reporting","18/03/2023 22:13:51","http://fme.discomap.eea.europa.eu/fmedatastreaming/AirQualityDownload/AQData_Extract.fmw?CountryCode=BE&CityName=&Pollutant=20&Year_from=2016&Year_to=2016&Station=STA-BELR833&Samplingpoint=&Source=E1a&Output=HTML&UpdateDate="
"Belgium","NET-Flanders","Flanders","BETN029","44N029 - HOUTEM","SPO-BETN029_00008_100","NO2","Nitrogen dioxide (air)","P1Y-day-min","1 year day min","2016","1.000","ug/m3","98.63","1","Background","Rural","2.5823","51.0163","2.0","","","","E1a/validated data AQ e-Reporting","18/03/2023 21:56:03","http://fme.discomap.eea.europa.eu/fmedatastreaming/AirQualityDownload/AQData_Extract.fmw?CountryCode=BE&CityName=&Pollutant=8&Year_from=2016&Year_to=2016&Station=STA-BETN029&Samplingpoint=&Source=E1a&Output=HTML&UpdateDate="
"Belgium","NET-Flanders","Flanders","BETTS21","40TS21 - TESSENDERLO","SPO-BETTS21_00001_100","SO2","Sulphur dioxide (air)","P1Y-hr-max25","1 year hour max 25","2016","33.000","ug/m3","97.34","1","Industrial","Suburban","5.1075","51.0657","28.0","","","","E1a/validated data AQ e-Reporting","18/03/2023 22:33:20","http://fme.discomap.eea.europa.eu/fmedatastreaming/AirQualityDownload/AQData_Extract.fmw?CountryCode=BE&CityName=&Pollutant=1&Year_from=2016&Year_to=2016&Station=STA-BETTS21&Samplingpoint=&Source=E1a&Output=HTML&UpdateDate="
"Belgium","NET-Flanders","Flanders","BETN029","44N029 - HOUTEM","SPO-BETN029_06001_100","PM2.5","Particulate matter < 2.5 µm (aerosol)","P1Y-hr-min","1 year hour min","2016","1.000","ug/m3","99.29","1","Background","Rural","2.5823","51.0163","2.0","","","","E1a/validated data AQ e-Reporting","18/03/2023 22:31:20","http://fme.discomap.eea.europa.eu/fmedatastreaming/AirQualityDownload/AQData_Extract.fmw?CountryCode=BE&CityName=&Pollutant=6001&Year_from=2016&Year_to=2016&Station=STA-BETN029&Samplingpoint=&Source=E1a&Output=HTML&UpdateDate="
"Belgium","NET-Flanders","Flanders","BETN035","42N035 - AARSCHOT","SPO-BETN035_00005_100","PM10","Particulate matter < 10 µm (aerosol)","P1Y-day-max","1 year day max","2016","56.788","ug/m3","99.73","1","Background","Rural","4.8376","50.9775","55.0","","","","E1a/validated data AQ e-Reporting","18/03/2023 21:43:06","http://fme.discomap.eea.europa.eu/fmedatastreaming/AirQualityDownload/AQData_Extract.fmw?CountryCode=BE&CityName=&Pollutant=5&Year_from=2016&Year_to=2016&Station=STA-BETN035&Samplingpoint=&Source=E1a&Output=HTML&UpdateDate="
"Belgium","NET-Flanders","Flanders","BETR721","44R721 - WONDELGEM","SPO-BETR721_00001_100","SO2","Sulphur dioxide (air)","P1Y-hr-max","1 year hour max","2016","207.000","ug/m3","96.05","1","Industrial","Suburban","3.7161","51.0890","6.0","Gent                                                                            ","BE003C1                                           ","263687","E1a/validated data AQ e-Reporting","18/03/2023 21:57:02","http://fme.discomap.eea.europa.eu/fmedatastreaming/AirQualityDownload/AQData_Extract.fmw?CountryCode=BE&CityName=&Pollutant=1&Year_from=2016&Year_to=2016&Station=STA-BETR721&Samplingpoint=&Source=E1a&Output=HTML&UpdateDate="
"Belgium","NET-Flanders","Flanders","BETR834","42R834 - Boom","SPO-BETR834_00005_100","PM10","Particulate matter < 10 µm (aerosol)","P1Y-hr-min","1 year hour min","2016","3.600","ug/m3","99.56","1","Background","Suburban","4.3801","51.0920","0.0","","","","E1a/validated data AQ e-Reporting","18/03/2023 22:31:20","http://fme.discomap.eea.europa.eu/fmedatastreaming/AirQualityDownload/AQData_Extract.fmw?CountryCode=BE&CityName=&Pollutant=5&Year_from=2016&Year_to=2016&Station=STA-BETR834&Samplingpoint=&Source=E1a&Output=HTML&UpdateDate="
"Belgium","NET-Flanders","Flanders","BETR834","42R834 - Boom","SPO-BETR834_00008_100","NO2","Nitrogen dioxide (air)","P1Y-hr-max","1 year hour max","2016","130.000","ug/m3","94.79","1","Background","Suburban","4.3801","51.0920","0.0","","","","E1a/validated data AQ e-Reporting","18/03/2023 21:57:02","http://fme.discomap.eea.europa.eu/fmedatastreaming/AirQualityDownload/AQData_Extract.fmw?CountryCode=BE&CityName=&Pollutant=8&Year_from=2016&Year_to=2016&Station=STA-BETR834&Samplingpoint=&Source=E1a&Output=HTML&UpdateDate="
"Belgium","NET-Flanders","Flanders","BETR834","42R834 - Boom","SPO-BETR834_06001_100","PM2.5","Particulate matter < 2.5 µm (aerosol)","P1Y-hr-max","1 year hour max","2016","123.000","ug/m3","99.56","1","Background","Suburban","4.3801","51.0920","0.0","","","","E1a/validated data AQ e-Reporting","18/03/2023 21:57:02","http://fme.discomap.eea.europa.eu/fmedatastreaming/AirQualityDownload/AQData_Extract.fmw?CountryCode=BE&CityName=&Pollutant=6001&Year_from=2016&Year_to=2016&Station=STA-BETR834&Samplingpoint=&Source=E1a&Output=HTML&UpdateDate="
"Belgium","NET-Flanders","Flanders","BETR721","44R721 - WONDELGEM","SPO-BETR721_00008_100","NO2","Nitrogen dioxide (air)","P1Y-hrsAbove400","1 year hour exceed 400","2016","0.000","count","91.84","1","Industrial","Suburban","3.7161","51.0890","6.0","Gent                                                                            ","BE003C1                                           ","263687","E1a/validated data AQ e-Reporting","18/03/2023 21:54:38","http://fme.discomap.eea.europa.eu/fmedatastreaming/AirQualityDownload/AQData_Extract.fmw?CountryCode=BE&CityName=&Pollutant=8&Year_from=2016&Year_to=2016&Station=STA-BETR721&Samplingpoint=&Source=E1a&Output=HTML&UpdateDate="
"Belgium","NET-Wallonia","Wallonia","BETR501","45R501 - CHARLEROI","SPO-BETR501_00008_100","NO2","Nitrogen dioxide (air)","P1Y-P1D-per99","1 year 99 percentile of daily means (P1D) or .../aq/primaryObservation/day","2016","66.188","ug/m3","99.73","1","Background","Urban","4.4522","50.4093","115.0","Charleroi                                                                       ","BE004C1                                           ","203314","E1a/validated data AQ e-Reporting","18/03/2023 22:10:34","http://fme.discomap.eea.europa.eu/fmedatastreaming/AirQualityDownload/AQData_Extract.fmw?CountryCode=BE&CityName=&Pollutant=8&Year_from=2016&Year_to=2016&Station=STA-BETR501&Samplingpoint=&Source=E1a&Output=HTML&UpdateDate="
"Belgium","NET-Wallonia","Wallonia","BETR501","45R501 - CHARLEROI","SPO-BETR501_06001_100","PM2.5","Particulate matter < 2.5 µm (aerosol)","P3Y","3 subsequent calendar years mean","2016","12.573","ug/m3","99.10","1","Background","Urban","4.4522","50.4093","115.0","Charleroi                                                                       ","BE004C1                                           ","203314","E1a/validated data AQ e-Reporting","18/03/2023 21:36:00","http://fme.discomap.eea.europa.eu/fmedatastreaming/AirQualityDownload/AQData_Extract.fmw?CountryCode=BE&CityName=&Pollutant=6001&Year_from=2016&Year_to=2016&Station=STA-BETR501&Samplingpoint=&Source=E1a&Output=HTML&UpdateDate="
"Belgium","NET-Wallonia","Wallonia","BETN073","43N073 - VEZIN","SPO-BETN073_00008_100","NO2","Nitrogen dioxide (air)","P1Y-hrsAbove400","1 year hour exceed 400","2016","0.000","count","97.44","1","Background","Rural","4.9884","50.5027","160.0","","","","E1a/validated data AQ e-Reporting","18/03/2023 21:54:38","http://fme.discomap.eea.europa.eu/fmedatastreaming/AirQualityDownload/AQData_Extract.fmw?CountryCode=BE&CityName=&Pollutant=8&Year_from=2016&Year_to=2016&Station=STA-BETN073&Samplingpoint=&Source=E1a&Output=HTML&UpdateDate="
"Belgium","NET-Flanders","Flanders","BETR802","42R802 - BORGERHOUT","SPO-BETR802_00008_100","NO2","Nitrogen dioxide (air)","P1Y-hrsAbove400","1 year hour exceed 400","2016","0.000","count","96.17","1","Traffic","Urban","4.4318","51.2095","6.0","Antwerpen                                                                       ","BE002C1                                           ","530014","E1a/validated data AQ e-Reporting","18/03/2023 21:54:38","http://fme.discomap.eea.europa.eu/fmedatastreaming/AirQualityDownload/AQData_Extract.fmw?CountryCode=BE&CityName=&Pollutant=8&Year_from=2016&Year_to=2016&Station=STA-BETR802&Samplingpoint=&Source=E1a&Output=HTML&UpdateDate="
"Belgium","NET-Flanders","Flanders","BETR893","42R893 - ANTWERPEN","SPO-BETR893_00001_100","SO2","Sulphur dioxide (air)","P1Y-day-per50","1 year 50 %ile of daily values in a year","2016","2.667","ug/m3","98.91","1","Industrial","Suburban","4.3858","51.2814","6.0","Antwerpen                                                                       ","BE002C1                                           ","530014","E1a/validated data AQ e-Reporting","18/03/2023 22:14:46","http://fme.discomap.eea.europa.eu/fmedatastreaming/AirQualityDownload/AQData_Extract.fmw?CountryCode=BE&CityName=&Pollutant=1&Year_from=2016&Year_to=2016&Station=STA-BETR893&Samplingpoint=&Source=E1a&Output=HTML&UpdateDate="
"Belgium","NET-Flanders","Flanders","BETN052","44N052 - ZWEVEGEM","SPO-BETN052_00007_100","O3","Ozone (air)","AOT40f","AOT40 for forest protection","2016","6642.127","ug/m3","96.99","1","Background","Suburban","3.3225","50.8149","27.0","","","","E1a/validated data AQ e-Reporting","18/03/2023 23:06:40","http://fme.discomap.eea.europa.eu/fmedatastreaming/AirQualityDownload/AQData_Extract.fmw?CountryCode=BE&CityName=&Pollutant=7&Year_from=2016&Year_to=2016&Station=STA-BETN052&Samplingpoint=&Source=E1a&Output=HTML&UpdateDate="
"Belgium","NET-Flanders","Flanders","BETR820","42R820 - KAPELLEN","SPO-BETR820_00001_100","SO2","Sulphur dioxide (air)","P1Y-hrsAbove350","1 year hour exceed 350","2016","0.000","count","97.19","1","Background","Suburban","4.4448","51.3204","11.0","","","","E1a/validated data AQ e-Reporting","18/03/2023 21:52:12","http://fme.discomap.eea.europa.eu/fmedatastreaming/AirQualityDownload/AQData_Extract.fmw?CountryCode=BE&CityName=&Pollutant=1&Year_from=2016&Year_to=2016&Station=STA-BETR820&Samplingpoint=&Source=E1a&Output=HTML&UpdateDate="
"Belgium","NET-Flanders","Flanders","BETR820","42R820 - KAPELLEN","SPO-BETR820_00008_100","NO2","Nitrogen dioxide (air)","P1Y","Annual mean / 1 calendar year","2016","21.311","ug/m3","96.49","1","Background","Suburban","4.4448","51.3204","11.0","","","","E1a/validated data AQ e-Reporting","18/03/2023 21:08:58","http://fme.discomap.eea.europa.eu/fmedatastreaming/AirQualityDownload/AQData_Extract.fmw?CountryCode=BE&CityName=&Pollutant=8&Year_from=2016&Year_to=2016&Station=STA-BETR820&Samplingpoint=&Source=E1a&Output=HTML&UpdateDate="
"Belgium","NET-Flanders","Flanders","BETN054","42N054 - WALSHOUTEM","SPO-BETN054_06001_100","PM2.5","Particulate matter < 2.5 µm (aerosol)","P1Y-day-min","1 year day min","2016","1.708","ug/m3","97.81","1","Background","Rural","5.1032","50.7117","135.0","","","","E1a/validated data AQ e-Reporting","18/03/2023 21:55:29","http://fme.discomap.eea.europa.eu/fmedatastreaming/AirQualityDownload/AQData_Extract.fmw?CountryCode=BE&CityName=&Pollutant=6001&Year_from=2016&Year_to=2016&Station=STA-BETN054&Samplingpoint=&Source=E1a&Output=HTML&UpdateDate="
"Belgium","NET-Flanders","Flanders","BETR811","42R811 - SCHOTEN","SPO-BETR811_00005_100","PM10","Particulate matter < 10 µm (aerosol)","P1Y-hr-per50","1 year 50 percentile","2016","18.100","ug/m3","99.64","1","Background","Suburban","4.4914","51.2521","8.0","","","","E1a/validated data AQ e-Reporting","18/03/2023 22:05:49","http://fme.discomap.eea.europa.eu/fmedatastreaming/AirQualityDownload/AQData_Extract.fmw?CountryCode=BE&CityName=&Pollutant=5&Year_from=2016&Year_to=2016&Station=STA-BETR811&Samplingpoint=&Source=E1a&Output=HTML&UpdateDate="
"Belgium","NET-Flanders","Flanders","BETR897","42R897 - ANTWERPEN","SPO-BETR897_00001_100","SO2","Sulphur dioxide (air)","P1Y-day-per50","1 year 50 %ile of daily values in a year","2016","2.174","ug/m3","99.45","1","Industrial","Suburban","4.3421","51.2501","5.0","Antwerpen                                                                       ","BE002C1                                           ","530014","E1a/validated data AQ e-Reporting","18/03/2023 22:14:46","http://fme.discomap.eea.europa.eu/fmedatastreaming/AirQualityDownload/AQData_Extract.fmw?CountryCode=BE&CityName=&Pollutant=1&Year_from=2016&Year_to=2016&Station=STA-BETR897&Samplingpoint=&Source=E1a&Output=HTML&UpdateDate="
"Belgium","NET-Flanders","Flanders","BETR801","42R801 - BORGERHOUT","SPO-BETR801_00007_100","O3","Ozone (air)","P1Y-day-per50","1 year 50 %ile of daily values in a year","2016","29.104","ug/m3","95.90","1","Background","Urban","4.4318","51.2097","6.0","Antwerpen                                                                       ","BE002C1                                           ","530014","E1a/validated data AQ e-Reporting","18/03/2023 22:15:13","http://fme.discomap.eea.europa.eu/fmedatastreaming/AirQualityDownload/AQData_Extract.fmw?CountryCode=BE&CityName=&Pollutant=7&Year_from=2016&Year_to=2016&Station=STA-BETR801&Samplingpoint=&Source=E1a&Output=HTML&UpdateDate="
"Belgium","NET-Flanders","Flanders","BETR731","44R731 - EVERGEM","SPO-BETR731_06001_100","PM2.5","Particulate matter < 2.5 µm (aerosol)","P1Y-hr-min","1 year hour min","2016","1.000","ug/m3","98.91","1","Industrial","Rural","3.7395","51.1247","6.0","","","","E1a/validated data AQ e-Reporting","18/03/2023 22:31:20","http://fme.discomap.eea.europa.eu/fmedatastreaming/AirQualityDownload/AQData_Extract.fmw?CountryCode=BE&CityName=&Pollutant=6001&Year_from=2016&Year_to=2016&Station=STA-BETR731&Samplingpoint=&Source=E1a&Output=HTML&UpdateDate="
"Belgium","NET-Wallonia","Wallonia","BETN073","43N073 - VEZIN","SPO-BETN073_00007_100","O3","Ozone (air)","P1Y-dmax-per93.15","1 year 93.15 percentile daily 8h maximum","2016","104.583","ug/m3","97.81","1","Background","Rural","4.9884","50.5027","160.0","","","","E1a/validated data AQ e-Reporting","18/03/2023 22:12:55","http://fme.discomap.eea.europa.eu/fmedatastreaming/AirQualityDownload/AQData_Extract.fmw?CountryCode=BE&CityName=&Pollutant=7&Year_from=2016&Year_to=2016&Station=STA-BETN073&Samplingpoint=&Source=E1a&Output=HTML&UpdateDate="
"Belgium","NET-Flanders","Flanders","BETN027","42N027 - BREE","SPO-BETN027_00007_100","O3","Ozone (air)","P1Y-hr-per50","1 year 50 percentile","2016","44.500","ug/m3","93.66","1","Background","Rural","5.6067","51.1337","48.0","","","","E1a/validated data AQ e-Reporting","18/03/2023 22:05:49","http://fme.discomap.eea.europa.eu/fmedatastreaming/AirQualityDownload/AQData_Extract.fmw?CountryCode=BE&CityName=&Pollutant=7&Year_from=2016&Year_to=2016&Station=STA-BETN027&Samplingpoint=&Source=E1a&Output=HTML&UpdateDate="
"Belgium","NET-Wallonia","Wallonia","BETN073","43N073 - VEZIN","SPO-BETN073_06001_100","PM2.5","Particulate matter < 2.5 µm (aerosol)","P1Y","Annual mean / 1 calendar year","2016","9.680","ug/m3","99.67","1","Background","Rural","4.9884","50.5027","160.0","","","","E1a/validated data AQ e-Reporting","18/03/2023 21:08:58","http://fme.discomap.eea.europa.eu/fmedatastreaming/AirQualityDownload/AQData_Extract.fmw?CountryCode=BE&CityName=&Pollutant=6001&Year_from=2016&Year_to=2016&Station=STA-BETN073&Samplingpoint=&Source=E1a&Output=HTML&UpdateDate="
"Belgium","NET-Flanders","Flanders","BETR823","42R823 - BEVEREN","SPO-BETR823_00005_100","PM10","Particulate matter < 10 µm (aerosol)","P1Y-day-min","1 year day min","2016","6.538","ug/m3","100.00","1","Background","Suburban","4.2399","51.2133","0.0","","","","E1a/validated data AQ e-Reporting","18/03/2023 21:55:13","http://fme.discomap.eea.europa.eu/fmedatastreaming/AirQualityDownload/AQData_Extract.fmw?CountryCode=BE&CityName=&Pollutant=5&Year_from=2016&Year_to=2016&Station=STA-BETR823&Samplingpoint=&Source=E1a&Output=HTML&UpdateDate="
"Belgium","NET-Flanders","Flanders","BETN029","44N029 - HOUTEM","SPO-BETN029_00005_100","PM10","Particulate matter < 10 µm (aerosol)","P1Y-day-max","1 year day max","2016","61.788","ug/m3","99.18","1","Background","Rural","2.5823","51.0163","2.0","","","","E1a/validated data AQ e-Reporting","18/03/2023 21:43:06","http://fme.discomap.eea.europa.eu/fmedatastreaming/AirQualityDownload/AQData_Extract.fmw?CountryCode=BE&CityName=&Pollutant=5&Year_from=2016&Year_to=2016&Station=STA-BETN029&Samplingpoint=&Source=E1a&Output=HTML&UpdateDate="
"Belgium","NET-Wallonia","Wallonia","BETR502","45R502 - LODELINSART","SPO-BETR502_00007_100","O3","Ozone (air)","SOMO10","Sum of Ozone Means Over 10 ppb","2016","12440.556","ug/m3","96.17","1","Background","Suburban","4.4587","50.4290","135.0","Charleroi                                                                       ","BE004C1                                           ","203314","E1a/validated data AQ e-Reporting","18/03/2023 22:59:50","http://fme.discomap.eea.europa.eu/fmedatastreaming/AirQualityDownload/AQData_Extract.fmw?CountryCode=BE&CityName=&Pollutant=7&Year_from=2016&Year_to=2016&Station=STA-BETR502&Samplingpoint=&Source=E1a&Output=HTML&UpdateDate="
"Belgium","NET-Flanders","Flanders","BETR701","44R701 - GENT","SPO-BETR701_00005_100","PM10","Particulate matter < 10 µm (aerosol)","P1Y-daysAbove50","1 year day exceed 50","2016","27.000","count","100.00","1","Background","Urban","3.7293","51.0583","5.0","Gent                                                                            ","BE003C1                                           ","263687","E1a/validated data AQ e-Reporting","18/03/2023 22:27:00","http://fme.discomap.eea.europa.eu/fmedatastreaming/AirQualityDownload/AQData_Extract.fmw?CountryCode=BE&CityName=&Pollutant=5&Year_from=2016&Year_to=2016&Station=STA-BETR701&Samplingpoint=&Source=E1a&Output=HTML&UpdateDate="
"Belgium","NET-Flanders","Flanders","BETR820","42R820 - KAPELLEN","SPO-BETR820_00008_100","NO2","Nitrogen dioxide (air)","P1Y-day-per50","1 year 50 %ile of daily values in a year","2016","19.870","ug/m3","98.91","1","Background","Suburban","4.4448","51.3204","11.0","","","","E1a/validated data AQ e-Reporting","18/03/2023 22:14:21","http://fme.discomap.eea.europa.eu/fmedatastreaming/AirQualityDownload/AQData_Extract.fmw?CountryCode=BE&CityName=&Pollutant=8&Year_from=2016&Year_to=2016&Station=STA-BETR820&Samplingpoint=&Source=E1a&Output=HTML&UpdateDate="
"Belgium","NET-Flanders","Flanders","BETR701","44R701 - GENT","SPO-BETR701_00007_100","O3","Ozone (air)","AOT40cmeasured","AOT40c UNCORRECTED for data capture","2016","4940.500","ug/m3","89.58","1","Background","Urban","3.7293","51.0583","5.0","Gent                                                                            ","BE003C1                                           ","263687","E1a/validated data AQ e-Reporting","18/03/2023 23:01:40","http://fme.discomap.eea.europa.eu/fmedatastreaming/AirQualityDownload/AQData_Extract.fmw?CountryCode=BE&CityName=&Pollutant=7&Year_from=2016&Year_to=2016&Station=STA-BETR701&Samplingpoint=&Source=E1a&Output=HTML&UpdateDate="
"Belgium","NET-Flanders","Flanders","BETN046","42N046 - GELLIK","SPO-BETN046_00007_100","O3","Ozone (air)","P1Y-hr-per50","1 year 50 percentile","2016","43.500","ug/m3","91.78","1","Background","Rural","5.6189","50.8823","70.0","","","","E1a/validated data AQ e-Reporting","18/03/2023 22:05:49","http://fme.discomap.eea.europa.eu/fmedatastreaming/AirQualityDownload/AQData_Extract.fmw?CountryCode=BE&CityName=&Pollutant=7&Year_from=2016&Year_to=2016&Station=STA-BETN046&Samplingpoint=&Source=E1a&Output=HTML&UpdateDate="
"Belgium","NET-Wallonia","Wallonia","BETN060","43N060 - HAVINNES","SPO-BETN060_06001_100","PM2.5","Particulate matter < 2.5 µm (aerosol)","P1Y-hr-per50","1 year 50 percentile","2016","8.455","ug/m3","99.60","1","Background","Rural","3.4576","50.6167","0.0","","","","E1a/validated data AQ e-Reporting","18/03/2023 22:05:49","http://fme.discomap.eea.europa.eu/fmedatastreaming/AirQualityDownload/AQData_Extract.fmw?CountryCode=BE&CityName=&Pollutant=6001&Year_from=2016&Year_to=2016&Station=STA-BETN060&Samplingpoint=&Source=E1a&Output=HTML&UpdateDate="
"Belgium","NET-Wallonia","Wallonia","BETN063","43N063 - CORROY L.G.","SPO-BETN063_00001_100","SO2","Sulphur dioxide (air)","P1Y-hrsAbove350","1 year hour exceed 350","2016","0.000","count","92.54","1","Background","Rural","4.6683","50.6554","145.0","","","","E1a/validated data AQ e-Reporting","18/03/2023 21:52:12","http://fme.discomap.eea.europa.eu/fmedatastreaming/AirQualityDownload/AQData_Extract.fmw?CountryCode=BE&CityName=&Pollutant=1&Year_from=2016&Year_to=2016&Station=STA-BETN063&Samplingpoint=&Source=E1a&Output=HTML&UpdateDate="
"Belgium","NET-Flanders","Flanders","BETR823","42R823 - BEVEREN","SPO-BETR823_00001_100","SO2","Sulphur dioxide (air)","P1Y-day-min","1 year day min","2016","1.000","ug/m3","99.45","1","Background","Suburban","4.2399","51.2133","0.0","","","","E1a/validated data AQ e-Reporting","18/03/2023 21:54:56","http://fme.discomap.eea.europa.eu/fmedatastreaming/AirQualityDownload/AQData_Extract.fmw?CountryCode=BE&CityName=&Pollutant=1&Year_from=2016&Year_to=2016&Station=STA-BETR823&Samplingpoint=&Source=E1a&Output=HTML&UpdateDate="
"Belgium","NET-Flanders","Flanders","BETR701","44R701 - GENT","SPO-BETR701_00008_100","NO2","Nitrogen dioxide (air)","P1Y-hr-max-per99.79","1 year 99.79 %ile of hourly values in a given year","2016","93.000","ug/m3","94.79","1","Background","Urban","3.7293","51.0583","5.0","Gent                                                                            ","BE003C1                                           ","263687","E1a/validated data AQ e-Reporting","18/03/2023 22:07:35","http://fme.discomap.eea.europa.eu/fmedatastreaming/AirQualityDownload/AQData_Extract.fmw?CountryCode=BE&CityName=&Pollutant=8&Year_from=2016&Year_to=2016&Station=STA-BETR701&Samplingpoint=&Source=E1a&Output=HTML&UpdateDate="
"Belgium","NET-Wallonia","Wallonia","BETN066","43N066 - EUPEN","SPO-BETN066_00008_100","NO2","Nitrogen dioxide (air)","P1Y-hr-max","1 year hour max","2016","72.000","ug/m3","97.47","1","Background","Rural","6.0023","50.6289","295.0","","","","E1a/validated data AQ e-Reporting","18/03/2023 21:57:02","http://fme.discomap.eea.europa.eu/fmedatastreaming/AirQualityDownload/AQData_Extract.fmw?CountryCode=BE&CityName=&Pollutant=8&Year_from=2016&Year_to=2016&Station=STA-BETN066&Samplingpoint=&Source=E1a&Output=HTML&UpdateDate="
"Belgium","NET-Flanders","Flanders","BETR830","42R830 - DOEL","SPO-BETR830_00008_100","NO2","Nitrogen dioxide (air)","P1Y-day-max","1 year day max","2016","84.188","ug/m3","98.91","1","Industrial","Rural","4.2626","51.3182","5.0","","","","E1a/validated data AQ e-Reporting","18/03/2023 21:43:56","http://fme.discomap.eea.europa.eu/fmedatastreaming/AirQualityDownload/AQData_Extract.fmw?CountryCode=BE&CityName=&Pollutant=8&Year_from=2016&Year_to=2016&Station=STA-BETR830&Samplingpoint=&Source=E1a&Output=HTML&UpdateDate="
"Belgium","NET-Flanders","Flanders","BETR830","42R830 - DOEL","SPO-BETR830_00008_100","NO2","Nitrogen dioxide (air)","P1Y-day-per50","1 year 50 %ile of daily values in a year","2016","23.543","ug/m3","98.91","1","Industrial","Rural","4.2626","51.3182","5.0","","","","E1a/validated data AQ e-Reporting","18/03/2023 22:14:21","http://fme.discomap.eea.europa.eu/fmedatastreaming/AirQualityDownload/AQData_Extract.fmw?CountryCode=BE&CityName=&Pollutant=8&Year_from=2016&Year_to=2016&Station=STA-BETR830&Samplingpoint=&Source=E1a&Output=HTML&UpdateDate="
"Belgium","NET-Flanders","Flanders","BETR702","44R702 - Gent (G.Carlierlaan)","SPO-BETR702_00005_100","PM10","Particulate matter < 10 µm (aerosol)","P1Y-day-per50","1 year 50 %ile of daily values in a year","2016","21.267","ug/m3","100.00","1","Traffic","Urban","3.7350","51.0407","8.0","Gent                                                                            ","BE003C1                                           ","263687","E1a/validated data AQ e-Reporting","18/03/2023 22:08:05","http://fme.discomap.eea.europa.eu/fmedatastreaming/AirQualityDownload/AQData_Extract.fmw?CountryCode=BE&CityName=&Pollutant=5&Year_from=2016&Year_to=2016&Station=STA-BETR702&Samplingpoint=&Source=E1a&Output=HTML&UpdateDate="
"Belgium","NET-Wallonia","Wallonia","BETN093","43N093 - SINSIN","SPO-BETN093_00001_100","SO2","Sulphur dioxide (air)","P1Y-day-max-per99.18","1 year 99.18 percentile of daily maximum","2016","2.130","ug/m3","96.17","1","Background","Rural","5.2352","50.2745","265.0","","","","E1a/validated data AQ e-Reporting","18/03/2023 22:12:16","http://fme.discomap.eea.europa.eu/fmedatastreaming/AirQualityDownload/AQData_Extract.fmw?CountryCode=BE&CityName=&Pollutant=1&Year_from=2016&Year_to=2016&Station=STA-BETN093&Samplingpoint=&Source=E1a&Output=HTML&UpdateDate="
"Belgium","NET-Flanders","Flanders","BETR841","42R841 - MECHELEN","SPO-BETR841_00008_100","NO2","Nitrogen dioxide (air)","P1Y-hrsAbove200","1 year hour exceed 200","2016","0.000","count","95.06","1","Background","Suburban","4.4693","51.0025","8.0","Mechelen                                                                        ","BE012C1                                           ","86911","E1a/validated data AQ e-Reporting","18/03/2023 21:48:42","http://fme.discomap.eea.europa.eu/fmedatastreaming/AirQualityDownload/AQData_Extract.fmw?CountryCode=BE&CityName=&Pollutant=8&Year_from=2016&Year_to=2016&Station=STA-BETR841&Samplingpoint=&Source=E1a&Output=HTML&UpdateDate="
"Belgium","NET-Flanders","Flanders","BESMA01","59MA01 - MAASMECHELEN","SPO-BESMA01_00450_100","H3C-CH2-CH(CH3)2","i-Pentane (2-methylbutane) (air)","P1Y","Annual mean / 1 calendar year","2016","0.000","ug/m3","86.62","1","Background","Suburban","5.7256","50.9816","0.0","","","","E1a/validated data AQ e-Reporting","18/03/2023 21:08:58","http://fme.discomap.eea.europa.eu/fmedatastreaming/AirQualityDownload/AQData_Extract.fmw?CountryCode=BE&CityName=&Pollutant=450&Year_from=2016&Year_to=2016&Station=STA-BESMA01&Samplingpoint=&Source=E1a&Output=HTML&UpdateDate="
"Belgium","NET-Wallonia","Wallonia","BEMN085","00N085 - VIELSALM","SPO-BEMN085_05014_100","Cd in PM10","Cadmium in PM10 (aerosol)","P1Y","Annual mean / 1 calendar year","2016","0.080","ng/m3","95.34","1","Background","Rural","6.0017","50.3032","490.0","","","","E1a/validated data AQ e-Reporting","18/03/2023 21:08:58","http://fme.discomap.eea.europa.eu/fmedatastreaming/AirQualityDownload/AQData_Extract.fmw?CountryCode=BE&CityName=&Pollutant=5014&Year_from=2016&Year_to=2016&Station=STA-BEMN085&Samplingpoint=&Source=E1a&Output=HTML&UpdateDate="
"Belgium","NET-Flanders","Flanders","BESMA01","59MA01 - MAASMECHELEN","SPO-BESMA01_00482_100","o-C6H4-(CH3)2","o-Xylene (air)","P1Y","Annual mean / 1 calendar year","2016","0.000","ug/m3","86.62","1","Background","Suburban","5.7256","50.9816","0.0","","","","E1a/validated data AQ e-Reporting","18/03/2023 21:08:58","http://fme.discomap.eea.europa.eu/fmedatastreaming/AirQualityDownload/AQData_Extract.fmw?CountryCode=BE&CityName=&Pollutant=482&Year_from=2016&Year_to=2016&Station=STA-BESMA01&Samplingpoint=&Source=E1a&Output=HTML&UpdateDate="
"Belgium","NET-Flanders","Flanders","BESN029","59N029 - VEURNE","SPO-BESN029_00441_100","C7H16","n-Heptane (air)","P1Y","Annual mean / 1 calendar year","2016","0.000","ug/m3","87.99","1","Background","Suburban","2.5823","51.0163","0.0","","","","E1a/validated data AQ e-Reporting","18/03/2023 21:08:58","http://fme.discomap.eea.europa.eu/fmedatastreaming/AirQualityDownload/AQData_Extract.fmw?CountryCode=BE&CityName=&Pollutant=441&Year_from=2016&Year_to=2016&Station=STA-BESN029&Samplingpoint=&Source=E1a&Output=HTML&UpdateDate="
"Belgium","NET-Wallonia","Wallonia","BEMNM01","00NM01 - NAMUR","SPO-BEMNM01_05015_100","Ni in PM10","Nickel in PM10 (aerosol)","P1Y","Annual mean / 1 calendar year","2016","1.268","ng/m3","95.34","1","Background","Urban","4.8724","50.4632","85.0","Namur                                                                           ","BE007C1                                           ","112125","E1a/validated data AQ e-Reporting","18/03/2023 21:08:58","http://fme.discomap.eea.europa.eu/fmedatastreaming/AirQualityDownload/AQData_Extract.fmw?CountryCode=BE&CityName=&Pollutant=5015&Year_from=2016&Year_to=2016&Station=STA-BEMNM01&Samplingpoint=&Source=E1a&Output=HTML&UpdateDate="
"Belgium","NET-Flanders","Flanders","BETR740","44R740 - ST.KRUIS-WI","SPO-BETR740_00001_100","SO2","Sulphur dioxide (air)","P1Y-daysAbove125","1 year day exceed 125","2016","0.000","count","99.45","1","Industrial","Rural","3.8087","51.1501","5.0","Gent                                                                            ","BE003C1                                           ","263687","E1a/validated data AQ e-Reporting","18/03/2023 22:23:37","http://fme.discomap.eea.europa.eu/fmedatastreaming/AirQualityDownload/AQData_Extract.fmw?CountryCode=BE&CityName=&Pollutant=1&Year_from=2016&Year_to=2016&Station=STA-BETR740&Samplingpoint=&Source=E1a&Output=HTML&UpdateDate="
"Belgium","NET-Wallonia","Wallonia","BETN073","43N073 - VEZIN","SPO-BETN073_00007_100","O3","Ozone (air)","P1Y-dx-max","1 year day max max","2016","181.375","ug/m3","97.81","1","Background","Rural","4.9884","50.5027","160.0","","","","E1a/validated data AQ e-Reporting","18/03/2023 21:44:39","http://fme.discomap.eea.europa.eu/fmedatastreaming/AirQualityDownload/AQData_Extract.fmw?CountryCode=BE&CityName=&Pollutant=7&Year_from=2016&Year_to=2016&Station=STA-BETN073&Samplingpoint=&Source=E1a&Output=HTML&UpdateDate="
"Belgium","NET-Flanders","Flanders","BETR740","44R740 - ST.KRUIS-WI","SPO-BETR740_00007_100","O3","Ozone (air)","P3Y-dmaxAbove120","Daymax exceed 120 averaged over 3 consecutive years","2016","7.333","count","100.00","1","Industrial","Rural","3.8087","51.1501","5.0","Gent                                                                            ","BE003C1                                           ","263687","E1a/validated data AQ e-Reporting","18/03/2023 22:34:54","http://fme.discomap.eea.europa.eu/fmedatastreaming/AirQualityDownload/AQData_Extract.fmw?CountryCode=BE&CityName=&Pollutant=7&Year_from=2016&Year_to=2016&Station=STA-BETR740&Samplingpoint=&Source=E1a&Output=HTML&UpdateDate="
"Belgium","NET-Flanders","Flanders","BETR803","42R803 - ANTWERPEN","SPO-BETR803_00008_100","NO2","Nitrogen dioxide (air)","P1Y-hrsAbove400","1 year hour exceed 400","2016","0.000","count","93.34","1","Background","Urban","4.4285","51.2286","0.0","Antwerpen                                                                       ","BE002C1                                           ","530014","E1a/validated data AQ e-Reporting","18/03/2023 21:54:38","http://fme.discomap.eea.europa.eu/fmedatastreaming/AirQualityDownload/AQData_Extract.fmw?CountryCode=BE&CityName=&Pollutant=8&Year_from=2016&Year_to=2016&Station=STA-BETR803&Samplingpoint=&Source=E1a&Output=HTML&UpdateDate="
"Belgium","NET-Flanders","Flanders","BETR803","42R803 - ANTWERPEN","SPO-BETR803_06001_100","PM2.5","Particulate matter < 2.5 µm (aerosol)","P1Y-day-per50","1 year 50 %ile of daily values in a year","2016","10.646","ug/m3","95.90","1","Background","Urban","4.4285","51.2286","0.0","Antwerpen                                                                       ","BE002C1                                           ","530014","E1a/validated data AQ e-Reporting","18/03/2023 22:11:51","http://fme.discomap.eea.europa.eu/fmedatastreaming/AirQualityDownload/AQData_Extract.fmw?CountryCode=BE&CityName=&Pollutant=6001&Year_from=2016&Year_to=2016&Station=STA-BETR803&Samplingpoint=&Source=E1a&Output=HTML&UpdateDate="
"Belgium","NET-Flanders","Flanders","BETN029","44N029 - HOUTEM","SPO-BETN029_00007_100","O3","Ozone (air)","P1Y-dmax-per93.15","1 year 93.15 percentile daily 8h maximum","2016","93.000","ug/m3","92.62","1","Background","Rural","2.5823","51.0163","2.0","","","","E1a/validated data AQ e-Reporting","18/03/2023 22:12:55","http://fme.discomap.eea.europa.eu/fmedatastreaming/AirQualityDownload/AQData_Extract.fmw?CountryCode=BE&CityName=&Pollutant=7&Year_from=2016&Year_to=2016&Station=STA-BETN029&Samplingpoint=&Source=E1a&Output=HTML&UpdateDate="
"Belgium","NET-Flanders","Flanders","BETR731","44R731 - EVERGEM","SPO-BETR731_00005_100","PM10","Particulate matter < 10 µm (aerosol)","P1Y-P1D-per90.41","1 year 90.41 percentile","2016","39.121","ug/m3","98.36","1","Industrial","Rural","3.7395","51.1247","6.0","","","","E1a/validated data AQ e-Reporting","18/03/2023 22:09:05","http://fme.discomap.eea.europa.eu/fmedatastreaming/AirQualityDownload/AQData_Extract.fmw?CountryCode=BE&CityName=&Pollutant=5&Year_from=2016&Year_to=2016&Station=STA-BETR731&Samplingpoint=&Source=E1a&Output=HTML&UpdateDate="
"Belgium","NET-Flanders","Flanders","BETR731","44R731 - EVERGEM","SPO-BETR731_00008_100","NO2","Nitrogen dioxide (air)","P1Y-3hAbove400","3 consecutive hours in exceedance of 400","2016","0.000","count","93.78","1","Industrial","Rural","3.7395","51.1247","6.0","","","","E1a/validated data AQ e-Reporting","18/03/2023 22:22:30","http://fme.discomap.eea.europa.eu/fmedatastreaming/AirQualityDownload/AQData_Extract.fmw?CountryCode=BE&CityName=&Pollutant=8&Year_from=2016&Year_to=2016&Station=STA-BETR731&Samplingpoint=&Source=E1a&Output=HTML&UpdateDate="
"Belgium","NET-Wallonia","Wallonia","BETH201","43H201 - LIEGE","SPO-BETH201_06001_100","PM2.5","Particulate matter < 2.5 µm (aerosol)","P1Y","Annual mean / 1 calendar year","2016","10.078","ug/m3","98.28","1","Background","Suburban","5.5475","50.6250","160.0","Liège                                                                           ","BE005C1                                           ","383700","E1a/validated data AQ e-Reporting","18/03/2023 21:08:58","http://fme.discomap.eea.europa.eu/fmedatastreaming/AirQualityDownload/AQData_Extract.fmw?CountryCode=BE&CityName=&Pollutant=6001&Year_from=2016&Year_to=2016&Station=STA-BETH201&Samplingpoint=&Source=E1a&Output=HTML&UpdateDate="
"Belgium","NET-Flanders","Flanders","BETR805","42R805 - ANTWERPEN","SPO-BETR805_06001_100","PM2.5","Particulate matter < 2.5 µm (aerosol)","P1Y-P1D-per99","1 year 99 percentile of daily means (P1D) or .../aq/primaryObservation/day","2016","42.000","ug/m3","98.63","1","Traffic","Urban","4.4216","51.2082","6.0","Antwerpen                                                                       ","BE002C1                                           ","530014","E1a/validated data AQ e-Reporting","18/03/2023 22:10:03","http://fme.discomap.eea.europa.eu/fmedatastreaming/AirQualityDownload/AQData_Extract.fmw?CountryCode=BE&CityName=&Pollutant=6001&Year_from=2016&Year_to=2016&Station=STA-BETR805&Samplingpoint=&Source=E1a&Output=HTML&UpdateDate="
"Belgium","NET-Flanders","Flanders","BETR815","42R815 - ZWIJNDRECHT","SPO-BETR815_00008_100","NO2","Nitrogen dioxide (air)","P1Y-hr-per50","1 year 50 percentile","2016","24.500","ug/m3","95.82","1","Industrial","Suburban","4.3322","51.2147","7.0","","","","E1a/validated data AQ e-Reporting","18/03/2023 22:05:49","http://fme.discomap.eea.europa.eu/fmedatastreaming/AirQualityDownload/AQData_Extract.fmw?CountryCode=BE&CityName=&Pollutant=8&Year_from=2016&Year_to=2016&Station=STA-BETR815&Samplingpoint=&Source=E1a&Output=HTML&UpdateDate="
"Belgium","NET-Flanders","Flanders","BETR815","42R815 - ZWIJNDRECHT","SPO-BETR815_00008_100","NO2","Nitrogen dioxide (air)","P1Y-hrsAbove200","1 year hour exceed 200","2016","0.000","count","95.82","1","Industrial","Suburban","4.3322","51.2147","7.0","","","","E1a/validated data AQ e-Reporting","18/03/2023 21:48:42","http://fme.discomap.eea.europa.eu/fmedatastreaming/AirQualityDownload/AQData_Extract.fmw?CountryCode=BE&CityName=&Pollutant=8&Year_from=2016&Year_to=2016&Station=STA-BETR815&Samplingpoint=&Source=E1a&Output=HTML&UpdateDate="
"Belgium","NET-Flanders","Flanders","BETR817","42R817 - ANTWERPEN","SPO-BETR817_06001_100","PM2.5","Particulate matter < 2.5 µm (aerosol)","P1Y-P1D-per99","1 year 99 percentile of daily means (P1D) or .../aq/primaryObservation/day","2016","46.771","ug/m3","100.00","1","Background","Suburban","4.4180","51.1771","6.0","Antwerpen                                                                       ","BE002C1                                           ","530014","E1a/validated data AQ e-Reporting","18/03/2023 22:10:03","http://fme.discomap.eea.europa.eu/fmedatastreaming/AirQualityDownload/AQData_Extract.fmw?CountryCode=BE&CityName=&Pollutant=6001&Year_from=2016&Year_to=2016&Station=STA-BETR817&Samplingpoint=&Source=E1a&Output=HTML&UpdateDate="
"Belgium","NET-Flanders","Flanders","BETN052","44N052 - ZWEVEGEM","SPO-BETN052_00005_100","PM10","Particulate matter < 10 µm (aerosol)","P1Y-day-per50","1 year 50 %ile of daily values in a year","2016","19.371","ug/m3","99.18","1","Background","Suburban","3.3225","50.8149","27.0","","","","E1a/validated data AQ e-Reporting","18/03/2023 22:08:05","http://fme.discomap.eea.europa.eu/fmedatastreaming/AirQualityDownload/AQData_Extract.fmw?CountryCode=BE&CityName=&Pollutant=5&Year_from=2016&Year_to=2016&Station=STA-BETN052&Samplingpoint=&Source=E1a&Output=HTML&UpdateDate="
"Belgium","NET-Wallonia","Wallonia","BETN100","43N100 - DOURBES","SPO-BETN100_00009_100","NOX as NO2","Nitrogen oxides (air)","P3Y","3 subsequent calendar years mean","2016","7.100","ug/m3","96.53","1","Background","Rural","4.5948","50.0957","225.0","","","","E1a/validated data AQ e-Reporting","18/03/2023 21:36:00","http://fme.discomap.eea.europa.eu/fmedatastreaming/AirQualityDownload/AQData_Extract.fmw?CountryCode=BE&CityName=&Pollutant=9&Year_from=2016&Year_to=2016&Station=STA-BETN100&Samplingpoint=&Source=E1a&Output=HTML&UpdateDate="
"Belgium","NET-Flanders","Flanders","BETR831","42R831 - BERENDRECHT","SPO-BETR831_00007_100","O3","Ozone (air)","AOT40cmeasured","AOT40c UNCORRECTED for data capture","2016","7021.500","ug/m3","96.20","1","Industrial","Rural","4.3397","51.3488","3.0","Antwerpen                                                                       ","BE002C1                                           ","530014","E1a/validated data AQ e-Reporting","18/03/2023 23:01:40","http://fme.discomap.eea.europa.eu/fmedatastreaming/AirQualityDownload/AQData_Extract.fmw?CountryCode=BE&CityName=&Pollutant=7&Year_from=2016&Year_to=2016&Station=STA-BETR831&Samplingpoint=&Source=E1a&Output=HTML&UpdateDate="
"Belgium","NET-Flanders","Flanders","BETR831","42R831 - BERENDRECHT","SPO-BETR831_00007_100","O3","Ozone (air)","P1Y","Annual mean / 1 calendar year","2016","37.861","ug/m3","94.62","1","Industrial","Rural","4.3397","51.3488","3.0","Antwerpen                                                                       ","BE002C1                                           ","530014","E1a/validated data AQ e-Reporting","18/03/2023 21:08:58","http://fme.discomap.eea.europa.eu/fmedatastreaming/AirQualityDownload/AQData_Extract.fmw?CountryCode=BE&CityName=&Pollutant=7&Year_from=2016&Year_to=2016&Station=STA-BETR831&Samplingpoint=&Source=E1a&Output=HTML&UpdateDate="
"Belgium","NET-Flanders","Flanders","BETR801","42R801 - BORGERHOUT","SPO-BETR801_00008_100","NO2","Nitrogen dioxide (air)","P1Y","Annual mean / 1 calendar year","2016","38.561","ug/m3","94.97","1","Background","Urban","4.4318","51.2097","6.0","Antwerpen                                                                       ","BE002C1                                           ","530014","E1a/validated data AQ e-Reporting","18/03/2023 21:08:58","http://fme.discomap.eea.europa.eu/fmedatastreaming/AirQualityDownload/AQData_Extract.fmw?CountryCode=BE&CityName=&Pollutant=8&Year_from=2016&Year_to=2016&Station=STA-BETR801&Samplingpoint=&Source=E1a&Output=HTML&UpdateDate="
"Belgium","NET-Wallonia","Wallonia","BETR511","45R511 - MARCINELLE","SPO-BETR511_00005_100","PM10","Particulate matter < 10 µm (aerosol)","P1Y-hr-min","1 year hour min","2016","0.000","ug/m3","97.64","1","Background","Suburban","4.4247","50.3776","157.0","Charleroi                                                                       ","BE004C1                                           ","203314","E1a/validated data AQ e-Reporting","18/03/2023 22:31:20","http://fme.discomap.eea.europa.eu/fmedatastreaming/AirQualityDownload/AQData_Extract.fmw?CountryCode=BE&CityName=&Pollutant=5&Year_from=2016&Year_to=2016&Station=STA-BETR511&Samplingpoint=&Source=E1a&Output=HTML&UpdateDate="
"Belgium","NET-Flanders","Flanders","BETR710","44R710 - DESTELBERGE","SPO-BETR710_00008_100","NO2","Nitrogen dioxide (air)","P1Y-P1D-per99","1 year 99 percentile of daily means (P1D) or .../aq/primaryObservation/day","2016","51.729","ug/m3","97.27","1","Background","Suburban","3.7753","51.0613","6.0","","","","E1a/validated data AQ e-Reporting","18/03/2023 22:10:34","http://fme.discomap.eea.europa.eu/fmedatastreaming/AirQualityDownload/AQData_Extract.fmw?CountryCode=BE&CityName=&Pollutant=8&Year_from=2016&Year_to=2016&Station=STA-BETR710&Samplingpoint=&Source=E1a&Output=HTML&UpdateDate="
"Belgium","NET-Flanders","Flanders","BETN029","44N029 - HOUTEM","SPO-BETN029_00007_100","O3","Ozone (air)","P1Y-hrsAbove180","1 year hour exceed 180","2016","0.000","count","90.30","1","Background","Rural","2.5823","51.0163","2.0","","","","E1a/validated data AQ e-Reporting","18/03/2023 21:46:37","http://fme.discomap.eea.europa.eu/fmedatastreaming/AirQualityDownload/AQData_Extract.fmw?CountryCode=BE&CityName=&Pollutant=7&Year_from=2016&Year_to=2016&Station=STA-BETN029&Samplingpoint=&Source=E1a&Output=HTML&UpdateDate="
"Belgium","NET-Wallonia","Wallonia","BEVN070","50N070 - MONS","SPO-BEVN070_00464_100","m,p-C6H4(CH3)2","m,p-Xylene (air)","P1Y","Annual mean / 1 calendar year","2016","0.000","ug/m3","47.80","1","Background","Suburban","3.9397","50.4652","30.0","Mons                                                                            ","BE009C1                                           ","95922","E1a/validated data AQ e-Reporting","18/03/2023 21:08:58","http://fme.discomap.eea.europa.eu/fmedatastreaming/AirQualityDownload/AQData_Extract.fmw?CountryCode=BE&CityName=&Pollutant=464&Year_from=2016&Year_to=2016&Station=STA-BEVN070&Samplingpoint=&Source=E1a&Output=HTML&UpdateDate="
"Belgium","NET-Flanders","Flanders","BETR817","42R817 - ANTWERPEN","SPO-BETR817_00008_100","NO2","Nitrogen dioxide (air)","P1Y-hr-min","1 year hour min","2016","2.000","ug/m3","95.00","1","Background","Suburban","4.4180","51.1771","6.0","Antwerpen                                                                       ","BE002C1                                           ","530014","E1a/validated data AQ e-Reporting","18/03/2023 22:31:20","http://fme.discomap.eea.europa.eu/fmedatastreaming/AirQualityDownload/AQData_Extract.fmw?CountryCode=BE&CityName=&Pollutant=8&Year_from=2016&Year_to=2016&Station=STA-BETR817&Samplingpoint=&Source=E1a&Output=HTML&UpdateDate="
"Belgium","NET-Flanders","Flanders","BETN035","42N035 - AARSCHOT","SPO-BETN035_00001_100","SO2","Sulphur dioxide (air)","P1Y-hr-max-per99.73","1 year 99.73 %ile of hourly values in a given year","2016","8.500","ug/m3","96.78","1","Background","Rural","4.8376","50.9775","55.0","","","","E1a/validated data AQ e-Reporting","18/03/2023 22:06:23","http://fme.discomap.eea.europa.eu/fmedatastreaming/AirQualityDownload/AQData_Extract.fmw?CountryCode=BE&CityName=&Pollutant=1&Year_from=2016&Year_to=2016&Station=STA-BETN035&Samplingpoint=&Source=E1a&Output=HTML&UpdateDate="
"Belgium","NET-Wallonia","Wallonia","BEVN073","50N073 - VEZIN","SPO-BEVN073_00449_100","(CH3)3-C-CH2-CH-(CH3)2","i-Octane (2,2,4-trimethylpentane) (air)","P1Y","Annual mean / 1 calendar year","2016","0.000","ug/m3","49.18","1","Background","Rural","4.9884","50.5027","160.0","","","","E1a/validated data AQ e-Reporting","18/03/2023 21:08:58","http://fme.discomap.eea.europa.eu/fmedatastreaming/AirQualityDownload/AQData_Extract.fmw?CountryCode=BE&CityName=&Pollutant=449&Year_from=2016&Year_to=2016&Station=STA-BEVN073&Samplingpoint=&Source=E1a&Output=HTML&UpdateDate="
"Belgium","NET-Wallonia","Wallonia","BETN063","43N063 - CORROY L.G.","SPO-BETN063_00008_100","NO2","Nitrogen dioxide (air)","P1Y-hrsAbove200","1 year hour exceed 200","2016","0.000","count","97.29","1","Background","Rural","4.6683","50.6554","145.0","","","","E1a/validated data AQ e-Reporting","18/03/2023 21:48:42","http://fme.discomap.eea.europa.eu/fmedatastreaming/AirQualityDownload/AQData_Extract.fmw?CountryCode=BE&CityName=&Pollutant=8&Year_from=2016&Year_to=2016&Station=STA-BETN063&Samplingpoint=&Source=E1a&Output=HTML&UpdateDate="
"Belgium","NET-Flanders","Flanders","BETR823","42R823 - BEVEREN","SPO-BETR823_06001_100","PM2.5","Particulate matter < 2.5 µm (aerosol)","P1Y","Annual mean / 1 calendar year","2016","13.993","ug/m3","99.83","1","Background","Suburban","4.2399","51.2133","0.0","","","","E1a/validated data AQ e-Reporting","18/03/2023 21:08:58","http://fme.discomap.eea.europa.eu/fmedatastreaming/AirQualityDownload/AQData_Extract.fmw?CountryCode=BE&CityName=&Pollutant=6001&Year_from=2016&Year_to=2016&Station=STA-BETR823&Samplingpoint=&Source=E1a&Output=HTML&UpdateDate="
"Belgium","NET-Flanders","Flanders","BETR830","42R830 - DOEL","SPO-BETR830_00001_100","SO2","Sulphur dioxide (air)","P1Y-day-max-per99.18","1 year 99.18 percentile of daily maximum","2016","11.761","ug/m3","99.45","1","Industrial","Rural","4.2626","51.3182","5.0","","","","E1a/validated data AQ e-Reporting","18/03/2023 22:12:16","http://fme.discomap.eea.europa.eu/fmedatastreaming/AirQualityDownload/AQData_Extract.fmw?CountryCode=BE&CityName=&Pollutant=1&Year_from=2016&Year_to=2016&Station=STA-BETR830&Samplingpoint=&Source=E1a&Output=HTML&UpdateDate="
"Belgium","NET-Flanders","Flanders","BETR020","42R020 - VILVOORDE","SPO-BETR020_00005_100","PM10","Particulate matter < 10 µm (aerosol)","P1Y","Annual mean / 1 calendar year","2016","22.776","ug/m3","99.91","1","Background","Suburban","4.4367","50.9414","12.0","","","","E1a/validated data AQ e-Reporting","18/03/2023 21:08:58","http://fme.discomap.eea.europa.eu/fmedatastreaming/AirQualityDownload/AQData_Extract.fmw?CountryCode=BE&CityName=&Pollutant=5&Year_from=2016&Year_to=2016&Station=STA-BETR020&Samplingpoint=&Source=E1a&Output=HTML&UpdateDate="
"Belgium","NET-Flanders","Flanders","BETN052","44N052 - ZWEVEGEM","SPO-BETN052_06001_100","PM2.5","Particulate matter < 2.5 µm (aerosol)","P1Y-hr-per50","1 year 50 percentile","2016","10.500","ug/m3","99.27","1","Background","Suburban","3.3225","50.8149","27.0","","","","E1a/validated data AQ e-Reporting","18/03/2023 22:05:49","http://fme.discomap.eea.europa.eu/fmedatastreaming/AirQualityDownload/AQData_Extract.fmw?CountryCode=BE&CityName=&Pollutant=6001&Year_from=2016&Year_to=2016&Station=STA-BETN052&Samplingpoint=&Source=E1a&Output=HTML&UpdateDate="
"Belgium","NET-Wallonia","Wallonia","BETN073","43N073 - VEZIN","SPO-BETN073_06001_100","PM2.5","Particulate matter < 2.5 µm (aerosol)","P1Y-day-max","1 year day max","2016","37.304","ug/m3","100.00","1","Background","Rural","4.9884","50.5027","160.0","","","","E1a/validated data AQ e-Reporting","18/03/2023 21:43:22","http://fme.discomap.eea.europa.eu/fmedatastreaming/AirQualityDownload/AQData_Extract.fmw?CountryCode=BE&CityName=&Pollutant=6001&Year_from=2016&Year_to=2016&Station=STA-BETN073&Samplingpoint=&Source=E1a&Output=HTML&UpdateDate="
"Belgium","NET-Wallonia","Wallonia","BETN085","43N085 - VIELSALM","SPO-BETN085_00001_100","SO2","Sulphur dioxide (air)","P1Y-hr-per50","1 year 50 percentile","2016","0.000","ug/m3","96.30","1","Background","Rural","6.0017","50.3032","490.0","","","","E1a/validated data AQ e-Reporting","18/03/2023 22:05:49","http://fme.discomap.eea.europa.eu/fmedatastreaming/AirQualityDownload/AQData_Extract.fmw?CountryCode=BE&CityName=&Pollutant=1&Year_from=2016&Year_to=2016&Station=STA-BETN085&Samplingpoint=&Source=E1a&Output=HTML&UpdateDate="
"Belgium","NET-Flanders","Flanders","BETR710","44R710 - DESTELBERGE","SPO-BETR710_00008_100","NO2","Nitrogen dioxide (air)","P1Y-hr-max19","1 year hour max19","2016","74.500","ug/m3","95.39","1","Background","Suburban","3.7753","51.0613","6.0","","","","E1a/validated data AQ e-Reporting","18/03/2023 22:34:35","http://fme.discomap.eea.europa.eu/fmedatastreaming/AirQualityDownload/AQData_Extract.fmw?CountryCode=BE&CityName=&Pollutant=8&Year_from=2016&Year_to=2016&Station=STA-BETR710&Samplingpoint=&Source=E1a&Output=HTML&UpdateDate="
"Belgium","NET-Flanders","Flanders","BELSA04","40SA04 - Hoevenen","SPO-BELSA04_00008_100","NO2","Nitrogen dioxide (air)","P1Y-hr-max-per99.79","1 year 99.79 %ile of hourly values in a given year","2016","85.000","ug/m3","93.76","1","Industrial","Rural","4.4039","51.3139","6.0","","","","E1a/validated data AQ e-Reporting","18/03/2023 22:07:35","http://fme.discomap.eea.europa.eu/fmedatastreaming/AirQualityDownload/AQData_Extract.fmw?CountryCode=BE&CityName=&Pollutant=8&Year_from=2016&Year_to=2016&Station=STA-BELSA04&Samplingpoint=&Source=E1a&Output=HTML&UpdateDate="
"Belgium","NET-Wallonia","Wallonia","BETN093","43N093 - SINSIN","SPO-BETN093_06001_100","PM2.5","Particulate matter < 2.5 µm (aerosol)","P1Y-hr-max","1 year hour max","2016","87.266","ug/m3","97.67","1","Background","Rural","5.2352","50.2745","265.0","","","","E1a/validated data AQ e-Reporting","18/03/2023 21:57:02","http://fme.discomap.eea.europa.eu/fmedatastreaming/AirQualityDownload/AQData_Extract.fmw?CountryCode=BE&CityName=&Pollutant=6001&Year_from=2016&Year_to=2016&Station=STA-BETN093&Samplingpoint=&Source=E1a&Output=HTML&UpdateDate="
"Belgium","NET-Wallonia","Wallonia","BEVN085","50N085 - VIELSALM","SPO-BEVN085_00394_100","H3C-CH2-CH2-CH3","n-Butane (air)","P1Y","Annual mean / 1 calendar year","2016","0.001","ug/m3","47.27","1","Background","Rural","6.0017","50.3032","490.0","","","","E1a/validated data AQ e-Reporting","18/03/2023 21:08:58","http://fme.discomap.eea.europa.eu/fmedatastreaming/AirQualityDownload/AQData_Extract.fmw?CountryCode=BE&CityName=&Pollutant=394&Year_from=2016&Year_to=2016&Station=STA-BEVN085&Samplingpoint=&Source=E1a&Output=HTML&UpdateDate="
"Belgium","NET-Flanders","Flanders","BETR815","42R815 - ZWIJNDRECHT","SPO-BETR815_00001_100","SO2","Sulphur dioxide (air)","P1Y-day-max","1 year day max","2016","25.761","ug/m3","99.45","1","Industrial","Suburban","4.3322","51.2147","7.0","","","","E1a/validated data AQ e-Reporting","18/03/2023 21:42:48","http://fme.discomap.eea.europa.eu/fmedatastreaming/AirQualityDownload/AQData_Extract.fmw?CountryCode=BE&CityName=&Pollutant=1&Year_from=2016&Year_to=2016&Station=STA-BETR815&Samplingpoint=&Source=E1a&Output=HTML&UpdateDate="
"Belgium","NET-Wallonia","Wallonia","BETN060","43N060 - HAVINNES","SPO-BETN060_00001_100","SO2","Sulphur dioxide (air)","P1Y-hrsAbove350","1 year hour exceed 350","2016","0.000","count","95.67","1","Background","Rural","3.4576","50.6167","0.0","","","","E1a/validated data AQ e-Reporting","18/03/2023 21:52:12","http://fme.discomap.eea.europa.eu/fmedatastreaming/AirQualityDownload/AQData_Extract.fmw?CountryCode=BE&CityName=&Pollutant=1&Year_from=2016&Year_to=2016&Station=STA-BETN060&Samplingpoint=&Source=E1a&Output=HTML&UpdateDate="
"Belgium","NET-Wallonia","Wallonia","BETN100","43N100 - DOURBES","SPO-BETN100_00005_100","PM10","Particulate matter < 10 µm (aerosol)","P1Y-daysAbove50","1 year day exceed 50","2016","1.000","count","99.73","1","Background","Rural","4.5948","50.0957","225.0","","","","E1a/validated data AQ e-Reporting","18/03/2023 22:27:00","http://fme.discomap.eea.europa.eu/fmedatastreaming/AirQualityDownload/AQData_Extract.fmw?CountryCode=BE&CityName=&Pollutant=5&Year_from=2016&Year_to=2016&Station=STA-BETN100&Samplingpoint=&Source=E1a&Output=HTML&UpdateDate="
"Belgium","NET-Wallonia","Wallonia","BETN073","43N073 - VEZIN","SPO-BETN073_06001_100","PM2.5","Particulate matter < 2.5 µm (aerosol)","P1Y-hr-max","1 year hour max","2016","103.705","ug/m3","99.67","1","Background","Rural","4.9884","50.5027","160.0","","","","E1a/validated data AQ e-Reporting","18/03/2023 21:57:02","http://fme.discomap.eea.europa.eu/fmedatastreaming/AirQualityDownload/AQData_Extract.fmw?CountryCode=BE&CityName=&Pollutant=6001&Year_from=2016&Year_to=2016&Station=STA-BETN073&Samplingpoint=&Source=E1a&Output=HTML&UpdateDate="
"Belgium","NET-Flanders","Flanders","BETR892","42R892 - KALLO","SPO-BETR892_00008_100","NO2","Nitrogen dioxide (air)","P1Y-day-min","1 year day min","2016","6.261","ug/m3","98.63","1","Industrial","Rural","4.2789","51.2630","9.0","","","","E1a/validated data AQ e-Reporting","18/03/2023 21:56:03","http://fme.discomap.eea.europa.eu/fmedatastreaming/AirQualityDownload/AQData_Extract.fmw?CountryCode=BE&CityName=&Pollutant=8&Year_from=2016&Year_to=2016&Station=STA-BETR892&Samplingpoint=&Source=E1a&Output=HTML&UpdateDate="
"Belgium","NET-Wallonia","Wallonia","BETM204","43M204 - ANGLEUR","SPO-BETM204_06001_100","PM2.5","Particulate matter < 2.5 µm (aerosol)","P1Y-hr-max","1 year hour max","2016","112.891","ug/m3","98.47","1","Background","Suburban","5.6112","50.6119","70.0","Liège                                                                           ","BE005C1                                           ","383700","E1a/validated data AQ e-Reporting","18/03/2023 21:57:02","http://fme.discomap.eea.europa.eu/fmedatastreaming/AirQualityDownload/AQData_Extract.fmw?CountryCode=BE&CityName=&Pollutant=6001&Year_from=2016&Year_to=2016&Station=STA-BETM204&Samplingpoint=&Source=E1a&Output=HTML&UpdateDate="
"Belgium","NET-Wallonia","Wallonia","BETN100","43N100 - DOURBES","SPO-BETN100_00008_100","NO2","Nitrogen dioxide (air)","P3Y","3 subsequent calendar years mean","2016","6.330","ug/m3","96.53","1","Background","Rural","4.5948","50.0957","225.0","","","","E1a/validated data AQ e-Reporting","18/03/2023 21:36:00","http://fme.discomap.eea.europa.eu/fmedatastreaming/AirQualityDownload/AQData_Extract.fmw?CountryCode=BE&CityName=&Pollutant=8&Year_from=2016&Year_to=2016&Station=STA-BETN100&Samplingpoint=&Source=E1a&Output=HTML&UpdateDate="
"Belgium","NET-Flanders","Flanders","BETM705","44M705 - ROESELARE","SPO-BETM705_00007_100","O3","Ozone (air)","P1Y-dx-avg","1 year daymax average","2016","60.976","ug/m3","92.35","1","Industrial","Suburban","3.1524","50.9454","19.0","","","","E1a/validated data AQ e-Reporting","18/03/2023 22:27:48","http://fme.discomap.eea.europa.eu/fmedatastreaming/AirQualityDownload/AQData_Extract.fmw?CountryCode=BE&CityName=&Pollutant=7&Year_from=2016&Year_to=2016&Station=STA-BETM705&Samplingpoint=&Source=E1a&Output=HTML&UpdateDate="
"Belgium","NET-Flanders","Flanders","BETR834","42R834 - Boom","SPO-BETR834_06001_100","PM2.5","Particulate matter < 2.5 µm (aerosol)","P1Y","Annual mean / 1 calendar year","2016","12.902","ug/m3","99.56","1","Background","Suburban","4.3801","51.0920","0.0","","","","E1a/validated data AQ e-Reporting","18/03/2023 21:08:58","http://fme.discomap.eea.europa.eu/fmedatastreaming/AirQualityDownload/AQData_Extract.fmw?CountryCode=BE&CityName=&Pollutant=6001&Year_from=2016&Year_to=2016&Station=STA-BETR834&Samplingpoint=&Source=E1a&Output=HTML&UpdateDate="
"Belgium","NET-Wallonia","Wallonia","BETN113","43N113 - SAINT-ODE","SPO-BETN113_00008_100","NO2","Nitrogen dioxide (air)","P1Y-day-min","1 year day min","2016","1.375","ug/m3","91.26","1","Background","Rural","5.5930","50.0270","510.0","","","","E1a/validated data AQ e-Reporting","18/03/2023 21:56:03","http://fme.discomap.eea.europa.eu/fmedatastreaming/AirQualityDownload/AQData_Extract.fmw?CountryCode=BE&CityName=&Pollutant=8&Year_from=2016&Year_to=2016&Station=STA-BETN113&Samplingpoint=&Source=E1a&Output=HTML&UpdateDate="
"Belgium","NET-Flanders","Flanders","BETR803","42R803 - ANTWERPEN","SPO-BETR803_00005_100","PM10","Particulate matter < 10 µm (aerosol)","P1Y-day-per50","1 year 50 %ile of daily values in a year","2016","20.079","ug/m3","95.90","1","Background","Urban","4.4285","51.2286","0.0","Antwerpen                                                                       ","BE002C1                                           ","530014","E1a/validated data AQ e-Reporting","18/03/2023 22:08:05","http://fme.discomap.eea.europa.eu/fmedatastreaming/AirQualityDownload/AQData_Extract.fmw?CountryCode=BE&CityName=&Pollutant=5&Year_from=2016&Year_to=2016&Station=STA-BETR803&Samplingpoint=&Source=E1a&Output=HTML&UpdateDate="
"Belgium","NET-Flanders","Flanders","BETR841","42R841 - MECHELEN","SPO-BETR841_06001_100","PM2.5","Particulate matter < 2.5 µm (aerosol)","P1Y-hr-max","1 year hour max","2016","114.000","ug/m3","98.84","1","Background","Suburban","4.4693","51.0025","8.0","Mechelen                                                                        ","BE012C1                                           ","86911","E1a/validated data AQ e-Reporting","18/03/2023 21:57:02","http://fme.discomap.eea.europa.eu/fmedatastreaming/AirQualityDownload/AQData_Extract.fmw?CountryCode=BE&CityName=&Pollutant=6001&Year_from=2016&Year_to=2016&Station=STA-BETR841&Samplingpoint=&Source=E1a&Output=HTML&UpdateDate="
"Belgium","NET-Flanders","Flanders","BETR740","44R740 - ST.KRUIS-WI","SPO-BETR740_00005_100","PM10","Particulate matter < 10 µm (aerosol)","P1Y-day-min","1 year day min","2016","6.975","ug/m3","100.00","1","Industrial","Rural","3.8087","51.1501","5.0","Gent                                                                            ","BE003C1                                           ","263687","E1a/validated data AQ e-Reporting","18/03/2023 21:55:13","http://fme.discomap.eea.europa.eu/fmedatastreaming/AirQualityDownload/AQData_Extract.fmw?CountryCode=BE&CityName=&Pollutant=5&Year_from=2016&Year_to=2016&Station=STA-BETR740&Samplingpoint=&Source=E1a&Output=HTML&UpdateDate="
"Belgium","NET-Flanders","Flanders","BETR892","42R892 - KALLO","SPO-BETR892_00008_100","NO2","Nitrogen dioxide (air)","P1Y-day-per50","1 year 50 %ile of daily values in a year","2016","33.958","ug/m3","98.63","1","Industrial","Rural","4.2789","51.2630","9.0","","","","E1a/validated data AQ e-Reporting","18/03/2023 22:14:21","http://fme.discomap.eea.europa.eu/fmedatastreaming/AirQualityDownload/AQData_Extract.fmw?CountryCode=BE&CityName=&Pollutant=8&Year_from=2016&Year_to=2016&Station=STA-BETR892&Samplingpoint=&Source=E1a&Output=HTML&UpdateDate="
"Belgium","NET-Flanders","Flanders","BETR740","44R740 - ST.KRUIS-WI","SPO-BETR740_00007_100","O3","Ozone (air)","P1Y-day-min","1 year day min","2016","1.000","ug/m3","90.71","1","Industrial","Rural","3.8087","51.1501","5.0","Gent                                                                            ","BE003C1                                           ","263687","E1a/validated data AQ e-Reporting","18/03/2023 21:56:21","http://fme.discomap.eea.europa.eu/fmedatastreaming/AirQualityDownload/AQData_Extract.fmw?CountryCode=BE&CityName=&Pollutant=7&Year_from=2016&Year_to=2016&Station=STA-BETR740&Samplingpoint=&Source=E1a&Output=HTML&UpdateDate="
"Belgium","NET-Flanders","Flanders","BETR815","42R815 - ZWIJNDRECHT","SPO-BETR815_00001_100","SO2","Sulphur dioxide (air)","P1Y-day-per50","1 year 50 %ile of daily values in a year","2016","1.458","ug/m3","99.45","1","Industrial","Suburban","4.3322","51.2147","7.0","","","","E1a/validated data AQ e-Reporting","18/03/2023 22:14:46","http://fme.discomap.eea.europa.eu/fmedatastreaming/AirQualityDownload/AQData_Extract.fmw?CountryCode=BE&CityName=&Pollutant=1&Year_from=2016&Year_to=2016&Station=STA-BETR815&Samplingpoint=&Source=E1a&Output=HTML&UpdateDate="
"Belgium","NET-Flanders","Flanders","BETR815","42R815 - ZWIJNDRECHT","SPO-BETR815_00005_100","PM10","Particulate matter < 10 µm (aerosol)","P1Y","Annual mean / 1 calendar year","2016","21.712","ug/m3","99.80","1","Industrial","Suburban","4.3322","51.2147","7.0","","","","E1a/validated data AQ e-Reporting","18/03/2023 21:08:58","http://fme.discomap.eea.europa.eu/fmedatastreaming/AirQualityDownload/AQData_Extract.fmw?CountryCode=BE&CityName=&Pollutant=5&Year_from=2016&Year_to=2016&Station=STA-BETR815&Samplingpoint=&Source=E1a&Output=HTML&UpdateDate="
"Belgium","NET-Wallonia","Wallonia","BETN121","43N121 - OFFAGNE","SPO-BETN121_00007_100","O3","Ozone (air)","AOT40f","AOT40 for forest protection","2016","13600.180","ug/m3","96.54","1","Background","Rural","5.2024","49.8771","430.0","","","","E1a/validated data AQ e-Reporting","18/03/2023 23:06:40","http://fme.discomap.eea.europa.eu/fmedatastreaming/AirQualityDownload/AQData_Extract.fmw?CountryCode=BE&CityName=&Pollutant=7&Year_from=2016&Year_to=2016&Station=STA-BETN121&Samplingpoint=&Source=E1a&Output=HTML&UpdateDate="
"Belgium","NET-Flanders","Flanders","BETR710","44R710 - DESTELBERGE","SPO-BETR710_00007_100","O3","Ozone (air)","P1Y-day-per50","1 year 50 %ile of daily values in a year","2016","44.083","ug/m3","90.16","1","Background","Suburban","3.7753","51.0613","6.0","","","","E1a/validated data AQ e-Reporting","18/03/2023 22:15:13","http://fme.discomap.eea.europa.eu/fmedatastreaming/AirQualityDownload/AQData_Extract.fmw?CountryCode=BE&CityName=&Pollutant=7&Year_from=2016&Year_to=2016&Station=STA-BETR710&Samplingpoint=&Source=E1a&Output=HTML&UpdateDate="
"Belgium","NET-Flanders","Flanders","BETR803","42R803 - ANTWERPEN","SPO-BETR803_00008_100","NO2","Nitrogen dioxide (air)","P3Y","3 subsequent calendar years mean","2016","32.345","ug/m3","41.01","1","Background","Urban","4.4285","51.2286","0.0","Antwerpen                                                                       ","BE002C1                                           ","530014","E1a/validated data AQ e-Reporting","18/03/2023 21:36:00","http://fme.discomap.eea.europa.eu/fmedatastreaming/AirQualityDownload/AQData_Extract.fmw?CountryCode=BE&CityName=&Pollutant=8&Year_from=2016&Year_to=2016&Station=STA-BETR803&Samplingpoint=&Source=E1a&Output=HTML&UpdateDate="
"Belgium","NET-Wallonia","Wallonia","BETN060","43N060 - HAVINNES","SPO-BETN060_00005_100","PM10","Particulate matter < 10 µm (aerosol)","P1Y","Annual mean / 1 calendar year","2016","20.276","ug/m3","99.59","1","Background","Rural","3.4576","50.6167","0.0","","","","E1a/validated data AQ e-Reporting","18/03/2023 21:08:58","http://fme.discomap.eea.europa.eu/fmedatastreaming/AirQualityDownload/AQData_Extract.fmw?CountryCode=BE&CityName=&Pollutant=5&Year_from=2016&Year_to=2016&Station=STA-BETN060&Samplingpoint=&Source=E1a&Output=HTML&UpdateDate="
"Belgium","NET-Flanders","Flanders","BETR731","44R731 - EVERGEM","SPO-BETR731_00001_100","SO2","Sulphur dioxide (air)","winter-avg","Winter mean","2016","2.833","ug/m3","97.36","1","Industrial","Rural","3.7395","51.1247","6.0","","","","E1a/validated data AQ e-Reporting","18/03/2023 22:50:43","http://fme.discomap.eea.europa.eu/fmedatastreaming/AirQualityDownload/AQData_Extract.fmw?CountryCode=BE&CityName=&Pollutant=1&Year_from=2016&Year_to=2016&Station=STA-BETR731&Samplingpoint=&Source=E1a&Output=HTML&UpdateDate="
"Belgium","NET-Flanders","Flanders","BETR701","44R701 - GENT","SPO-BETR701_00007_100","O3","Ozone (air)","SOMO10","Sum of Ozone Means Over 10 ppb","2016","14398.488","ug/m3","89.34","1","Background","Urban","3.7293","51.0583","5.0","Gent                                                                            ","BE003C1                                           ","263687","E1a/validated data AQ e-Reporting","18/03/2023 22:59:50","http://fme.discomap.eea.europa.eu/fmedatastreaming/AirQualityDownload/AQData_Extract.fmw?CountryCode=BE&CityName=&Pollutant=7&Year_from=2016&Year_to=2016&Station=STA-BETR701&Samplingpoint=&Source=E1a&Output=HTML&UpdateDate="
"Belgium","NET-Flanders","Flanders","BETR731","44R731 - EVERGEM","SPO-BETR731_00008_100","NO2","Nitrogen dioxide (air)","P1Y-hr-per50","1 year 50 percentile","2016","21.000","ug/m3","93.78","1","Industrial","Rural","3.7395","51.1247","6.0","","","","E1a/validated data AQ e-Reporting","18/03/2023 22:05:49","http://fme.discomap.eea.europa.eu/fmedatastreaming/AirQualityDownload/AQData_Extract.fmw?CountryCode=BE&CityName=&Pollutant=8&Year_from=2016&Year_to=2016&Station=STA-BETR731&Samplingpoint=&Source=E1a&Output=HTML&UpdateDate="
"Belgium","NET-Flanders","Flanders","BETR802","42R802 - BORGERHOUT","SPO-BETR802_00010_100","CO","Carbon monoxide (air)","P1Y-P1D-per99","1 year 99 percentile of daily means (P1D) or .../aq/primaryObservation/day","2016","0.652","mg/m3","98.36","1","Traffic","Urban","4.4318","51.2095","6.0","Antwerpen                                                                       ","BE002C1                                           ","530014","E1a/validated data AQ e-Reporting","18/03/2023 22:11:26","http://fme.discomap.eea.europa.eu/fmedatastreaming/AirQualityDownload/AQData_Extract.fmw?CountryCode=BE&CityName=&Pollutant=10&Year_from=2016&Year_to=2016&Station=STA-BETR802&Samplingpoint=&Source=E1a&Output=HTML&UpdateDate="
"Belgium","NET-Flanders","Flanders","BETN035","42N035 - AARSCHOT","SPO-BETN035_00008_100","NO2","Nitrogen dioxide (air)","P1Y-hr-max-per99.79","1 year 99.79 %ile of hourly values in a given year","2016","72.500","ug/m3","96.98","1","Background","Rural","4.8376","50.9775","55.0","","","","E1a/validated data AQ e-Reporting","18/03/2023 22:07:35","http://fme.discomap.eea.europa.eu/fmedatastreaming/AirQualityDownload/AQData_Extract.fmw?CountryCode=BE&CityName=&Pollutant=8&Year_from=2016&Year_to=2016&Station=STA-BETN035&Samplingpoint=&Source=E1a&Output=HTML&UpdateDate="
"Belgium","NET-Flanders","Flanders","BEVLU11","59LU11 - LEUVEN","SPO-BEVLU11_00443_100","C6H14","n-Hexane (air)","P1Y","Annual mean / 1 calendar year","2016","0.000","ug/m3","87.99","1","Background","Suburban","4.6911","50.8797","0.0","Leuven                                                                          ","BE008C1                                           ","101625","E1a/validated data AQ e-Reporting","18/03/2023 21:08:58","http://fme.discomap.eea.europa.eu/fmedatastreaming/AirQualityDownload/AQData_Extract.fmw?CountryCode=BE&CityName=&Pollutant=443&Year_from=2016&Year_to=2016&Station=STA-BEVLU11&Samplingpoint=&Source=E1a&Output=HTML&UpdateDate="
"Belgium","NET-Flanders","Flanders","BETN040","42N040 - ST.P.LEEUWG","SPO-BETN040_00007_100","O3","Ozone (air)","P1Y-hr-min","1 year hour min","2016","1.000","ug/m3","91.03","1","Background","Rural","4.2252","50.7681","20.0","","","","E1a/validated data AQ e-Reporting","18/03/2023 22:31:20","http://fme.discomap.eea.europa.eu/fmedatastreaming/AirQualityDownload/AQData_Extract.fmw?CountryCode=BE&CityName=&Pollutant=7&Year_from=2016&Year_to=2016&Station=STA-BETN040&Samplingpoint=&Source=E1a&Output=HTML&UpdateDate="
"Belgium","NET-Wallonia","Wallonia","BEMATH1","0ATH01 - ATH","SPO-BEMATH1_05012_100","Pb in PM10","Lead in PM10 (aerosol)","P1Y","Annual mean / 1 calendar year","2016","0.009","ug/m3","75.13","1","Industrial","Urban","3.7752","50.6351","32.0","","","","E1a/validated data AQ e-Reporting","18/03/2023 21:08:58","http://fme.discomap.eea.europa.eu/fmedatastreaming/AirQualityDownload/AQData_Extract.fmw?CountryCode=BE&CityName=&Pollutant=5012&Year_from=2016&Year_to=2016&Station=STA-BEMATH1&Samplingpoint=&Source=E1a&Output=HTML&UpdateDate="
"Belgium","NET-Wallonia","Wallonia","BEMN060","00N060 - TOURNAI","SPO-BEMN060_05018_100","As in PM10","Arsenic in PM10 (aerosol)","P1Y","Annual mean / 1 calendar year","2016","0.347","ng/m3","93.43","1","Background","Suburban","3.4576","50.6167","0.0","","","","E1a/validated data AQ e-Reporting","18/03/2023 21:08:58","http://fme.discomap.eea.europa.eu/fmedatastreaming/AirQualityDownload/AQData_Extract.fmw?CountryCode=BE&CityName=&Pollutant=5018&Year_from=2016&Year_to=2016&Station=STA-BEMN060&Samplingpoint=&Source=E1a&Output=HTML&UpdateDate="
"Belgium","NET-Flanders","Flanders","BETR710","44R710 - DESTELBERGE","SPO-BETR710_00007_100","O3","Ozone (air)","SOMO10","Sum of Ozone Means Over 10 ppb","2016","15149.140","ug/m3","89.89","1","Background","Suburban","3.7753","51.0613","6.0","","","","E1a/validated data AQ e-Reporting","18/03/2023 22:59:50","http://fme.discomap.eea.europa.eu/fmedatastreaming/AirQualityDownload/AQData_Extract.fmw?CountryCode=BE&CityName=&Pollutant=7&Year_from=2016&Year_to=2016&Station=STA-BETR710&Samplingpoint=&Source=E1a&Output=HTML&UpdateDate="
"Belgium","NET-Wallonia","Wallonia","BETR223","43R223 - JEMEPPE","SPO-BETR223_00001_100","SO2","Sulphur dioxide (air)","P1Y-hrsAbove350","1 year hour exceed 350","2016","0.000","count","92.60","1","Industrial","Suburban","5.5164","50.6207","50.0","Liège                                                                           ","BE005C1                                           ","383700","E1a/validated data AQ e-Reporting","18/03/2023 21:52:12","http://fme.discomap.eea.europa.eu/fmedatastreaming/AirQualityDownload/AQData_Extract.fmw?CountryCode=BE&CityName=&Pollutant=1&Year_from=2016&Year_to=2016&Station=STA-BETR223&Samplingpoint=&Source=E1a&Output=HTML&UpdateDate="
"Belgium","NET-Flanders","Flanders","BETR817","42R817 - ANTWERPEN","SPO-BETR817_00008_100","NO2","Nitrogen dioxide (air)","P1Y-hr-per50","1 year 50 percentile","2016","28.000","ug/m3","95.00","1","Background","Suburban","4.4180","51.1771","6.0","Antwerpen                                                                       ","BE002C1                                           ","530014","E1a/validated data AQ e-Reporting","18/03/2023 22:05:49","http://fme.discomap.eea.europa.eu/fmedatastreaming/AirQualityDownload/AQData_Extract.fmw?CountryCode=BE&CityName=&Pollutant=8&Year_from=2016&Year_to=2016&Station=STA-BETR817&Samplingpoint=&Source=E1a&Output=HTML&UpdateDate="
"Belgium","NET-Flanders","Flanders","BETR817","42R817 - ANTWERPEN","SPO-BETR817_00391_100","Black Carbon","black_carbon (aerosol)","P1Y-hr-min","1 year hour min","2016","0.075","ug/m3","96.40","1","Background","Suburban","4.4180","51.1771","6.0","Antwerpen                                                                       ","BE002C1                                           ","530014","E1a/validated data AQ e-Reporting","18/03/2023 22:31:20","http://fme.discomap.eea.europa.eu/fmedatastreaming/AirQualityDownload/AQData_Extract.fmw?CountryCode=BE&CityName=&Pollutant=391&Year_from=2016&Year_to=2016&Station=STA-BETR817&Samplingpoint=&Source=E1a&Output=HTML&UpdateDate="
"Belgium","NET-Flanders","Flanders","BETR820","42R820 - KAPELLEN","SPO-BETR820_00001_100","SO2","Sulphur dioxide (air)","P1Y-day-max","1 year day max","2016","13.978","ug/m3","99.45","1","Background","Suburban","4.4448","51.3204","11.0","","","","E1a/validated data AQ e-Reporting","18/03/2023 21:42:48","http://fme.discomap.eea.europa.eu/fmedatastreaming/AirQualityDownload/AQData_Extract.fmw?CountryCode=BE&CityName=&Pollutant=1&Year_from=2016&Year_to=2016&Station=STA-BETR820&Samplingpoint=&Source=E1a&Output=HTML&UpdateDate="
"Belgium","NET-Wallonia","Wallonia","BEVMOU1","5MOU01 - MOUSCRON","SPO-BEVMOU1_00024_100","CH2=CH-CH=CH2","1.3 Butadiene (air)","P1Y","Annual mean / 1 calendar year","2016","0.000","ug/m3","49.73","1","Industrial","Suburban","3.2414","50.7532","42.0","Mouscron                                                                        ","BE013C1                                           ","58862","E1a/validated data AQ e-Reporting","18/03/2023 21:08:58","http://fme.discomap.eea.europa.eu/fmedatastreaming/AirQualityDownload/AQData_Extract.fmw?CountryCode=BE&CityName=&Pollutant=24&Year_from=2016&Year_to=2016&Station=STA-BEVMOU1&Samplingpoint=&Source=E1a&Output=HTML&UpdateDate="
"Belgium","NET-Wallonia","Wallonia","BETN121","43N121 - OFFAGNE","SPO-BETN121_00005_100","PM10","Particulate matter < 10 µm (aerosol)","P1Y-day-per50","1 year 50 %ile of daily values in a year","2016","10.584","ug/m3","98.09","1","Background","Rural","5.2024","49.8771","430.0","","","","E1a/validated data AQ e-Reporting","18/03/2023 22:08:05","http://fme.discomap.eea.europa.eu/fmedatastreaming/AirQualityDownload/AQData_Extract.fmw?CountryCode=BE&CityName=&Pollutant=5&Year_from=2016&Year_to=2016&Station=STA-BETN121&Samplingpoint=&Source=E1a&Output=HTML&UpdateDate="
"Belgium","NET-Wallonia","Wallonia","BEMCHA1","0CHA01 - CHARLEROI","SPO-BEMCHA1_05012_100","Pb in PM10","Lead in PM10 (aerosol)","P1Y","Annual mean / 1 calendar year","2016","0.010","ug/m3","97.26","1","Background","Urban","4.4522","50.4093","115.0","Charleroi                                                                       ","BE004C1                                           ","203314","E1a/validated data AQ e-Reporting","18/03/2023 21:08:58","http://fme.discomap.eea.europa.eu/fmedatastreaming/AirQualityDownload/AQData_Extract.fmw?CountryCode=BE&CityName=&Pollutant=5012&Year_from=2016&Year_to=2016&Station=STA-BEMCHA1&Samplingpoint=&Source=E1a&Output=HTML&UpdateDate="
"Belgium","NET-Flanders","Flanders","BETR750","44R750 - ZELZATE","SPO-BETR750_00001_100","SO2","Sulphur dioxide (air)","P1Y-hr-min","1 year hour min","2016","1.000","ug/m3","96.46","1","Industrial","Rural","3.8229","51.1961","6.0","","","","E1a/validated data AQ e-Reporting","18/03/2023 22:31:20","http://fme.discomap.eea.europa.eu/fmedatastreaming/AirQualityDownload/AQData_Extract.fmw?CountryCode=BE&CityName=&Pollutant=1&Year_from=2016&Year_to=2016&Station=STA-BETR750&Samplingpoint=&Source=E1a&Output=HTML&UpdateDate="
"Belgium","NET-Wallonia","Wallonia","BETN121","43N121 - OFFAGNE","SPO-BETN121_00007_100","O3","Ozone (air)","P1Y-dx-avg","1 year daymax average","2016","67.091","ug/m3","96.99","1","Background","Rural","5.2024","49.8771","430.0","","","","E1a/validated data AQ e-Reporting","18/03/2023 22:27:48","http://fme.discomap.eea.europa.eu/fmedatastreaming/AirQualityDownload/AQData_Extract.fmw?CountryCode=BE&CityName=&Pollutant=7&Year_from=2016&Year_to=2016&Station=STA-BETN121&Samplingpoint=&Source=E1a&Output=HTML&UpdateDate="
"Belgium","NET-Wallonia","Wallonia","BETN121","43N121 - OFFAGNE","SPO-BETN121_00007_100","O3","Ozone (air)","P1Y-dx-max","1 year day max max","2016","135.563","ug/m3","96.99","1","Background","Rural","5.2024","49.8771","430.0","","","","E1a/validated data AQ e-Reporting","18/03/2023 21:44:39","http://fme.discomap.eea.europa.eu/fmedatastreaming/AirQualityDownload/AQData_Extract.fmw?CountryCode=BE&CityName=&Pollutant=7&Year_from=2016&Year_to=2016&Station=STA-BETN121&Samplingpoint=&Source=E1a&Output=HTML&UpdateDate="
"Belgium","NET-Flanders","Flanders","BETR740","44R740 - ST.KRUIS-WI","SPO-BETR740_00008_100","NO2","Nitrogen dioxide (air)","P1Y-3hAbove400","3 consecutive hours in exceedance of 400","2016","0.000","count","96.32","1","Industrial","Rural","3.8087","51.1501","5.0","Gent                                                                            ","BE003C1                                           ","263687","E1a/validated data AQ e-Reporting","18/03/2023 22:22:30","http://fme.discomap.eea.europa.eu/fmedatastreaming/AirQualityDownload/AQData_Extract.fmw?CountryCode=BE&CityName=&Pollutant=8&Year_from=2016&Year_to=2016&Station=STA-BETR740&Samplingpoint=&Source=E1a&Output=HTML&UpdateDate="
"Belgium","NET-Flanders","Flanders","BETR750","44R750 - ZELZATE","SPO-BETR750_00001_100","SO2","Sulphur dioxide (air)","P1Y-hr-max-per99.73","1 year 99.73 %ile of hourly values in a given year","2016","68.000","ug/m3","96.46","1","Industrial","Rural","3.8229","51.1961","6.0","","","","E1a/validated data AQ e-Reporting","18/03/2023 22:06:23","http://fme.discomap.eea.europa.eu/fmedatastreaming/AirQualityDownload/AQData_Extract.fmw?CountryCode=BE&CityName=&Pollutant=1&Year_from=2016&Year_to=2016&Station=STA-BETR750&Samplingpoint=&Source=E1a&Output=HTML&UpdateDate="
"Belgium","NET-Flanders","Flanders","BETR731","44R731 - EVERGEM","SPO-BETR731_06001_100","PM2.5","Particulate matter < 2.5 µm (aerosol)","P1Y","Annual mean / 1 calendar year","2016","13.947","ug/m3","98.91","1","Industrial","Rural","3.7395","51.1247","6.0","","","","E1a/validated data AQ e-Reporting","18/03/2023 21:08:58","http://fme.discomap.eea.europa.eu/fmedatastreaming/AirQualityDownload/AQData_Extract.fmw?CountryCode=BE&CityName=&Pollutant=6001&Year_from=2016&Year_to=2016&Station=STA-BETR731&Samplingpoint=&Source=E1a&Output=HTML&UpdateDate="
"Belgium","NET-Wallonia","Wallonia","BETN100","43N100 - DOURBES","SPO-BETN100_00008_100","NO2","Nitrogen dioxide (air)","P1Y-hrsAbove400","1 year hour exceed 400","2016","0.000","count","97.32","1","Background","Rural","4.5948","50.0957","225.0","","","","E1a/validated data AQ e-Reporting","18/03/2023 21:54:38","http://fme.discomap.eea.europa.eu/fmedatastreaming/AirQualityDownload/AQData_Extract.fmw?CountryCode=BE&CityName=&Pollutant=8&Year_from=2016&Year_to=2016&Station=STA-BETN100&Samplingpoint=&Source=E1a&Output=HTML&UpdateDate="
"Belgium","NET-Wallonia","Wallonia","BETN063","43N063 - CORROY L.G.","SPO-BETN063_00001_100","SO2","Sulphur dioxide (air)","P1Y-hr-per50","1 year 50 percentile","2016","1.000","ug/m3","92.54","1","Background","Rural","4.6683","50.6554","145.0","","","","E1a/validated data AQ e-Reporting","18/03/2023 22:05:49","http://fme.discomap.eea.europa.eu/fmedatastreaming/AirQualityDownload/AQData_Extract.fmw?CountryCode=BE&CityName=&Pollutant=1&Year_from=2016&Year_to=2016&Station=STA-BETN063&Samplingpoint=&Source=E1a&Output=HTML&UpdateDate="
"Belgium","NET-Wallonia","Wallonia","BETN121","43N121 - OFFAGNE","SPO-BETN121_00005_100","PM10","Particulate matter < 10 µm (aerosol)","P1Y-P1D-per90.4","1 year 90.4 percentile - COMPLIANCE","2016","24.250","ug/m3","98.09","1","Background","Rural","5.2024","49.8771","430.0","","","","E1a/validated data AQ e-Reporting","18/03/2023 22:08:35","http://fme.discomap.eea.europa.eu/fmedatastreaming/AirQualityDownload/AQData_Extract.fmw?CountryCode=BE&CityName=&Pollutant=5&Year_from=2016&Year_to=2016&Station=STA-BETN121&Samplingpoint=&Source=E1a&Output=HTML&UpdateDate="
"Belgium","NET-Flanders","Flanders","BETR823","42R823 - BEVEREN","SPO-BETR823_00005_100","PM10","Particulate matter < 10 µm (aerosol)","P1Y-P1D-per90.41","1 year 90.41 percentile","2016","37.704","ug/m3","100.00","1","Background","Suburban","4.2399","51.2133","0.0","","","","E1a/validated data AQ e-Reporting","18/03/2023 22:09:05","http://fme.discomap.eea.europa.eu/fmedatastreaming/AirQualityDownload/AQData_Extract.fmw?CountryCode=BE&CityName=&Pollutant=5&Year_from=2016&Year_to=2016&Station=STA-BETR823&Samplingpoint=&Source=E1a&Output=HTML&UpdateDate="
"Belgium","NET-Wallonia","Wallonia","BETN093","43N093 - SINSIN","SPO-BETN093_00008_100","NO2","Nitrogen dioxide (air)","P1Y-3hAbove400","3 consecutive hours in exceedance of 400","2016","0.000","count","95.36","1","Background","Rural","5.2352","50.2745","265.0","","","","E1a/validated data AQ e-Reporting","18/03/2023 22:22:30","http://fme.discomap.eea.europa.eu/fmedatastreaming/AirQualityDownload/AQData_Extract.fmw?CountryCode=BE&CityName=&Pollutant=8&Year_from=2016&Year_to=2016&Station=STA-BETN093&Samplingpoint=&Source=E1a&Output=HTML&UpdateDate="
"Belgium","NET-Flanders","Flanders","BETR803","42R803 - ANTWERPEN","SPO-BETR803_00005_100","PM10","Particulate matter < 10 µm (aerosol)","P1Y-day-max","1 year day max","2016","62.308","ug/m3","95.90","1","Background","Urban","4.4285","51.2286","0.0","Antwerpen                                                                       ","BE002C1                                           ","530014","E1a/validated data AQ e-Reporting","18/03/2023 21:43:06","http://fme.discomap.eea.europa.eu/fmedatastreaming/AirQualityDownload/AQData_Extract.fmw?CountryCode=BE&CityName=&Pollutant=5&Year_from=2016&Year_to=2016&Station=STA-BETR803&Samplingpoint=&Source=E1a&Output=HTML&UpdateDate="
"Belgium","NET-Flanders","Flanders","BETR803","42R803 - ANTWERPEN","SPO-BETR803_00005_100","PM10","Particulate matter < 10 µm (aerosol)","P1Y-daysAbove50","1 year day exceed 50","2016","9.000","count","95.90","1","Background","Urban","4.4285","51.2286","0.0","Antwerpen                                                                       ","BE002C1                                           ","530014","E1a/validated data AQ e-Reporting","18/03/2023 22:27:00","http://fme.discomap.eea.europa.eu/fmedatastreaming/AirQualityDownload/AQData_Extract.fmw?CountryCode=BE&CityName=&Pollutant=5&Year_from=2016&Year_to=2016&Station=STA-BETR803&Samplingpoint=&Source=E1a&Output=HTML&UpdateDate="
"Belgium","NET-Wallonia","Wallonia","BETN100","43N100 - DOURBES","SPO-BETN100_00001_100","SO2","Sulphur dioxide (air)","P1Y-hr-max-per99.73","1 year 99.73 %ile of hourly values in a given year","2016","2.500","ug/m3","96.25","1","Background","Rural","4.5948","50.0957","225.0","","","","E1a/validated data AQ e-Reporting","18/03/2023 22:06:23","http://fme.discomap.eea.europa.eu/fmedatastreaming/AirQualityDownload/AQData_Extract.fmw?CountryCode=BE&CityName=&Pollutant=1&Year_from=2016&Year_to=2016&Station=STA-BETN100&Samplingpoint=&Source=E1a&Output=HTML&UpdateDate="
"Belgium","NET-Flanders","Flanders","BETR805","42R805 - ANTWERPEN","SPO-BETR805_06001_100","PM2.5","Particulate matter < 2.5 µm (aerosol)","P1Y","Annual mean / 1 calendar year","2016","13.142","ug/m3","99.11","1","Traffic","Urban","4.4216","51.2082","6.0","Antwerpen                                                                       ","BE002C1                                           ","530014","E1a/validated data AQ e-Reporting","18/03/2023 21:08:58","http://fme.discomap.eea.europa.eu/fmedatastreaming/AirQualityDownload/AQData_Extract.fmw?CountryCode=BE&CityName=&Pollutant=6001&Year_from=2016&Year_to=2016&Station=STA-BETR805&Samplingpoint=&Source=E1a&Output=HTML&UpdateDate="
"Belgium","NET-Wallonia","Wallonia","BEVN063","50N063 - CORROY L.G.","SPO-BEVN063_00082_100","trans-H3C-HC=CH-CH2-CH3","trans-2-Pentene (air)","P1Y","Annual mean / 1 calendar year","2016","0.000","ug/m3","46.99","1","Background","Rural","4.6683","50.6554","145.0","","","","E1a/validated data AQ e-Reporting","18/03/2023 21:08:58","http://fme.discomap.eea.europa.eu/fmedatastreaming/AirQualityDownload/AQData_Extract.fmw?CountryCode=BE&CityName=&Pollutant=82&Year_from=2016&Year_to=2016&Station=STA-BEVN063&Samplingpoint=&Source=E1a&Output=HTML&UpdateDate="
"Belgium","NET-Wallonia","Wallonia","BETN132","43N132 - HABAY-LA-N.","SPO-BETN132_00007_100","O3","Ozone (air)","summer-avg","Summer mean","2016","56.792","ug/m3","96.49","1","Background","Rural","5.6304","49.7193","375.0","","","","E1a/validated data AQ e-Reporting","18/03/2023 22:50:22","http://fme.discomap.eea.europa.eu/fmedatastreaming/AirQualityDownload/AQData_Extract.fmw?CountryCode=BE&CityName=&Pollutant=7&Year_from=2016&Year_to=2016&Station=STA-BETN132&Samplingpoint=&Source=E1a&Output=HTML&UpdateDate="
"Belgium","NET-Wallonia","Wallonia","BETH201","43H201 - LIEGE","SPO-BETH201_00001_100","SO2","Sulphur dioxide (air)","P1Y-day-max-per99.18","1 year 99.18 percentile of daily maximum","2016","2.625","ug/m3","99.45","1","Background","Suburban","5.5475","50.6250","160.0","Liège                                                                           ","BE005C1                                           ","383700","E1a/validated data AQ e-Reporting","18/03/2023 22:12:16","http://fme.discomap.eea.europa.eu/fmedatastreaming/AirQualityDownload/AQData_Extract.fmw?CountryCode=BE&CityName=&Pollutant=1&Year_from=2016&Year_to=2016&Station=STA-BETH201&Samplingpoint=&Source=E1a&Output=HTML&UpdateDate="
"Belgium","NET-Wallonia","Wallonia","BETR223","43R223 - JEMEPPE","SPO-BETR223_06001_100","PM2.5","Particulate matter < 2.5 µm (aerosol)","P1Y-hr-min","1 year hour min","2016","0.000","ug/m3","99.53","1","Industrial","Suburban","5.5164","50.6207","50.0","Liège                                                                           ","BE005C1                                           ","383700","E1a/validated data AQ e-Reporting","18/03/2023 22:31:20","http://fme.discomap.eea.europa.eu/fmedatastreaming/AirQualityDownload/AQData_Extract.fmw?CountryCode=BE&CityName=&Pollutant=6001&Year_from=2016&Year_to=2016&Station=STA-BETR223&Samplingpoint=&Source=E1a&Output=HTML&UpdateDate="
"Belgium","NET-Wallonia","Wallonia","BETN070","43N070 - MONS","SPO-BETN070_00010_100","CO","Carbon monoxide (air)","P1Y-hr-min","1 year hour min","2016","0.040","mg/m3","97.36","1","Background","Suburban","3.9397","50.4652","30.0","Mons                                                                            ","BE009C1                                           ","95922","E1a/validated data AQ e-Reporting","18/03/2023 22:31:20","http://fme.discomap.eea.europa.eu/fmedatastreaming/AirQualityDownload/AQData_Extract.fmw?CountryCode=BE&CityName=&Pollutant=10&Year_from=2016&Year_to=2016&Station=STA-BETN070&Samplingpoint=&Source=E1a&Output=HTML&UpdateDate="
"Belgium","NET-Wallonia","Wallonia","BETR510","45R510 - CHATELINEAU","SPO-BETR510_00001_100","SO2","Sulphur dioxide (air)","P1Y-hr-min","1 year hour min","2016","0.000","ug/m3","97.05","1","Background","Suburban","4.5211","50.4164","118.0","Charleroi                                                                       ","BE004C1                                           ","203314","E1a/validated data AQ e-Reporting","18/03/2023 22:31:20","http://fme.discomap.eea.europa.eu/fmedatastreaming/AirQualityDownload/AQData_Extract.fmw?CountryCode=BE&CityName=&Pollutant=1&Year_from=2016&Year_to=2016&Station=STA-BETR510&Samplingpoint=&Source=E1a&Output=HTML&UpdateDate="
"Belgium","NET-Flanders","Flanders","BETR893","42R893 - ANTWERPEN","SPO-BETR893_00001_100","SO2","Sulphur dioxide (air)","P1Y-day-max","1 year day max","2016","17.587","ug/m3","98.91","1","Industrial","Suburban","4.3858","51.2814","6.0","Antwerpen                                                                       ","BE002C1                                           ","530014","E1a/validated data AQ e-Reporting","18/03/2023 21:42:48","http://fme.discomap.eea.europa.eu/fmedatastreaming/AirQualityDownload/AQData_Extract.fmw?CountryCode=BE&CityName=&Pollutant=1&Year_from=2016&Year_to=2016&Station=STA-BETR893&Samplingpoint=&Source=E1a&Output=HTML&UpdateDate="
"Belgium","NET-Wallonia","Wallonia","BETR222","43R222 - SERAING","SPO-BETR222_00001_100","SO2","Sulphur dioxide (air)","P1Y-day-max4","1 year day max 4","2016","3.313","ug/m3","91.26","1","Background","Suburban","5.5702","50.6134","65.0","Liège                                                                           ","BE005C1                                           ","383700","E1a/validated data AQ e-Reporting","18/03/2023 22:31:46","http://fme.discomap.eea.europa.eu/fmedatastreaming/AirQualityDownload/AQData_Extract.fmw?CountryCode=BE&CityName=&Pollutant=1&Year_from=2016&Year_to=2016&Station=STA-BETR222&Samplingpoint=&Source=E1a&Output=HTML&UpdateDate="
"Belgium","NET-Wallonia","Wallonia","BETR510","45R510 - CHATELINEAU","SPO-BETR510_06001_100","PM2.5","Particulate matter < 2.5 µm (aerosol)","P1Y-day-min","1 year day min","2016","0.000","ug/m3","100.00","1","Background","Suburban","4.5211","50.4164","118.0","Charleroi                                                                       ","BE004C1                                           ","203314","E1a/validated data AQ e-Reporting","18/03/2023 21:55:29","http://fme.discomap.eea.europa.eu/fmedatastreaming/AirQualityDownload/AQData_Extract.fmw?CountryCode=BE&CityName=&Pollutant=6001&Year_from=2016&Year_to=2016&Station=STA-BETR510&Samplingpoint=&Source=E1a&Output=HTML&UpdateDate="
"Belgium","NET-Wallonia","Wallonia","BETR510","45R510 - CHATELINEAU","SPO-BETR510_06001_100","PM2.5","Particulate matter < 2.5 µm (aerosol)","P1Y-day-per50","1 year 50 %ile of daily values in a year","2016","8.898","ug/m3","100.00","1","Background","Suburban","4.5211","50.4164","118.0","Charleroi                                                                       ","BE004C1                                           ","203314","E1a/validated data AQ e-Reporting","18/03/2023 22:11:51","http://fme.discomap.eea.europa.eu/fmedatastreaming/AirQualityDownload/AQData_Extract.fmw?CountryCode=BE&CityName=&Pollutant=6001&Year_from=2016&Year_to=2016&Station=STA-BETR510&Samplingpoint=&Source=E1a&Output=HTML&UpdateDate="
"Belgium","NET-Flanders","Flanders","BETR897","42R897 - ANTWERPEN","SPO-BETR897_00001_100","SO2","Sulphur dioxide (air)","P1Y-hr-max25","1 year hour max 25","2016","77.000","ug/m3","97.20","1","Industrial","Suburban","4.3421","51.2501","5.0","Antwerpen                                                                       ","BE002C1                                           ","530014","E1a/validated data AQ e-Reporting","18/03/2023 22:33:20","http://fme.discomap.eea.europa.eu/fmedatastreaming/AirQualityDownload/AQData_Extract.fmw?CountryCode=BE&CityName=&Pollutant=1&Year_from=2016&Year_to=2016&Station=STA-BETR897&Samplingpoint=&Source=E1a&Output=HTML&UpdateDate="
"Belgium","NET-Flanders","Flanders","BETTS21","40TS21 - TESSENDERLO","SPO-BETTS21_00001_100","SO2","Sulphur dioxide (air)","P1Y-day-max-per99.18","1 year 99.18 percentile of daily maximum","2016","11.792","ug/m3","99.45","1","Industrial","Suburban","5.1075","51.0657","28.0","","","","E1a/validated data AQ e-Reporting","18/03/2023 22:12:16","http://fme.discomap.eea.europa.eu/fmedatastreaming/AirQualityDownload/AQData_Extract.fmw?CountryCode=BE&CityName=&Pollutant=1&Year_from=2016&Year_to=2016&Station=STA-BETTS21&Samplingpoint=&Source=E1a&Output=HTML&UpdateDate="
"Belgium","NET-Wallonia","Wallonia","BETR222","43R222 - SERAING","SPO-BETR222_00007_100","O3","Ozone (air)","P1Y-dmaxAbove120","1 year daymax exceed 120","2016","5.000","count","94.81","1","Background","Suburban","5.5702","50.6134","65.0","Liège                                                                           ","BE005C1                                           ","383700","E1a/validated data AQ e-Reporting","18/03/2023 22:25:06","http://fme.discomap.eea.europa.eu/fmedatastreaming/AirQualityDownload/AQData_Extract.fmw?CountryCode=BE&CityName=&Pollutant=7&Year_from=2016&Year_to=2016&Station=STA-BETR222&Samplingpoint=&Source=E1a&Output=HTML&UpdateDate="
"Belgium","NET-Wallonia","Wallonia","BETH201","43H201 - LIEGE","SPO-BETH201_00005_100","PM10","Particulate matter < 10 µm (aerosol)","P1Y-hr-per50","1 year 50 percentile","2016","12.271","ug/m3","98.27","1","Background","Suburban","5.5475","50.6250","160.0","Liège                                                                           ","BE005C1                                           ","383700","E1a/validated data AQ e-Reporting","18/03/2023 22:05:49","http://fme.discomap.eea.europa.eu/fmedatastreaming/AirQualityDownload/AQData_Extract.fmw?CountryCode=BE&CityName=&Pollutant=5&Year_from=2016&Year_to=2016&Station=STA-BETH201&Samplingpoint=&Source=E1a&Output=HTML&UpdateDate="
"Belgium","NET-Wallonia","Wallonia","BETN113","43N113 - SAINT-ODE","SPO-BETN113_06001_100","PM2.5","Particulate matter < 2.5 µm (aerosol)","P1Y-day-per50","1 year 50 %ile of daily values in a year","2016","5.387","ug/m3","92.08","1","Background","Rural","5.5930","50.0270","510.0","","","","E1a/validated data AQ e-Reporting","18/03/2023 22:11:51","http://fme.discomap.eea.europa.eu/fmedatastreaming/AirQualityDownload/AQData_Extract.fmw?CountryCode=BE&CityName=&Pollutant=6001&Year_from=2016&Year_to=2016&Station=STA-BETN113&Samplingpoint=&Source=E1a&Output=HTML&UpdateDate="
"Belgium","NET-Wallonia","Wallonia","BETN113","43N113 - SAINT-ODE","SPO-BETN113_06001_100","PM2.5","Particulate matter < 2.5 µm (aerosol)","P3Y","3 subsequent calendar years mean","2016","7.317","ug/m3","97.09","1","Background","Rural","5.5930","50.0270","510.0","","","","E1a/validated data AQ e-Reporting","18/03/2023 21:36:00","http://fme.discomap.eea.europa.eu/fmedatastreaming/AirQualityDownload/AQData_Extract.fmw?CountryCode=BE&CityName=&Pollutant=6001&Year_from=2016&Year_to=2016&Station=STA-BETN113&Samplingpoint=&Source=E1a&Output=HTML&UpdateDate="
"Belgium","NET-Wallonia","Wallonia","BETN085","43N085 - VIELSALM","SPO-BETN085_06001_100","PM2.5","Particulate matter < 2.5 µm (aerosol)","P1Y-day-min","1 year day min","2016","0.000","ug/m3","98.63","1","Background","Rural","6.0017","50.3032","490.0","","","","E1a/validated data AQ e-Reporting","18/03/2023 21:55:29","http://fme.discomap.eea.europa.eu/fmedatastreaming/AirQualityDownload/AQData_Extract.fmw?CountryCode=BE&CityName=&Pollutant=6001&Year_from=2016&Year_to=2016&Station=STA-BETN085&Samplingpoint=&Source=E1a&Output=HTML&UpdateDate="
"Belgium","NET-Wallonia","Wallonia","BETM204","43M204 - ANGLEUR","SPO-BETM204_00005_100","PM10","Particulate matter < 10 µm (aerosol)","P3Y","3 subsequent calendar years mean","2016","17.869","ug/m3","97.64","1","Background","Suburban","5.6112","50.6119","70.0","Liège                                                                           ","BE005C1                                           ","383700","E1a/validated data AQ e-Reporting","18/03/2023 21:36:00","http://fme.discomap.eea.europa.eu/fmedatastreaming/AirQualityDownload/AQData_Extract.fmw?CountryCode=BE&CityName=&Pollutant=5&Year_from=2016&Year_to=2016&Station=STA-BETM204&Samplingpoint=&Source=E1a&Output=HTML&UpdateDate="
"Belgium","NET-Flanders","Flanders","BETR805","42R805 - ANTWERPEN","SPO-BETR805_00005_100","PM10","Particulate matter < 10 µm (aerosol)","P1Y-daysAbove50","1 year day exceed 50","2016","9.000","count","98.63","1","Traffic","Urban","4.4216","51.2082","6.0","Antwerpen                                                                       ","BE002C1                                           ","530014","E1a/validated data AQ e-Reporting","18/03/2023 22:27:00","http://fme.discomap.eea.europa.eu/fmedatastreaming/AirQualityDownload/AQData_Extract.fmw?CountryCode=BE&CityName=&Pollutant=5&Year_from=2016&Year_to=2016&Station=STA-BETR805&Samplingpoint=&Source=E1a&Output=HTML&UpdateDate="
"Belgium","NET-Wallonia","Wallonia","BETN063","43N063 - CORROY L.G.","SPO-BETN063_00007_100","O3","Ozone (air)","P1Y-day-per50","1 year 50 %ile of daily values in a year","2016","47.239","ug/m3","96.45","1","Background","Rural","4.6683","50.6554","145.0","","","","E1a/validated data AQ e-Reporting","18/03/2023 22:15:13","http://fme.discomap.eea.europa.eu/fmedatastreaming/AirQualityDownload/AQData_Extract.fmw?CountryCode=BE&CityName=&Pollutant=7&Year_from=2016&Year_to=2016&Station=STA-BETN063&Samplingpoint=&Source=E1a&Output=HTML&UpdateDate="
"Belgium","NET-Flanders","Flanders","BETR817","42R817 - ANTWERPEN","SPO-BETR817_00391_100","Black Carbon","black_carbon (aerosol)","P1Y-hr-max","1 year hour max","2016","17.400","ug/m3","96.40","1","Background","Suburban","4.4180","51.1771","6.0","Antwerpen                                                                       ","BE002C1                                           ","530014","E1a/validated data AQ e-Reporting","18/03/2023 21:57:02","http://fme.discomap.eea.europa.eu/fmedatastreaming/AirQualityDownload/AQData_Extract.fmw?CountryCode=BE&CityName=&Pollutant=391&Year_from=2016&Year_to=2016&Station=STA-BETR817&Samplingpoint=&Source=E1a&Output=HTML&UpdateDate="
"Belgium","NET-Wallonia","Wallonia","BETR222","43R222 - SERAING","SPO-BETR222_00007_100","O3","Ozone (air)","P3Y","3 subsequent calendar years mean","2016","41.009","ug/m3","94.81","1","Background","Suburban","5.5702","50.6134","65.0","Liège                                                                           ","BE005C1                                           ","383700","E1a/validated data AQ e-Reporting","18/03/2023 21:36:00","http://fme.discomap.eea.europa.eu/fmedatastreaming/AirQualityDownload/AQData_Extract.fmw?CountryCode=BE&CityName=&Pollutant=7&Year_from=2016&Year_to=2016&Station=STA-BETR222&Samplingpoint=&Source=E1a&Output=HTML&UpdateDate="
"Belgium","NET-Wallonia","Wallonia","BETR221","43R221 - LIEGE","SPO-BETR221_00007_100","O3","Ozone (air)","P1Y","Annual mean / 1 calendar year","2016","34.479","ug/m3","95.81","1","Background","Urban","5.6278","50.6584","65.0","Liège                                                                           ","BE005C1                                           ","383700","E1a/validated data AQ e-Reporting","18/03/2023 21:08:58","http://fme.discomap.eea.europa.eu/fmedatastreaming/AirQualityDownload/AQData_Extract.fmw?CountryCode=BE&CityName=&Pollutant=7&Year_from=2016&Year_to=2016&Station=STA-BETR221&Samplingpoint=&Source=E1a&Output=HTML&UpdateDate="
"Belgium","NET-Wallonia","Wallonia","BETN060","43N060 - HAVINNES","SPO-BETN060_00007_100","O3","Ozone (air)","P1Y-hrsAbove180","1 year hour exceed 180","2016","0.000","count","96.17","1","Background","Rural","3.4576","50.6167","0.0","","","","E1a/validated data AQ e-Reporting","18/03/2023 21:46:37","http://fme.discomap.eea.europa.eu/fmedatastreaming/AirQualityDownload/AQData_Extract.fmw?CountryCode=BE&CityName=&Pollutant=7&Year_from=2016&Year_to=2016&Station=STA-BETN060&Samplingpoint=&Source=E1a&Output=HTML&UpdateDate="
"Belgium","NET-Wallonia","Wallonia","BETN063","43N063 - CORROY L.G.","SPO-BETN063_00001_100","SO2","Sulphur dioxide (air)","P1Y-day-max4","1 year day max 4","2016","2.750","ug/m3","95.08","1","Background","Rural","4.6683","50.6554","145.0","","","","E1a/validated data AQ e-Reporting","18/03/2023 22:31:46","http://fme.discomap.eea.europa.eu/fmedatastreaming/AirQualityDownload/AQData_Extract.fmw?CountryCode=BE&CityName=&Pollutant=1&Year_from=2016&Year_to=2016&Station=STA-BETN063&Samplingpoint=&Source=E1a&Output=HTML&UpdateDate="
"Belgium","NET-Wallonia","Wallonia","BETN070","43N070 - MONS","SPO-BETN070_00008_100","NO2","Nitrogen dioxide (air)","P1Y-day-per50","1 year 50 %ile of daily values in a year","2016","24.521","ug/m3","100.00","1","Background","Suburban","3.9397","50.4652","30.0","Mons                                                                            ","BE009C1                                           ","95922","E1a/validated data AQ e-Reporting","18/03/2023 22:14:21","http://fme.discomap.eea.europa.eu/fmedatastreaming/AirQualityDownload/AQData_Extract.fmw?CountryCode=BE&CityName=&Pollutant=8&Year_from=2016&Year_to=2016&Station=STA-BETN070&Samplingpoint=&Source=E1a&Output=HTML&UpdateDate="
"Belgium","NET-Wallonia","Wallonia","BETN132","43N132 - HABAY-LA-N.","SPO-BETN132_00007_100","O3","Ozone (air)","AOT40c","AOT40 vegetation protection","2016","7583.864","ug/m3","95.74","1","Background","Rural","5.6304","49.7193","375.0","","","","E1a/validated data AQ e-Reporting","18/03/2023 23:06:29","http://fme.discomap.eea.europa.eu/fmedatastreaming/AirQualityDownload/AQData_Extract.fmw?CountryCode=BE&CityName=&Pollutant=7&Year_from=2016&Year_to=2016&Station=STA-BETN132&Samplingpoint=&Source=E1a&Output=HTML&UpdateDate="
"Belgium","NET-Flanders","Flanders","BETR893","42R893 - ANTWERPEN","SPO-BETR893_00001_100","SO2","Sulphur dioxide (air)","P1Y-hr-max","1 year hour max","2016","88.500","ug/m3","96.89","1","Industrial","Suburban","4.3858","51.2814","6.0","Antwerpen                                                                       ","BE002C1                                           ","530014","E1a/validated data AQ e-Reporting","18/03/2023 21:57:02","http://fme.discomap.eea.europa.eu/fmedatastreaming/AirQualityDownload/AQData_Extract.fmw?CountryCode=BE&CityName=&Pollutant=1&Year_from=2016&Year_to=2016&Station=STA-BETR893&Samplingpoint=&Source=E1a&Output=HTML&UpdateDate="
"Belgium","NET-Flanders","Flanders","BETR893","42R893 - ANTWERPEN","SPO-BETR893_00008_100","NO2","Nitrogen dioxide (air)","P1Y-day-min","1 year day min","2016","8.313","ug/m3","98.91","1","Industrial","Suburban","4.3858","51.2814","6.0","Antwerpen                                                                       ","BE002C1                                           ","530014","E1a/validated data AQ e-Reporting","18/03/2023 21:56:03","http://fme.discomap.eea.europa.eu/fmedatastreaming/AirQualityDownload/AQData_Extract.fmw?CountryCode=BE&CityName=&Pollutant=8&Year_from=2016&Year_to=2016&Station=STA-BETR893&Samplingpoint=&Source=E1a&Output=HTML&UpdateDate="
"Belgium","NET-Flanders","Flanders","BETR893","42R893 - ANTWERPEN","SPO-BETR893_00008_100","NO2","Nitrogen dioxide (air)","P1Y-hr-max","1 year hour max","2016","106.500","ug/m3","96.82","1","Industrial","Suburban","4.3858","51.2814","6.0","Antwerpen                                                                       ","BE002C1                                           ","530014","E1a/validated data AQ e-Reporting","18/03/2023 21:57:02","http://fme.discomap.eea.europa.eu/fmedatastreaming/AirQualityDownload/AQData_Extract.fmw?CountryCode=BE&CityName=&Pollutant=8&Year_from=2016&Year_to=2016&Station=STA-BETR893&Samplingpoint=&Source=E1a&Output=HTML&UpdateDate="
"Belgium","NET-Wallonia","Wallonia","BETR223","43R223 - JEMEPPE","SPO-BETR223_00005_100","PM10","Particulate matter < 10 µm (aerosol)","P1Y-daysAbove50","1 year day exceed 50","2016","12.000","count","99.73","1","Industrial","Suburban","5.5164","50.6207","50.0","Liège                                                                           ","BE005C1                                           ","383700","E1a/validated data AQ e-Reporting","18/03/2023 22:27:00","http://fme.discomap.eea.europa.eu/fmedatastreaming/AirQualityDownload/AQData_Extract.fmw?CountryCode=BE&CityName=&Pollutant=5&Year_from=2016&Year_to=2016&Station=STA-BETR223&Samplingpoint=&Source=E1a&Output=HTML&UpdateDate="
"Belgium","NET-Flanders","Flanders","BETR893","42R893 - ANTWERPEN","SPO-BETR893_00008_100","NO2","Nitrogen dioxide (air)","P1Y-hr-max-per99.79","1 year 99.79 %ile of hourly values in a given year","2016","87.500","ug/m3","96.82","1","Industrial","Suburban","4.3858","51.2814","6.0","Antwerpen                                                                       ","BE002C1                                           ","530014","E1a/validated data AQ e-Reporting","18/03/2023 22:07:35","http://fme.discomap.eea.europa.eu/fmedatastreaming/AirQualityDownload/AQData_Extract.fmw?CountryCode=BE&CityName=&Pollutant=8&Year_from=2016&Year_to=2016&Station=STA-BETR893&Samplingpoint=&Source=E1a&Output=HTML&UpdateDate="
"Belgium","NET-Wallonia","Wallonia","BETR222","43R222 - SERAING","SPO-BETR222_00001_100","SO2","Sulphur dioxide (air)","P1Y-daysAbove125","1 year day exceed 125","2016","0.000","count","91.26","1","Background","Suburban","5.5702","50.6134","65.0","Liège                                                                           ","BE005C1                                           ","383700","E1a/validated data AQ e-Reporting","18/03/2023 22:23:37","http://fme.discomap.eea.europa.eu/fmedatastreaming/AirQualityDownload/AQData_Extract.fmw?CountryCode=BE&CityName=&Pollutant=1&Year_from=2016&Year_to=2016&Station=STA-BETR222&Samplingpoint=&Source=E1a&Output=HTML&UpdateDate="
"Belgium","NET-Wallonia","Wallonia","BETR502","45R502 - LODELINSART","SPO-BETR502_06001_100","PM2.5","Particulate matter < 2.5 µm (aerosol)","P1Y-day-max","1 year day max","2016","59.625","ug/m3","100.00","1","Background","Suburban","4.4587","50.4290","135.0","Charleroi                                                                       ","BE004C1                                           ","203314","E1a/validated data AQ e-Reporting","18/03/2023 21:43:22","http://fme.discomap.eea.europa.eu/fmedatastreaming/AirQualityDownload/AQData_Extract.fmw?CountryCode=BE&CityName=&Pollutant=6001&Year_from=2016&Year_to=2016&Station=STA-BETR502&Samplingpoint=&Source=E1a&Output=HTML&UpdateDate="
"Belgium","NET-Wallonia","Wallonia","BETR502","45R502 - LODELINSART","SPO-BETR502_06001_100","PM2.5","Particulate matter < 2.5 µm (aerosol)","P3Y","3 subsequent calendar years mean","2016","11.948","ug/m3","99.36","1","Background","Suburban","4.4587","50.4290","135.0","Charleroi                                                                       ","BE004C1                                           ","203314","E1a/validated data AQ e-Reporting","18/03/2023 21:36:00","http://fme.discomap.eea.europa.eu/fmedatastreaming/AirQualityDownload/AQData_Extract.fmw?CountryCode=BE&CityName=&Pollutant=6001&Year_from=2016&Year_to=2016&Station=STA-BETR502&Samplingpoint=&Source=E1a&Output=HTML&UpdateDate="
"Belgium","NET-Wallonia","Wallonia","BETN060","43N060 - HAVINNES","SPO-BETN060_00007_100","O3","Ozone (air)","P1Y-dmaxAbove120","1 year daymax exceed 120","2016","5.000","count","97.27","1","Background","Rural","3.4576","50.6167","0.0","","","","E1a/validated data AQ e-Reporting","18/03/2023 22:25:06","http://fme.discomap.eea.europa.eu/fmedatastreaming/AirQualityDownload/AQData_Extract.fmw?CountryCode=BE&CityName=&Pollutant=7&Year_from=2016&Year_to=2016&Station=STA-BETN060&Samplingpoint=&Source=E1a&Output=HTML&UpdateDate="
"Belgium","NET-Wallonia","Wallonia","BETN073","43N073 - VEZIN","SPO-BETN073_00007_100","O3","Ozone (air)","P1Y-hrsAbove180","1 year hour exceed 180","2016","5.000","count","96.08","1","Background","Rural","4.9884","50.5027","160.0","","","","E1a/validated data AQ e-Reporting","18/03/2023 21:46:37","http://fme.discomap.eea.europa.eu/fmedatastreaming/AirQualityDownload/AQData_Extract.fmw?CountryCode=BE&CityName=&Pollutant=7&Year_from=2016&Year_to=2016&Station=STA-BETN073&Samplingpoint=&Source=E1a&Output=HTML&UpdateDate="
"Belgium","NET-Wallonia","Wallonia","BETN063","43N063 - CORROY L.G.","SPO-BETN063_00008_100","NO2","Nitrogen dioxide (air)","P1Y-P1D-per99","1 year 99 percentile of daily means (P1D) or .../aq/primaryObservation/day","2016","45.813","ug/m3","100.00","1","Background","Rural","4.6683","50.6554","145.0","","","","E1a/validated data AQ e-Reporting","18/03/2023 22:10:34","http://fme.discomap.eea.europa.eu/fmedatastreaming/AirQualityDownload/AQData_Extract.fmw?CountryCode=BE&CityName=&Pollutant=8&Year_from=2016&Year_to=2016&Station=STA-BETN063&Samplingpoint=&Source=E1a&Output=HTML&UpdateDate="
"Belgium","NET-Wallonia","Wallonia","BETR222","43R222 - SERAING","SPO-BETR222_06001_100","PM2.5","Particulate matter < 2.5 µm (aerosol)","P1Y-day-min","1 year day min","2016","0.000","ug/m3","96.99","1","Background","Suburban","5.5702","50.6134","65.0","Liège                                                                           ","BE005C1                                           ","383700","E1a/validated data AQ e-Reporting","18/03/2023 21:55:29","http://fme.discomap.eea.europa.eu/fmedatastreaming/AirQualityDownload/AQData_Extract.fmw?CountryCode=BE&CityName=&Pollutant=6001&Year_from=2016&Year_to=2016&Station=STA-BETR222&Samplingpoint=&Source=E1a&Output=HTML&UpdateDate="
"Belgium","NET-Flanders","Flanders","BETR801","42R801 - BORGERHOUT","SPO-BETR801_00005_100","PM10","Particulate matter < 10 µm (aerosol)","P1Y-day-max36","1 year day max 36","2016","36.746","ug/m3","100.00","1","Background","Urban","4.4318","51.2097","6.0","Antwerpen                                                                       ","BE002C1                                           ","530014","E1a/validated data AQ e-Reporting","18/03/2023 22:32:47","http://fme.discomap.eea.europa.eu/fmedatastreaming/AirQualityDownload/AQData_Extract.fmw?CountryCode=BE&CityName=&Pollutant=5&Year_from=2016&Year_to=2016&Station=STA-BETR801&Samplingpoint=&Source=E1a&Output=HTML&UpdateDate="
"Belgium","NET-Wallonia","Wallonia","BEVN113","50N113 - SAINT-ODE","SPO-BEVN113_06011_100","1,2,4-C6H3(CH3)3","1,2,4-Trimethylbenzene (air)","P1Y","Annual mean / 1 calendar year","2016","0.000","ug/m3","42.90","1","Background","Rural","5.5930","50.0270","510.0","","","","E1a/validated data AQ e-Reporting","18/03/2023 21:08:58","http://fme.discomap.eea.europa.eu/fmedatastreaming/AirQualityDownload/AQData_Extract.fmw?CountryCode=BE&CityName=&Pollutant=6011&Year_from=2016&Year_to=2016&Station=STA-BEVN113&Samplingpoint=&Source=E1a&Output=HTML&UpdateDate="
"Belgium","NET-Wallonia","Wallonia","BEVN520","50N520 - PERUWELZ","SPO-BEVN520_00020_100","C6H6","Benzene (air)","P1Y-day-min","1 year day min","2016","0.100","ug/m3","48.09","1","Background","Suburban","3.5943","50.5055","30.0","","","","E1a/validated data AQ e-Reporting","18/03/2023 21:55:46","http://fme.discomap.eea.europa.eu/fmedatastreaming/AirQualityDownload/AQData_Extract.fmw?CountryCode=BE&CityName=&Pollutant=20&Year_from=2016&Year_to=2016&Station=STA-BEVN520&Samplingpoint=&Source=E1a&Output=HTML&UpdateDate="
"Belgium","NET-Flanders","Flanders","BETR841","42R841 - MECHELEN","SPO-BETR841_00008_100","NO2","Nitrogen dioxide (air)","P1Y-hr-per50","1 year 50 percentile","2016","23.000","ug/m3","95.06","1","Background","Suburban","4.4693","51.0025","8.0","Mechelen                                                                        ","BE012C1                                           ","86911","E1a/validated data AQ e-Reporting","18/03/2023 22:05:49","http://fme.discomap.eea.europa.eu/fmedatastreaming/AirQualityDownload/AQData_Extract.fmw?CountryCode=BE&CityName=&Pollutant=8&Year_from=2016&Year_to=2016&Station=STA-BETR841&Samplingpoint=&Source=E1a&Output=HTML&UpdateDate="
"Belgium","NET-Wallonia","Wallonia","BETN063","43N063 - CORROY L.G.","SPO-BETN063_06001_100","PM2.5","Particulate matter < 2.5 µm (aerosol)","P1Y-hr-max","1 year hour max","2016","66.959","ug/m3","99.66","1","Background","Rural","4.6683","50.6554","145.0","","","","E1a/validated data AQ e-Reporting","18/03/2023 21:57:02","http://fme.discomap.eea.europa.eu/fmedatastreaming/AirQualityDownload/AQData_Extract.fmw?CountryCode=BE&CityName=&Pollutant=6001&Year_from=2016&Year_to=2016&Station=STA-BETN063&Samplingpoint=&Source=E1a&Output=HTML&UpdateDate="
"Belgium","NET-Wallonia","Wallonia","BETN100","43N100 - DOURBES","SPO-BETN100_00007_100","O3","Ozone (air)","P1Y-day-min","1 year day min","2016","4.292","ug/m3","98.36","1","Background","Rural","4.5948","50.0957","225.0","","","","E1a/validated data AQ e-Reporting","18/03/2023 21:56:21","http://fme.discomap.eea.europa.eu/fmedatastreaming/AirQualityDownload/AQData_Extract.fmw?CountryCode=BE&CityName=&Pollutant=7&Year_from=2016&Year_to=2016&Station=STA-BETN100&Samplingpoint=&Source=E1a&Output=HTML&UpdateDate="
"Belgium","NET-Wallonia","Wallonia","BETN121","43N121 - OFFAGNE","SPO-BETN121_06001_100","PM2.5","Particulate matter < 2.5 µm (aerosol)","P1Y-hr-max","1 year hour max","2016","60.673","ug/m3","98.50","1","Background","Rural","5.2024","49.8771","430.0","","","","E1a/validated data AQ e-Reporting","18/03/2023 21:57:02","http://fme.discomap.eea.europa.eu/fmedatastreaming/AirQualityDownload/AQData_Extract.fmw?CountryCode=BE&CityName=&Pollutant=6001&Year_from=2016&Year_to=2016&Station=STA-BETN121&Samplingpoint=&Source=E1a&Output=HTML&UpdateDate="
"Belgium","NET-Wallonia","Wallonia","BETR512","45R512 - MARCHIENNE","SPO-BETR512_00010_100","CO","Carbon monoxide (air)","P1Y-dx-avg","1 year daymax average","2016","0.308","mg/m3","99.45","1","Industrial","Suburban","4.3959","50.4078","107.0","Charleroi                                                                       ","BE004C1                                           ","203314","E1a/validated data AQ e-Reporting","18/03/2023 22:27:48","http://fme.discomap.eea.europa.eu/fmedatastreaming/AirQualityDownload/AQData_Extract.fmw?CountryCode=BE&CityName=&Pollutant=10&Year_from=2016&Year_to=2016&Station=STA-BETR512&Samplingpoint=&Source=E1a&Output=HTML&UpdateDate="
"Belgium","NET-Wallonia","Wallonia","BETR512","45R512 - MARCHIENNE","SPO-BETR512_00010_100","CO","Carbon monoxide (air)","P1Y-hr-per50","1 year 50 percentile","2016","0.200","mg/m3","97.50","1","Industrial","Suburban","4.3959","50.4078","107.0","Charleroi                                                                       ","BE004C1                                           ","203314","E1a/validated data AQ e-Reporting","18/03/2023 22:05:49","http://fme.discomap.eea.europa.eu/fmedatastreaming/AirQualityDownload/AQData_Extract.fmw?CountryCode=BE&CityName=&Pollutant=10&Year_from=2016&Year_to=2016&Station=STA-BETR512&Samplingpoint=&Source=E1a&Output=HTML&UpdateDate="
"Belgium","NET-Wallonia","Wallonia","BEVR240","50R240 - ENGIS","SPO-BEVR240_00020_100","C6H6","Benzene (air)","P1Y-day-max","1 year day max","2016","2.040","ug/m3","46.72","1","Industrial","Suburban","5.3975","50.5836","135.0","","","","E1a/validated data AQ e-Reporting","18/03/2023 21:43:39","http://fme.discomap.eea.europa.eu/fmedatastreaming/AirQualityDownload/AQData_Extract.fmw?CountryCode=BE&CityName=&Pollutant=20&Year_from=2016&Year_to=2016&Station=STA-BEVR240&Samplingpoint=&Source=E1a&Output=HTML&UpdateDate="
"Belgium","NET-Wallonia","Wallonia","BETN132","43N132 - HABAY-LA-N.","SPO-BETN132_00001_100","SO2","Sulphur dioxide (air)","P1Y-day-max-per99.18","1 year 99.18 percentile of daily maximum","2016","2.000","ug/m3","99.45","1","Background","Rural","5.6304","49.7193","375.0","","","","E1a/validated data AQ e-Reporting","18/03/2023 22:12:16","http://fme.discomap.eea.europa.eu/fmedatastreaming/AirQualityDownload/AQData_Extract.fmw?CountryCode=BE&CityName=&Pollutant=1&Year_from=2016&Year_to=2016&Station=STA-BETN132&Samplingpoint=&Source=E1a&Output=HTML&UpdateDate="
"Belgium","NET-Wallonia","Wallonia","BETR240","43R240 - ENGIS","SPO-BETR240_00001_100","SO2","Sulphur dioxide (air)","P1Y-hr-max25","1 year hour max 25","2016","26.000","ug/m3","95.16","1","Industrial","Suburban","5.3975","50.5836","135.0","","","","E1a/validated data AQ e-Reporting","18/03/2023 22:33:20","http://fme.discomap.eea.europa.eu/fmedatastreaming/AirQualityDownload/AQData_Extract.fmw?CountryCode=BE&CityName=&Pollutant=1&Year_from=2016&Year_to=2016&Station=STA-BETR240&Samplingpoint=&Source=E1a&Output=HTML&UpdateDate="
"Belgium","NET-Flanders","Flanders","BETR823","42R823 - BEVEREN","SPO-BETR823_00008_100","NO2","Nitrogen dioxide (air)","P1Y-3hAbove400","3 consecutive hours in exceedance of 400","2016","0.000","count","97.12","1","Background","Suburban","4.2399","51.2133","0.0","","","","E1a/validated data AQ e-Reporting","18/03/2023 22:22:30","http://fme.discomap.eea.europa.eu/fmedatastreaming/AirQualityDownload/AQData_Extract.fmw?CountryCode=BE&CityName=&Pollutant=8&Year_from=2016&Year_to=2016&Station=STA-BETR823&Samplingpoint=&Source=E1a&Output=HTML&UpdateDate="
"Belgium","NET-Wallonia","Wallonia","BETN132","43N132 - HABAY-LA-N.","SPO-BETN132_00007_100","O3","Ozone (air)","P1Y-hr-per50","1 year 50 percentile","2016","47.000","ug/m3","95.17","1","Background","Rural","5.6304","49.7193","375.0","","","","E1a/validated data AQ e-Reporting","18/03/2023 22:05:49","http://fme.discomap.eea.europa.eu/fmedatastreaming/AirQualityDownload/AQData_Extract.fmw?CountryCode=BE&CityName=&Pollutant=7&Year_from=2016&Year_to=2016&Station=STA-BETN132&Samplingpoint=&Source=E1a&Output=HTML&UpdateDate="
"Belgium","NET-Wallonia","Wallonia","BETR511","45R511 - MARCINELLE","SPO-BETR511_00005_100","PM10","Particulate matter < 10 µm (aerosol)","P1Y-hr-max","1 year hour max","2016","334.771","ug/m3","97.64","1","Background","Suburban","4.4247","50.3776","157.0","Charleroi                                                                       ","BE004C1                                           ","203314","E1a/validated data AQ e-Reporting","18/03/2023 21:57:02","http://fme.discomap.eea.europa.eu/fmedatastreaming/AirQualityDownload/AQData_Extract.fmw?CountryCode=BE&CityName=&Pollutant=5&Year_from=2016&Year_to=2016&Station=STA-BETR511&Samplingpoint=&Source=E1a&Output=HTML&UpdateDate="
"Belgium","NET-Wallonia","Wallonia","BETN070","43N070 - MONS","SPO-BETN070_00001_100","SO2","Sulphur dioxide (air)","P1Y","Annual mean / 1 calendar year","2016","0.919","ug/m3","97.36","1","Background","Suburban","3.9397","50.4652","30.0","Mons                                                                            ","BE009C1                                           ","95922","E1a/validated data AQ e-Reporting","18/03/2023 21:08:58","http://fme.discomap.eea.europa.eu/fmedatastreaming/AirQualityDownload/AQData_Extract.fmw?CountryCode=BE&CityName=&Pollutant=1&Year_from=2016&Year_to=2016&Station=STA-BETN070&Samplingpoint=&Source=E1a&Output=HTML&UpdateDate="
"Belgium","NET-Wallonia","Wallonia","BETN070","43N070 - MONS","SPO-BETN070_00001_100","SO2","Sulphur dioxide (air)","P1Y-hr-min","1 year hour min","2016","0.000","ug/m3","97.36","1","Background","Suburban","3.9397","50.4652","30.0","Mons                                                                            ","BE009C1                                           ","95922","E1a/validated data AQ e-Reporting","18/03/2023 22:31:20","http://fme.discomap.eea.europa.eu/fmedatastreaming/AirQualityDownload/AQData_Extract.fmw?CountryCode=BE&CityName=&Pollutant=1&Year_from=2016&Year_to=2016&Station=STA-BETN070&Samplingpoint=&Source=E1a&Output=HTML&UpdateDate="
"Belgium","NET-Wallonia","Wallonia","BETN093","43N093 - SINSIN","SPO-BETN093_00007_100","O3","Ozone (air)","P1Y-day-min","1 year day min","2016","3.952","ug/m3","94.81","1","Background","Rural","5.2352","50.2745","265.0","","","","E1a/validated data AQ e-Reporting","18/03/2023 21:56:21","http://fme.discomap.eea.europa.eu/fmedatastreaming/AirQualityDownload/AQData_Extract.fmw?CountryCode=BE&CityName=&Pollutant=7&Year_from=2016&Year_to=2016&Station=STA-BETN093&Samplingpoint=&Source=E1a&Output=HTML&UpdateDate="
"Belgium","NET-Wallonia","Wallonia","BETR512","45R512 - MARCHIENNE","SPO-BETR512_00001_100","SO2","Sulphur dioxide (air)","P1Y-hr-per50","1 year 50 percentile","2016","1.000","ug/m3","89.95","1","Industrial","Suburban","4.3959","50.4078","107.0","Charleroi                                                                       ","BE004C1                                           ","203314","E1a/validated data AQ e-Reporting","18/03/2023 22:05:49","http://fme.discomap.eea.europa.eu/fmedatastreaming/AirQualityDownload/AQData_Extract.fmw?CountryCode=BE&CityName=&Pollutant=1&Year_from=2016&Year_to=2016&Station=STA-BETR512&Samplingpoint=&Source=E1a&Output=HTML&UpdateDate="
"Belgium","NET-Wallonia","Wallonia","BETR512","45R512 - MARCHIENNE","SPO-BETR512_00008_100","NO2","Nitrogen dioxide (air)","P1Y","Annual mean / 1 calendar year","2016","23.246","ug/m3","97.43","1","Industrial","Suburban","4.3959","50.4078","107.0","Charleroi                                                                       ","BE004C1                                           ","203314","E1a/validated data AQ e-Reporting","18/03/2023 21:08:58","http://fme.discomap.eea.europa.eu/fmedatastreaming/AirQualityDownload/AQData_Extract.fmw?CountryCode=BE&CityName=&Pollutant=8&Year_from=2016&Year_to=2016&Station=STA-BETR512&Samplingpoint=&Source=E1a&Output=HTML&UpdateDate="
"Belgium","NET-Wallonia","Wallonia","BETN085","43N085 - VIELSALM","SPO-BETN085_00007_100","O3","Ozone (air)","AOT40f","AOT40 for forest protection","2016","11749.176","ug/m3","95.49","1","Background","Rural","6.0017","50.3032","490.0","","","","E1a/validated data AQ e-Reporting","18/03/2023 23:06:40","http://fme.discomap.eea.europa.eu/fmedatastreaming/AirQualityDownload/AQData_Extract.fmw?CountryCode=BE&CityName=&Pollutant=7&Year_from=2016&Year_to=2016&Station=STA-BETN085&Samplingpoint=&Source=E1a&Output=HTML&UpdateDate="
"Belgium","NET-Wallonia","Wallonia","BETN085","43N085 - VIELSALM","SPO-BETN085_00007_100","O3","Ozone (air)","P1Y","Annual mean / 1 calendar year","2016","45.137","ug/m3","94.87","1","Background","Rural","6.0017","50.3032","490.0","","","","E1a/validated data AQ e-Reporting","18/03/2023 21:08:58","http://fme.discomap.eea.europa.eu/fmedatastreaming/AirQualityDownload/AQData_Extract.fmw?CountryCode=BE&CityName=&Pollutant=7&Year_from=2016&Year_to=2016&Station=STA-BETN085&Samplingpoint=&Source=E1a&Output=HTML&UpdateDate="
"Belgium","NET-Wallonia","Wallonia","BEVR522","50R222 - SERAING","SPO-BEVR522_00020_100","C6H6","Benzene (air)","P1Y-day-per50","1 year 50 %ile of daily values in a year","2016","0.620","ug/m3","47.81","1","Background","Suburban","5.5713","50.6105","62.0","Liège                                                                           ","BE005C1                                           ","383700","E1a/validated data AQ e-Reporting","18/03/2023 22:13:51","http://fme.discomap.eea.europa.eu/fmedatastreaming/AirQualityDownload/AQData_Extract.fmw?CountryCode=BE&CityName=&Pollutant=20&Year_from=2016&Year_to=2016&Station=STA-BEVR522&Samplingpoint=&Source=E1a&Output=HTML&UpdateDate="
"Belgium","NET-Wallonia","Wallonia","BEMN100","00N100 - DOURBES","SPO-BEMN100_05014_100","Cd in PM10","Cadmium in PM10 (aerosol)","P1Y","Annual mean / 1 calendar year","2016","0.116","ng/m3","62.83","1","Background","Rural","4.5948","50.0957","225.0","","","","E1a/validated data AQ e-Reporting","18/03/2023 21:08:58","http://fme.discomap.eea.europa.eu/fmedatastreaming/AirQualityDownload/AQData_Extract.fmw?CountryCode=BE&CityName=&Pollutant=5014&Year_from=2016&Year_to=2016&Station=STA-BEMN100&Samplingpoint=&Source=E1a&Output=HTML&UpdateDate="
"Belgium","NET-Wallonia","Wallonia","BETN085","43N085 - VIELSALM","SPO-BETN085_00010_100","CO","Carbon monoxide (air)","P1Y-8hdmxAbove10","1 year daymax exceed 10","2016","0.000","count","98.36","1","Background","Rural","6.0017","50.3032","490.0","","","","E1a/validated data AQ e-Reporting","18/03/2023 22:27:43","http://fme.discomap.eea.europa.eu/fmedatastreaming/AirQualityDownload/AQData_Extract.fmw?CountryCode=BE&CityName=&Pollutant=10&Year_from=2016&Year_to=2016&Station=STA-BETN085&Samplingpoint=&Source=E1a&Output=HTML&UpdateDate="
"Belgium","NET-Flanders","Flanders","BETR834","42R834 - Boom","SPO-BETR834_00008_100","NO2","Nitrogen dioxide (air)","P1Y-day-per50","1 year 50 %ile of daily values in a year","2016","20.333","ug/m3","98.91","1","Background","Suburban","4.3801","51.0920","0.0","","","","E1a/validated data AQ e-Reporting","18/03/2023 22:14:21","http://fme.discomap.eea.europa.eu/fmedatastreaming/AirQualityDownload/AQData_Extract.fmw?CountryCode=BE&CityName=&Pollutant=8&Year_from=2016&Year_to=2016&Station=STA-BETR834&Samplingpoint=&Source=E1a&Output=HTML&UpdateDate="
"Belgium","NET-Wallonia","Wallonia","BETR221","43R221 - LIEGE","SPO-BETR221_06001_100","PM2.5","Particulate matter < 2.5 µm (aerosol)","P1Y-hr-min","1 year hour min","2016","0.000","ug/m3","99.48","1","Background","Urban","5.6278","50.6584","65.0","Liège                                                                           ","BE005C1                                           ","383700","E1a/validated data AQ e-Reporting","18/03/2023 22:31:20","http://fme.discomap.eea.europa.eu/fmedatastreaming/AirQualityDownload/AQData_Extract.fmw?CountryCode=BE&CityName=&Pollutant=6001&Year_from=2016&Year_to=2016&Station=STA-BETR221&Samplingpoint=&Source=E1a&Output=HTML&UpdateDate="
"Belgium","NET-Flanders","Flanders","BETR750","44R750 - ZELZATE","SPO-BETR750_06001_100","PM2.5","Particulate matter < 2.5 µm (aerosol)","P1Y-day-max","1 year day max","2016","56.292","ug/m3","98.36","1","Industrial","Rural","3.8229","51.1961","6.0","","","","E1a/validated data AQ e-Reporting","18/03/2023 21:43:22","http://fme.discomap.eea.europa.eu/fmedatastreaming/AirQualityDownload/AQData_Extract.fmw?CountryCode=BE&CityName=&Pollutant=6001&Year_from=2016&Year_to=2016&Station=STA-BETR750&Samplingpoint=&Source=E1a&Output=HTML&UpdateDate="
"Belgium","NET-Wallonia","Wallonia","BETR221","43R221 - LIEGE","SPO-BETR221_00008_100","NO2","Nitrogen dioxide (air)","P1Y-hr-min","1 year hour min","2016","1.000","ug/m3","97.02","1","Background","Urban","5.6278","50.6584","65.0","Liège                                                                           ","BE005C1                                           ","383700","E1a/validated data AQ e-Reporting","18/03/2023 22:31:20","http://fme.discomap.eea.europa.eu/fmedatastreaming/AirQualityDownload/AQData_Extract.fmw?CountryCode=BE&CityName=&Pollutant=8&Year_from=2016&Year_to=2016&Station=STA-BETR221&Samplingpoint=&Source=E1a&Output=HTML&UpdateDate="
"Belgium","NET-Wallonia","Wallonia","BETR240","43R240 - ENGIS","SPO-BETR240_00007_100","O3","Ozone (air)","P1Y-hrsAbove180","1 year hour exceed 180","2016","6.000","count","92.82","1","Industrial","Suburban","5.3975","50.5836","135.0","","","","E1a/validated data AQ e-Reporting","18/03/2023 21:46:37","http://fme.discomap.eea.europa.eu/fmedatastreaming/AirQualityDownload/AQData_Extract.fmw?CountryCode=BE&CityName=&Pollutant=7&Year_from=2016&Year_to=2016&Station=STA-BETR240&Samplingpoint=&Source=E1a&Output=HTML&UpdateDate="
"Belgium","NET-Wallonia","Wallonia","BETR240","43R240 - ENGIS","SPO-BETR240_00007_100","O3","Ozone (air)","P1Y-maxP6M-P8H-dmax","Yearly highest six monthly average of daily maximum 8-hour mean concentration","2016","78.118","ug/m3","100.00","1","Industrial","Suburban","5.3975","50.5836","135.0","","","","E1a/validated data AQ e-Reporting","18/03/2023 22:58:54","http://fme.discomap.eea.europa.eu/fmedatastreaming/AirQualityDownload/AQData_Extract.fmw?CountryCode=BE&CityName=&Pollutant=7&Year_from=2016&Year_to=2016&Station=STA-BETR240&Samplingpoint=&Source=E1a&Output=HTML&UpdateDate="
"Belgium","NET-Wallonia","Wallonia","BETR501","45R501 - CHARLEROI","SPO-BETR501_00008_100","NO2","Nitrogen dioxide (air)","P1Y-day-per50","1 year 50 %ile of daily values in a year","2016","28.848","ug/m3","99.73","1","Background","Urban","4.4522","50.4093","115.0","Charleroi                                                                       ","BE004C1                                           ","203314","E1a/validated data AQ e-Reporting","18/03/2023 22:14:21","http://fme.discomap.eea.europa.eu/fmedatastreaming/AirQualityDownload/AQData_Extract.fmw?CountryCode=BE&CityName=&Pollutant=8&Year_from=2016&Year_to=2016&Station=STA-BETR501&Samplingpoint=&Source=E1a&Output=HTML&UpdateDate="
"Belgium","NET-Wallonia","Wallonia","BETR501","45R501 - CHARLEROI","SPO-BETR501_00010_100","CO","Carbon monoxide (air)","P1Y","Annual mean / 1 calendar year","2016","0.254","mg/m3","96.53","1","Background","Urban","4.4522","50.4093","115.0","Charleroi                                                                       ","BE004C1                                           ","203314","E1a/validated data AQ e-Reporting","18/03/2023 21:08:58","http://fme.discomap.eea.europa.eu/fmedatastreaming/AirQualityDownload/AQData_Extract.fmw?CountryCode=BE&CityName=&Pollutant=10&Year_from=2016&Year_to=2016&Station=STA-BETR501&Samplingpoint=&Source=E1a&Output=HTML&UpdateDate="
"Belgium","NET-Wallonia","Wallonia","BETN067","43N067 - MEMBACH","SPO-BETN067_06001_100","PM2.5","Particulate matter < 2.5 µm (aerosol)","P1Y-day-min","1 year day min","2016","0.000","ug/m3","100.00","1","Background","Suburban","5.9928","50.6123","0.0","","","","E1a/validated data AQ e-Reporting","18/03/2023 21:55:29","http://fme.discomap.eea.europa.eu/fmedatastreaming/AirQualityDownload/AQData_Extract.fmw?CountryCode=BE&CityName=&Pollutant=6001&Year_from=2016&Year_to=2016&Station=STA-BETN067&Samplingpoint=&Source=E1a&Output=HTML&UpdateDate="
"Belgium","NET-Wallonia","Wallonia","BEVN085","50N085 - VIELSALM","SPO-BEVN085_00450_100","H3C-CH2-CH(CH3)2","i-Pentane (2-methylbutane) (air)","P1Y","Annual mean / 1 calendar year","2016","0.000","ug/m3","47.27","1","Background","Rural","6.0017","50.3032","490.0","","","","E1a/validated data AQ e-Reporting","18/03/2023 21:08:58","http://fme.discomap.eea.europa.eu/fmedatastreaming/AirQualityDownload/AQData_Extract.fmw?CountryCode=BE&CityName=&Pollutant=450&Year_from=2016&Year_to=2016&Station=STA-BEVN085&Samplingpoint=&Source=E1a&Output=HTML&UpdateDate="
"Belgium","NET-Wallonia","Wallonia","BETN100","43N100 - DOURBES","SPO-BETN100_00007_100","O3","Ozone (air)","P1Y-dx-max26","1 year daymax max 26","2016","106.875","ug/m3","98.09","1","Background","Rural","4.5948","50.0957","225.0","","","","E1a/validated data AQ e-Reporting","18/03/2023 22:32:17","http://fme.discomap.eea.europa.eu/fmedatastreaming/AirQualityDownload/AQData_Extract.fmw?CountryCode=BE&CityName=&Pollutant=7&Year_from=2016&Year_to=2016&Station=STA-BETN100&Samplingpoint=&Source=E1a&Output=HTML&UpdateDate="
"Belgium","NET-Wallonia","Wallonia","BETN100","43N100 - DOURBES","SPO-BETN100_00007_100","O3","Ozone (air)","SOMO10","Sum of Ozone Means Over 10 ppb","2016","18057.332","ug/m3","98.09","1","Background","Rural","4.5948","50.0957","225.0","","","","E1a/validated data AQ e-Reporting","18/03/2023 22:59:50","http://fme.discomap.eea.europa.eu/fmedatastreaming/AirQualityDownload/AQData_Extract.fmw?CountryCode=BE&CityName=&Pollutant=7&Year_from=2016&Year_to=2016&Station=STA-BETN100&Samplingpoint=&Source=E1a&Output=HTML&UpdateDate="
"Belgium","NET-Wallonia","Wallonia","BEVN093","50N093 - SINSIN","SPO-BEVN093_00451_100","CH2=CH-C(CH3)=CH2","Isoprene (2-methyl-1,3-butadiene) (air)","P1Y","Annual mean / 1 calendar year","2016","0.000","ug/m3","42.35","1","Background","Rural","5.2352","50.2745","265.0","","","","E1a/validated data AQ e-Reporting","18/03/2023 21:08:58","http://fme.discomap.eea.europa.eu/fmedatastreaming/AirQualityDownload/AQData_Extract.fmw?CountryCode=BE&CityName=&Pollutant=451&Year_from=2016&Year_to=2016&Station=STA-BEVN093&Samplingpoint=&Source=E1a&Output=HTML&UpdateDate="
"Belgium","NET-Wallonia","Wallonia","BEVN100","50N100 - DOURBES","SPO-BEVN100_00394_100","H3C-CH2-CH2-CH3","n-Butane (air)","P1Y","Annual mean / 1 calendar year","2016","0.001","ug/m3","48.36","1","Background","Rural","4.5948","50.0957","225.0","","","","E1a/validated data AQ e-Reporting","18/03/2023 21:08:58","http://fme.discomap.eea.europa.eu/fmedatastreaming/AirQualityDownload/AQData_Extract.fmw?CountryCode=BE&CityName=&Pollutant=394&Year_from=2016&Year_to=2016&Station=STA-BEVN100&Samplingpoint=&Source=E1a&Output=HTML&UpdateDate="
"Belgium","NET-Wallonia","Wallonia","BETN060","43N060 - HAVINNES","SPO-BETN060_00001_100","SO2","Sulphur dioxide (air)","P1Y-day-min","1 year day min","2016","0.000","ug/m3","97.81","1","Background","Rural","3.4576","50.6167","0.0","","","","E1a/validated data AQ e-Reporting","18/03/2023 21:54:56","http://fme.discomap.eea.europa.eu/fmedatastreaming/AirQualityDownload/AQData_Extract.fmw?CountryCode=BE&CityName=&Pollutant=1&Year_from=2016&Year_to=2016&Station=STA-BETN060&Samplingpoint=&Source=E1a&Output=HTML&UpdateDate="
"Belgium","NET-Wallonia","Wallonia","BETN100","43N100 - DOURBES","SPO-BETN100_06001_100","PM2.5","Particulate matter < 2.5 µm (aerosol)","P1Y-day-max","1 year day max","2016","42.784","ug/m3","99.73","1","Background","Rural","4.5948","50.0957","225.0","","","","E1a/validated data AQ e-Reporting","18/03/2023 21:43:22","http://fme.discomap.eea.europa.eu/fmedatastreaming/AirQualityDownload/AQData_Extract.fmw?CountryCode=BE&CityName=&Pollutant=6001&Year_from=2016&Year_to=2016&Station=STA-BETN100&Samplingpoint=&Source=E1a&Output=HTML&UpdateDate="
"Belgium","NET-Wallonia","Wallonia","BETN060","43N060 - HAVINNES","SPO-BETN060_00005_100","PM10","Particulate matter < 10 µm (aerosol)","P1Y-hr-per50","1 year 50 percentile","2016","15.771","ug/m3","99.59","1","Background","Rural","3.4576","50.6167","0.0","","","","E1a/validated data AQ e-Reporting","18/03/2023 22:05:49","http://fme.discomap.eea.europa.eu/fmedatastreaming/AirQualityDownload/AQData_Extract.fmw?CountryCode=BE&CityName=&Pollutant=5&Year_from=2016&Year_to=2016&Station=STA-BETN060&Samplingpoint=&Source=E1a&Output=HTML&UpdateDate="
"Belgium","NET-Wallonia","Wallonia","BETN113","43N113 - SAINT-ODE","SPO-BETN113_06001_100","PM2.5","Particulate matter < 2.5 µm (aerosol)","P1Y-P1D-per99","1 year 99 percentile of daily means (P1D) or .../aq/primaryObservation/day","2016","28.017","ug/m3","92.08","1","Background","Rural","5.5930","50.0270","510.0","","","","E1a/validated data AQ e-Reporting","18/03/2023 22:10:03","http://fme.discomap.eea.europa.eu/fmedatastreaming/AirQualityDownload/AQData_Extract.fmw?CountryCode=BE&CityName=&Pollutant=6001&Year_from=2016&Year_to=2016&Station=STA-BETN113&Samplingpoint=&Source=E1a&Output=HTML&UpdateDate="
"Belgium","NET-Wallonia","Wallonia","BEVN093","50N093 - SINSIN","SPO-BEVN093_00464_100","m,p-C6H4(CH3)2","m,p-Xylene (air)","P1Y","Annual mean / 1 calendar year","2016","0.000","ug/m3","42.35","1","Background","Rural","5.2352","50.2745","265.0","","","","E1a/validated data AQ e-Reporting","18/03/2023 21:08:58","http://fme.discomap.eea.europa.eu/fmedatastreaming/AirQualityDownload/AQData_Extract.fmw?CountryCode=BE&CityName=&Pollutant=464&Year_from=2016&Year_to=2016&Station=STA-BEVN093&Samplingpoint=&Source=E1a&Output=HTML&UpdateDate="
"Belgium","NET-Wallonia","Wallonia","BETN132","43N132 - HABAY-LA-N.","SPO-BETN132_00005_100","PM10","Particulate matter < 10 µm (aerosol)","P1Y","Annual mean / 1 calendar year","2016","12.649","ug/m3","99.34","1","Background","Rural","5.6304","49.7193","375.0","","","","E1a/validated data AQ e-Reporting","18/03/2023 21:08:58","http://fme.discomap.eea.europa.eu/fmedatastreaming/AirQualityDownload/AQData_Extract.fmw?CountryCode=BE&CityName=&Pollutant=5&Year_from=2016&Year_to=2016&Station=STA-BETN132&Samplingpoint=&Source=E1a&Output=HTML&UpdateDate="
"Belgium","NET-Wallonia","Wallonia","BETN073","43N073 - VEZIN","SPO-BETN073_00005_100","PM10","Particulate matter < 10 µm (aerosol)","P1Y-P1D-per90.4","1 year 90.4 percentile - COMPLIANCE","2016","28.479","ug/m3","100.00","1","Background","Rural","4.9884","50.5027","160.0","","","","E1a/validated data AQ e-Reporting","18/03/2023 22:08:35","http://fme.discomap.eea.europa.eu/fmedatastreaming/AirQualityDownload/AQData_Extract.fmw?CountryCode=BE&CityName=&Pollutant=5&Year_from=2016&Year_to=2016&Station=STA-BETN073&Samplingpoint=&Source=E1a&Output=HTML&UpdateDate="
"Belgium","NET-Wallonia","Wallonia","BETR512","45R512 - MARCHIENNE","SPO-BETR512_00010_100","CO","Carbon monoxide (air)","P1Y-P1D-per99","1 year 99 percentile of daily means (P1D) or .../aq/primaryObservation/day","2016","0.660","mg/m3","100.00","1","Industrial","Suburban","4.3959","50.4078","107.0","Charleroi                                                                       ","BE004C1                                           ","203314","E1a/validated data AQ e-Reporting","18/03/2023 22:11:26","http://fme.discomap.eea.europa.eu/fmedatastreaming/AirQualityDownload/AQData_Extract.fmw?CountryCode=BE&CityName=&Pollutant=10&Year_from=2016&Year_to=2016&Station=STA-BETR512&Samplingpoint=&Source=E1a&Output=HTML&UpdateDate="
"Belgium","NET-Wallonia","Wallonia","BETN073","43N073 - VEZIN","SPO-BETN073_00007_100","O3","Ozone (air)","P1Y-hr-min","1 year hour min","2016","1.000","ug/m3","96.08","1","Background","Rural","4.9884","50.5027","160.0","","","","E1a/validated data AQ e-Reporting","18/03/2023 22:31:20","http://fme.discomap.eea.europa.eu/fmedatastreaming/AirQualityDownload/AQData_Extract.fmw?CountryCode=BE&CityName=&Pollutant=7&Year_from=2016&Year_to=2016&Station=STA-BETN073&Samplingpoint=&Source=E1a&Output=HTML&UpdateDate="
"Belgium","NET-Wallonia","Wallonia","BETN073","43N073 - VEZIN","SPO-BETN073_00007_100","O3","Ozone (air)","P1Y-hrsAbove240","1 year hour exceed 240","2016","0.000","count","96.08","1","Background","Rural","4.9884","50.5027","160.0","","","","E1a/validated data AQ e-Reporting","18/03/2023 21:50:25","http://fme.discomap.eea.europa.eu/fmedatastreaming/AirQualityDownload/AQData_Extract.fmw?CountryCode=BE&CityName=&Pollutant=7&Year_from=2016&Year_to=2016&Station=STA-BETN073&Samplingpoint=&Source=E1a&Output=HTML&UpdateDate="
"Belgium","NET-Wallonia","Wallonia","BETN093","43N093 - SINSIN","SPO-BETN093_00001_100","SO2","Sulphur dioxide (air)","P1Y-P1D-per99","1 year 99 percentile of daily means (P1D) or .../aq/primaryObservation/day","2016","2.000","ug/m3","96.17","1","Background","Rural","5.2352","50.2745","265.0","","","","E1a/validated data AQ e-Reporting","18/03/2023 22:11:00","http://fme.discomap.eea.europa.eu/fmedatastreaming/AirQualityDownload/AQData_Extract.fmw?CountryCode=BE&CityName=&Pollutant=1&Year_from=2016&Year_to=2016&Station=STA-BETN093&Samplingpoint=&Source=E1a&Output=HTML&UpdateDate="
"Belgium","NET-Wallonia","Wallonia","BETR511","45R511 - MARCINELLE","SPO-BETR511_06001_100","PM2.5","Particulate matter < 2.5 µm (aerosol)","P1Y-P1D-per99","1 year 99 percentile of daily means (P1D) or .../aq/primaryObservation/day","2016","38.412","ug/m3","96.99","1","Background","Suburban","4.4247","50.3776","157.0","Charleroi                                                                       ","BE004C1                                           ","203314","E1a/validated data AQ e-Reporting","18/03/2023 22:10:03","http://fme.discomap.eea.europa.eu/fmedatastreaming/AirQualityDownload/AQData_Extract.fmw?CountryCode=BE&CityName=&Pollutant=6001&Year_from=2016&Year_to=2016&Station=STA-BETR511&Samplingpoint=&Source=E1a&Output=HTML&UpdateDate="
"Belgium","NET-Wallonia","Wallonia","BETR512","45R512 - MARCHIENNE","SPO-BETR512_00001_100","SO2","Sulphur dioxide (air)","P1Y-hrsAbove350","1 year hour exceed 350","2016","0.000","count","89.95","1","Industrial","Suburban","4.3959","50.4078","107.0","Charleroi                                                                       ","BE004C1                                           ","203314","E1a/validated data AQ e-Reporting","18/03/2023 21:52:12","http://fme.discomap.eea.europa.eu/fmedatastreaming/AirQualityDownload/AQData_Extract.fmw?CountryCode=BE&CityName=&Pollutant=1&Year_from=2016&Year_to=2016&Station=STA-BETR512&Samplingpoint=&Source=E1a&Output=HTML&UpdateDate="
"Belgium","NET-Wallonia","Wallonia","BETN093","43N093 - SINSIN","SPO-BETN093_00008_100","NO2","Nitrogen dioxide (air)","P1Y-hr-max19","1 year hour max19","2016","52.000","ug/m3","95.36","1","Background","Rural","5.2352","50.2745","265.0","","","","E1a/validated data AQ e-Reporting","18/03/2023 22:34:35","http://fme.discomap.eea.europa.eu/fmedatastreaming/AirQualityDownload/AQData_Extract.fmw?CountryCode=BE&CityName=&Pollutant=8&Year_from=2016&Year_to=2016&Station=STA-BETN093&Samplingpoint=&Source=E1a&Output=HTML&UpdateDate="
"Belgium","NET-Wallonia","Wallonia","BETN093","43N093 - SINSIN","SPO-BETN093_00009_100","NOX as NO2","Nitrogen oxides (air)","P1Y-hr-min","1 year hour min","2016","0.000","ug/m3","95.36","1","Background","Rural","5.2352","50.2745","265.0","","","","E1a/validated data AQ e-Reporting","18/03/2023 22:31:20","http://fme.discomap.eea.europa.eu/fmedatastreaming/AirQualityDownload/AQData_Extract.fmw?CountryCode=BE&CityName=&Pollutant=9&Year_from=2016&Year_to=2016&Station=STA-BETN093&Samplingpoint=&Source=E1a&Output=HTML&UpdateDate="
"Belgium","NET-Wallonia","Wallonia","BETR222","43R222 - SERAING","SPO-BETR222_00008_100","NO2","Nitrogen dioxide (air)","P1Y-hrsAbove200","1 year hour exceed 200","2016","0.000","count","93.59","1","Background","Suburban","5.5702","50.6134","65.0","Liège                                                                           ","BE005C1                                           ","383700","E1a/validated data AQ e-Reporting","18/03/2023 21:48:42","http://fme.discomap.eea.europa.eu/fmedatastreaming/AirQualityDownload/AQData_Extract.fmw?CountryCode=BE&CityName=&Pollutant=8&Year_from=2016&Year_to=2016&Station=STA-BETR222&Samplingpoint=&Source=E1a&Output=HTML&UpdateDate="
"Belgium","NET-Wallonia","Wallonia","BETR512","45R512 - MARCHIENNE","SPO-BETR512_00010_100","CO","Carbon monoxide (air)","P1Y","Annual mean / 1 calendar year","2016","0.238","mg/m3","97.50","1","Industrial","Suburban","4.3959","50.4078","107.0","Charleroi                                                                       ","BE004C1                                           ","203314","E1a/validated data AQ e-Reporting","18/03/2023 21:08:58","http://fme.discomap.eea.europa.eu/fmedatastreaming/AirQualityDownload/AQData_Extract.fmw?CountryCode=BE&CityName=&Pollutant=10&Year_from=2016&Year_to=2016&Station=STA-BETR512&Samplingpoint=&Source=E1a&Output=HTML&UpdateDate="
"Belgium","NET-Wallonia","Wallonia","BETR512","45R512 - MARCHIENNE","SPO-BETR512_06001_100","PM2.5","Particulate matter < 2.5 µm (aerosol)","P1Y","Annual mean / 1 calendar year","2016","13.743","ug/m3","99.27","1","Industrial","Suburban","4.3959","50.4078","107.0","Charleroi                                                                       ","BE004C1                                           ","203314","E1a/validated data AQ e-Reporting","18/03/2023 21:08:58","http://fme.discomap.eea.europa.eu/fmedatastreaming/AirQualityDownload/AQData_Extract.fmw?CountryCode=BE&CityName=&Pollutant=6001&Year_from=2016&Year_to=2016&Station=STA-BETR512&Samplingpoint=&Source=E1a&Output=HTML&UpdateDate="
"Belgium","NET-Wallonia","Wallonia","BEVN063","50N063 - CORROY L.G.","SPO-BEVN063_00451_100","CH2=CH-C(CH3)=CH2","Isoprene (2-methyl-1,3-butadiene) (air)","P1Y","Annual mean / 1 calendar year","2016","0.000","ug/m3","46.72","1","Background","Rural","4.6683","50.6554","145.0","","","","E1a/validated data AQ e-Reporting","18/03/2023 21:08:58","http://fme.discomap.eea.europa.eu/fmedatastreaming/AirQualityDownload/AQData_Extract.fmw?CountryCode=BE&CityName=&Pollutant=451&Year_from=2016&Year_to=2016&Station=STA-BEVN063&Samplingpoint=&Source=E1a&Output=HTML&UpdateDate="
"Belgium","NET-Wallonia","Wallonia","BEVMOU1","5MOU01 - MOUSCRON","SPO-BEVMOU1_00450_100","H3C-CH2-CH(CH3)2","i-Pentane (2-methylbutane) (air)","P1Y","Annual mean / 1 calendar year","2016","0.001","ug/m3","49.73","1","Industrial","Suburban","3.2414","50.7532","42.0","Mouscron                                                                        ","BE013C1                                           ","58862","E1a/validated data AQ e-Reporting","18/03/2023 21:08:58","http://fme.discomap.eea.europa.eu/fmedatastreaming/AirQualityDownload/AQData_Extract.fmw?CountryCode=BE&CityName=&Pollutant=450&Year_from=2016&Year_to=2016&Station=STA-BEVMOU1&Samplingpoint=&Source=E1a&Output=HTML&UpdateDate="
"Belgium","NET-Wallonia","Wallonia","BETR501","45R501 - CHARLEROI","SPO-BETR501_00005_100","PM10","Particulate matter < 10 µm (aerosol)","P1Y-day-per50","1 year 50 %ile of daily values in a year","2016","19.500","ug/m3","100.00","1","Background","Urban","4.4522","50.4093","115.0","Charleroi                                                                       ","BE004C1                                           ","203314","E1a/validated data AQ e-Reporting","18/03/2023 22:08:05","http://fme.discomap.eea.europa.eu/fmedatastreaming/AirQualityDownload/AQData_Extract.fmw?CountryCode=BE&CityName=&Pollutant=5&Year_from=2016&Year_to=2016&Station=STA-BETR501&Samplingpoint=&Source=E1a&Output=HTML&UpdateDate="
"Belgium","NET-Wallonia","Wallonia","BETR501","45R501 - CHARLEROI","SPO-BETR501_00008_100","NO2","Nitrogen dioxide (air)","P1Y-day-max","1 year day max","2016","81.522","ug/m3","99.73","1","Background","Urban","4.4522","50.4093","115.0","Charleroi                                                                       ","BE004C1                                           ","203314","E1a/validated data AQ e-Reporting","18/03/2023 21:43:56","http://fme.discomap.eea.europa.eu/fmedatastreaming/AirQualityDownload/AQData_Extract.fmw?CountryCode=BE&CityName=&Pollutant=8&Year_from=2016&Year_to=2016&Station=STA-BETR501&Samplingpoint=&Source=E1a&Output=HTML&UpdateDate="
"Belgium","NET-Wallonia","Wallonia","BEVR522","50R222 - SERAING","SPO-BEVR522_00431_100","C6H5-C2H5","Ethyl benzene (air)","P1Y","Annual mean / 1 calendar year","2016","0.000","ug/m3","47.81","1","Background","Suburban","5.5713","50.6105","62.0","Liège                                                                           ","BE005C1                                           ","383700","E1a/validated data AQ e-Reporting","18/03/2023 21:08:58","http://fme.discomap.eea.europa.eu/fmedatastreaming/AirQualityDownload/AQData_Extract.fmw?CountryCode=BE&CityName=&Pollutant=431&Year_from=2016&Year_to=2016&Station=STA-BEVR522&Samplingpoint=&Source=E1a&Output=HTML&UpdateDate="
"Belgium","NET-Wallonia","Wallonia","BEVR522","50R222 - SERAING","SPO-BEVR522_00443_100","C6H14","n-Hexane (air)","P1Y","Annual mean / 1 calendar year","2016","0.000","ug/m3","47.81","1","Background","Suburban","5.5713","50.6105","62.0","Liège                                                                           ","BE005C1                                           ","383700","E1a/validated data AQ e-Reporting","18/03/2023 21:08:58","http://fme.discomap.eea.europa.eu/fmedatastreaming/AirQualityDownload/AQData_Extract.fmw?CountryCode=BE&CityName=&Pollutant=443&Year_from=2016&Year_to=2016&Station=STA-BEVR522&Samplingpoint=&Source=E1a&Output=HTML&UpdateDate="
"Belgium","NET-Wallonia","Wallonia","BETN132","43N132 - HABAY-LA-N.","SPO-BETN132_00008_100","NO2","Nitrogen dioxide (air)","P3Y","3 subsequent calendar years mean","2016","9.392","ug/m3","97.10","1","Background","Rural","5.6304","49.7193","375.0","","","","E1a/validated data AQ e-Reporting","18/03/2023 21:36:00","http://fme.discomap.eea.europa.eu/fmedatastreaming/AirQualityDownload/AQData_Extract.fmw?CountryCode=BE&CityName=&Pollutant=8&Year_from=2016&Year_to=2016&Station=STA-BETN132&Samplingpoint=&Source=E1a&Output=HTML&UpdateDate="
"Belgium","NET-Wallonia","Wallonia","BETN070","43N070 - MONS","SPO-BETN070_00001_100","SO2","Sulphur dioxide (air)","P1Y-day-max-per99.18","1 year 99.18 percentile of daily maximum","2016","3.000","ug/m3","100.00","1","Background","Suburban","3.9397","50.4652","30.0","Mons                                                                            ","BE009C1                                           ","95922","E1a/validated data AQ e-Reporting","18/03/2023 22:12:16","http://fme.discomap.eea.europa.eu/fmedatastreaming/AirQualityDownload/AQData_Extract.fmw?CountryCode=BE&CityName=&Pollutant=1&Year_from=2016&Year_to=2016&Station=STA-BETN070&Samplingpoint=&Source=E1a&Output=HTML&UpdateDate="
"Belgium","NET-Wallonia","Wallonia","BEVN113","50N113 - SAINT-ODE","SPO-BEVN113_00431_100","C6H5-C2H5","Ethyl benzene (air)","P1Y","Annual mean / 1 calendar year","2016","0.000","ug/m3","42.62","1","Background","Rural","5.5930","50.0270","510.0","","","","E1a/validated data AQ e-Reporting","18/03/2023 21:08:58","http://fme.discomap.eea.europa.eu/fmedatastreaming/AirQualityDownload/AQData_Extract.fmw?CountryCode=BE&CityName=&Pollutant=431&Year_from=2016&Year_to=2016&Station=STA-BEVN113&Samplingpoint=&Source=E1a&Output=HTML&UpdateDate="
"Belgium","NET-Wallonia","Wallonia","BETR222","43R222 - SERAING","SPO-BETR222_00001_100","SO2","Sulphur dioxide (air)","P1Y-hr-min","1 year hour min","2016","0.000","ug/m3","90.63","1","Background","Suburban","5.5702","50.6134","65.0","Liège                                                                           ","BE005C1                                           ","383700","E1a/validated data AQ e-Reporting","18/03/2023 22:31:20","http://fme.discomap.eea.europa.eu/fmedatastreaming/AirQualityDownload/AQData_Extract.fmw?CountryCode=BE&CityName=&Pollutant=1&Year_from=2016&Year_to=2016&Station=STA-BETR222&Samplingpoint=&Source=E1a&Output=HTML&UpdateDate="
"Belgium","NET-Wallonia","Wallonia","BETR221","43R221 - LIEGE","SPO-BETR221_00005_100","PM10","Particulate matter < 10 µm (aerosol)","P1Y-P1D-per99","1 year 99 percentile of daily means (P1D) or .../aq/primaryObservation/day","2016","59.667","ug/m3","100.00","1","Background","Urban","5.6278","50.6584","65.0","Liège                                                                           ","BE005C1                                           ","383700","E1a/validated data AQ e-Reporting","18/03/2023 22:09:38","http://fme.discomap.eea.europa.eu/fmedatastreaming/AirQualityDownload/AQData_Extract.fmw?CountryCode=BE&CityName=&Pollutant=5&Year_from=2016&Year_to=2016&Station=STA-BETR221&Samplingpoint=&Source=E1a&Output=HTML&UpdateDate="
"Belgium","NET-Wallonia","Wallonia","BETN070","43N070 - MONS","SPO-BETN070_00007_100","O3","Ozone (air)","P1Y-hr-per50","1 year 50 percentile","2016","30.000","ug/m3","96.33","1","Background","Suburban","3.9397","50.4652","30.0","Mons                                                                            ","BE009C1                                           ","95922","E1a/validated data AQ e-Reporting","18/03/2023 22:05:49","http://fme.discomap.eea.europa.eu/fmedatastreaming/AirQualityDownload/AQData_Extract.fmw?CountryCode=BE&CityName=&Pollutant=7&Year_from=2016&Year_to=2016&Station=STA-BETN070&Samplingpoint=&Source=E1a&Output=HTML&UpdateDate="
"Belgium","NET-Wallonia","Wallonia","BEVN132","50N132 - HABAY-LA-N.","SPO-BEVN132_06013_100","1,3,5-C6H3(CH3)3","1,3,5-Trimethylbenzene (air)","P1Y","Annual mean / 1 calendar year","2016","0.000","ug/m3","47.27","1","Background","Rural","5.6304","49.7193","375.0","","","","E1a/validated data AQ e-Reporting","18/03/2023 21:08:58","http://fme.discomap.eea.europa.eu/fmedatastreaming/AirQualityDownload/AQData_Extract.fmw?CountryCode=BE&CityName=&Pollutant=6013&Year_from=2016&Year_to=2016&Station=STA-BEVN132&Samplingpoint=&Source=E1a&Output=HTML&UpdateDate="
"Belgium","NET-Wallonia","Wallonia","BETR501","45R501 - CHARLEROI","SPO-BETR501_00008_100","NO2","Nitrogen dioxide (air)","P1Y","Annual mean / 1 calendar year","2016","30.758","ug/m3","97.37","1","Background","Urban","4.4522","50.4093","115.0","Charleroi                                                                       ","BE004C1                                           ","203314","E1a/validated data AQ e-Reporting","18/03/2023 21:08:58","http://fme.discomap.eea.europa.eu/fmedatastreaming/AirQualityDownload/AQData_Extract.fmw?CountryCode=BE&CityName=&Pollutant=8&Year_from=2016&Year_to=2016&Station=STA-BETR501&Samplingpoint=&Source=E1a&Output=HTML&UpdateDate="
"Belgium","NET-Wallonia","Wallonia","BETN121","43N121 - OFFAGNE","SPO-BETN121_00009_100","NOX as NO2","Nitrogen oxides (air)","P1Y","Annual mean / 1 calendar year","2016","8.119","ug/m3","97.02","1","Background","Rural","5.2024","49.8771","430.0","","","","E1a/validated data AQ e-Reporting","18/03/2023 21:08:58","http://fme.discomap.eea.europa.eu/fmedatastreaming/AirQualityDownload/AQData_Extract.fmw?CountryCode=BE&CityName=&Pollutant=9&Year_from=2016&Year_to=2016&Station=STA-BETN121&Samplingpoint=&Source=E1a&Output=HTML&UpdateDate="
"Belgium","NET-Wallonia","Wallonia","BETN063","43N063 - CORROY L.G.","SPO-BETN063_00001_100","SO2","Sulphur dioxide (air)","P1Y-day-max","1 year day max","2016","3.727","ug/m3","95.08","1","Background","Rural","4.6683","50.6554","145.0","","","","E1a/validated data AQ e-Reporting","18/03/2023 21:42:48","http://fme.discomap.eea.europa.eu/fmedatastreaming/AirQualityDownload/AQData_Extract.fmw?CountryCode=BE&CityName=&Pollutant=1&Year_from=2016&Year_to=2016&Station=STA-BETN063&Samplingpoint=&Source=E1a&Output=HTML&UpdateDate="
"Belgium","NET-Wallonia","Wallonia","BETN132","43N132 - HABAY-LA-N.","SPO-BETN132_00005_100","PM10","Particulate matter < 10 µm (aerosol)","P1Y-P1D-per99","1 year 99 percentile of daily means (P1D) or .../aq/primaryObservation/day","2016","34.334","ug/m3","99.45","1","Background","Rural","5.6304","49.7193","375.0","","","","E1a/validated data AQ e-Reporting","18/03/2023 22:09:38","http://fme.discomap.eea.europa.eu/fmedatastreaming/AirQualityDownload/AQData_Extract.fmw?CountryCode=BE&CityName=&Pollutant=5&Year_from=2016&Year_to=2016&Station=STA-BETN132&Samplingpoint=&Source=E1a&Output=HTML&UpdateDate="
"Belgium","NET-Wallonia","Wallonia","BETN063","43N063 - CORROY L.G.","SPO-BETN063_00007_100","O3","Ozone (air)","AOT40c","AOT40 vegetation protection","2016","6592.989","ug/m3","96.74","1","Background","Rural","4.6683","50.6554","145.0","","","","E1a/validated data AQ e-Reporting","18/03/2023 23:06:29","http://fme.discomap.eea.europa.eu/fmedatastreaming/AirQualityDownload/AQData_Extract.fmw?CountryCode=BE&CityName=&Pollutant=7&Year_from=2016&Year_to=2016&Station=STA-BETN063&Samplingpoint=&Source=E1a&Output=HTML&UpdateDate="
"Belgium","NET-Wallonia","Wallonia","BETN060","43N060 - HAVINNES","SPO-BETN060_00001_100","SO2","Sulphur dioxide (air)","P1Y-day-max","1 year day max","2016","5.435","ug/m3","97.81","1","Background","Rural","3.4576","50.6167","0.0","","","","E1a/validated data AQ e-Reporting","18/03/2023 21:42:48","http://fme.discomap.eea.europa.eu/fmedatastreaming/AirQualityDownload/AQData_Extract.fmw?CountryCode=BE&CityName=&Pollutant=1&Year_from=2016&Year_to=2016&Station=STA-BETN060&Samplingpoint=&Source=E1a&Output=HTML&UpdateDate="
"Belgium","NET-Wallonia","Wallonia","BETR502","45R502 - LODELINSART","SPO-BETR502_00005_100","PM10","Particulate matter < 10 µm (aerosol)","P1Y-day-max36","1 year day max 36","2016","36.396","ug/m3","100.00","1","Background","Suburban","4.4587","50.4290","135.0","Charleroi                                                                       ","BE004C1                                           ","203314","E1a/validated data AQ e-Reporting","18/03/2023 22:32:47","http://fme.discomap.eea.europa.eu/fmedatastreaming/AirQualityDownload/AQData_Extract.fmw?CountryCode=BE&CityName=&Pollutant=5&Year_from=2016&Year_to=2016&Station=STA-BETR502&Samplingpoint=&Source=E1a&Output=HTML&UpdateDate="
"Belgium","NET-Wallonia","Wallonia","BETR223","43R223 - JEMEPPE","SPO-BETR223_00001_100","SO2","Sulphur dioxide (air)","P1Y","Annual mean / 1 calendar year","2016","0.928","ug/m3","92.60","1","Industrial","Suburban","5.5164","50.6207","50.0","Liège                                                                           ","BE005C1                                           ","383700","E1a/validated data AQ e-Reporting","18/03/2023 21:08:58","http://fme.discomap.eea.europa.eu/fmedatastreaming/AirQualityDownload/AQData_Extract.fmw?CountryCode=BE&CityName=&Pollutant=1&Year_from=2016&Year_to=2016&Station=STA-BETR223&Samplingpoint=&Source=E1a&Output=HTML&UpdateDate="
"Belgium","NET-Wallonia","Wallonia","BEVR221","50R221 - LIEGE","SPO-BEVR221_06006_100","trans-H3C-CH=CH-CH3","trans-2-Butene (air)","P1Y","Annual mean / 1 calendar year","2016","0.000","ug/m3","45.63","1","Background","Urban","5.6278","50.6584","65.0","Liège                                                                           ","BE005C1                                           ","383700","E1a/validated data AQ e-Reporting","18/03/2023 21:08:58","http://fme.discomap.eea.europa.eu/fmedatastreaming/AirQualityDownload/AQData_Extract.fmw?CountryCode=BE&CityName=&Pollutant=6006&Year_from=2016&Year_to=2016&Station=STA-BEVR221&Samplingpoint=&Source=E1a&Output=HTML&UpdateDate="
"Belgium","NET-Wallonia","Wallonia","BEVMOU1","5MOU01 - MOUSCRON","SPO-BEVMOU1_00021_100","C6H5-CH3","Toluene (air)","P1Y","Annual mean / 1 calendar year","2016","0.002","ug/m3","49.73","1","Industrial","Suburban","3.2414","50.7532","42.0","Mouscron                                                                        ","BE013C1                                           ","58862","E1a/validated data AQ e-Reporting","18/03/2023 21:08:58","http://fme.discomap.eea.europa.eu/fmedatastreaming/AirQualityDownload/AQData_Extract.fmw?CountryCode=BE&CityName=&Pollutant=21&Year_from=2016&Year_to=2016&Station=STA-BEVMOU1&Samplingpoint=&Source=E1a&Output=HTML&UpdateDate="
"Belgium","NET-Wallonia","Wallonia","BEVN063","50N063 - CORROY L.G.","SPO-BEVN063_00020_100","C6H6","Benzene (air)","P1Y-day-per50","1 year 50 %ile of daily values in a year","2016","0.380","ug/m3","44.81","1","Background","Rural","4.6683","50.6554","145.0","","","","E1a/validated data AQ e-Reporting","18/03/2023 22:13:51","http://fme.discomap.eea.europa.eu/fmedatastreaming/AirQualityDownload/AQData_Extract.fmw?CountryCode=BE&CityName=&Pollutant=20&Year_from=2016&Year_to=2016&Station=STA-BEVN063&Samplingpoint=&Source=E1a&Output=HTML&UpdateDate="
"Belgium","NET-Wallonia","Wallonia","BETN093","43N093 - SINSIN","SPO-BETN093_00001_100","SO2","Sulphur dioxide (air)","P1Y-hr-min","1 year hour min","2016","0.000","ug/m3","94.90","1","Background","Rural","5.2352","50.2745","265.0","","","","E1a/validated data AQ e-Reporting","18/03/2023 22:31:20","http://fme.discomap.eea.europa.eu/fmedatastreaming/AirQualityDownload/AQData_Extract.fmw?CountryCode=BE&CityName=&Pollutant=1&Year_from=2016&Year_to=2016&Station=STA-BETN093&Samplingpoint=&Source=E1a&Output=HTML&UpdateDate="
"Belgium","NET-Wallonia","Wallonia","BEVN066","50N066 - EUPEN","SPO-BEVN066_00431_100","C6H5-C2H5","Ethyl benzene (air)","P1Y","Annual mean / 1 calendar year","2016","0.000","ug/m3","50.00","1","Background","Rural","6.0023","50.6289","295.0","","","","E1a/validated data AQ e-Reporting","18/03/2023 21:08:58","http://fme.discomap.eea.europa.eu/fmedatastreaming/AirQualityDownload/AQData_Extract.fmw?CountryCode=BE&CityName=&Pollutant=431&Year_from=2016&Year_to=2016&Station=STA-BEVN066&Samplingpoint=&Source=E1a&Output=HTML&UpdateDate="
"Belgium","NET-Wallonia","Wallonia","BETR221","43R221 - LIEGE","SPO-BETR221_00007_100","O3","Ozone (air)","AOT40c","AOT40 vegetation protection","2016","4522.254","ug/m3","96.47","1","Background","Urban","5.6278","50.6584","65.0","Liège                                                                           ","BE005C1                                           ","383700","E1a/validated data AQ e-Reporting","18/03/2023 23:06:29","http://fme.discomap.eea.europa.eu/fmedatastreaming/AirQualityDownload/AQData_Extract.fmw?CountryCode=BE&CityName=&Pollutant=7&Year_from=2016&Year_to=2016&Station=STA-BETR221&Samplingpoint=&Source=E1a&Output=HTML&UpdateDate="
"Belgium","NET-Wallonia","Wallonia","BETN100","43N100 - DOURBES","SPO-BETN100_00001_100","SO2","Sulphur dioxide (air)","P1Y-day-max4","1 year day max 4","2016","1.370","ug/m3","98.09","1","Background","Rural","4.5948","50.0957","225.0","","","","E1a/validated data AQ e-Reporting","18/03/2023 22:31:46","http://fme.discomap.eea.europa.eu/fmedatastreaming/AirQualityDownload/AQData_Extract.fmw?CountryCode=BE&CityName=&Pollutant=1&Year_from=2016&Year_to=2016&Station=STA-BETN100&Samplingpoint=&Source=E1a&Output=HTML&UpdateDate="
"Belgium","NET-Wallonia","Wallonia","BETR221","43R221 - LIEGE","SPO-BETR221_06001_100","PM2.5","Particulate matter < 2.5 µm (aerosol)","P1Y","Annual mean / 1 calendar year","2016","11.138","ug/m3","99.48","1","Background","Urban","5.6278","50.6584","65.0","Liège                                                                           ","BE005C1                                           ","383700","E1a/validated data AQ e-Reporting","18/03/2023 21:08:58","http://fme.discomap.eea.europa.eu/fmedatastreaming/AirQualityDownload/AQData_Extract.fmw?CountryCode=BE&CityName=&Pollutant=6001&Year_from=2016&Year_to=2016&Station=STA-BETR221&Samplingpoint=&Source=E1a&Output=HTML&UpdateDate="
"Belgium","NET-Wallonia","Wallonia","BETR510","45R510 - CHATELINEAU","SPO-BETR510_00001_100","SO2","Sulphur dioxide (air)","P1Y-P1D-per99","1 year 99 percentile of daily means (P1D) or .../aq/primaryObservation/day","2016","4.292","ug/m3","99.45","1","Background","Suburban","4.5211","50.4164","118.0","Charleroi                                                                       ","BE004C1                                           ","203314","E1a/validated data AQ e-Reporting","18/03/2023 22:11:00","http://fme.discomap.eea.europa.eu/fmedatastreaming/AirQualityDownload/AQData_Extract.fmw?CountryCode=BE&CityName=&Pollutant=1&Year_from=2016&Year_to=2016&Station=STA-BETR510&Samplingpoint=&Source=E1a&Output=HTML&UpdateDate="
"Belgium","NET-Wallonia","Wallonia","BETR510","45R510 - CHATELINEAU","SPO-BETR510_00005_100","PM10","Particulate matter < 10 µm (aerosol)","P1Y-day-min","1 year day min","2016","0.274","ug/m3","100.00","1","Background","Suburban","4.5211","50.4164","118.0","Charleroi                                                                       ","BE004C1                                           ","203314","E1a/validated data AQ e-Reporting","18/03/2023 21:55:13","http://fme.discomap.eea.europa.eu/fmedatastreaming/AirQualityDownload/AQData_Extract.fmw?CountryCode=BE&CityName=&Pollutant=5&Year_from=2016&Year_to=2016&Station=STA-BETR510&Samplingpoint=&Source=E1a&Output=HTML&UpdateDate="
"Belgium","NET-Flanders","Flanders","BEVLU11","59LU11 - LEUVEN","SPO-BEVLU11_00475_100","C8H18","n-Octane (air)","P1Y","Annual mean / 1 calendar year","2016","0.000","ug/m3","80.34","1","Background","Suburban","4.6911","50.8797","0.0","Leuven                                                                          ","BE008C1                                           ","101625","E1a/validated data AQ e-Reporting","18/03/2023 21:08:58","http://fme.discomap.eea.europa.eu/fmedatastreaming/AirQualityDownload/AQData_Extract.fmw?CountryCode=BE&CityName=&Pollutant=475&Year_from=2016&Year_to=2016&Station=STA-BEVLU11&Samplingpoint=&Source=E1a&Output=HTML&UpdateDate="
"Belgium","NET-Wallonia","Wallonia","BEVN132","50N132 - HABAY-LA-N.","SPO-BEVN132_00450_100","H3C-CH2-CH(CH3)2","i-Pentane (2-methylbutane) (air)","P1Y","Annual mean / 1 calendar year","2016","0.000","ug/m3","47.27","1","Background","Rural","5.6304","49.7193","375.0","","","","E1a/validated data AQ e-Reporting","18/03/2023 21:08:58","http://fme.discomap.eea.europa.eu/fmedatastreaming/AirQualityDownload/AQData_Extract.fmw?CountryCode=BE&CityName=&Pollutant=450&Year_from=2016&Year_to=2016&Station=STA-BEVN132&Samplingpoint=&Source=E1a&Output=HTML&UpdateDate="
"Belgium","NET-Wallonia","Wallonia","BETR502","45R502 - LODELINSART","SPO-BETR502_00008_100","NO2","Nitrogen dioxide (air)","P1Y-hr-max-per99.79","1 year 99.79 %ile of hourly values in a given year","2016","97.500","ug/m3","97.52","1","Background","Suburban","4.4587","50.4290","135.0","Charleroi                                                                       ","BE004C1                                           ","203314","E1a/validated data AQ e-Reporting","18/03/2023 22:07:35","http://fme.discomap.eea.europa.eu/fmedatastreaming/AirQualityDownload/AQData_Extract.fmw?CountryCode=BE&CityName=&Pollutant=8&Year_from=2016&Year_to=2016&Station=STA-BETR502&Samplingpoint=&Source=E1a&Output=HTML&UpdateDate="
"Belgium","NET-Wallonia","Wallonia","BETN132","43N132 - HABAY-LA-N.","SPO-BETN132_00010_100","CO","Carbon monoxide (air)","P1Y","Annual mean / 1 calendar year","2016","0.192","mg/m3","97.02","1","Background","Rural","5.6304","49.7193","375.0","","","","E1a/validated data AQ e-Reporting","18/03/2023 21:08:58","http://fme.discomap.eea.europa.eu/fmedatastreaming/AirQualityDownload/AQData_Extract.fmw?CountryCode=BE&CityName=&Pollutant=10&Year_from=2016&Year_to=2016&Station=STA-BETN132&Samplingpoint=&Source=E1a&Output=HTML&UpdateDate="
"Belgium","NET-Wallonia","Wallonia","BEVN093","50N093 - SINSIN","SPO-BEVN093_00024_100","CH2=CH-CH=CH2","1.3 Butadiene (air)","P1Y","Annual mean / 1 calendar year","2016","0.000","ug/m3","42.35","1","Background","Rural","5.2352","50.2745","265.0","","","","E1a/validated data AQ e-Reporting","18/03/2023 21:08:58","http://fme.discomap.eea.europa.eu/fmedatastreaming/AirQualityDownload/AQData_Extract.fmw?CountryCode=BE&CityName=&Pollutant=24&Year_from=2016&Year_to=2016&Station=STA-BEVN093&Samplingpoint=&Source=E1a&Output=HTML&UpdateDate="
"Belgium","NET-Wallonia","Wallonia","BEVR501","50R501 - CHARLEROI","SPO-BEVR501_00431_100","C6H5-C2H5","Ethyl benzene (air)","P1Y","Annual mean / 1 calendar year","2016","0.002","ug/m3","48.36","1","Background","Urban","4.4522","50.4093","115.0","Charleroi                                                                       ","BE004C1                                           ","203314","E1a/validated data AQ e-Reporting","18/03/2023 21:08:58","http://fme.discomap.eea.europa.eu/fmedatastreaming/AirQualityDownload/AQData_Extract.fmw?CountryCode=BE&CityName=&Pollutant=431&Year_from=2016&Year_to=2016&Station=STA-BEVR501&Samplingpoint=&Source=E1a&Output=HTML&UpdateDate="
"Belgium","NET-Wallonia","Wallonia","BEVN132","50N132 - HABAY-LA-N.","SPO-BEVN132_00316_100","(CH3)2-CH-CH2-CH2-CH3","i-Hexane (2-methylpentane) (air)","P1Y","Annual mean / 1 calendar year","2016","0.000","ug/m3","47.27","1","Background","Rural","5.6304","49.7193","375.0","","","","E1a/validated data AQ e-Reporting","18/03/2023 21:08:58","http://fme.discomap.eea.europa.eu/fmedatastreaming/AirQualityDownload/AQData_Extract.fmw?CountryCode=BE&CityName=&Pollutant=316&Year_from=2016&Year_to=2016&Station=STA-BEVN132&Samplingpoint=&Source=E1a&Output=HTML&UpdateDate="
"Belgium","NET-Wallonia","Wallonia","BEVN132","50N132 - HABAY-LA-N.","SPO-BEVN132_00486_100","H3C-(CH2)3-CH3","n-Pentane (air)","P1Y","Annual mean / 1 calendar year","2016","0.000","ug/m3","47.27","1","Background","Rural","5.6304","49.7193","375.0","","","","E1a/validated data AQ e-Reporting","18/03/2023 21:08:58","http://fme.discomap.eea.europa.eu/fmedatastreaming/AirQualityDownload/AQData_Extract.fmw?CountryCode=BE&CityName=&Pollutant=486&Year_from=2016&Year_to=2016&Station=STA-BEVN132&Samplingpoint=&Source=E1a&Output=HTML&UpdateDate="
"Belgium","NET-Wallonia","Wallonia","BEVN520","50N520 - PERUWELZ","SPO-BEVN520_00316_100","(CH3)2-CH-CH2-CH2-CH3","i-Hexane (2-methylpentane) (air)","P1Y","Annual mean / 1 calendar year","2016","0.000","ug/m3","48.09","1","Background","Suburban","3.5943","50.5055","30.0","","","","E1a/validated data AQ e-Reporting","18/03/2023 21:08:58","http://fme.discomap.eea.europa.eu/fmedatastreaming/AirQualityDownload/AQData_Extract.fmw?CountryCode=BE&CityName=&Pollutant=316&Year_from=2016&Year_to=2016&Station=STA-BEVN520&Samplingpoint=&Source=E1a&Output=HTML&UpdateDate="
"Belgium","NET-Wallonia","Wallonia","BETN063","43N063 - CORROY L.G.","SPO-BETN063_06001_100","PM2.5","Particulate matter < 2.5 µm (aerosol)","P1Y-hr-min","1 year hour min","2016","0.000","ug/m3","99.66","1","Background","Rural","4.6683","50.6554","145.0","","","","E1a/validated data AQ e-Reporting","18/03/2023 22:31:20","http://fme.discomap.eea.europa.eu/fmedatastreaming/AirQualityDownload/AQData_Extract.fmw?CountryCode=BE&CityName=&Pollutant=6001&Year_from=2016&Year_to=2016&Station=STA-BETN063&Samplingpoint=&Source=E1a&Output=HTML&UpdateDate="
"Belgium","NET-Wallonia","Wallonia","BETR502","45R502 - LODELINSART","SPO-BETR502_00007_100","O3","Ozone (air)","P1Y-dx-avg","1 year daymax average","2016","53.005","ug/m3","96.17","1","Background","Suburban","4.4587","50.4290","135.0","Charleroi                                                                       ","BE004C1                                           ","203314","E1a/validated data AQ e-Reporting","18/03/2023 22:27:48","http://fme.discomap.eea.europa.eu/fmedatastreaming/AirQualityDownload/AQData_Extract.fmw?CountryCode=BE&CityName=&Pollutant=7&Year_from=2016&Year_to=2016&Station=STA-BETR502&Samplingpoint=&Source=E1a&Output=HTML&UpdateDate="
"Belgium","NET-Wallonia","Wallonia","BEVN073","50N073 - VEZIN","SPO-BEVN073_00020_100","C6H6","Benzene (air)","P1Y","Annual mean / 1 calendar year","2016","0.498","ug/m3","48.09","1","Background","Rural","4.9884","50.5027","160.0","","","","E1a/validated data AQ e-Reporting","18/03/2023 21:08:58","http://fme.discomap.eea.europa.eu/fmedatastreaming/AirQualityDownload/AQData_Extract.fmw?CountryCode=BE&CityName=&Pollutant=20&Year_from=2016&Year_to=2016&Station=STA-BEVN073&Samplingpoint=&Source=E1a&Output=HTML&UpdateDate="
"Belgium","NET-Wallonia","Wallonia","BEVN073","50N073 - VEZIN","SPO-BEVN073_00443_100","C6H14","n-Hexane (air)","P1Y","Annual mean / 1 calendar year","2016","0.000","ug/m3","47.54","1","Background","Rural","4.9884","50.5027","160.0","","","","E1a/validated data AQ e-Reporting","18/03/2023 21:08:58","http://fme.discomap.eea.europa.eu/fmedatastreaming/AirQualityDownload/AQData_Extract.fmw?CountryCode=BE&CityName=&Pollutant=443&Year_from=2016&Year_to=2016&Station=STA-BEVN073&Samplingpoint=&Source=E1a&Output=HTML&UpdateDate="
"Belgium","NET-Wallonia","Wallonia","BEVN073","50N073 - VEZIN","SPO-BEVN073_00475_100","C8H18","n-Octane (air)","P1Y","Annual mean / 1 calendar year","2016","0.000","ug/m3","50.00","1","Background","Rural","4.9884","50.5027","160.0","","","","E1a/validated data AQ e-Reporting","18/03/2023 21:08:58","http://fme.discomap.eea.europa.eu/fmedatastreaming/AirQualityDownload/AQData_Extract.fmw?CountryCode=BE&CityName=&Pollutant=475&Year_from=2016&Year_to=2016&Station=STA-BEVN073&Samplingpoint=&Source=E1a&Output=HTML&UpdateDate="
"Belgium","NET-Wallonia","Wallonia","BEVN085","50N085 - VIELSALM","SPO-BEVN085_00024_100","CH2=CH-CH=CH2","1.3 Butadiene (air)","P1Y","Annual mean / 1 calendar year","2016","0.000","ug/m3","47.27","1","Background","Rural","6.0017","50.3032","490.0","","","","E1a/validated data AQ e-Reporting","18/03/2023 21:08:58","http://fme.discomap.eea.europa.eu/fmedatastreaming/AirQualityDownload/AQData_Extract.fmw?CountryCode=BE&CityName=&Pollutant=24&Year_from=2016&Year_to=2016&Station=STA-BEVN085&Samplingpoint=&Source=E1a&Output=HTML&UpdateDate="
"Belgium","NET-Wallonia","Wallonia","BEVN066","50N066 - EUPEN","SPO-BEVN066_00475_100","C8H18","n-Octane (air)","P1Y","Annual mean / 1 calendar year","2016","0.000","ug/m3","50.00","1","Background","Rural","6.0023","50.6289","295.0","","","","E1a/validated data AQ e-Reporting","18/03/2023 21:08:58","http://fme.discomap.eea.europa.eu/fmedatastreaming/AirQualityDownload/AQData_Extract.fmw?CountryCode=BE&CityName=&Pollutant=475&Year_from=2016&Year_to=2016&Station=STA-BEVN066&Samplingpoint=&Source=E1a&Output=HTML&UpdateDate="
"Belgium","NET-Wallonia","Wallonia","BEVR522","50R222 - SERAING","SPO-BEVR522_00451_100","CH2=CH-C(CH3)=CH2","Isoprene (2-methyl-1,3-butadiene) (air)","P1Y","Annual mean / 1 calendar year","2016","0.000","ug/m3","49.73","1","Background","Suburban","5.5713","50.6105","62.0","Liège                                                                           ","BE005C1                                           ","383700","E1a/validated data AQ e-Reporting","18/03/2023 21:08:58","http://fme.discomap.eea.europa.eu/fmedatastreaming/AirQualityDownload/AQData_Extract.fmw?CountryCode=BE&CityName=&Pollutant=451&Year_from=2016&Year_to=2016&Station=STA-BEVR522&Samplingpoint=&Source=E1a&Output=HTML&UpdateDate="
"Belgium","NET-Wallonia","Wallonia","BETR502","45R502 - LODELINSART","SPO-BETR502_00007_100","O3","Ozone (air)","P1Y-dmaxAbove120","1 year daymax exceed 120","2016","4.000","count","96.17","1","Background","Suburban","4.4587","50.4290","135.0","Charleroi                                                                       ","BE004C1                                           ","203314","E1a/validated data AQ e-Reporting","18/03/2023 22:25:06","http://fme.discomap.eea.europa.eu/fmedatastreaming/AirQualityDownload/AQData_Extract.fmw?CountryCode=BE&CityName=&Pollutant=7&Year_from=2016&Year_to=2016&Station=STA-BETR502&Samplingpoint=&Source=E1a&Output=HTML&UpdateDate="
"Belgium","NET-Flanders","Flanders","BETR841","42R841 - MECHELEN","SPO-BETR841_00007_100","O3","Ozone (air)","SOMO10","Sum of Ozone Means Over 10 ppb","2016","13476.551","ug/m3","93.99","1","Background","Suburban","4.4693","51.0025","8.0","Mechelen                                                                        ","BE012C1                                           ","86911","E1a/validated data AQ e-Reporting","18/03/2023 22:59:50","http://fme.discomap.eea.europa.eu/fmedatastreaming/AirQualityDownload/AQData_Extract.fmw?CountryCode=BE&CityName=&Pollutant=7&Year_from=2016&Year_to=2016&Station=STA-BETR841&Samplingpoint=&Source=E1a&Output=HTML&UpdateDate="
"Belgium","NET-Flanders","Flanders","BETR841","42R841 - MECHELEN","SPO-BETR841_00008_100","NO2","Nitrogen dioxide (air)","P1Y-hr-max","1 year hour max","2016","133.000","ug/m3","95.06","1","Background","Suburban","4.4693","51.0025","8.0","Mechelen                                                                        ","BE012C1                                           ","86911","E1a/validated data AQ e-Reporting","18/03/2023 21:57:02","http://fme.discomap.eea.europa.eu/fmedatastreaming/AirQualityDownload/AQData_Extract.fmw?CountryCode=BE&CityName=&Pollutant=8&Year_from=2016&Year_to=2016&Station=STA-BETR841&Samplingpoint=&Source=E1a&Output=HTML&UpdateDate="
"Belgium","NET-Wallonia","Wallonia","BETR510","45R510 - CHATELINEAU","SPO-BETR510_00001_100","SO2","Sulphur dioxide (air)","winter-avg","Winter mean","2016","0.505","ug/m3","97.34","1","Background","Suburban","4.5211","50.4164","118.0","Charleroi                                                                       ","BE004C1                                           ","203314","E1a/validated data AQ e-Reporting","18/03/2023 22:50:43","http://fme.discomap.eea.europa.eu/fmedatastreaming/AirQualityDownload/AQData_Extract.fmw?CountryCode=BE&CityName=&Pollutant=1&Year_from=2016&Year_to=2016&Station=STA-BETR510&Samplingpoint=&Source=E1a&Output=HTML&UpdateDate="
"Belgium","NET-Wallonia","Wallonia","BETR510","45R510 - CHATELINEAU","SPO-BETR510_00005_100","PM10","Particulate matter < 10 µm (aerosol)","P1Y-day-max36","1 year day max 36","2016","35.021","ug/m3","100.00","1","Background","Suburban","4.5211","50.4164","118.0","Charleroi                                                                       ","BE004C1                                           ","203314","E1a/validated data AQ e-Reporting","18/03/2023 22:32:47","http://fme.discomap.eea.europa.eu/fmedatastreaming/AirQualityDownload/AQData_Extract.fmw?CountryCode=BE&CityName=&Pollutant=5&Year_from=2016&Year_to=2016&Station=STA-BETR510&Samplingpoint=&Source=E1a&Output=HTML&UpdateDate="
"Belgium","NET-Wallonia","Wallonia","BEVN063","50N063 - CORROY L.G.","SPO-BEVN063_00443_100","C6H14","n-Hexane (air)","P1Y","Annual mean / 1 calendar year","2016","0.000","ug/m3","44.81","1","Background","Rural","4.6683","50.6554","145.0","","","","E1a/validated data AQ e-Reporting","18/03/2023 21:08:58","http://fme.discomap.eea.europa.eu/fmedatastreaming/AirQualityDownload/AQData_Extract.fmw?CountryCode=BE&CityName=&Pollutant=443&Year_from=2016&Year_to=2016&Station=STA-BEVN063&Samplingpoint=&Source=E1a&Output=HTML&UpdateDate="
"Belgium","NET-Wallonia","Wallonia","BETR501","45R501 - CHARLEROI","SPO-BETR501_06001_100","PM2.5","Particulate matter < 2.5 µm (aerosol)","P1Y-day-max","1 year day max","2016","60.431","ug/m3","100.00","1","Background","Urban","4.4522","50.4093","115.0","Charleroi                                                                       ","BE004C1                                           ","203314","E1a/validated data AQ e-Reporting","18/03/2023 21:43:22","http://fme.discomap.eea.europa.eu/fmedatastreaming/AirQualityDownload/AQData_Extract.fmw?CountryCode=BE&CityName=&Pollutant=6001&Year_from=2016&Year_to=2016&Station=STA-BETR501&Samplingpoint=&Source=E1a&Output=HTML&UpdateDate="
"Belgium","NET-Wallonia","Wallonia","BEVN070","50N070 - MONS","SPO-BEVN070_00475_100","C8H18","n-Octane (air)","P1Y","Annual mean / 1 calendar year","2016","0.000","ug/m3","47.80","1","Background","Suburban","3.9397","50.4652","30.0","Mons                                                                            ","BE009C1                                           ","95922","E1a/validated data AQ e-Reporting","18/03/2023 21:08:58","http://fme.discomap.eea.europa.eu/fmedatastreaming/AirQualityDownload/AQData_Extract.fmw?CountryCode=BE&CityName=&Pollutant=475&Year_from=2016&Year_to=2016&Station=STA-BEVN070&Samplingpoint=&Source=E1a&Output=HTML&UpdateDate="
"Belgium","NET-Wallonia","Wallonia","BEVR231","50R231 - ANS","SPO-BEVR231_00482_100","o-C6H4-(CH3)2","o-Xylene (air)","P1Y","Annual mean / 1 calendar year","2016","0.000","ug/m3","44.81","1","Background","Urban","5.5294","50.6601","160.0","Liège                                                                           ","BE005C1                                           ","383700","E1a/validated data AQ e-Reporting","18/03/2023 21:08:58","http://fme.discomap.eea.europa.eu/fmedatastreaming/AirQualityDownload/AQData_Extract.fmw?CountryCode=BE&CityName=&Pollutant=482&Year_from=2016&Year_to=2016&Station=STA-BEVR231&Samplingpoint=&Source=E1a&Output=HTML&UpdateDate="
"Belgium","NET-Wallonia","Wallonia","BEVR501","50R501 - CHARLEROI","SPO-BEVR501_00443_100","C6H14","n-Hexane (air)","P1Y","Annual mean / 1 calendar year","2016","0.002","ug/m3","48.36","1","Background","Urban","4.4522","50.4093","115.0","Charleroi                                                                       ","BE004C1                                           ","203314","E1a/validated data AQ e-Reporting","18/03/2023 21:08:58","http://fme.discomap.eea.europa.eu/fmedatastreaming/AirQualityDownload/AQData_Extract.fmw?CountryCode=BE&CityName=&Pollutant=443&Year_from=2016&Year_to=2016&Station=STA-BEVR501&Samplingpoint=&Source=E1a&Output=HTML&UpdateDate="
"Belgium","NET-Wallonia","Wallonia","BETR512","45R512 - MARCHIENNE","SPO-BETR512_00005_100","PM10","Particulate matter < 10 µm (aerosol)","P3Y","3 subsequent calendar years mean","2016","23.234","ug/m3","99.22","1","Industrial","Suburban","4.3959","50.4078","107.0","Charleroi                                                                       ","BE004C1                                           ","203314","E1a/validated data AQ e-Reporting","18/03/2023 21:36:00","http://fme.discomap.eea.europa.eu/fmedatastreaming/AirQualityDownload/AQData_Extract.fmw?CountryCode=BE&CityName=&Pollutant=5&Year_from=2016&Year_to=2016&Station=STA-BETR512&Samplingpoint=&Source=E1a&Output=HTML&UpdateDate="
"Belgium","NET-Wallonia","Wallonia","BETR512","45R512 - MARCHIENNE","SPO-BETR512_06001_100","PM2.5","Particulate matter < 2.5 µm (aerosol)","P3Y","3 subsequent calendar years mean","2016","12.752","ug/m3","99.22","1","Industrial","Suburban","4.3959","50.4078","107.0","Charleroi                                                                       ","BE004C1                                           ","203314","E1a/validated data AQ e-Reporting","18/03/2023 21:36:00","http://fme.discomap.eea.europa.eu/fmedatastreaming/AirQualityDownload/AQData_Extract.fmw?CountryCode=BE&CityName=&Pollutant=6001&Year_from=2016&Year_to=2016&Station=STA-BETR512&Samplingpoint=&Source=E1a&Output=HTML&UpdateDate="
"Belgium","NET-Wallonia","Wallonia","BETR240","43R240 - ENGIS","SPO-BETR240_00008_100","NO2","Nitrogen dioxide (air)","P1Y-day-min","1 year day min","2016","4.261","ug/m3","96.72","1","Industrial","Suburban","5.3975","50.5836","135.0","","","","E1a/validated data AQ e-Reporting","18/03/2023 21:56:03","http://fme.discomap.eea.europa.eu/fmedatastreaming/AirQualityDownload/AQData_Extract.fmw?CountryCode=BE&CityName=&Pollutant=8&Year_from=2016&Year_to=2016&Station=STA-BETR240&Samplingpoint=&Source=E1a&Output=HTML&UpdateDate="
"Belgium","NET-Wallonia","Wallonia","BEVN073","50N073 - VEZIN","SPO-BEVN073_00450_100","H3C-CH2-CH(CH3)2","i-Pentane (2-methylbutane) (air)","P1Y","Annual mean / 1 calendar year","2016","0.000","ug/m3","48.09","1","Background","Rural","4.9884","50.5027","160.0","","","","E1a/validated data AQ e-Reporting","18/03/2023 21:08:58","http://fme.discomap.eea.europa.eu/fmedatastreaming/AirQualityDownload/AQData_Extract.fmw?CountryCode=BE&CityName=&Pollutant=450&Year_from=2016&Year_to=2016&Station=STA-BEVN073&Samplingpoint=&Source=E1a&Output=HTML&UpdateDate="
"Belgium","NET-Wallonia","Wallonia","BEVN073","50N073 - VEZIN","SPO-BEVN073_06013_100","1,3,5-C6H3(CH3)3","1,3,5-Trimethylbenzene (air)","P1Y","Annual mean / 1 calendar year","2016","0.000","ug/m3","50.00","1","Background","Rural","4.9884","50.5027","160.0","","","","E1a/validated data AQ e-Reporting","18/03/2023 21:08:58","http://fme.discomap.eea.europa.eu/fmedatastreaming/AirQualityDownload/AQData_Extract.fmw?CountryCode=BE&CityName=&Pollutant=6013&Year_from=2016&Year_to=2016&Station=STA-BEVN073&Samplingpoint=&Source=E1a&Output=HTML&UpdateDate="
"Belgium","NET-Wallonia","Wallonia","BEVR522","50R222 - SERAING","SPO-BEVR522_06006_100","trans-H3C-CH=CH-CH3","trans-2-Butene (air)","P1Y","Annual mean / 1 calendar year","2016","0.000","ug/m3","48.09","1","Background","Suburban","5.5713","50.6105","62.0","Liège                                                                           ","BE005C1                                           ","383700","E1a/validated data AQ e-Reporting","18/03/2023 21:08:58","http://fme.discomap.eea.europa.eu/fmedatastreaming/AirQualityDownload/AQData_Extract.fmw?CountryCode=BE&CityName=&Pollutant=6006&Year_from=2016&Year_to=2016&Station=STA-BEVR522&Samplingpoint=&Source=E1a&Output=HTML&UpdateDate="
"Belgium","NET-Wallonia","Wallonia","BETR222","43R222 - SERAING","SPO-BETR222_00005_100","PM10","Particulate matter < 10 µm (aerosol)","P3Y","3 subsequent calendar years mean","2016","18.979","ug/m3","98.58","1","Background","Suburban","5.5702","50.6134","65.0","Liège                                                                           ","BE005C1                                           ","383700","E1a/validated data AQ e-Reporting","18/03/2023 21:36:00","http://fme.discomap.eea.europa.eu/fmedatastreaming/AirQualityDownload/AQData_Extract.fmw?CountryCode=BE&CityName=&Pollutant=5&Year_from=2016&Year_to=2016&Station=STA-BETR222&Samplingpoint=&Source=E1a&Output=HTML&UpdateDate="
"Belgium","NET-Wallonia","Wallonia","BEVR221","50R221 - LIEGE","SPO-BEVR221_00441_100","C7H16","n-Heptane (air)","P1Y","Annual mean / 1 calendar year","2016","0.000","ug/m3","45.90","1","Background","Urban","5.6278","50.6584","65.0","Liège                                                                           ","BE005C1                                           ","383700","E1a/validated data AQ e-Reporting","18/03/2023 21:08:58","http://fme.discomap.eea.europa.eu/fmedatastreaming/AirQualityDownload/AQData_Extract.fmw?CountryCode=BE&CityName=&Pollutant=441&Year_from=2016&Year_to=2016&Station=STA-BEVR221&Samplingpoint=&Source=E1a&Output=HTML&UpdateDate="
"Belgium","NET-Wallonia","Wallonia","BEVN085","50N085 - VIELSALM","SPO-BEVN085_06011_100","1,2,4-C6H3(CH3)3","1,2,4-Trimethylbenzene (air)","P1Y","Annual mean / 1 calendar year","2016","0.000","ug/m3","47.27","1","Background","Rural","6.0017","50.3032","490.0","","","","E1a/validated data AQ e-Reporting","18/03/2023 21:08:58","http://fme.discomap.eea.europa.eu/fmedatastreaming/AirQualityDownload/AQData_Extract.fmw?CountryCode=BE&CityName=&Pollutant=6011&Year_from=2016&Year_to=2016&Station=STA-BEVN085&Samplingpoint=&Source=E1a&Output=HTML&UpdateDate="
"Belgium","NET-Wallonia","Wallonia","BETR512","45R512 - MARCHIENNE","SPO-BETR512_00005_100","PM10","Particulate matter < 10 µm (aerosol)","P1Y-day-per50","1 year 50 %ile of daily values in a year","2016","23.396","ug/m3","99.45","1","Industrial","Suburban","4.3959","50.4078","107.0","Charleroi                                                                       ","BE004C1                                           ","203314","E1a/validated data AQ e-Reporting","18/03/2023 22:08:05","http://fme.discomap.eea.europa.eu/fmedatastreaming/AirQualityDownload/AQData_Extract.fmw?CountryCode=BE&CityName=&Pollutant=5&Year_from=2016&Year_to=2016&Station=STA-BETR512&Samplingpoint=&Source=E1a&Output=HTML&UpdateDate="
"Belgium","NET-Wallonia","Wallonia","BETR240","43R240 - ENGIS","SPO-BETR240_00005_100","PM10","Particulate matter < 10 µm (aerosol)","P1Y-hr-per50","1 year 50 percentile","2016","19.271","ug/m3","97.70","1","Industrial","Suburban","5.3975","50.5836","135.0","","","","E1a/validated data AQ e-Reporting","18/03/2023 22:05:49","http://fme.discomap.eea.europa.eu/fmedatastreaming/AirQualityDownload/AQData_Extract.fmw?CountryCode=BE&CityName=&Pollutant=5&Year_from=2016&Year_to=2016&Station=STA-BETR240&Samplingpoint=&Source=E1a&Output=HTML&UpdateDate="
"Belgium","NET-Wallonia","Wallonia","BETR512","45R512 - MARCHIENNE","SPO-BETR512_00008_100","NO2","Nitrogen dioxide (air)","P1Y-hrsAbove200","1 year hour exceed 200","2016","0.000","count","97.43","1","Industrial","Suburban","4.3959","50.4078","107.0","Charleroi                                                                       ","BE004C1                                           ","203314","E1a/validated data AQ e-Reporting","18/03/2023 21:48:42","http://fme.discomap.eea.europa.eu/fmedatastreaming/AirQualityDownload/AQData_Extract.fmw?CountryCode=BE&CityName=&Pollutant=8&Year_from=2016&Year_to=2016&Station=STA-BETR512&Samplingpoint=&Source=E1a&Output=HTML&UpdateDate="
"Belgium","NET-Wallonia","Wallonia","BEVR231","50R231 - ANS","SPO-BEVR231_06011_100","1,2,4-C6H3(CH3)3","1,2,4-Trimethylbenzene (air)","P1Y","Annual mean / 1 calendar year","2016","0.000","ug/m3","44.81","1","Background","Urban","5.5294","50.6601","160.0","Liège                                                                           ","BE005C1                                           ","383700","E1a/validated data AQ e-Reporting","18/03/2023 21:08:58","http://fme.discomap.eea.europa.eu/fmedatastreaming/AirQualityDownload/AQData_Extract.fmw?CountryCode=BE&CityName=&Pollutant=6011&Year_from=2016&Year_to=2016&Station=STA-BEVR231&Samplingpoint=&Source=E1a&Output=HTML&UpdateDate="
"Belgium","NET-Wallonia","Wallonia","BETN113","43N113 - SAINT-ODE","SPO-BETN113_00008_100","NO2","Nitrogen dioxide (air)","P1Y-P1D-per99","1 year 99 percentile of daily means (P1D) or .../aq/primaryObservation/day","2016","23.478","ug/m3","91.26","1","Background","Rural","5.5930","50.0270","510.0","","","","E1a/validated data AQ e-Reporting","18/03/2023 22:10:34","http://fme.discomap.eea.europa.eu/fmedatastreaming/AirQualityDownload/AQData_Extract.fmw?CountryCode=BE&CityName=&Pollutant=8&Year_from=2016&Year_to=2016&Station=STA-BETN113&Samplingpoint=&Source=E1a&Output=HTML&UpdateDate="
"Belgium","NET-Wallonia","Wallonia","BETN121","43N121 - OFFAGNE","SPO-BETN121_00005_100","PM10","Particulate matter < 10 µm (aerosol)","P1Y-daysAbove50","1 year day exceed 50","2016","0.000","count","98.09","1","Background","Rural","5.2024","49.8771","430.0","","","","E1a/validated data AQ e-Reporting","18/03/2023 22:27:00","http://fme.discomap.eea.europa.eu/fmedatastreaming/AirQualityDownload/AQData_Extract.fmw?CountryCode=BE&CityName=&Pollutant=5&Year_from=2016&Year_to=2016&Station=STA-BETN121&Samplingpoint=&Source=E1a&Output=HTML&UpdateDate="
"Belgium","NET-Wallonia","Wallonia","BEVMOU1","5MOU01 - MOUSCRON","SPO-BEVMOU1_00486_100","H3C-(CH2)3-CH3","n-Pentane (air)","P1Y","Annual mean / 1 calendar year","2016","0.001","ug/m3","49.73","1","Industrial","Suburban","3.2414","50.7532","42.0","Mouscron                                                                        ","BE013C1                                           ","58862","E1a/validated data AQ e-Reporting","18/03/2023 21:08:58","http://fme.discomap.eea.europa.eu/fmedatastreaming/AirQualityDownload/AQData_Extract.fmw?CountryCode=BE&CityName=&Pollutant=486&Year_from=2016&Year_to=2016&Station=STA-BEVMOU1&Samplingpoint=&Source=E1a&Output=HTML&UpdateDate="
"Belgium","NET-Wallonia","Wallonia","BEVN060","50N060 - HAVINNES","SPO-BEVN060_00021_100","C6H5-CH3","Toluene (air)","P1Y","Annual mean / 1 calendar year","2016","0.001","ug/m3","49.73","1","Background","Suburban","3.4576","50.6167","0.0","","","","E1a/validated data AQ e-Reporting","18/03/2023 21:08:58","http://fme.discomap.eea.europa.eu/fmedatastreaming/AirQualityDownload/AQData_Extract.fmw?CountryCode=BE&CityName=&Pollutant=21&Year_from=2016&Year_to=2016&Station=STA-BEVN060&Samplingpoint=&Source=E1a&Output=HTML&UpdateDate="
"Belgium","NET-Wallonia","Wallonia","BEVR522","50R222 - SERAING","SPO-BEVR522_00450_100","H3C-CH2-CH(CH3)2","i-Pentane (2-methylbutane) (air)","P1Y","Annual mean / 1 calendar year","2016","0.001","ug/m3","47.81","1","Background","Suburban","5.5713","50.6105","62.0","Liège                                                                           ","BE005C1                                           ","383700","E1a/validated data AQ e-Reporting","18/03/2023 21:08:58","http://fme.discomap.eea.europa.eu/fmedatastreaming/AirQualityDownload/AQData_Extract.fmw?CountryCode=BE&CityName=&Pollutant=450&Year_from=2016&Year_to=2016&Station=STA-BEVR522&Samplingpoint=&Source=E1a&Output=HTML&UpdateDate="
"Belgium","NET-Wallonia","Wallonia","BETR221","43R221 - LIEGE","SPO-BETR221_00001_100","SO2","Sulphur dioxide (air)","P1Y-day-max4","1 year day max 4","2016","5.630","ug/m3","87.98","1","Background","Urban","5.6278","50.6584","65.0","Liège                                                                           ","BE005C1                                           ","383700","E1a/validated data AQ e-Reporting","18/03/2023 22:31:46","http://fme.discomap.eea.europa.eu/fmedatastreaming/AirQualityDownload/AQData_Extract.fmw?CountryCode=BE&CityName=&Pollutant=1&Year_from=2016&Year_to=2016&Station=STA-BETR221&Samplingpoint=&Source=E1a&Output=HTML&UpdateDate="
"Belgium","NET-Wallonia","Wallonia","BEVN132","50N132 - HABAY-LA-N.","SPO-BEVN132_00475_100","C8H18","n-Octane (air)","P1Y","Annual mean / 1 calendar year","2016","0.000","ug/m3","47.27","1","Background","Rural","5.6304","49.7193","375.0","","","","E1a/validated data AQ e-Reporting","18/03/2023 21:08:58","http://fme.discomap.eea.europa.eu/fmedatastreaming/AirQualityDownload/AQData_Extract.fmw?CountryCode=BE&CityName=&Pollutant=475&Year_from=2016&Year_to=2016&Station=STA-BEVN132&Samplingpoint=&Source=E1a&Output=HTML&UpdateDate="
"Belgium","NET-Wallonia","Wallonia","BETN085","43N085 - VIELSALM","SPO-BETN085_00010_100","CO","Carbon monoxide (air)","P1Y-P1D-per99","1 year 99 percentile of daily means (P1D) or .../aq/primaryObservation/day","2016","0.274","mg/m3","98.63","1","Background","Rural","6.0017","50.3032","490.0","","","","E1a/validated data AQ e-Reporting","18/03/2023 22:11:26","http://fme.discomap.eea.europa.eu/fmedatastreaming/AirQualityDownload/AQData_Extract.fmw?CountryCode=BE&CityName=&Pollutant=10&Year_from=2016&Year_to=2016&Station=STA-BETN085&Samplingpoint=&Source=E1a&Output=HTML&UpdateDate="
"Belgium","NET-Wallonia","Wallonia","BETN085","43N085 - VIELSALM","SPO-BETN085_00391_100","Black Carbon","black_carbon (aerosol)","P1Y","Annual mean / 1 calendar year","2016","0.353","ug/m3","85.70","1","Background","Rural","6.0017","50.3032","490.0","","","","E1a/validated data AQ e-Reporting","18/03/2023 21:08:58","http://fme.discomap.eea.europa.eu/fmedatastreaming/AirQualityDownload/AQData_Extract.fmw?CountryCode=BE&CityName=&Pollutant=391&Year_from=2016&Year_to=2016&Station=STA-BETN085&Samplingpoint=&Source=E1a&Output=HTML&UpdateDate="
"Belgium","NET-Wallonia","Wallonia","BEVR240","50R240 - ENGIS","SPO-BEVR240_00449_100","(CH3)3-C-CH2-CH-(CH3)2","i-Octane (2,2,4-trimethylpentane) (air)","P1Y","Annual mean / 1 calendar year","2016","0.000","ug/m3","47.81","1","Industrial","Suburban","5.3975","50.5836","135.0","","","","E1a/validated data AQ e-Reporting","18/03/2023 21:08:58","http://fme.discomap.eea.europa.eu/fmedatastreaming/AirQualityDownload/AQData_Extract.fmw?CountryCode=BE&CityName=&Pollutant=449&Year_from=2016&Year_to=2016&Station=STA-BEVR240&Samplingpoint=&Source=E1a&Output=HTML&UpdateDate="
"Belgium","NET-Wallonia","Wallonia","BETR222","43R222 - SERAING","SPO-BETR222_00007_100","O3","Ozone (air)","P1Y-day-min","1 year day min","2016","1.625","ug/m3","95.63","1","Background","Suburban","5.5702","50.6134","65.0","Liège                                                                           ","BE005C1                                           ","383700","E1a/validated data AQ e-Reporting","18/03/2023 21:56:21","http://fme.discomap.eea.europa.eu/fmedatastreaming/AirQualityDownload/AQData_Extract.fmw?CountryCode=BE&CityName=&Pollutant=7&Year_from=2016&Year_to=2016&Station=STA-BETR222&Samplingpoint=&Source=E1a&Output=HTML&UpdateDate="
"Belgium","NET-Wallonia","Wallonia","BETN100","43N100 - DOURBES","SPO-BETN100_00005_100","PM10","Particulate matter < 10 µm (aerosol)","P1Y-P1D-per99","1 year 99 percentile of daily means (P1D) or .../aq/primaryObservation/day","2016","37.771","ug/m3","99.73","1","Background","Rural","4.5948","50.0957","225.0","","","","E1a/validated data AQ e-Reporting","18/03/2023 22:09:38","http://fme.discomap.eea.europa.eu/fmedatastreaming/AirQualityDownload/AQData_Extract.fmw?CountryCode=BE&CityName=&Pollutant=5&Year_from=2016&Year_to=2016&Station=STA-BETN100&Samplingpoint=&Source=E1a&Output=HTML&UpdateDate="
"Belgium","NET-Wallonia","Wallonia","BEVR221","50R221 - LIEGE","SPO-BEVR221_06007_100","cis-H3C-CH=CH-CH3","cis-2-Butene (air)","P1Y","Annual mean / 1 calendar year","2016","0.000","ug/m3","46.45","1","Background","Urban","5.6278","50.6584","65.0","Liège                                                                           ","BE005C1                                           ","383700","E1a/validated data AQ e-Reporting","18/03/2023 21:08:58","http://fme.discomap.eea.europa.eu/fmedatastreaming/AirQualityDownload/AQData_Extract.fmw?CountryCode=BE&CityName=&Pollutant=6007&Year_from=2016&Year_to=2016&Station=STA-BEVR221&Samplingpoint=&Source=E1a&Output=HTML&UpdateDate="
"Belgium","NET-Wallonia","Wallonia","BEVR240","50R240 - ENGIS","SPO-BEVR240_00020_100","C6H6","Benzene (air)","P1Y-day-min","1 year day min","2016","0.090","ug/m3","46.72","1","Industrial","Suburban","5.3975","50.5836","135.0","","","","E1a/validated data AQ e-Reporting","18/03/2023 21:55:46","http://fme.discomap.eea.europa.eu/fmedatastreaming/AirQualityDownload/AQData_Extract.fmw?CountryCode=BE&CityName=&Pollutant=20&Year_from=2016&Year_to=2016&Station=STA-BEVR240&Samplingpoint=&Source=E1a&Output=HTML&UpdateDate="
"Belgium","NET-Wallonia","Wallonia","BETR510","45R510 - CHATELINEAU","SPO-BETR510_00001_100","SO2","Sulphur dioxide (air)","P1Y-day-min","1 year day min","2016","0.000","ug/m3","99.45","1","Background","Suburban","4.5211","50.4164","118.0","Charleroi                                                                       ","BE004C1                                           ","203314","E1a/validated data AQ e-Reporting","18/03/2023 21:54:56","http://fme.discomap.eea.europa.eu/fmedatastreaming/AirQualityDownload/AQData_Extract.fmw?CountryCode=BE&CityName=&Pollutant=1&Year_from=2016&Year_to=2016&Station=STA-BETR510&Samplingpoint=&Source=E1a&Output=HTML&UpdateDate="
"Belgium","NET-Wallonia","Wallonia","BETR223","43R223 - JEMEPPE","SPO-BETR223_00005_100","PM10","Particulate matter < 10 µm (aerosol)","P1Y-P1D-per90.41","1 year 90.41 percentile","2016","39.771","ug/m3","99.73","1","Industrial","Suburban","5.5164","50.6207","50.0","Liège                                                                           ","BE005C1                                           ","383700","E1a/validated data AQ e-Reporting","18/03/2023 22:09:05","http://fme.discomap.eea.europa.eu/fmedatastreaming/AirQualityDownload/AQData_Extract.fmw?CountryCode=BE&CityName=&Pollutant=5&Year_from=2016&Year_to=2016&Station=STA-BETR223&Samplingpoint=&Source=E1a&Output=HTML&UpdateDate="
"Belgium","NET-Wallonia","Wallonia","BETR240","43R240 - ENGIS","SPO-BETR240_00001_100","SO2","Sulphur dioxide (air)","P1Y-day-per50","1 year 50 %ile of daily values in a year","2016","2.458","ug/m3","96.45","1","Industrial","Suburban","5.3975","50.5836","135.0","","","","E1a/validated data AQ e-Reporting","18/03/2023 22:14:46","http://fme.discomap.eea.europa.eu/fmedatastreaming/AirQualityDownload/AQData_Extract.fmw?CountryCode=BE&CityName=&Pollutant=1&Year_from=2016&Year_to=2016&Station=STA-BETR240&Samplingpoint=&Source=E1a&Output=HTML&UpdateDate="
"Belgium","NET-Wallonia","Wallonia","BEVN100","50N100 - DOURBES","SPO-BEVN100_00449_100","(CH3)3-C-CH2-CH-(CH3)2","i-Octane (2,2,4-trimethylpentane) (air)","P1Y","Annual mean / 1 calendar year","2016","0.000","ug/m3","48.36","1","Background","Rural","4.5948","50.0957","225.0","","","","E1a/validated data AQ e-Reporting","18/03/2023 21:08:58","http://fme.discomap.eea.europa.eu/fmedatastreaming/AirQualityDownload/AQData_Extract.fmw?CountryCode=BE&CityName=&Pollutant=449&Year_from=2016&Year_to=2016&Station=STA-BEVN100&Samplingpoint=&Source=E1a&Output=HTML&UpdateDate="
"Belgium","NET-Wallonia","Wallonia","BEVN132","50N132 - HABAY-LA-N.","SPO-BEVN132_00024_100","CH2=CH-CH=CH2","1.3 Butadiene (air)","P1Y","Annual mean / 1 calendar year","2016","0.000","ug/m3","47.27","1","Background","Rural","5.6304","49.7193","375.0","","","","E1a/validated data AQ e-Reporting","18/03/2023 21:08:58","http://fme.discomap.eea.europa.eu/fmedatastreaming/AirQualityDownload/AQData_Extract.fmw?CountryCode=BE&CityName=&Pollutant=24&Year_from=2016&Year_to=2016&Station=STA-BEVN132&Samplingpoint=&Source=E1a&Output=HTML&UpdateDate="
"Belgium","NET-Wallonia","Wallonia","BEVN132","50N132 - HABAY-LA-N.","SPO-BEVN132_00431_100","C6H5-C2H5","Ethyl benzene (air)","P1Y","Annual mean / 1 calendar year","2016","0.000","ug/m3","47.27","1","Background","Rural","5.6304","49.7193","375.0","","","","E1a/validated data AQ e-Reporting","18/03/2023 21:08:58","http://fme.discomap.eea.europa.eu/fmedatastreaming/AirQualityDownload/AQData_Extract.fmw?CountryCode=BE&CityName=&Pollutant=431&Year_from=2016&Year_to=2016&Station=STA-BEVN132&Samplingpoint=&Source=E1a&Output=HTML&UpdateDate="
"Belgium","NET-Wallonia","Wallonia","BETR512","45R512 - MARCHIENNE","SPO-BETR512_00001_100","SO2","Sulphur dioxide (air)","P1Y-day-per50","1 year 50 %ile of daily values in a year","2016","0.783","ug/m3","91.26","1","Industrial","Suburban","4.3959","50.4078","107.0","Charleroi                                                                       ","BE004C1                                           ","203314","E1a/validated data AQ e-Reporting","18/03/2023 22:14:46","http://fme.discomap.eea.europa.eu/fmedatastreaming/AirQualityDownload/AQData_Extract.fmw?CountryCode=BE&CityName=&Pollutant=1&Year_from=2016&Year_to=2016&Station=STA-BETR512&Samplingpoint=&Source=E1a&Output=HTML&UpdateDate="
"Belgium","NET-Wallonia","Wallonia","BEVR231","50R231 - ANS","SPO-BEVR231_00020_100","C6H6","Benzene (air)","P1Y-day-per50","1 year 50 %ile of daily values in a year","2016","0.460","ug/m3","44.81","1","Background","Urban","5.5294","50.6601","160.0","Liège                                                                           ","BE005C1                                           ","383700","E1a/validated data AQ e-Reporting","18/03/2023 22:13:51","http://fme.discomap.eea.europa.eu/fmedatastreaming/AirQualityDownload/AQData_Extract.fmw?CountryCode=BE&CityName=&Pollutant=20&Year_from=2016&Year_to=2016&Station=STA-BEVR231&Samplingpoint=&Source=E1a&Output=HTML&UpdateDate="
"Belgium","NET-Wallonia","Wallonia","BETN113","43N113 - SAINT-ODE","SPO-BETN113_00005_100","PM10","Particulate matter < 10 µm (aerosol)","P1Y","Annual mean / 1 calendar year","2016","10.463","ug/m3","94.07","1","Background","Rural","5.5930","50.0270","510.0","","","","E1a/validated data AQ e-Reporting","18/03/2023 21:08:58","http://fme.discomap.eea.europa.eu/fmedatastreaming/AirQualityDownload/AQData_Extract.fmw?CountryCode=BE&CityName=&Pollutant=5&Year_from=2016&Year_to=2016&Station=STA-BETN113&Samplingpoint=&Source=E1a&Output=HTML&UpdateDate="
"Belgium","NET-Wallonia","Wallonia","BETN113","43N113 - SAINT-ODE","SPO-BETN113_00009_100","NOX as NO2","Nitrogen oxides (air)","P3Y","3 subsequent calendar years mean","2016","8.078","ug/m3","94.83","1","Background","Rural","5.5930","50.0270","510.0","","","","E1a/validated data AQ e-Reporting","18/03/2023 21:36:00","http://fme.discomap.eea.europa.eu/fmedatastreaming/AirQualityDownload/AQData_Extract.fmw?CountryCode=BE&CityName=&Pollutant=9&Year_from=2016&Year_to=2016&Station=STA-BETN113&Samplingpoint=&Source=E1a&Output=HTML&UpdateDate="
"Belgium","NET-Wallonia","Wallonia","BETN121","43N121 - OFFAGNE","SPO-BETN121_00005_100","PM10","Particulate matter < 10 µm (aerosol)","P1Y-hr-min","1 year hour min","2016","0.000","ug/m3","98.50","1","Background","Rural","5.2024","49.8771","430.0","","","","E1a/validated data AQ e-Reporting","18/03/2023 22:31:20","http://fme.discomap.eea.europa.eu/fmedatastreaming/AirQualityDownload/AQData_Extract.fmw?CountryCode=BE&CityName=&Pollutant=5&Year_from=2016&Year_to=2016&Station=STA-BETN121&Samplingpoint=&Source=E1a&Output=HTML&UpdateDate="
"Belgium","NET-Wallonia","Wallonia","BETN132","43N132 - HABAY-LA-N.","SPO-BETN132_00005_100","PM10","Particulate matter < 10 µm (aerosol)","P1Y-day-per50","1 year 50 %ile of daily values in a year","2016","10.959","ug/m3","99.45","1","Background","Rural","5.6304","49.7193","375.0","","","","E1a/validated data AQ e-Reporting","18/03/2023 22:08:05","http://fme.discomap.eea.europa.eu/fmedatastreaming/AirQualityDownload/AQData_Extract.fmw?CountryCode=BE&CityName=&Pollutant=5&Year_from=2016&Year_to=2016&Station=STA-BETN132&Samplingpoint=&Source=E1a&Output=HTML&UpdateDate="
"Belgium","NET-Wallonia","Wallonia","BETN132","43N132 - HABAY-LA-N.","SPO-BETN132_00007_100","O3","Ozone (air)","P1Y-day-per50","1 year 50 %ile of daily values in a year","2016","45.978","ug/m3","96.99","1","Background","Rural","5.6304","49.7193","375.0","","","","E1a/validated data AQ e-Reporting","18/03/2023 22:15:13","http://fme.discomap.eea.europa.eu/fmedatastreaming/AirQualityDownload/AQData_Extract.fmw?CountryCode=BE&CityName=&Pollutant=7&Year_from=2016&Year_to=2016&Station=STA-BETN132&Samplingpoint=&Source=E1a&Output=HTML&UpdateDate="
"Belgium","NET-Wallonia","Wallonia","BEVN066","50N066 - EUPEN","SPO-BEVN066_00441_100","C7H16","n-Heptane (air)","P1Y","Annual mean / 1 calendar year","2016","0.000","ug/m3","49.45","1","Background","Rural","6.0023","50.6289","295.0","","","","E1a/validated data AQ e-Reporting","18/03/2023 21:08:58","http://fme.discomap.eea.europa.eu/fmedatastreaming/AirQualityDownload/AQData_Extract.fmw?CountryCode=BE&CityName=&Pollutant=441&Year_from=2016&Year_to=2016&Station=STA-BEVN066&Samplingpoint=&Source=E1a&Output=HTML&UpdateDate="
